4 0.2600140625 0.3642359375 0.2579234375 0.3631578125 0.25555625000000004 0.36696249999999997 0.25468437499999996 0.37178125 0.2540921875 0.38313281250000003 0.26534375 0.4213703125 0.2700796875 0.45751406250000004 0.27185625 0.4925171875 0.274225 0.5168046875 0.2783703125 0.5340515625 0.2910828125 0.5356375 0.30174218750000004 0.530246875 0.312121875 0.518959375 0.322465625 0.503296875 0.3230578125 0.4989859375 0.311215625 0.4472421875 0.3058859375 0.41655 0.2981890625 0.3896 0.29435781250000004 0.377171875 0.2896203125 0.371275 0.286659375 0.36962656250000003 0.284290625 0.370196875 0.2825140625 0.37178125 0.28192343750000004 0.3777421875 0.2908046875 0.41382343749999995 0.29226718749999997 0.43430625 0.29226718749999997 0.43753906249999996 0.2912578125 0.441534375 0.2896203125 0.44292968750000006 0.277778125 0.40951250000000006 0.2719953125 0.39137656249999997 0.263253125 0.368040625 0.2600140625 0.3642359375
4 0.36603906249999996 0.46188906249999995 0.3600140625 0.396575 0.3557640625 0.370703125 0.35325625 0.36810468749999997 0.3482765625 0.3655046875 0.343678125 0.3687375 0.345803125 0.403678125 0.345803125 0.4178828125 0.34402656249999997 0.41984843749999995 0.338696875 0.41984843749999995 0.334796875 0.41724843749999996 0.33159218749999997 0.40171250000000003 0.33124375 0.38877656250000003 0.32873593749999996 0.3687375 0.32661093750000003 0.36360156250000003 0.32058593750000003 0.3648703125 0.3180765625 0.37520625 0.32340625 0.5026640625 0.3273421875 0.5052 0.3454546875 0.505896875 0.3569140625 0.5111609374999999 0.360396875 0.5111609374999999 0.36384531249999996 0.5111609374999999 0.36753749999999996 0.5075453125 0.36778125 0.4985421875 0.36603906249999996 0.46188906249999995
3 0.397109375 0.4996828125 0.392371875 0.4468609375 0.3867640625 0.363284375 0.384675 0.3498421875 0.3820265625 0.34388125 0.377290625 0.340646875 0.3752 0.341725 0.3734234375 0.3476859375 0.372553125 0.41991093749999997 0.3710546875 0.45332968749999997 0.367503125 0.49587812500000006 0.369 0.5045015625 0.37136874999999997 0.5088140625 0.3752 0.51261875 0.389725 0.518009375 0.3911875 0.518009375 0.3938703125 0.5163609375 0.3965171875 0.5120484375000001 0.397109375 0.509384375 0.397109375 0.4996828125
3 0.4336125 0.520609375 0.4325671875 0.5076734375 0.4282828125 0.48440000000000005 0.4233015625 0.43912500000000004 0.416928125 0.36284062499999997 0.41125 0.3511734375 0.4080453125 0.3511734375 0.40518906250000003 0.352440625 0.4037625 0.358275 0.40518906250000003 0.41388749999999996 0.4041453125 0.5031703125 0.40518906250000003 0.51350625 0.40696562500000005 0.517375 0.4115984375 0.522575 0.4192609375 0.5257453125 0.422953125 0.527775 0.4293625 0.5290421875 0.4318359375 0.527775 0.43291562499999997 0.5258078125 0.4336125 0.520609375
1 0.4700109375 0.30507343750000004 0.46489062499999995 0.305896875 0.4597703125 0.3121109375 0.45081875 0.334559375 0.43793125 0.46220625000000004 0.4334734375 0.5025999999999999 0.4305125 0.521496875 0.43406406249999996 0.5311984375 0.439115625 0.5338625 0.44865937499999997 0.5422953125000001 0.4512359375 0.5433734375 0.45677500000000004 0.53874375 0.46018749999999997 0.5309453125 0.46617968750000005 0.381928125 0.4700109375 0.30507343750000004
2 0.4898640625 0.36303125 0.4848828125 0.3681671875 0.48133125000000004 0.386303125 0.477290625 0.4396328125 0.4721 0.4876984375 0.464715625 0.538428125 0.46544687500000004 0.54743125 0.46694531250000004 0.5505390625000001 0.4738421875 0.555040625 0.4870421875 0.5596062500000001 0.48909843750000004 0.555865625 0.4941140625 0.3753328125 0.493765625 0.36303125 0.4898640625 0.36303125
2 0.5144890625 0.3992390625 0.513409375 0.38560625000000004 0.509509375 0.386303125 0.50808125 0.387571875 0.5070359375 0.3953078125 0.5020546875 0.43735 0.49878125000000006 0.49803437500000003 0.494253125 0.5358906250000001 0.492825 0.553075 0.5013578125 0.5530125 0.5140015625000001 0.5560562499999999 0.5157437500000001 0.5553578124999999 0.51671875 0.5535828125 0.51671875 0.5518078125 0.513409375 0.4237796875 0.5144890625 0.3992390625
2 0.54364375 0.5289796875 0.5416921875 0.5011421875 0.5414484374999999 0.38389375000000003 0.5401953125000001 0.376284375 0.5369906249999999 0.3744453125 0.5342734375 0.377615625 0.5317999999999999 0.3888390625 0.5298499999999999 0.43779375 0.5194703125 0.5653765625 0.537721875 0.565440625 0.5414484374999999 0.5653765625 0.5421796875 0.5653765625 0.5444093750000001 0.56220625 0.544653125 0.5585921875000001 0.54364375 0.5289796875
2 0.5676078125 0.4968296875 0.5628703125000001 0.3954984375 0.5605015625 0.36207968749999997 0.555171875 0.370196875 0.552803125 0.37825000000000003 0.5504359375 0.40951250000000006 0.54984375 0.48389375 0.5483796875 0.557196875 0.5492515625000001 0.5631578125 0.551340625 0.56474375 0.5557640625 0.56474375 0.5655875 0.560621875 0.5693828125 0.558275 0.5717515625 0.557196875 0.5741203125000001 0.5528859374999999 0.5744343749999999 0.5399499999999999 0.5676078125 0.4968296875
1 0.5911187499999999 0.35833906249999997 0.5894468749999999 0.3529484375 0.5851625 0.3490171875 0.5787875 0.35136406249999996 0.5757921875 0.35910000000000003 0.5740859375 0.378503125 0.5750609375 0.4388078125 0.5740859375 0.4666453125 0.5760703125 0.5209890625 0.5797625 0.5479390625 0.5804953125 0.5497140625 0.5839421875 0.5528859374999999 0.586171875 0.5537734375000001 0.5911187499999999 0.551996875 0.6 0.5446421875 0.6032046875 0.5408999999999999 0.6048421875 0.537159375 0.6050500000000001 0.5326562499999999 0.6042500000000001 0.5135703125 0.5911187499999999 0.35833906249999997
3 0.627446875 0.38478124999999996 0.622709375 0.3863671875 0.6212125000000001 0.3939125 0.6135140625 0.4855421875 0.6084984375 0.5098281250000001 0.60790625 0.52219375 0.6099609375 0.5357000000000001 0.6123296875 0.5415984375 0.617659375 0.545403125 0.6221171875 0.545909375 0.6258453125 0.544134375 0.6311390625 0.538934375 0.6366078125 0.529740625 0.636015625 0.4844640625 0.629815625 0.38744375 0.627446875 0.38478124999999996
3 0.663740625 0.38998125 0.66109375 0.377615625 0.6557640625000001 0.37330312499999996 0.6498437499999999 0.37330312499999996 0.647475 0.3759671875 0.6456984375 0.3894734375 0.64510625 0.46220625000000004 0.6406484375 0.5242234375 0.6409609374999999 0.5311984375 0.643921875 0.5344328125 0.6569484375 0.535003125 0.6665625000000001 0.5336078125 0.6696625 0.5333546874999999 0.6717515625 0.5328468749999999 0.6743984375000001 0.5285359374999999 0.6676078125 0.43367187500000004 0.663740625 0.38998125
4 0.722709375 0.3882046875 0.7205859375 0.386303125 0.7149078125 0.387571875 0.7123999999999999 0.3920734375 0.7106234375 0.39987343750000004 0.7078015625 0.43348125 0.7063734375 0.44191562500000003 0.7045984375 0.4438171875 0.7010453125 0.4438171875 0.6964125 0.436715625 0.6953671875 0.42764687500000004 0.6964125 0.410209375 0.6981890625 0.3946734375 0.6981890625 0.384971875 0.6939390624999999 0.379834375 0.690734375 0.3791375 0.6879140625 0.3817375 0.6864859375 0.3869375 0.6818531250000001 0.4211796875 0.6765234375 0.5221312499999999 0.6779515625 0.5240328125 0.6889578125 0.5240328125 0.6953671875 0.518896875 0.702125 0.5207984375 0.709578125 0.516296875 0.7191578125 0.5181984374999999 0.7215953125000001 0.51655 0.7234406250000001 0.513696875 0.7259140625 0.4438171875 0.7262625 0.4192765625 0.724834375 0.3966390625 0.722709375 0.3882046875
4 0.7795546875 0.44610000000000005 0.7983625 0.388521875 0.7994421875 0.37298593750000003 0.79909375 0.363284375 0.796934375 0.3574515625 0.793765625 0.3568171875 0.7902125 0.3587828125 0.7752703125 0.4020921875 0.7624875 0.43506718749999995 0.7557296874999999 0.44736875 0.754684375 0.42796406249999996 0.7560781249999999 0.4079265625 0.7674671875 0.3788203125 0.77349375 0.36005 0.772065625 0.35098281249999996 0.7671187500000001 0.34388125 0.7642640625 0.34521250000000003 0.752525 0.36848437500000003 0.7383140625 0.41762812499999996 0.72553125 0.5017125 0.72553125 0.5140140625 0.729815625 0.518515625 0.7337171875 0.52048125 0.7464999999999999 0.521115625 0.752525 0.523715625 0.76583125 0.5213703125 0.7688953125 0.52048125 0.7752703125 0.5178828125 0.7781265625 0.5114140625 0.7795546875 0.48750781249999997 0.7795546875 0.44610000000000005
4 0.802821875 0.6369687500000001 0.806025 0.6185796875 0.8092296875 0.5880156249999999 0.812921875 0.560178125 0.8146640625 0.5390609375000001 0.811946875 0.52695 0.802090625 0.5161703125 0.7850578125000001 0.508496875 0.7808421875 0.5089406249999999 0.7781265625 0.51255625 0.7729703125 0.5237796875 0.7695234375 0.54128125 0.7707421875 0.5579578125 0.7761750000000001 0.5772359375 0.7796234375 0.623525 0.7820968749999999 0.6464171875 0.7845703125 0.6490812499999999 0.7865203125 0.6490812499999999 0.7882625 0.6477484375 0.78899375 0.6446421875 0.7887500000000001 0.6275203125 0.7860328125 0.5902984375 0.7857890624999999 0.5664546875 0.78850625 0.5651234374999999 0.7921984375 0.56823125 0.7941828125 0.5722890625 0.7954015625 0.5781234375000001 0.7967953125 0.61344375 0.7966562500000001 0.6190234375 0.7949140625 0.6356375 0.7964125 0.6401390625000001 0.7998609375 0.6405828125 0.802821875 0.6369687500000001
4 0.7771515625000001 0.6694359375000001 0.7793453125 0.665821875 0.7805984375 0.66043125 0.7771515625000001 0.6442609375 0.7640546875 0.6105890625 0.7635671875 0.6029171875 0.7640546875 0.5750796874999999 0.7653078125 0.5521874999999999 0.7642984375 0.5427390625 0.762346875 0.5396328125000001 0.7583765625 0.5405203125 0.715709375 0.5422953125000001 0.7142109375000001 0.5445781249999999 0.7107625 0.5562453125 0.71149375 0.571528125 0.7144546875 0.5921375 0.7201328124999999 0.6043125 0.7275515625 0.6235890625 0.731 0.655484375 0.7339609375 0.667153125 0.744340625 0.68560625 0.7487640625 0.68605 0.7507484375 0.6851609375 0.753709375 0.681546875 0.753953125 0.6752687500000001 0.747021875 0.6460375 0.747021875 0.6411546875 0.7487640625 0.633925 0.75245625 0.63348125 0.754928125 0.6352562500000001 0.763428125 0.6582125 0.7650640625 0.66220625 0.769 0.6685484374999999 0.7717171875 0.6703234375 0.774921875 0.6703234375 0.7771515625000001 0.6694359375000001
3 0.6421453125000001 0.7363984375 0.643921875 0.7218765625 0.6421453125000001 0.6464171875 0.6427375 0.576346875 0.6418671875 0.567153125 0.638 0.56391875 0.6317999999999999 0.560684375 0.6261578125 0.567153125 0.6217343750000001 0.5644890625000001 0.6140375 0.562840625 0.6107625 0.5736203125 0.6089859375 0.58655625 0.6089859375 0.6059609375 0.6301984375 0.733228125 0.631209375 0.7374765625 0.6335765624999999 0.7417875 0.6368171874999999 0.7417875 0.6391843749999999 0.7402031250000001 0.6421453125000001 0.7363984375
3 0.6259140624999999 0.756753125 0.626228125 0.7448953125 0.6084640625 0.5842734375 0.6040062500000001 0.5681046875 0.5974921875 0.56918125 0.57708125 0.5918203125 0.577359375 0.6064046875 0.5830031250000001 0.6409 0.6077328125 0.7681046874999999 0.6108328125 0.77349375 0.6152562500000001 0.7729234375 0.619121875 0.770259375 0.623859375 0.7643 0.6259140624999999 0.756753125
2 0.5678156249999999 0.7431203125 0.5681640625 0.73081875 0.5741906250000001 0.6415984375 0.574921875 0.6137609375 0.5727625 0.5924546875 0.57136875 0.5872546875 0.5678156249999999 0.5866203125 0.5472312500000001 0.5952437500000001 0.54510625 0.6218140625 0.5502265625 0.7450218750000001 0.5533265625 0.7517437499999999 0.5576453124999999 0.752821875 0.5628359374999999 0.7509187500000001 0.56565625 0.7476859375 0.5678156249999999 0.7431203125
2 0.53726875 0.778946875 0.5397765625 0.7757140625 0.541553125 0.7686109375 0.5404734375 0.7447046875 0.540125 0.6670890625 0.5386968750000001 0.6043125 0.5354921874999999 0.5907421875 0.5301640625 0.5907421875 0.5170328125 0.5959421875 0.5049453125000001 0.5959421875 0.503865625 0.599809375 0.503865625 0.6327843750000001 0.5088468749999999 0.6935953125000001 0.5216296875 0.7679765625 0.5241374999999999 0.7770453125000001 0.525565625 0.778946875 0.5301640625 0.7809125 0.5330203124999999 0.7809125 0.53726875 0.778946875
2 0.461825 0.8075453125 0.465378125 0.8049468750000001 0.4692796875 0.796575 0.4760359375 0.7674703125 0.489515625 0.698921875 0.4998265625 0.6348765625 0.5001734375 0.616740625 0.489515625 0.595434375 0.481365625 0.5947375 0.4703234375 0.5896 0.46677187499999995 0.6290421875 0.46677187499999995 0.64648125 0.45398750000000004 0.7677234375 0.45329218750000005 0.77520625 0.452559375 0.7998093749999999 0.4557640625 0.8069124999999999 0.4571921875 0.8075453125 0.461825 0.8075453125
2 0.43207968750000003 0.76734375 0.43740781249999994 0.7511734375 0.45158437500000004 0.6895374999999999 0.46475156249999994 0.6147109375 0.46687500000000004 0.5888390625000001 0.44771875000000005 0.5772359375 0.44308593749999997 0.5772359375 0.4406125 0.581103125 0.436328125 0.6050093750000001 0.43775624999999996 0.6322125 0.4342046875 0.6573875 0.43207968750000003 0.69169375 0.42692500000000005 0.7547234375 0.4264015625 0.760875 0.42601875 0.766709375 0.42744687499999995 0.7705765625 0.42922343749999997 0.7699421875 0.43207968750000003 0.76734375
3 0.39728281249999997 0.7438171875 0.41818125000000006 0.6662015625000001 0.42542656250000005 0.6359546875000001 0.43396093750000003 0.59169375 0.43267187500000004 0.582434375 0.42884062500000003 0.56918125 0.4113546875 0.5559921875 0.408359375 0.5599234375 0.404528125 0.5731140625 0.39982656250000004 0.6266328125 0.39470625 0.644515625 0.3896203125 0.6716546875 0.38516249999999996 0.7309453125 0.3845 0.7391890625 0.38565 0.748003125 0.3879140625 0.75085625 0.39258125 0.7492703125 0.39728281249999997 0.7438171875
3 0.3719953125 0.723653125 0.3860671875 0.6173109375 0.3924765625 0.593278125 0.3967265625 0.5653140624999999 0.3937296875 0.5552312500000001 0.38735624999999996 0.544325 0.3784046875 0.544325 0.37028906250000004 0.552125 0.3664578125 0.5629671875 0.3558 0.711540625 0.35621718750000003 0.7197843749999999 0.3566359375 0.725175 0.3592125 0.72910625 0.36987187499999996 0.72828125 0.3719953125 0.723653125
4 0.3306859375 0.5266968750000001 0.3110765625 0.5240328125 0.304040625 0.5314515625 0.3011140625 0.5480031249999999 0.304040625 0.5736203125 0.304040625 0.5896 0.297875 0.6130625000000001 0.2849875 0.6466703125000001 0.2843953125 0.6578953125 0.2853015625 0.6770453125 0.2870421875 0.6823718750000001 0.2964125 0.6674703125 0.3051890625 0.635446875 0.30578125 0.635446875 0.3125390625 0.623209375 0.3151515625 0.630690625 0.31574375 0.630690625 0.3148734375 0.651490625 0.30989218749999997 0.6690546875 0.3049109375 0.6898546875 0.30431875 0.7069124999999999 0.3060953125 0.715471875 0.3163359375 0.7122390625 0.3245203125 0.6925171875 0.3295015625 0.6605578125 0.3324625 0.630690625 0.33890625 0.6066578125000001 0.3394640625 0.6066578125000001 0.35033125 0.5869375 0.3629046875 0.5720359375 0.36670156249999997 0.5549140625 0.36495937500000003 0.545909375 0.36495937500000003 0.54483125 0.3591078125 0.53519375 0.3508875 0.53519375 0.34092656250000003 0.5336078125 0.3306859375 0.5266968750000001
