3 0.2729453125 0.6071078125 0.259671875 0.6139375 0.254234375 0.622509375 0.269784375 0.628084375 0.40492968749999997 0.6259234375 0.4203546875 0.6238328125 0.42351406249999995 0.6208359375 0.4242734375 0.616934375 0.42199687499999994 0.6071078125 0.425790625 0.5964453125 0.42503124999999997 0.592125 0.4195953125 0.590453125 0.396334375 0.590034375 0.3381796875 0.595121875 0.2915296875 0.6028578125 0.2729453125 0.6071078125
3 0.2873578125 0.5885015625000001 0.2873578125 0.591428125 0.29051875 0.592753125 0.31061875 0.592753125 0.4176984375 0.5901734375000001 0.4255375 0.58418125 0.4255375 0.5671078125 0.4231359375 0.5649484375 0.4117578125 0.564459375 0.3012640625 0.5803484375 0.2912765625 0.58418125 0.2873578125 0.5885015625000001
1 0.29519531250000003 0.5521953125 0.27775 0.5578390625 0.27383125 0.562509375 0.27775 0.567875 0.287484375 0.5682234375 0.35018906250000004 0.565365625 0.41871093750000005 0.560696875 0.4226296875 0.557490625 0.42389374999999996 0.5493375 0.4193421875 0.5386062500000001 0.41618281250000005 0.5372125 0.40682656250000004 0.5368640625000001 0.378003125 0.539303125 0.3184578125 0.5493375 0.29519531250000003 0.5521953125
2 0.29355312499999997 0.523903125 0.28900156250000003 0.5291984375000001 0.290265625 0.5317078125 0.3122625 0.5338671875000001 0.40796406249999995 0.5338671875000001 0.4151703125 0.5324046874999999 0.41833125000000004 0.5303140625 0.41643437499999997 0.51763125 0.4145390625 0.5142156250000001 0.4067 0.5124734375 0.3149171875 0.51958125 0.30328750000000004 0.5210453125 0.29355312499999997 0.523903125
2 0.2998734375 0.49672499999999997 0.29734531249999996 0.5027874999999999 0.2998734375 0.5063421875 0.32187031250000003 0.5098953125000001 0.408596875 0.5124046875 0.4156765625 0.51024375 0.41757343750000003 0.4996515625 0.4156765625 0.49491250000000003 0.41377968750000005 0.492821875 0.4067 0.4924734375 0.3056890625 0.49317031250000004 0.2998734375 0.49672499999999997
2 0.30012656249999997 0.47686406249999996 0.30227499999999996 0.47930312500000005 0.33678906249999996 0.48494843750000005 0.41276875 0.491428125 0.41491718750000006 0.49115000000000003 0.4176984375 0.487875 0.41555 0.477490625 0.4117578125 0.476028125 0.395575 0.47303125 0.3077125 0.4715671875 0.30227499999999996 0.47303125 0.30012656249999997 0.47686406249999996
2 0.3087234375 0.4514984375 0.30606875 0.45665468750000004 0.3078375 0.4586765625 0.32035468749999996 0.4633453125 0.40935468750000004 0.47052187500000003 0.4142859375 0.46926875 0.4165609375 0.4648078125 0.41630781250000004 0.4559578125 0.4151703125 0.4526828125 0.3975984375 0.44926875 0.33830625 0.44773593749999996 0.31504374999999996 0.449478125 0.3087234375 0.4514984375
1 0.2643484375 0.41066250000000004 0.2627046875 0.41212499999999996 0.2643484375 0.41630625 0.27395625 0.4210453125 0.413021875 0.4487109375 0.41732031249999996 0.440975 0.414159375 0.42822343749999997 0.4103671875 0.4249484375 0.3866 0.4207671875 0.287990625 0.4082921875 0.2745890625 0.4082921875 0.2643484375 0.41066250000000004
3 0.304171875 0.3889890625 0.3020234375 0.3931015625 0.303665625 0.39728281249999997 0.3117578125 0.4014640625 0.34298281249999996 0.41003437500000006 0.42225 0.42139375 0.42490468750000004 0.418396875 0.4254109375 0.4056453125 0.42060624999999996 0.3998609375 0.4070796875 0.3949125 0.379140625 0.3901734375 0.32945625 0.38480781249999996 0.3089765625 0.386271875 0.304171875 0.3889890625
3 0.29165625 0.36348437499999997 0.2896328125 0.366690625 0.290265625 0.37205625000000003 0.29608124999999996 0.3752609375 0.41643437499999997 0.39909374999999997 0.4255375 0.3977 0.43324843749999997 0.390940625 0.43324843749999997 0.37811875 0.43160625 0.37484375000000003 0.427434375 0.372753125 0.3788875 0.3652265625 0.3187109375 0.3599296875 0.30391875 0.360278125 0.29165625 0.36348437499999997
4 0.32844531250000003 0.32041875000000003 0.3251578125 0.3261328125 0.3278125 0.3282921875 0.3595453125 0.3375609375 0.36472812499999996 0.33999999999999997 0.3639703125 0.3450171875 0.3562578125 0.347178125 0.35107499999999997 0.3468296875 0.3207328125 0.34041875 0.309734375 0.3414640625 0.30834375 0.34466874999999997 0.3103671875 0.347875 0.3788875 0.3664109375 0.42996249999999997 0.3739375 0.4384328125 0.365365625 0.439696875 0.35679375 0.4448796875 0.350034375 0.44690312499999996 0.3412546875 0.4448796875 0.337909375 0.40935468750000004 0.32968593749999997 0.3595453125 0.322578125 0.3388109375 0.32041875000000003 0.32844531250000003 0.32041875000000003
4 0.3159296875 0.26041875000000003 0.31200937500000003 0.2647390625 0.3256640625 0.2843203125 0.35145312500000003 0.30355468750000003 0.4381796875 0.338884375 0.4498109375 0.3385359375 0.460809375 0.332125 0.47952031249999993 0.30250937499999997 0.47244062500000006 0.2964453125 0.4103671875 0.282578125 0.36384375 0.259025 0.34045468749999996 0.2508015625 0.3360296875 0.251915625 0.33274375 0.2600703125 0.3418453125 0.2675953125 0.3838171875 0.290034375 0.38963281250000004 0.294703125 0.3912765625 0.2989546875 0.38836875000000004 0.3021609375 0.3618203125 0.29324062500000003 0.335271875 0.274703125 0.3204796875 0.2608359375 0.3159296875 0.26041875000000003
4 0.4903921875 0.32515625 0.48495625000000003 0.32766562499999996 0.47711718750000004 0.33581875 0.46940625 0.35721250000000004 0.46940625 0.364878125 0.4896328125 0.365784375 0.5780031250000001 0.3640421875 0.6261687499999999 0.36188125000000004 0.634765625 0.359790625 0.6370421875 0.3563765625 0.6362828125 0.3516375 0.6300890625 0.3473875 0.6246515625 0.34648124999999996 0.5764859375 0.3400703125 0.5283187500000001 0.328084375 0.49734531249999997 0.3242515625 0.4903921875 0.32515625
4 0.6123890624999999 0.36069687500000003 0.5137796875 0.359790625 0.4787609375 0.3610453125 0.4701640625 0.3622296875 0.4639703125 0.370453125 0.4632109375 0.3807671875 0.4701640625 0.3884328125 0.487990625 0.3901734375 0.5594187500000001 0.3820203125 0.630846875 0.37560937499999997 0.634765625 0.3743546875 0.6439953125 0.36919843750000003 0.642478125 0.365365625 0.635525 0.3627875 0.6123890624999999 0.36069687500000003
3 0.61833125 0.38655 0.6049296875 0.38508749999999997 0.5283187500000001 0.382996875 0.47067031249999997 0.38508749999999997 0.46093593750000006 0.3883625 0.4556265625 0.39637656250000003 0.4571421875 0.4037625 0.465865625 0.41240468750000003 0.4766125 0.41567968750000006 0.528825 0.41303124999999996 0.6173203125 0.4037625 0.6204796875 0.4029265625 0.626928125 0.3996515625 0.6275593749999999 0.3931015625 0.6254109375 0.38982656250000003 0.61833125 0.38655
1 0.5575218750000001 0.41700312500000003 0.475221875 0.41142812500000003 0.4566375 0.41400625 0.45271875 0.4212546875 0.4543609375 0.4366546875 0.45903906250000004 0.438815625 0.4815421875 0.4404875 0.5211125 0.44007031249999995 0.58394375 0.4344953125 0.629203125 0.42724687499999997 0.6359046875 0.42599375000000006 0.6383062500000001 0.41742187499999994 0.6343875 0.41442500000000004 0.629709375 0.41317031249999997 0.5575218750000001 0.41700312500000003
2 0.48166875 0.4412546875 0.4571421875 0.4423 0.4532234375 0.444459375 0.45056874999999996 0.44905937500000004 0.45259218749999997 0.4622296875 0.45840781249999996 0.4633453125 0.5075859375 0.46188124999999997 0.6122625 0.4561671875 0.6161828125000001 0.45372812500000004 0.6149171875 0.44905937500000004 0.6109984374999999 0.44620156250000004 0.5954484375 0.4433453125 0.48166875 0.4412546875
2 0.60885 0.47045312499999997 0.5932999999999999 0.4668984375 0.47104999999999997 0.46188124999999997 0.4477875 0.46905937499999995 0.441971875 0.4772125 0.44386875000000003 0.4921953125 0.44905156249999995 0.49365781249999996 0.5871046875 0.4884328125 0.601390625 0.48717812499999996 0.611378125 0.48397187500000005 0.6140328125 0.48041875 0.6134000000000001 0.474703125 0.60885 0.47045312499999997
2 0.45423437499999997 0.49414687500000004 0.44652343749999995 0.49665468749999997 0.44134062500000004 0.5034140625 0.441971875 0.5187453125 0.44652343749999995 0.5241109374999999 0.465234375 0.5259234375 0.5131484375 0.52515625 0.6302156250000001 0.5162375 0.6353984374999999 0.5151921875000001 0.6501890625 0.5130312499999999 0.6061953124999999 0.5052265625000001 0.481415625 0.4931015625 0.45423437499999997 0.49414687500000004
2 0.47067031249999997 0.524390625 0.4570171875 0.524390625 0.4499375 0.528640625 0.44665 0.533309375 0.44804062499999997 0.5407671875 0.46093593750000006 0.550034375 0.523640625 0.545784375 0.6021484375 0.5463421875 0.61605625 0.5450875 0.635525 0.5422296875 0.609734375 0.537909375 0.526928125 0.528640625 0.47067031249999997 0.524390625
1 0.6096078125 0.5668296875000001 0.5351453125 0.5543546874999999 0.480784375 0.54655 0.46599218750000004 0.547246875 0.46017656249999994 0.5501046875 0.4523390625 0.5597218749999999 0.45044218750000004 0.5671781250000001 0.4529703125 0.5740062499999999 0.46207343749999996 0.5757484374999999 0.49051875 0.5757484374999999 0.5384328125 0.5735890625 0.638053125 0.5864812500000001 0.6412140625 0.5857140625 0.6451328125 0.5836234375 0.6451328125 0.5814640625 0.64058125 0.5768640625 0.6096078125 0.5668296875000001
3 0.5283187500000001 0.611915625 0.48179531249999996 0.596515625 0.464728125 0.594425 0.4592921875 0.597421875 0.4499375 0.6226484375 0.45309687500000007 0.628640625 0.460809375 0.6337984375 0.48495625000000003 0.6350515624999999 0.5206062499999999 0.633309375 0.558659375 0.6350515624999999 0.59279375 0.6397906250000001 0.597471875 0.6388843750000001 0.599746875 0.6372125 0.5989890625000001 0.6354703125000001 0.574209375 0.6252265625 0.5283187500000001 0.611915625
3 0.496334375 0.56696875 0.47067031249999997 0.56696875 0.464475 0.5720562499999999 0.46055624999999994 0.5806265625 0.45284375 0.58794375 0.451328125 0.596028125 0.453603125 0.5990249999999999 0.4699109375 0.6028578125 0.6338812500000001 0.6046 0.6414671875 0.6028578125 0.6437421875 0.601184375 0.6437421875 0.596934375 0.6321109375 0.590453125 0.496334375 0.56696875
4 0.3495578125 0.657909375 0.300884375 0.6744953125 0.2810359375 0.6794421875000001 0.279771875 0.6868296875000001 0.2855875 0.687178125 0.3048046875 0.6843203124999999 0.343109375 0.676934375 0.3796453125 0.67484375 0.38027812499999997 0.6762374999999999 0.4045515625 0.67484375 0.4262953125 0.6731015625000001 0.44045468750000005 0.669546875 0.44614374999999995 0.6635546875 0.44614374999999995 0.6568640625 0.4423515625 0.6487109375 0.44298281250000004 0.6384671875000001 0.4340078125 0.6300343749999999 0.4135265625 0.6268296875 0.4109984375 0.627178125 0.40581562499999996 0.627178125 0.38027812499999997 0.6342859375 0.37193437500000004 0.6515671875 0.3495578125 0.657909375
