4 0.79205625 0.533121875 0.770034375 0.49532187499999997 0.76090625 0.45499375000000003 0.74975625 0.43565156250000003 0.7423 0.4400765625 0.7331703125 0.45398281249999994 0.7282234375 0.4571421875 0.7178390625 0.481415625 0.7175609374999999 0.49494375 0.7195125 0.5011375 0.7277359375 0.5128953125 0.7336578125 0.5290765625 0.7445296875 0.5505687499999999 0.7759578125 0.5685203125 0.7787453125 0.5667515625 0.7784671875 0.5555 0.7742859375 0.5505687499999999 0.7586765625 0.5415921875 0.7517078125000001 0.5290765625 0.7519859375 0.5201015625000001 0.7534500000000001 0.51833125 0.757421875 0.5187109375000001 0.7599296875 0.5204796875000001 0.7873875 0.5484203125 0.7915671875 0.5484203125 0.7931015625 0.544753125 0.79205625 0.533121875
4 0.7614640625 0.5866 0.74041875 0.5537296875 0.730034375 0.533121875 0.7248078125 0.5134000000000001 0.7156796875 0.49089687499999995 0.680278125 0.5097343750000001 0.6780484375 0.5142859375 0.67630625 0.5195953125 0.67581875 0.5290765625 0.68320625 0.5515796875000001 0.687178125 0.5582812500000001 0.7275265625 0.6135265624999999 0.734215625 0.6193421875 0.745853125 0.6211125 0.7510796875 0.6193421875 0.7473171875 0.6112515625 0.7337281250000001 0.5987359375 0.725784375 0.588875 0.7206265625 0.5798984375 0.71811875 0.570796875 0.717909375 0.5646015625 0.7206265625 0.5640953125 0.755540625 0.5996203125 0.7624390625 0.6 0.764459375 0.5946906249999999 0.7614640625 0.5866
4 0.7029265625 0.633375 0.7124046875000001 0.6300890625 0.715121875 0.6188374999999999 0.705575 0.6214921875 0.7029265625 0.6193421875 0.6815328125 0.5654874999999999 0.6809062499999999 0.5395703125 0.6791640625 0.5207328125 0.6764453125000001 0.5142859375 0.66369375 0.5190890625 0.645575 0.5201015625000001 0.6396515625 0.5195953125 0.6369343749999999 0.517446875 0.63484375 0.5190890625 0.6345640625 0.528825 0.6360281249999999 0.5395703125 0.64794375 0.5859671875 0.6663421875 0.6386859375 0.6687109375 0.642478125 0.67351875 0.643615625 0.6752609374999999 0.6414671875 0.6752609374999999 0.6338812500000001 0.664878125 0.59721875 0.6613234375 0.5778765625 0.6627875000000001 0.5735781249999999 0.6737984375 0.586978125 0.685365625 0.61555 0.6931015625 0.6290765625 0.7029265625 0.633375
3 0.6310109374999999 0.6270546875 0.6411156250000001 0.6562578125 0.6438328125 0.6615671875 0.6471078125 0.6620734374999999 0.648571875 0.6599234375 0.648571875 0.6567640625 0.6459234375 0.6298359375 0.6366546875 0.5898859375 0.6310109374999999 0.53059375 0.627178125 0.5279390625 0.609965625 0.5311 0.6081531250000001 0.5327437500000001 0.6066906249999999 0.541340625 0.6093375 0.5560046875 0.6215328125 0.5915296875 0.6310109374999999 0.6270546875
3 0.6021609375 0.636409375 0.6063421875 0.6476609375 0.6131703125 0.6584078124999999 0.617003125 0.66005 0.6214640625000001 0.653096875 0.6063421875 0.53501875 0.594425 0.5338812500000001 0.59205625 0.5360296875 0.5858531250000001 0.53830625 0.5858531250000001 0.544753125 0.587875 0.5619468750000001 0.6021609375 0.636409375
1 0.5611843750000001 0.5906453125 0.5747734375 0.6611890625 0.580209375 0.6823015625 0.58320625 0.6859671875 0.5854359375 0.6859671875 0.5906625 0.6773703125 0.5911500000000001 0.667003125 0.58794375 0.6073328124999999 0.5812546875 0.5381796875 0.5787453124999999 0.533628125 0.5646687499999999 0.52604375 0.560209375 0.5255375 0.5562375 0.5278125 0.5544953125000001 0.5327437500000001 0.5549828125 0.5434890625000001 0.5611843750000001 0.5906453125
2 0.5524046874999999 0.66169375 0.5538671875000001 0.6585328125000001 0.554215625 0.653096875 0.55121875 0.5706703125 0.552125 0.5242734375 0.550940625 0.5204796875000001 0.5312890625 0.5168140625000001 0.5283625 0.5161828125000001 0.5384671875 0.6056890625 0.5462015625000001 0.6573953125 0.5482234375 0.6623265625 0.5524046874999999 0.66169375
2 0.5222296875 0.620228125 0.5255046875 0.638559375 0.527875 0.6456390625 0.53024375 0.64665 0.5314281249999999 0.6418453125 0.5314281249999999 0.6170671875 0.5301046875 0.535778125 0.53024375 0.529203125 0.5296171875 0.5204796875000001 0.5126828125 0.5211125 0.5138671875 0.5490515625 0.5222296875 0.620228125
2 0.5149828125 0.623009375 0.5119859375 0.5726921875000001 0.5114984375 0.5300890625 0.510521875 0.5228828125 0.50878125 0.5214921875 0.4921953125 0.5255375 0.49073124999999995 0.526928125 0.49017343750000003 0.5309734374999999 0.491428125 0.538559375 0.5114984375 0.651328125 0.5149828125 0.623009375
2 0.490034375 0.658028125 0.492753125 0.65941875 0.49449531249999995 0.6576484375 0.4951921875 0.653096875 0.49170781249999995 0.5704171875 0.49345 0.5219968749999999 0.49052187500000005 0.5188375 0.485784375 0.5188375 0.4778390625 0.526928125 0.47115 0.5283187500000001 0.4677359375 0.5290765625 0.4657140625 0.533121875 0.47170781249999993 0.559165625 0.486759375 0.6455124999999999 0.490034375 0.658028125
1 0.4485015625 0.6968390624999999 0.45386718750000005 0.7070796875 0.4580484375 0.7075859375 0.460975 0.7042984375 0.46397187500000003 0.6924140624999999 0.467246875 0.6676359374999999 0.4708015625 0.601896875 0.4708015625 0.5501890625 0.46933749999999996 0.5378000000000001 0.4654359375 0.5226296875 0.4592328125 0.52161875 0.45121874999999995 0.5242734375 0.4435546875 0.53059375 0.43958125 0.5351453125 0.43721249999999995 0.5437421875 0.4378390625 0.581415625 0.44432031250000004 0.6735781249999999 0.4485015625 0.6968390624999999
3 0.41135937499999997 0.668015625 0.4089890625 0.686978125 0.41135937499999997 0.685840625 0.4185359375 0.6723140625 0.42445937499999997 0.6432359375 0.4298265625 0.58938125 0.4324734375 0.5446265625 0.4259234375 0.5451328125 0.4122640625 0.539190625 0.4093375 0.5381796875 0.4057140625 0.541971875 0.4066203125 0.56940625 0.41135937499999997 0.6298359375 0.41135937499999997 0.668015625
3 0.371846875 0.6437421875 0.3677359375 0.6772437499999999 0.3689203125 0.684196875 0.371846875 0.684196875 0.3799296875 0.6713015625 0.3885015625 0.6432359375 0.397421875 0.602275 0.40278749999999997 0.5462703125 0.3992328125 0.541340625 0.39087031250000004 0.5370421875 0.375121875 0.5332484375 0.3742859375 0.5332484375 0.369478125 0.5353984374999999 0.3682921875 0.541971875 0.371846875 0.6001265625000001 0.371846875 0.6437421875
4 0.27804843749999997 0.4218703125 0.2762375 0.45423437499999997 0.28007031250000003 0.464475 0.28452968749999996 0.4704171875 0.2937984375 0.47307187500000003 0.30355468750000003 0.48166875 0.3089203125 0.4801515625 0.3172125 0.47092343750000004 0.322578125 0.455878125 0.3240421875 0.4407078125 0.3208359375 0.42831875 0.31756093750000003 0.40682656250000004 0.31484375 0.3566375 0.3112890625 0.327559375 0.30801406249999996 0.3189640625 0.30418124999999996 0.3168140625 0.3006265625 0.3168140625 0.2973515625 0.32060625 0.297003125 0.3270546875 0.3026484375 0.3723140625 0.3018125 0.3836921875 0.300278125 0.386346875 0.2973515625 0.38520937499999997 0.29581875 0.3782546875 0.28933749999999997 0.3318578125 0.28696875 0.330846875 0.28041875 0.3318578125 0.2768640625 0.3372953125 0.28069687499999996 0.40568906250000003 0.27804843749999997 0.4218703125
4 0.32320625000000003 0.349684375 0.32703906250000003 0.3884953125 0.32766562499999996 0.40682656250000004 0.3208359375 0.43211093749999996 0.32139375000000003 0.4456390625 0.323484375 0.45157968750000005 0.3317765625 0.45423437499999997 0.35226406250000003 0.45423437499999997 0.37219531250000004 0.44943125000000006 0.3742859375 0.44285781249999995 0.3742859375 0.43539843749999996 0.36236875 0.37610625 0.35024375 0.30707968750000003 0.347875 0.3049296875 0.3454359375 0.30707968750000003 0.3422296875 0.3211125 0.3422296875 0.33299687499999997 0.345784375 0.3653609375 0.34369375 0.3792671875 0.34188125 0.3804046875 0.34041875 0.37989843749999996 0.32885 0.31946875 0.326759375 0.3168140625 0.321671875 0.3168140625 0.31874531250000004 0.32161875 0.31874531250000004 0.32806562499999997 0.32320625000000003 0.349684375
3 0.3650171875 0.40682656250000004 0.36648125 0.439696875 0.3714984375 0.4487984375 0.3771421875 0.45335000000000003 0.38606250000000003 0.45271875 0.3981875 0.4448796875 0.398884375 0.439696875 0.389965625 0.3056890625 0.388571875 0.2993671875 0.3814640625 0.2896328125 0.3764453125 0.2896328125 0.36898906249999996 0.30328750000000004 0.3650171875 0.40682656250000004
3 0.396725 0.4096078125 0.396725 0.4432359375 0.4006265625 0.4548671875 0.4098265625 0.4604296875 0.428571875 0.4470296875 0.43191562499999997 0.44058125 0.4191640625 0.39279375 0.4091984375 0.30227499999999996 0.4070390625 0.300253125 0.40487812500000003 0.300253125 0.40383281249999997 0.3048046875 0.4006265625 0.343615625 0.396725 0.4096078125
1 0.42236874999999996 0.45954531249999997 0.4266203125 0.468646875 0.433728125 0.47635937500000003 0.441603125 0.47635937500000003 0.45372812500000004 0.46599218750000004 0.45797968750000007 0.4402015625 0.4572828125 0.401390625 0.4480140625 0.299115625 0.4358890625 0.25575156250000003 0.43407656250000004 0.251328125 0.4298265625 0.2428578125 0.429478125 0.3055625 0.426271875 0.395575 0.42236874999999996 0.45954531249999997
2 0.471915625 0.3175734375 0.4562375 0.455878125 0.458328125 0.4701640625 0.4633453125 0.48179531249999996 0.47512187499999997 0.4824265625 0.478328125 0.47724374999999997 0.4800703125 0.44943125000000006 0.4804875 0.36472812499999996 0.482578125 0.3026546875 0.482578125 0.2987359375 0.48153281249999996 0.29481718749999997 0.47651562500000005 0.294184375 0.47512187499999997 0.29683906250000003 0.471915625 0.3175734375
2 0.48898906249999996 0.381921875 0.48543593749999997 0.42983593750000004 0.48153281249999996 0.4640953125 0.4829265625 0.47964531250000003 0.4861328125 0.4848296875 0.50466875 0.48609375000000005 0.51073125 0.48280625 0.511846875 0.4750953125 0.51073125 0.43173125 0.5078750000000001 0.3838171875 0.5004187499999999 0.3082171875 0.5000703125 0.3042984375 0.4968640625 0.3003796875 0.49296093750000003 0.303665625 0.49115000000000003 0.3198484375 0.48898906249999996 0.381921875
2 0.5218125 0.381415625 0.5173515625 0.43539843749999996 0.5110796875 0.46826875 0.511428125 0.48280625 0.5140765625 0.48975937500000005 0.5256453125 0.4940578125 0.5408359375 0.4957015625 0.541671875 0.4611890625 0.539303125 0.43211093749999996 0.539025 0.31782499999999997 0.539025 0.31251562499999996 0.5378390625 0.3065734375 0.53400625 0.309228125 0.5280140624999999 0.327559375 0.5218125 0.381415625
2 0.5470390625 0.4 0.5428578125 0.4474078125 0.543484375 0.47926718749999997 0.5470390625 0.481921875 0.5589546875 0.4824265625 0.5627875 0.47977187499999996 0.5660624999999999 0.471175 0.567246875 0.45979843750000005 0.5660624999999999 0.43236406250000003 0.56369375 0.4107453125 0.559790625 0.3040453125 0.5595125000000001 0.298609375 0.5568640625 0.298609375 0.5550515625 0.30353906249999996 0.5505921875 0.3256640625 0.5470390625 0.4
1 0.5693374999999999 0.411125 0.5660624999999999 0.42895000000000005 0.5660624999999999 0.4520859375 0.5684328125 0.4692796875 0.5731703125000001 0.47420937500000004 0.58 0.4773703125 0.588084375 0.474715625 0.5901046875 0.464475 0.5954703125 0.455878125 0.5954703125 0.4499375 0.5903140625 0.4231359375 0.594215625 0.40885 0.5966546875 0.3518328125 0.5957484375 0.3189640625 0.5975609375000001 0.2677625 0.5966546875 0.2623265625 0.5945640625 0.2623265625 0.5910109375 0.26725625000000003 0.5818125000000001 0.3184578125 0.5693374999999999 0.411125
3 0.60885 0.31555 0.601115625 0.3490515625 0.5957484375 0.42237656250000005 0.5963765624999999 0.44386875000000003 0.601671875 0.454109375 0.6103140625 0.46005 0.6165859375 0.46005 0.6222296875 0.455246875 0.623971875 0.4487984375 0.62188125 0.41580312499999994 0.6248781250000001 0.3857140625 0.6248781250000001 0.3207328125 0.623065625 0.310240625 0.61860625 0.305309375 0.6154 0.305309375 0.6124046875 0.308596875 0.60885 0.31555
3 0.6383281249999999 0.31504374999999996 0.6361671875 0.33957031249999997 0.62655 0.40492968749999997 0.62655 0.43463906249999995 0.6304531250000001 0.4462703125 0.63581875 0.45082187500000004 0.6433453124999999 0.45082187500000004 0.64655 0.44829375000000005 0.6494078125 0.439190625 0.653309375 0.40885 0.6561671875 0.326675 0.65581875 0.3221234375 0.6547031249999999 0.31504374999999996 0.648640625 0.304678125 0.641184375 0.3098609375 0.6383281249999999 0.31504374999999996
4 0.6565859374999999 0.3495578125 0.6473875 0.4131484375 0.6470390625 0.426675 0.64885 0.4314796875 0.6758890625 0.43527187500000003 0.6824390625000001 0.4395703125 0.6898265625 0.43211093749999996 0.6880843750000001 0.383059375 0.6945640625 0.3259171875 0.6931015625 0.3188375 0.688640625 0.319975 0.6740765625 0.366371875 0.6723343749999999 0.3490515625 0.675609375 0.311884375 0.6731703125 0.310240625 0.6684328125000001 0.310240625 0.6655046875 0.3123890625 0.6634140625 0.3166875 0.6565859374999999 0.3495578125
4 0.6873875 0.4211125 0.6889203125 0.4256640625 0.692334375 0.42793906249999997 0.7069687499999999 0.42831875 0.714146875 0.4233875 0.721115625 0.423009375 0.7278046875 0.41757343750000003 0.7285015625 0.4117578125 0.727246875 0.37623281249999996 0.7337281250000001 0.357775 0.737421875 0.3187109375 0.7361671875 0.30391875 0.72975625 0.2873578125 0.7278046875 0.3084703125 0.718396875 0.3498109375 0.7149125 0.3551203125 0.7131703125 0.354740625 0.718884375 0.29178281250000004 0.7161671875 0.2900125 0.7121953125 0.29355312499999997 0.7052265625 0.31061875 0.68794375 0.3982296875 0.6873875 0.4211125
