5 0.7440609375 0.6513640625 0.7514796875 0.654534375 0.753465625 0.654090625 0.755903125 0.6518078125 0.7564265625 0.6455296875000001 0.754684375 0.6365890624999999 0.7354234374999999 0.6100828125 0.718425 0.566075 0.71100625 0.5516796875 0.7075578124999999 0.548065625 0.703134375 0.5489531249999999 0.70041875 0.5539 0.696446875 0.566075 0.6927546875 0.566075 0.68955 0.5700703125000001 0.6826546875 0.587128125 0.6749906250000001 0.5862390625 0.67325 0.5948 0.6725187499999999 0.6024093749999999 0.6752343749999999 0.6091953125 0.680425 0.6172484375 0.6856140625 0.627140625 0.723859375 0.669815625 0.7342046875 0.682815625 0.745315625 0.6927078125 0.740125 0.6760937499999999 0.7218734375 0.6361453125 0.7201328124999999 0.629803125 0.7218734375 0.627140625 0.7244859375 0.6275203125 0.726053125 0.629803125 0.7366765625 0.6450859375 0.7440609375 0.6513640625
3 0.5984328125 0.6526953125 0.6012890625 0.7109062500000001 0.6062703125 0.71350625 0.6144203125 0.7070390625 0.6197484375 0.686303125 0.6197484375 0.610653125 0.6226046875 0.5672796875 0.6208296875 0.561509375 0.6083937500000001 0.5472421875 0.6027171874999999 0.5440078125000001 0.5934515625000001 0.5485734375 0.5913265625 0.5569437500000001 0.5913265625 0.560178125 0.5920578125 0.5776796875 0.5984328125 0.6526953125
3 0.569453125 0.5646796875 0.5652734374999999 0.6850984375 0.5681640625 0.7121109375 0.5762796875 0.6764109375 0.5835250000000001 0.6220671875 0.59289375 0.5747625000000001 0.5967265625 0.5522515625 0.595471875 0.5452765625 0.5924765625 0.5351296875 0.5877749999999999 0.5312625 0.5719265625000001 0.53430625 0.569871875 0.536715625 0.5681640625 0.5460375 0.569453125 0.5646796875
1 0.5445484375 0.6889031250000001 0.5466390624999999 0.702346875 0.5490078125 0.7066578125 0.5516546875 0.7083062499999999 0.5546156250000001 0.7061515625 0.5561125 0.6953703124999999 0.557296875 0.62473125 0.563496875 0.54388125 0.5608500000000001 0.5374125000000001 0.5546156250000001 0.5293593750000001 0.5478234375000001 0.5233984375 0.5448625 0.5228921875 0.541309375 0.5244765625000001 0.540996875 0.5266328125 0.5419015625 0.6005078125 0.5445484375 0.6889031250000001
2 0.5261921875 0.666771875 0.5285609375 0.6716546875 0.5306515625 0.6700062499999999 0.5315218749999999 0.66734375 0.535075 0.5692453125 0.53744375 0.52828125 0.536259375 0.5261250000000001 0.5336125 0.5239703125 0.5303375 0.5228921875 0.5259140625 0.5223203125 0.51999375 0.5250468749999999 0.5190875 0.527203125 0.5190875 0.538490625 0.5261921875 0.666771875
2 0.50578125 0.6570703124999999 0.5069656250000001 0.6743187500000001 0.5096140625000001 0.676475 0.511703125 0.6748890624999999 0.514071875 0.6570703124999999 0.51720625 0.5307546875 0.5050859375 0.5307546875 0.4998609375 0.531515625 0.4998609375 0.5487640625 0.50578125 0.6570703124999999
2 0.4863109375 0.5357640625 0.481365625 0.53081875 0.4858234375 0.63995 0.48753124999999997 0.647178125 0.48975937500000005 0.6512359375 0.4917453125 0.6521250000000001 0.4932078125 0.6516796874999999 0.4981546875 0.5424859375 0.4973875 0.5348765625 0.49568124999999996 0.5326562499999999 0.49418281249999996 0.5331015625 0.48975937500000005 0.5375390624999999 0.4863109375 0.5357640625
2 0.46185937499999996 0.5698796875000001 0.466075 0.648065625 0.468303125 0.67951875 0.47519999999999996 0.6579578125000001 0.4769421875 0.62561875 0.4791359375 0.5290421875 0.473459375 0.5285984375 0.4655875 0.5318328125 0.4626265625 0.5326562499999999 0.45917812500000005 0.5339890625 0.46185937499999996 0.5698796875000001
1 0.4359109375 0.5603671875 0.4371296875 0.60393125 0.4423203125 0.692390625 0.44576874999999994 0.7094484375000001 0.4512015625 0.7216234375 0.45712343750000006 0.5882046875 0.45489375 0.5334171875 0.4531515625 0.5324671875 0.45144531250000003 0.5334171875 0.4397421875 0.5433734375 0.43664218750000006 0.5468609375 0.4359109375 0.55091875 0.4359109375 0.5603671875
3 0.4055375 0.5709578125 0.4092296875 0.60824375 0.4230578125 0.7083703125 0.4282484375 0.6958140625 0.43242812500000005 0.6670890625 0.43291562499999997 0.609575 0.4351453125 0.5696265625 0.4349 0.5619531249999999 0.433646875 0.5565625 0.4301984375 0.5516171875 0.42675 0.548509375 0.419365625 0.5448953125 0.409021875 0.556309375 0.40602499999999997 0.560178125 0.40529374999999995 0.5632843750000001 0.4055375 0.5709578125
3 0.3859625 0.717375 0.38833125 0.7222578125 0.39010781250000004 0.7222578125 0.391884375 0.720609375 0.3963421875 0.7082437500000001 0.400765625 0.6683578125 0.40491093749999996 0.6235890625 0.41201718749999994 0.5729234375 0.41024062499999997 0.5670265624999999 0.4037265625 0.563221875 0.396934375 0.554596875 0.393975 0.554596875 0.380459375 0.5634750000000001 0.37798750000000003 0.5659484375 0.376803125 0.5718453125 0.3859625 0.717375
4 0.2980140625 0.72739375 0.3057125 0.7203546875 0.3234765625 0.6842734375 0.3471609375 0.627140625 0.3521765625 0.6098921875000001 0.352490625 0.5969562500000001 0.3489375 0.591565625 0.343015625 0.591565625 0.34033437499999997 0.5926437499999999 0.33737343750000004 0.5883328125 0.326715625 0.5775515625 0.3199234375 0.5786296875 0.3128171875 0.5721625 0.3063046875 0.5721625 0.3003828125 0.5829421875 0.29414843749999997 0.6120484375 0.28585781250000003 0.6459734375 0.27018437500000003 0.7036781249999999 0.27283124999999997 0.7069124999999999 0.27697656249999997 0.7069124999999999 0.284675 0.70044375 0.300975 0.6713375 0.3074890625 0.6659484375 0.3111453125 0.6643 0.315778125 0.66214375 0.2953328125 0.7246671874999999 0.2980140625 0.72739375
4 0.27635 0.41116093749999993 0.27516562499999997 0.4116671875 0.274259375 0.4159796875 0.2748515625 0.43107187500000005 0.2807734375 0.4855421875 0.276628125 0.5140781249999999 0.2769421875 0.530246875 0.278996875 0.5410265625 0.286415625 0.5513 0.2929296875 0.5528859374999999 0.299721875 0.558275 0.3032734375 0.559353125 0.3139328125 0.5518078125 0.320759375 0.54914375 0.3216296875 0.5410265625 0.3243125 0.536715625 0.3251828125 0.5286625 0.3142453125 0.475840625 0.3101015625 0.4381109375 0.303865625 0.41655 0.2985375 0.40412187499999996 0.2941140625 0.4036140625 0.292615625 0.40577031249999995 0.291153125 0.41223906250000003 0.2932078125 0.4213703125 0.30003437499999996 0.43969531249999994 0.30090625000000004 0.44832031250000004 0.299721875 0.45694375000000004 0.297353125 0.46074843750000005 0.29352187500000004 0.4596703125 0.28669375 0.44400781250000004 0.28094687500000004 0.42022812500000006 0.28018125 0.41705781249999996 0.2781265625 0.4116671875 0.27635 0.41116093749999993
4 0.3327765625 0.436778125 0.32389375 0.47178125 0.318565625 0.5014578125 0.3268546875 0.5014578125 0.334553125 0.49930312499999996 0.339603125 0.44216875 0.3380359375 0.43227656249999996 0.3369203125 0.4286625 0.3351453125 0.43081875 0.3327765625 0.436778125
3 0.35472031249999997 0.3818640625 0.35294375 0.38560625000000004 0.35294375 0.3904875 0.3573671875 0.424984375 0.3626953125 0.4934046875 0.3626953125 0.5252375 0.3662484375 0.530628125 0.39143125 0.5327843750000001 0.3970390625 0.5279015625000001 0.3994078125 0.5144578125 0.3970390625 0.499365625 0.3920234375 0.478884375 0.36419375 0.386303125 0.361615625 0.3818640625 0.3576796875 0.3797078125 0.35472031249999997 0.3818640625
3 0.388296875 0.37057656250000004 0.3867984375 0.372796875 0.3853359375 0.3777421875 0.3860671875 0.3956875 0.3915015625 0.45637343750000003 0.3917453125 0.5138234374999999 0.393975 0.5201015625000001 0.3988859375 0.522384375 0.40431875 0.5178828125 0.41344531250000005 0.521496875 0.419609375 0.521053125 0.42406875 0.5129359375 0.42528750000000004 0.4989859375 0.42528750000000004 0.4783765625 0.419609375 0.454534375 0.410971875 0.42891562499999997 0.396690625 0.372796875 0.39568125 0.37057656250000004 0.39223281249999997 0.36918125 0.388296875 0.37057656250000004
1 0.42159531250000004 0.33436875 0.419121875 0.3329734375 0.417415625 0.33436875 0.41640468750000004 0.3379203125 0.41689375 0.34825625 0.41640468750000004 0.4035515625 0.417415625 0.4529484375 0.419365625 0.4996203125 0.42358124999999996 0.5095125 0.42727343749999996 0.5117953125 0.433925 0.5064046875 0.4465 0.4933421875 0.447265625 0.4790109375 0.4430515625 0.45206093750000004 0.43664218750000006 0.40171250000000003 0.42782968749999994 0.353646875 0.4257046875 0.342421875 0.42406875 0.3374765625 0.42159531250000004 0.33436875
2 0.45029531250000004 0.36265000000000003 0.4485203125 0.370196875 0.44792812499999995 0.3966390625 0.44820625 0.4516171875 0.44939062500000004 0.47907343750000003 0.452071875 0.49150312500000004 0.4564953125 0.50386875 0.46300937500000006 0.5044390625 0.46983593749999997 0.5001265625 0.4707078125 0.489346875 0.4662828125 0.45377343750000004 0.46569062499999997 0.4068484375 0.46213906250000003 0.38909375 0.457471875 0.3700703125 0.45562500000000006 0.3653765625 0.454440625 0.36322187499999997 0.45029531250000004 0.36265000000000003
2 0.48279375 0.344959375 0.4800765625 0.344959375 0.47610625000000006 0.3499046875 0.475375 0.3539625 0.4736671875 0.48148437499999996 0.4741546875 0.4896 0.47561875000000003 0.494103125 0.47983281250000004 0.49587812500000006 0.497840625 0.497653125 0.499790625 0.494546875 0.5012890624999999 0.48826875000000003 0.5005578125000001 0.4514265625 0.4948796875 0.39435625 0.48847031249999995 0.35351875 0.48794843749999994 0.3512359375 0.4859984375 0.346734375 0.48279375 0.344959375
2 0.529396875 0.3505390625 0.527446875 0.3518703125 0.5202718749999999 0.3599875 0.5177984375 0.365821875 0.5153609375 0.382434375 0.5096828125 0.489346875 0.5106578125000001 0.49695625000000004 0.5128874999999999 0.4982875 0.5304078125 0.4933421875 0.5336125 0.49156562499999995 0.535075 0.48484531249999996 0.536328125 0.41071718749999997 0.53531875 0.355040625 0.53483125 0.3532015625 0.5321140625 0.3505390625 0.529396875 0.3505390625
2 0.5487984375 0.3411546875 0.5467078125 0.3438171875 0.5452453125 0.3502859375 0.542284375 0.43113437499999996 0.538140625 0.47913750000000005 0.538140625 0.490425 0.5514453125000001 0.4968921875 0.5547203125 0.4953078125 0.55945625 0.4764109375 0.560640625 0.43975937500000006 0.5576796875000001 0.3934046875 0.5538484375 0.34908125 0.553221875 0.34438749999999996 0.5508531249999999 0.3411546875 0.5487984375 0.3411546875
1 0.5834546875 0.36360156250000003 0.5808078125 0.3716546875 0.575165625 0.3948640625 0.5612671875 0.4735578125 0.561546875 0.4837671875 0.5733890625 0.5031703125 0.580215625 0.508053125 0.58523125 0.506975 0.5876 0.5005078125 0.5893765625 0.487571875 0.588784375 0.462778125 0.591465625 0.411034375 0.5890984375 0.364109375 0.5879140625 0.361953125 0.5846390625 0.361953125 0.5834546875 0.36360156250000003
3 0.639359375 0.384146875 0.637234375 0.384146875 0.634378125 0.38738125 0.632253125 0.3944828125 0.62176875 0.45275781249999997 0.6144890625 0.5064046875 0.6151859375 0.519340625 0.6180421875000001 0.5244765625000001 0.625496875 0.5290421875 0.631521875 0.5290421875 0.6411359375 0.5244765625000001 0.64395625 0.5219406249999999 0.645384375 0.5096390625 0.6452109375 0.4957515625 0.6407875 0.4488265625 0.6396375 0.40069687500000006 0.6397078125 0.3938484375 0.64005625 0.38738125 0.639359375 0.384146875
4 0.679275 0.472225 0.68018125 0.47704531250000004 0.6857890624999999 0.4738109375 0.6946703125 0.46252343749999997 0.70090625 0.45605624999999994 0.6958546875 0.4905515625 0.6958546875 0.49644843749999995 0.6991296874999999 0.5072296875 0.7056421875 0.518009375 0.70888125 0.520165625 0.7112499999999999 0.5196578125 0.7121562499999999 0.509384375 0.7121562499999999 0.47165468749999995 0.7091953125 0.4468609375 0.7068265625000001 0.4409640625 0.70268125 0.43823749999999995 0.6982234375 0.43823749999999995 0.6932078125000001 0.4398859375 0.6908390625 0.4425484375 0.68523125 0.45586562500000005 0.6821312500000001 0.461509375 0.680703125 0.46525 0.679275 0.472225
4 0.2363640625 0.6604953124999999 0.23981249999999998 0.6689921875 0.2459078125 0.6623328125 0.2520375 0.6500953125 0.2603625 0.6308812500000001 0.2609890625 0.6308812500000001 0.2625921875 0.6363984375 0.258934375 0.6526953125 0.2487640625 0.659353125 0.24144843749999997 0.6712109374999999 0.2446875 0.6856687499999999 0.2516203125 0.687128125 0.264646875 0.6738109375 0.2969703125 0.6101453125 0.301671875 0.5890296875 0.3010453125 0.5775515625 0.27969374999999996 0.564171875 0.264228125 0.5526953125 0.2579234375 0.5575140625 0.2542671875 0.567153125 0.2514109375 0.59086875 0.246115625 0.6178828125 0.245315625 0.6190234375 0.23556249999999998 0.6426765624999999 0.2363640625 0.6604953124999999
