4 0.369753125 0.819296875 0.3762203125 0.8210734375 0.41395 0.8169281249999999 0.45383593749999995 0.8089171875 0.4684203125 0.8098218749999999 0.4861765625 0.8068625 0.49372187500000003 0.8003484375 0.4948 0.7970734375 0.491059375 0.7881921875 0.48294218750000006 0.7808078125 0.48459062499999994 0.7733890625 0.47970781249999994 0.7674671875 0.4694984375 0.7627312500000001 0.4516796875 0.7636359374999999 0.43176875 0.768965625 0.4031703125 0.7822703125 0.371909375 0.793834375 0.36651875 0.7982578124999999 0.3617 0.8101015625000001 0.363284375 0.811878125 0.37298593750000003 0.8124687500000001 0.38826875 0.803378125 0.4020921875 0.8003484375 0.412871875 0.8006265625 0.412871875 0.8027171875000001 0.3918828125 0.8106937500000001 0.3746359375 0.814559375 0.37083125 0.8166140625 0.369753125 0.819296875
4 0.33525625 0.7955062500000001 0.344578125 0.7955062500000001 0.366328125 0.7903859375 0.42612500000000003 0.774190625 0.4695625 0.7597 0.4827515625 0.7528734375 0.485859375 0.7473359375 0.485859375 0.7430859375 0.4757765625 0.735840625 0.46024062499999996 0.732009375 0.46880156250000005 0.7247656250000001 0.46410937499999994 0.7174859375 0.4525046875 0.708115625 0.44083750000000005 0.7055734375 0.4237796875 0.7072796875 0.409765625 0.71623125 0.3725421875 0.7332640625 0.32910625 0.7584109375 0.3181984375 0.7690703125 0.3166765625 0.7724828125000001 0.326759375 0.7712296875 0.366328125 0.75374375 0.3787578125 0.749459375 0.3857328125 0.7486234375 0.3888390625 0.749459375 0.3911859375 0.7511671875 0.3927078125 0.75374375 0.3920734375 0.7577843750000001 0.36398281250000003 0.777603125 0.337603125 0.7891328125 0.33525625 0.79209375 0.33525625 0.7955062500000001
4 0.37013281249999996 0.712609375 0.3965125 0.708325 0.4252375 0.7074890625 0.448509375 0.7036578125 0.4516171875 0.7015328125 0.4516171875 0.6972484375 0.448509375 0.6934171874999999 0.448509375 0.6857546875 0.44388125 0.678509375 0.438428125 0.6750953125 0.441534375 0.6695578125 0.4391890625 0.6631484375000001 0.441534375 0.6563218749999999 0.4391890625 0.6520718750000001 0.4283453125 0.6499125 0.41591562499999996 0.650784375 0.40037968749999997 0.654196875 0.38566875 0.6610234375 0.3320859375 0.6733890625 0.2940390625 0.6848828124999999 0.27932812500000004 0.6951234375 0.28085 0.71556875 0.3176921875 0.6907703125 0.34292968749999997 0.6848828124999999 0.35459687500000003 0.6848828124999999 0.36005 0.6870078125 0.3631578125 0.6900031249999999 0.3631578125 0.6968296875 0.2925171875 0.7245203124999999 0.28554218750000004 0.73775625 0.304121875 0.7309296875 0.37013281249999996 0.712609375
3 0.40297968749999996 0.6170328125 0.39289843750000003 0.6208640625 0.27799687500000003 0.6447578125 0.2725421875 0.649425 0.26632812499999997 0.6600843750000001 0.2873171875 0.657540625 0.33779375 0.6545453125 0.40919531249999996 0.653709375 0.4246671875 0.6507140625 0.43088125 0.64559375 0.43398906249999997 0.6379312500000001 0.43170624999999996 0.6336468749999999 0.43265624999999996 0.6284562499999999 0.433228125 0.625565625 0.43398906249999997 0.6208640625 0.4301203125 0.617903125 0.42238437500000003 0.6166140625 0.40297968749999996 0.6170328125
3 0.3677875 0.5914312500000001 0.28959999999999997 0.609509375 0.2675328125 0.6213515625 0.2583390625 0.630825 0.2604953125 0.6311046874999999 0.333290625 0.6189828125 0.364553125 0.61689375 0.40386875 0.61866875 0.411984375 0.6166140625 0.418453125 0.6118781249999999 0.418959375 0.6091953125 0.417375 0.6041796875000001 0.420609375 0.5994421875 0.4200375 0.595890625 0.417375 0.5941140625 0.40925781250000004 0.5917453125 0.4033609375 0.5870078125 0.40228281250000003 0.5858234375 0.40120468750000005 0.58491875 0.3979703125 0.5840468750000001 0.3823078125 0.58523125 0.3677875 0.5914312500000001
1 0.248446875 0.5889234375 0.243309375 0.5956812499999999 0.24394375 0.5981890625 0.2523140625 0.5981890625 0.40564375 0.5772203124999999 0.4133796875 0.57331875 0.41724843749999996 0.5683390625 0.41984843749999995 0.560153125 0.41984843749999995 0.5562515625 0.4140140625 0.5516203125 0.40577031249999995 0.5480328125 0.399175 0.547021875 0.3888390625 0.547021875 0.374571875 0.54845 0.264615625 0.5807734375 0.248446875 0.5889234375
2 0.267596875 0.5481359375 0.258275 0.5570875 0.256753125 0.563496875 0.260621875 0.5647859375000001 0.27305 0.5630796874999999 0.3483203125 0.5485890625 0.41274531249999996 0.5421796875 0.418959375 0.54005625 0.422828125 0.5370609375 0.4244140625 0.5315218749999999 0.42447656250000004 0.5212125000000001 0.425175 0.5161609375 0.425175 0.5127484375 0.4026640625 0.5140374999999999 0.293215625 0.533646875 0.267596875 0.5481359375
2 0.2946734375 0.4965171875 0.288459375 0.499059375 0.2853515625 0.503309375 0.2853515625 0.5058859375 0.288459375 0.5093 0.3039953125 0.510553125 0.42511093750000006 0.51100625 0.4275203125 0.49383437499999994 0.42739374999999996 0.48881874999999997 0.4266328125 0.4845703125 0.42276406250000004 0.48328125 0.385478125 0.4849875 0.2946734375 0.4965171875
2 0.313253125 0.4585859375 0.28998124999999997 0.4602578125 0.28605 0.4624171875 0.287634375 0.47262343749999997 0.30779999999999996 0.47648906249999995 0.3613828125 0.47945000000000004 0.3861765625 0.48202656250000003 0.42656875000000005 0.48157500000000003 0.42891562499999997 0.4722046875 0.42885156249999995 0.465378125 0.42967656249999997 0.459421875 0.42967656249999997 0.45600781250000005 0.42656875000000005 0.45559062499999997 0.38928281249999996 0.45600781250000005 0.313253125 0.4585859375
2 0.282625 0.423859375 0.2546609375 0.423440625 0.2492078125 0.42514843750000003 0.248446875 0.427690625 0.2601140625 0.4311046875 0.32219375 0.44263281250000003 0.38972656250000004 0.4511671875 0.42695 0.45329218750000005 0.43164218749999994 0.4473 0.432403125 0.43580625 0.4301203125 0.43131250000000004 0.42618906250000005 0.4264375 0.4246671875 0.42514843750000003 0.419975 0.42427656249999995 0.378059375 0.4274125 0.282625 0.423859375
1 0.2383 0.39895468749999996 0.27786875 0.412609375 0.3818640625 0.4206890625 0.41135 0.41985312500000005 0.42301875000000005 0.41769375000000003 0.4307546875 0.40961406250000004 0.432340625 0.40236875000000005 0.431515625 0.40236875000000005 0.4307546875 0.39895468749999996 0.420609375 0.3919890625 0.41604374999999993 0.390003125 0.40475625 0.388575 0.2894734375 0.393834375 0.22974062499999998 0.38871406249999996 0.2383 0.39895468749999996
3 0.3344328125 0.3584109375 0.271909375 0.3604671875 0.24660781250000002 0.3530828125 0.2568171875 0.3690703125 0.2999359375 0.3809125 0.373240625 0.382096875 0.388903125 0.38565 0.40830625 0.38565 0.41204843750000003 0.38328125 0.424984375 0.3702546875 0.4260625 0.3631484375 0.42175 0.3569140625 0.42067187500000003 0.35604375 0.418009375 0.3545453125 0.40830625 0.35130625000000004 0.3953703125 0.35130625000000004 0.3344328125 0.3584109375
3 0.422828125 0.3211078125 0.41851562500000006 0.31755468750000004 0.40399531250000004 0.315778125 0.36785 0.3169625 0.26651875 0.3151859375 0.256309375 0.317240625 0.25358281250000003 0.3199234375 0.2573875 0.32406875 0.2681671875 0.3276203125 0.3447046875 0.34151875 0.3850984375 0.350121875 0.4007609375 0.3566359375 0.4196578125 0.3554515625 0.42390625000000004 0.35426718749999997 0.429296875 0.350121875 0.42878906250000004 0.33531875 0.427140625 0.3288046875 0.422828125 0.3211078125
4 0.2696890625 0.266771875 0.2677234375 0.2724828125 0.2729234375 0.27920625 0.3479390625 0.2969703125 0.364109375 0.30195 0.3970828125 0.3182859375 0.41972031249999997 0.32079375 0.4281546875 0.3182859375 0.433290625 0.31334062500000004 0.4313890625 0.30445781250000004 0.4320234375 0.296621875 0.44299375 0.28881875 0.447559375 0.28275937500000003 0.44432499999999997 0.2781609375 0.443690625 0.271403125 0.43912500000000004 0.266075 0.4320234375 0.262521875 0.41781875 0.26109375 0.40291718750000005 0.26182500000000003 0.3809125 0.2593171875 0.33950468749999996 0.2468828125 0.30393125 0.23765312500000002 0.29169375 0.2337515625 0.2929609375 0.2426328125 0.2961953125 0.2497390625 0.3240328125 0.259665625 0.34407031250000003 0.265378125 0.35180781250000004 0.2703234375 0.355675 0.27495625 0.3563734375 0.2781609375 0.355675 0.2802859375 0.3544078125 0.2809828125 0.35180781250000004 0.2817140625 0.3272671875 0.281365625 0.288459375 0.2707078125 0.2755234375 0.26144218750000003 0.2696890625 0.266771875
4 0.31610625 0.194740625 0.31610625 0.19867656250000001 0.32650625 0.2061296875 0.37045 0.234553125 0.3982875 0.251584375 0.405390625 0.258690625 0.41445781249999997 0.26440312499999996 0.42675937499999994 0.2672234375 0.4415984375 0.2672234375 0.4487 0.2647515625 0.4513 0.2590734375 0.4577671875 0.25586875 0.45973437500000003 0.24555937499999997 0.4616359375 0.2430859375 0.47907343750000003 0.2311390625 0.47647500000000004 0.219540625 0.4661375 0.21288749999999998 0.37045 0.178753125 0.3516796875 0.1727265625 0.34914375 0.1734234375 0.344578125 0.1762796875 0.344578125 0.1791359375 0.3542796875 0.1890625 0.3956875 0.215709375 0.3956875 0.2182171875 0.3944203125 0.2189125 0.3924546875 0.2189125 0.3310078125 0.19547187500000002 0.32390625 0.1936953125 0.3174375 0.19404375000000001 0.31610625 0.194740625
4 0.3731765625 0.1544765625 0.36886562500000003 0.1521078125 0.3629046875 0.151828125 0.3553578125 0.154196875 0.3537734375 0.15775 0.3596703125 0.16663125 0.371528125 0.17638437499999998 0.423271875 0.2003828125 0.4415984375 0.20748906250000002 0.46265 0.2065828125 0.468040625 0.202159375 0.471275 0.1879484375 0.48205468749999997 0.18112187500000002 0.4847171875 0.1757921875 0.4847171875 0.16899999999999998 0.47824999999999995 0.1609890625 0.46531406249999996 0.15684375 0.4469875 0.1544765625 0.3876984375 0.14500156250000001 0.37368437499999996 0.144409375 0.362396875 0.1461859375 0.358084375 0.147684375 0.3585921875 0.1485546875 0.3844640625 0.1544765625 0.42650625 0.1657265625 0.42707656250000003 0.1734234375 0.423271875 0.18261875 0.42219375000000003 0.183803125 0.4076734375 0.1769765625 0.390425 0.17046250000000002 0.37748906249999997 0.1592125 0.3731765625 0.1544765625
4 0.6685484374999999 0.20661718750000002 0.656690625 0.205434375 0.618453125 0.1991984375 0.5974 0.1882625 0.5898546875 0.18530156250000002 0.5828781249999999 0.183803125 0.5699421874999999 0.183803125 0.5570062499999999 0.1849875 0.551046875 0.1882625 0.5494609374999999 0.19209375 0.5391890625 0.197421875 0.539759375 0.20334375 0.5488906250000001 0.21668437499999998 0.5618265625000001 0.22142187500000002 0.5753328125 0.22319687500000002 0.5952437500000001 0.22319687500000002 0.6324671875 0.23326406249999998 0.6497140625 0.232671875 0.6572609375 0.23176562500000003 0.6631578124999999 0.22911874999999998 0.66480625 0.2258453125 0.6631578124999999 0.2234765625 0.6610015625 0.22288437499999997 0.6394421875 0.2220125 0.6335453125 0.220515625 0.6318953125 0.21549999999999997 0.6351296875 0.21194687499999998 0.6394421875 0.21194687499999998 0.6696265625 0.21518593749999998 0.672859375 0.21518593749999998 0.6745078125 0.2149078125 0.6745078125 0.21253906250000001 0.67178125 0.20839375000000002 0.6685484374999999 0.20661718750000002
4 0.654153125 0.24322499999999997 0.633671875 0.24026406250000001 0.5986687500000001 0.23671250000000002 0.5771078125 0.233159375 0.5587828125 0.2242765625 0.546353125 0.221909375 0.5253640625 0.223371875 0.519975 0.2266453125 0.51781875 0.22901406249999998 0.5183265625 0.2313828125 0.5107796875 0.2390796875 0.5118578125 0.2411359375 0.5048828125 0.24737031250000002 0.5048828125 0.2559390625 0.5118578125 0.2621734375 0.5301843749999999 0.2671890625 0.5452765625 0.266596875 0.5771078125 0.26809531249999996 0.6121109375 0.27283124999999997 0.6390609375 0.2722390625 0.6611921875 0.2692796875 0.6687375 0.2657265625 0.6687375 0.26363593750000003 0.6649328125 0.2609890625 0.65523125 0.26008437500000003 0.6175015625 0.261859375 0.608878125 0.2609890625 0.6062140625 0.2586203125 0.604565625 0.255346875 0.6078 0.252978125 0.6175015625 0.251515625 0.6450218750000001 0.251515625 0.649334375 0.25120156250000003 0.6622703125 0.2497390625 0.6638546875 0.246778125 0.6601140625 0.24440937499999998 0.654153125 0.24322499999999997
4 0.5726703125 0.2760359375 0.5513 0.273528125 0.5409640625 0.26997499999999997 0.5150921875 0.2682 0.5040578124999999 0.2710546875 0.4982875 0.27387656250000003 0.4956875 0.2802859375 0.4956875 0.2841859375 0.50215625 0.28881875 0.496321875 0.2927203125 0.49182031249999997 0.29805000000000004 0.4930875 0.30658281249999997 0.4982875 0.31260937499999997 0.5086234375 0.3175890625 0.528028125 0.3175890625 0.5713375 0.3115640625 0.5913765625 0.3097875 0.6392515624999999 0.3080109375 0.6457203125000001 0.3058515625 0.6470515625 0.30445781250000004 0.6450859375 0.3030296875 0.6127453125 0.2998265625 0.599175 0.299478125 0.5953078125 0.2987453125 0.5881421875 0.29519375000000003 0.5881421875 0.2927203125 0.5920734375000001 0.2870421875 0.59784375 0.2859625 0.6274578125 0.28463906250000004 0.634115625 0.28275937500000003 0.63475 0.281365625 0.63215 0.2799375 0.6198484375 0.27673281250000004 0.5726703125 0.2760359375
3 0.639125 0.3342390625 0.5330375 0.3168578125 0.500696875 0.315778125 0.49169375000000004 0.31825156250000003 0.48522499999999996 0.32218749999999996 0.48452812500000003 0.3282125 0.4935953125 0.336746875 0.49169375000000004 0.3431203125 0.4923265625 0.34845000000000004 0.4974640625 0.352734375 0.514965625 0.35485937500000003 0.537603125 0.3545109375 0.557640625 0.35130625000000004 0.621053125 0.3516546875 0.6514265625 0.3481015625 0.6540265625 0.347753125 0.6604953124999999 0.34597656250000003 0.6611281250000001 0.3420765625 0.6572609375 0.3392203125 0.639125 0.3342390625
3 0.6544078125 0.3665265625 0.6518078125 0.36370625 0.507609375 0.3473703125 0.48883906250000003 0.350540625 0.48173750000000004 0.3555203125 0.47977187499999996 0.359421875 0.48040625 0.362975 0.49207343750000004 0.3708109375 0.487571875 0.37861406249999996 0.487571875 0.3807390625 0.49270781250000006 0.38394218750000003 0.51084375 0.389271875 0.53608125 0.3889234375 0.5677234375 0.38571875 0.636271875 0.3809828125 0.642803125 0.3800421875 0.6453390625 0.37969375 0.6499046875000001 0.3779171875 0.6531390625 0.374015625 0.6544078125 0.3665265625
1 0.6157890625 0.3942875 0.5446421875 0.39143125 0.5025999999999999 0.3828984375 0.4773625 0.3871828125 0.466328125 0.3942875 0.4637921875 0.3988859375 0.46765937500000004 0.40529374999999995 0.476728125 0.41062343749999997 0.48319531250000003 0.4163015625 0.5123015625 0.421978125 0.5252375 0.41985312500000005 0.6105890625 0.4127484375 0.65516875 0.4072453125 0.6591 0.4063734375 0.6617 0.40529374999999995 0.6662015625000001 0.399965625 0.6662015625000001 0.39749218750000004 0.6157890625 0.3942875
2 0.6365890624999999 0.439603125 0.6236531249999999 0.4392890625 0.5951171875 0.436328125 0.5422953125000001 0.428353125 0.513696875 0.4256703125 0.49486406250000003 0.42211718749999994 0.48135625 0.42243125 0.4684203125 0.4262625 0.4614453125 0.43099999999999994 0.459796875 0.4463953125 0.46252343749999997 0.4490765625 0.47977187499999996 0.4517234375 0.511034375 0.4529078125 0.5557390625 0.44966875 0.6228921875 0.45235156249999997 0.6296765625 0.451340625 0.6387437499999999 0.44670781249999997 0.64039375 0.44315625000000003 0.6393156249999999 0.44106562499999996 0.6365890624999999 0.439603125
2 0.654534375 0.46826875 0.6507296874999999 0.46530781250000003 0.6426765624999999 0.4629390625 0.523525 0.4590734375 0.5036140625 0.4567046875 0.47178125 0.45465 0.461571875 0.4564265625 0.4561828125 0.45848125 0.4529484375 0.46353125000000006 0.4497140625 0.48808749999999995 0.4507921875 0.49254687500000005 0.45669062499999996 0.49460156250000004 0.5090046874999999 0.49432187499999997 0.5202921875000001 0.4919546875 0.5741921875 0.48899375 0.61084375 0.48425624999999994 0.644325 0.48133125000000004 0.65085625 0.47997187500000005 0.654534375 0.4786140625 0.656690625 0.4747828125 0.656690625 0.4712296875 0.654534375 0.46826875
2 0.5228921875 0.49909375 0.465440625 0.4973875 0.45535781249999996 0.4999296875 0.454596875 0.53531875 0.46854843749999997 0.5391843749999999 0.5042484375 0.5404390625 0.530628125 0.5361890625 0.5981609375 0.535771875 0.613696875 0.5306515625 0.6634109375 0.5225359375 0.6649328125 0.5216999999999999 0.6634109375 0.519540625 0.65871875 0.51786875 0.5826890625 0.5016375 0.5228921875 0.49909375
2 0.6360812499999999 0.548171875 0.5771078125 0.5452109375 0.5227640625000001 0.544340625 0.5173109375 0.542215625 0.5126828125 0.543921875 0.47387499999999994 0.546046875 0.464553125 0.5490421875 0.4614453125 0.5528734375 0.46068437500000003 0.5609890625 0.46303124999999995 0.5682343750000001 0.4731140625 0.57331875 0.4909328125 0.5746078125 0.5173109375 0.569940625 0.5716546874999999 0.5643671875 0.6461 0.5552078125000001 0.6492703125 0.5549984375 0.6539625 0.5545796875 0.6539625 0.5532921875000001 0.6516171875000001 0.551584375 0.6360812499999999 0.548171875
1 0.5104625 0.5731109375 0.495625 0.5759671875000001 0.48719062500000004 0.5787875 0.4677875 0.591221875 0.46651875 0.596203125 0.4684203125 0.6001046875 0.47362031250000003 0.6029609375 0.49499062499999996 0.6093703125000001 0.512428125 0.6093703125000001 0.56740625 0.6026125 0.61915 0.5944265625 0.6520609375 0.5843953125 0.6605578125 0.5798671875 0.6599234375 0.5745390625 0.6547234375000001 0.573459375 0.6346859375 0.5727625 0.5104625 0.5731109375
3 0.6441343749999999 0.60905625 0.5483828125 0.6108328125 0.5431828125 0.60905625 0.536715625 0.60480625 0.5315796875000001 0.603378125 0.518009375 0.6037265625 0.506340625 0.607628125 0.4966390625 0.6119125000000001 0.4934046875 0.6182859374999999 0.49537031249999997 0.6246953125 0.490171875 0.6300250000000001 0.490171875 0.6328453125 0.4914390625 0.635353125 0.506975 0.6424593749999999 0.5225109375 0.6410312499999999 0.5431828125 0.63605 0.6442609375 0.6177984375000001 0.6486359375 0.6168578124999999 0.6518703125 0.61508125 0.6531390625 0.612609375 0.6506031250000001 0.610484375 0.6441343749999999 0.60905625
3 0.649778125 0.6387328125 0.615471875 0.6383484375 0.56569375 0.6387328125 0.544325 0.636571875 0.518453125 0.6373046875 0.51001875 0.6390796875 0.5029171875 0.64510625 0.5048828125 0.6532921875000001 0.49778124999999995 0.6600484375 0.49841406250000003 0.66395 0.5107171875 0.6710546875000001 0.5255546875 0.6738765625 0.544959375 0.6696265625 0.598034375 0.661825 0.6538359375 0.6495296875000001 0.6575140625 0.6483109375 0.6587828124999999 0.6440609375 0.6575140625 0.6405078125 0.6549140625 0.639428125 0.649778125 0.6387328125
4 0.6431203125 0.6702546875000001 0.6329109374999999 0.669975 0.58655625 0.6729359374999999 0.5407109375 0.6705671875 0.5218765624999999 0.671159375 0.5132531250000001 0.6741203125 0.5046296875 0.6853703125 0.5062140625 0.691884375 0.5148390625 0.7010453125 0.5116046875 0.7111109375 0.5154093750000001 0.7146640625 0.5283453125 0.7173453125 0.551490625 0.716753125 0.56823125 0.7122953125 0.6 0.7016375 0.6253640625 0.6954374999999999 0.6377296875 0.6907 0.6048828125 0.694253125 0.6027265625 0.6924765625 0.6 0.68565 0.6016484375 0.6803203124999999 0.6091953125 0.6779515625 0.639378125 0.6758265625 0.6431203125 0.6755828125 0.646353125 0.6753046875 0.64743125 0.673215625 0.646925 0.670846875 0.6431203125 0.6702546875000001
4 0.673303125 0.712225 0.5790109375 0.718878125 0.5488906250000001 0.719365625 0.5376671875000001 0.7218390625 0.5309453125 0.7248 0.5233359375 0.731975 0.5188328125 0.7406125 0.527775 0.746534375 0.5399499999999999 0.7509578125 0.5385546875 0.755171875 0.5435 0.7581328125 0.5578953125 0.761825 0.56734375 0.761825 0.5861765625 0.7588640625 0.5992390624999999 0.75294375 0.6216875 0.7443046875 0.6333546875 0.74134375 0.645909375 0.7418328125 0.66569375 0.7440609375 0.6746984375 0.747753125 0.6868109375 0.7499828125 0.6872546875000001 0.748728125 0.685478125 0.747265625 0.67825 0.7433296875 0.6661374999999999 0.740090625 0.6288515625 0.7354234374999999 0.6275203125 0.73270625 0.6279640625 0.7307203125 0.6315796875 0.7282484375 0.644578125 0.72358125 0.665884375 0.7196453125 0.669753125 0.719365625 0.6760296875 0.719121875 0.67869375 0.717415625 0.67691875 0.7132015625 0.673303125 0.712225
4 0.66569375 0.7629390625 0.7019031250000001 0.760815625 0.7517437499999999 0.7593875 0.7097015625 0.75228125 0.66569375 0.745871875 0.6417875000000001 0.7434000000000001 0.6268859375 0.7444796874999999 0.6126828125 0.750853125 0.6062140625 0.7554859375 0.6042484375 0.7629390625 0.5965125 0.7721703125 0.6268859375 0.78638125 0.6450218750000001 0.7892375 0.6721625 0.7796234375 0.7168046875 0.7725187499999999 0.7303734375000001 0.7693484374999999 0.7342421875 0.7671890625 0.7329734375 0.7657953125 0.729296875 0.765378125 0.725175 0.7654124999999999 0.6604953124999999 0.7707421875 0.64825625 0.7700453125 0.6475593749999999 0.76614375 0.66569375 0.7629390625
