4 0.49036093750000004 0.27523437500000003 0.4935953125 0.28018125 0.4994296875 0.2851625 0.49873124999999996 0.292615625 0.5116671875 0.3061296875 0.5239703125 0.309334375 0.5407734375000001 0.31003125 0.60221875 0.2915703125 0.641725 0.2695234375 0.6468609375 0.2652734375 0.6455921874999999 0.263496875 0.6352562500000001 0.2638453125 0.6138874999999999 0.268478125 0.5866828125 0.2757234375 0.5785671875 0.2748515625 0.575903125 0.26893125 0.57698125 0.2650640625 0.5845281250000001 0.262103125 0.6100187499999999 0.25391875 0.638490625 0.239325 0.60741875 0.2411 0.5692453125 0.25036562500000004 0.5440078125000001 0.2581671875 0.5148390625 0.260640625 0.50913125 0.2610234375 0.5026640625 0.26419375 0.49549843750000006 0.26882656250000003 0.4922640625 0.27168281250000004 0.49036093750000004 0.27523437500000003
3 0.537159375 0.3950546875 0.6892828125 0.3626609375 0.681546875 0.3605359375 0.6310718750000001 0.3609546875 0.579328125 0.3652734375 0.527584375 0.368234375 0.5135703125 0.3711953125 0.5060234375 0.37593125 0.5009515625 0.3812609375 0.50304375 0.38310625 0.5076734375 0.387809375 0.5169937499999999 0.3950546875 0.52473125 0.397178125 0.537159375 0.3950546875
3 0.5218765624999999 0.422396875 0.5266968750000001 0.42358124999999996 0.540203125 0.4229890625 0.5568796875 0.4179375 0.62910625 0.40404062500000004 0.6965125 0.3975265625 0.70133125 0.3948453125 0.7002531249999999 0.39306874999999997 0.6582125 0.38833125 0.6070390625 0.391884375 0.522384375 0.396621875 0.5137609375000001 0.401671875 0.5078625 0.4093703125 0.5072921874999999 0.410553125 0.5072921874999999 0.4117375 0.511096875 0.41616093750000005 0.5186437500000001 0.41971406250000004 0.5218765624999999 0.422396875
1 0.7057703125 0.435596875 0.71350625 0.428353125 0.7057703125 0.42577499999999996 0.6544703125 0.420028125 0.6334171875 0.4206203125 0.5590359375 0.4280046875 0.5234625 0.43688593750000004 0.5078 0.445071875 0.50393125 0.4470921875 0.5132531250000001 0.45137656249999997 0.5520609375000001 0.45391875 0.6490812499999999 0.44454843750000006 0.7057703125 0.435596875
2 0.5838296875 0.4703234375 0.6840843750000001 0.46534375 0.6873171874999999 0.46321874999999996 0.68478125 0.4585859375 0.67698125 0.4557296875 0.6355734375 0.45433593749999995 0.5587187499999999 0.45663593750000003 0.5388078125 0.456321875 0.5194046875 0.45841093749999995 0.5156 0.46283593749999996 0.5178828125 0.469696875 0.51915 0.47279687499999995 0.52048125 0.475653125 0.5249843750000001 0.477046875 0.545021875 0.475653125 0.5838296875 0.4703234375
2 0.699175 0.4787875 0.697209375 0.4755828125 0.6888390625 0.475234375 0.653265625 0.47701093749999995 0.5853515625 0.4776734375 0.5222578125 0.47945000000000004 0.5268234374999999 0.49143125000000004 0.5284078125 0.4944265625 0.529740625 0.49585468749999995 0.5322765625 0.4969 0.6927078125 0.4841171875 0.699175 0.4787875
2 0.7048828125 0.502090625 0.707609375 0.4985375 0.7038046875 0.496446875 0.6935953125000001 0.49526250000000005 0.6164875000000001 0.5003140625 0.570703125 0.5003140625 0.554534375 0.4985375 0.529740625 0.4985375 0.5237796875 0.503553125 0.5237796875 0.5053296875 0.525428125 0.50741875 0.529740625 0.5103796875 0.529740625 0.5159875 0.530246875 0.51835625 0.6138234375 0.5106578125000001 0.6957515625 0.50505 0.7048828125 0.502090625
2 0.626125 0.532740625 0.698921875 0.5223609375 0.70653125 0.5179375 0.7060875 0.515221875 0.7002531249999999 0.5129921875 0.6791375000000001 0.5139671875 0.632403125 0.5196453125 0.5812296875 0.5208984375 0.5547234375000001 0.5201328125 0.5264421875 0.5208984375 0.524159375 0.5221171874999999 0.523271875 0.5236156249999999 0.523715625 0.5374078124999999 0.5251109375 0.5384187500000001 0.527775 0.53915 0.536334375 0.53988125 0.5605578125 0.5384187500000001 0.626125 0.532740625
1 0.6970828124999999 0.5569484375 0.717184375 0.5533953125 0.72041875 0.5473703125 0.706784375 0.5431203124999999 0.6861125 0.5416921875 0.6126828125 0.5418671875000001 0.52821875 0.544584375 0.51655 0.5485203125 0.5111609374999999 0.5541968749999999 0.5107171875 0.5564265625 0.5120484375000001 0.5613374999999999 0.5209265624999999 0.5655171875 0.519340625 0.5645421875000001 0.524159375 0.5672234375 0.5418515625 0.567990625 0.614965625 0.5640546875 0.6970828124999999 0.5569484375
3 0.5686109375 0.59909375 0.64299375 0.596134375 0.709828125 0.5943578125 0.7157890625000001 0.5908046875 0.7157890625000001 0.5857546874999999 0.7028531250000001 0.5825140625 0.57780625 0.5739109375 0.5535187500000001 0.5712640625 0.5325296875000001 0.572134375 0.52821875 0.5739109375 0.52821875 0.5768718749999999 0.52175 0.5810171875 0.5195937500000001 0.5857546874999999 0.5211796875 0.589028125 0.5303734375 0.596134375 0.5325296875000001 0.5970046875 0.53519375 0.5985015625 0.5411546875 0.600278125 0.554090625 0.600278125 0.5686109375 0.59909375
3 0.6909953125 0.62455625 0.7130625 0.616265625 0.7130625 0.6121218749999999 0.709828125 0.6106234374999999 0.700696875 0.6121218749999999 0.66563125 0.6135843750000001 0.6295499999999999 0.607384375 0.572415625 0.6017421875 0.5594796875 0.59731875 0.5443875 0.596134375 0.5346859375 0.597909375 0.5303734375 0.6008703125 0.52821875 0.6058859375 0.5201015625000001 0.6091609375 0.5163609375 0.6127140625 0.52175 0.6171375 0.5276468750000001 0.624834375 0.529296875 0.6257406249999999 0.5330375 0.628109375 0.5605578125 0.6287015625000001 0.648953125 0.6287015625000001 0.6909953125 0.62455625
4 0.645909375 0.697840625 0.654534375 0.697840625 0.661571875 0.693103125 0.6631578124999999 0.689271875 0.656690625 0.68335 0.6351296875 0.6715078125 0.5990484375 0.663496875 0.5968921875000001 0.6611281250000001 0.596321875 0.657296875 0.5974 0.6525593749999999 0.602790625 0.6525593749999999 0.6114140625 0.6557999999999999 0.6497140625 0.6679546875 0.6588453125 0.6679546875 0.6653140625 0.666771875 0.6663921875 0.663496875 0.6610015625 0.6516546875 0.6227640625 0.6356671875 0.5968921875000001 0.6303375 0.5796453125000001 0.6285609375 0.5693718750000001 0.62650625 0.562396875 0.6208640625 0.5456562500000001 0.61999375 0.5300578125000001 0.623825 0.5214328125 0.6309296875 0.5225109375 0.6342046875 0.5273296875 0.6371640625 0.5322125 0.6442703125 0.533290625 0.6569843750000001 0.5272671875 0.6623125 0.5235890624999999 0.6652734375 0.5230187500000001 0.6700109375000001 0.552125 0.6753390625 0.6200375 0.690734375 0.645909375 0.697840625
4 0.577171875 0.7285609375 0.6340515625 0.7473703125 0.6443875 0.749146875 0.648953125 0.747753125 0.6457203125000001 0.7356671875 0.592390625 0.7132015625 0.591059375 0.7096484375000001 0.596259375 0.702159375 0.62821875 0.7093703125 0.672859375 0.726053125 0.679328125 0.72535625 0.6864296875 0.7168234375 0.6825625 0.7065140624999999 0.672859375 0.7026125000000001 0.6133796874999999 0.6891328125 0.5344328125 0.6727624999999999 0.5208625 0.6752703125 0.5111609374999999 0.68164375 0.5053265625 0.6919546875 0.5053265625 0.699059375 0.5098921875 0.7026125000000001 0.5020921875 0.7129218749999999 0.5020921875 0.715046875 0.502790625 0.7179031250000001 0.5072921874999999 0.7218046874999999 0.5260625 0.7271328125000001 0.577171875 0.7285609375
4 0.577171875 0.7761750000000001 0.6107796875 0.7854062500000001 0.6166140625 0.7850578125000001 0.6198484375 0.7815046875 0.6172484375 0.7786484375 0.5674703125 0.7665625 0.55516875 0.7623125 0.554534375 0.7473703125 0.5570703124999999 0.7473703125 0.5739375 0.752003125 0.59784375 0.7623125 0.62308125 0.7765234375000001 0.628915625 0.7750953125 0.6295499999999999 0.7701156250000001 0.6192140625 0.75733125 0.599809375 0.7452453125 0.5344328125 0.7292578125 0.5157265625 0.7303375 0.5092578125 0.7335421875 0.5060234375 0.7377921875 0.5040578124999999 0.74346875 0.5046921875 0.7523515625 0.502790625 0.7580281249999999 0.5053265625 0.7619640624999999 0.5020921875 0.7655171875 0.5020921875 0.7665625 0.5053265625 0.7708468749999999 0.5124921875 0.774015625 0.5363984375 0.7761750000000001 0.577171875 0.7761750000000001
3 0.35795781249999997 0.6540578125 0.4097015625 0.653709375 0.47507968749999996 0.6547546875 0.502853125 0.655834375 0.508053125 0.653709375 0.511921875 0.6512015625 0.5171218750000001 0.6434 0.5157890625 0.641275 0.5157890625 0.639115625 0.5131890625 0.6366421875 0.5157890625 0.6323921875 0.51255625 0.6266812500000001 0.4977171875 0.62243125 0.47958125 0.6235109375000001 0.46727968750000004 0.6270640625 0.4401390625 0.6298843749999999 0.347621875 0.6373390624999999 0.345021875 0.6380703125 0.3424859375 0.6430515625 0.3424859375 0.6455234375 0.3469875 0.648728125 0.35795781249999997 0.6540578125
3 0.37013281249999996 0.62455625 0.4264421875 0.62455625 0.47685468750000004 0.6270640625 0.496259375 0.6263328125000001 0.5053265625 0.621003125 0.5105265625000001 0.6082203125000001 0.5020921875 0.6053640625 0.5008250000000001 0.5982578125 0.496259375 0.5925812500000001 0.48142031249999995 0.5886796875 0.4574515625 0.5911531250000001 0.41217499999999996 0.60041875 0.34039375 0.6078718750000001 0.339125 0.6082203125000001 0.33519375 0.61069375 0.334559375 0.613896875 0.33715937500000004 0.6199578125 0.37013281249999996 0.62455625
1 0.321559375 0.586346875 0.323525 0.5892031249999999 0.32866249999999997 0.5916750000000001 0.3383640625 0.5934515625000001 0.46385468750000003 0.5963078125 0.4994296875 0.59665625 0.513 0.588121875 0.51173125 0.5778125000000001 0.50393125 0.5756875 0.4897265625 0.5685828125 0.4625875 0.5629046875 0.41921406250000004 0.5678859375 0.3490171875 0.5734234375 0.34292968749999997 0.5735625 0.3377296875 0.574259375 0.32415937499999997 0.5795890625 0.321559375 0.583490625 0.321559375 0.586346875
2 0.3421046875 0.5509234375000001 0.34857343749999997 0.55374375 0.3589734375 0.5566 0.3970828125 0.5633578124999999 0.47146406250000006 0.5679546875 0.4948 0.5640546875 0.50126875 0.558725 0.50126875 0.5494953125 0.4948 0.5452109375 0.4766640625 0.5427375 0.35345624999999997 0.5420765624999999 0.3466703125 0.542040625 0.3408375 0.5423890625000001 0.33956875000000003 0.543434375 0.340203125 0.54771875 0.3421046875 0.5509234375000001
2 0.3239703125 0.5259484375000001 0.334178125 0.532184375 0.368675 0.536015625 0.4258078125 0.5369203125 0.48998125000000003 0.5369203125 0.4991125 0.5342390625 0.5018390625 0.5262625 0.49803437500000003 0.5073140625 0.48186406249999997 0.5073140625 0.44901718749999997 0.5084984375 0.42796406249999996 0.5096828125 0.378946875 0.5138281250000001 0.3348765625 0.515778125 0.32828124999999997 0.516196875 0.320165625 0.5167890625 0.3190875 0.5182515624999999 0.31965781249999997 0.5218046875 0.3239703125 0.5259484375000001
2 0.331515625 0.488575 0.33475 0.49177968749999995 0.341915625 0.49460156250000004 0.3696890625 0.499234375 0.43050156250000005 0.50170625 0.4835765625 0.5045625 0.49904843750000005 0.5024375 0.5010140625 0.48181874999999996 0.5003796875 0.4747125 0.49327812499999996 0.4743640625 0.45897343749999997 0.475409375 0.42276406250000004 0.47756875 0.351996875 0.479903125 0.3464171875 0.48004218749999994 0.33995000000000003 0.48039062499999996 0.334115625 0.48251406250000006 0.331515625 0.48571875000000003 0.331515625 0.488575
2 0.32339843749999997 0.46321874999999996 0.3357640625 0.469175 0.34743124999999997 0.47129843749999994 0.3979078125 0.47429531249999995 0.45066562499999996 0.4717515625 0.49803437500000003 0.4678859375 0.5003171875 0.46109375 0.4956875 0.4504359375 0.48636718749999996 0.44656874999999996 0.45922656249999994 0.447021875 0.4064046875 0.4504359375 0.33735 0.4533953125 0.3396953125 0.4533953125 0.32492031250000003 0.45381406249999995 0.31870625 0.454684375 0.31870625 0.457228125 0.32339843749999997 0.46321874999999996
1 0.3442609375 0.4473359375 0.35669062500000004 0.449878125 0.4599234375 0.448171875 0.48085000000000006 0.44475781249999996 0.49175625 0.4353890625 0.49873124999999996 0.43239218749999997 0.5025999999999999 0.4264375 0.5018390625 0.42173437500000005 0.490171875 0.415778125 0.47780625 0.413653125 0.4311984375 0.42048125000000003 0.345909375 0.426471875 0.336525 0.4285609375 0.3357640625 0.4285609375 0.334178125 0.43410000000000004 0.3357640625 0.44092656249999995 0.3442609375 0.4473359375
3 0.3268859375 0.4080453125 0.33012031249999996 0.4104140625 0.3490171875 0.413653125 0.3807859375 0.41396718750000006 0.487571875 0.41250468749999997 0.47977187499999996 0.39289375 0.4611921875 0.39035156249999997 0.40608750000000005 0.3924765625 0.3905515625 0.3941828125 0.339315625 0.397109375 0.33392499999999997 0.3973875 0.3263796875 0.39885000000000004 0.32473125 0.40121874999999996 0.32473125 0.40477187499999995 0.3268859375 0.4080453125
3 0.3322125 0.3741546875 0.4344328125 0.38763437500000003 0.48547812500000004 0.390490625 0.49841406250000003 0.3890625 0.5003796875 0.38516249999999996 0.497146875 0.377359375 0.5042484375 0.3695234375 0.502346875 0.3631484375 0.49587812500000006 0.3581671875 0.48484531249999996 0.35604375 0.44667031250000006 0.3588640625 0.4059609375 0.3595953125 0.33094531250000003 0.358515625 0.3277109375 0.3588640625 0.3244765625 0.360640625 0.3251109375 0.36774687500000003 0.3270140625 0.37060312500000003 0.3322125 0.3741546875
4 0.3578953125 0.3474046875 0.4284078125 0.3516546875 0.47045000000000003 0.35733125 0.5008874999999999 0.3584109375 0.5131265625 0.34918125 0.5092578125 0.34134375 0.502790625 0.33531875 0.5092578125 0.32466093749999997 0.5079906249999999 0.320759375 0.500190625 0.3154296875 0.48402031250000005 0.31435 0.451046875 0.31720625 0.42390625000000004 0.3154296875 0.37083125 0.31435 0.36569375000000004 0.31825156250000003 0.367596875 0.3204109375 0.3721625 0.322884375 0.3805328125 0.3243125 0.39740000000000003 0.3243125 0.4334171875 0.3265765625 0.43715937499999996 0.3304421875 0.435003125 0.3328109375 0.430690625 0.33399531250000003 0.36391874999999996 0.33531875 0.3578953125 0.33531875 0.347559375 0.33744375 0.34692500000000004 0.340996875 0.347559375 0.342771875 0.3578953125 0.3474046875
4 0.48256249999999995 0.26516875 0.49873124999999996 0.256565625 0.49778124999999995 0.249878125 0.46994218749999994 0.24148437500000003 0.43804687500000006 0.24322499999999997 0.3823078125 0.2504359375 0.352125 0.25754062499999997 0.41274531249999996 0.2531515625 0.42194062499999996 0.25294374999999997 0.42390625000000004 0.2566 0.3794546875 0.25963125 0.378440625 0.259665625 0.3558015625 0.26182500000000003 0.41984843749999995 0.266075 0.46188906249999995 0.26785156250000003 0.48256249999999995 0.26516875
4 0.40913125 0.737896875 0.36436250000000003 0.7547546875 0.3525046875 0.760084375 0.3568171875 0.7636359374999999 0.367596875 0.76631875 0.3940390625 0.7671890625 0.44305625 0.7574359375 0.46353906250000004 0.749146875 0.4807859375 0.746778125 0.4996828125 0.7361203125 0.5077359375 0.7251484375 0.50830625 0.7180421875 0.49803437500000003 0.70856875 0.48890312500000005 0.7032390625 0.4807859375 0.6946703125 0.47108437500000006 0.691396875 0.367596875 0.7124343750000001 0.3498421875 0.7207250000000001 0.341725 0.7290140625 0.33956875000000003 0.7361203125 0.33956875000000003 0.739671875 0.34121718749999996 0.7411359375 0.34388125 0.742040625 0.3460375 0.742040625 0.34908125 0.7390796875000001 0.35142656250000004 0.7367125 0.387 0.725740625 0.403740625 0.725740625 0.412871875 0.7301984375 0.40913125 0.737896875
4 0.49518125 0.30003437499999996 0.49670312499999997 0.2939390625 0.49556093749999997 0.2853703125 0.4896640625 0.2774296875 0.48890312500000005 0.271125 0.48002500000000003 0.267084375 0.463728125 0.2678859375 0.44781250000000006 0.271125 0.4322125 0.27356250000000004 0.40887812500000004 0.2760359375 0.38928281249999996 0.2733890625 0.3681671875 0.2719609375 0.3466703125 0.271578125 0.3364609375 0.2743640625 0.340265625 0.2803546875 0.35307499999999997 0.2838734375 0.37609375 0.2880875 0.388903125 0.28982968750000004 0.3940390625 0.2923015625 0.387 0.2944265625 0.387 0.2951234375 0.3735578125 0.2965171875 0.3338625 0.2929984375 0.32301875 0.2929984375 0.319784375 0.29582031249999996 0.323653125 0.30425 0.34216875 0.3091609375 0.3799625 0.310240625 0.396575 0.30954375 0.4379203125 0.3110421875 0.44667031250000006 0.311425 0.46220625000000004 0.311425 0.47704531250000004 0.3104140625 0.4881421875 0.3061296875 0.49518125 0.30003437499999996
