4 0.666596875 0.5324671875 0.676559375 0.55256875 0.6894812499999999 0.6121109375 0.71100625 0.6696265625 0.714559375 0.676728125 0.7181124999999999 0.6773625 0.7198890625 0.674128125 0.7195406249999999 0.6631578124999999 0.6967609375 0.596575 0.69616875 0.58345 0.6973874999999999 0.57786875 0.7012890625 0.57526875 0.7058171875 0.590234375 0.7149078125 0.6346859375 0.7223609375 0.65345625 0.7266453125 0.6611921875 0.7276906249999999 0.6605578125 0.7287703125 0.6547234375000001 0.72486875 0.6262531250000001 0.716684375 0.5558015625 0.7159875 0.521496875 0.714559375 0.5169937499999999 0.7134796875 0.5033609375 0.7113546875 0.5020921875 0.70888125 0.5020921875 0.6757234375000001 0.5096390625 0.6726234375 0.5111609374999999 0.6648203125000001 0.5137609375000001 0.666596875 0.5324671875
4 0.6252875 0.5116671875 0.6235109375000001 0.515471875 0.6252875 0.5364609375 0.6335765624999999 0.5833859375 0.6433296875 0.6518078125 0.647475 0.6679765625 0.6531171875 0.6733671875 0.6569484375 0.672859375 0.6578546875 0.6663921875 0.6557640625000001 0.6453390625 0.648659375 0.590234375 0.6509234375 0.5812296875 0.6548234374999999 0.5812296875 0.6591437499999999 0.584971875 0.661615625 0.598096875 0.6667359375 0.6372859375 0.67088125 0.655040625 0.6750265625 0.66043125 0.6773953125000001 0.657196875 0.6779875 0.650221875 0.6702890625 0.5790734375000001 0.669696875 0.5537093750000001 0.6726578125 0.5273296875 0.6717515625 0.5187062499999999 0.6691046875 0.51439375 0.667015625 0.5138234374999999 0.6614078125 0.515471875 0.642528125 0.51135 0.6383140625 0.5111609374999999 0.6279343749999999 0.5105890625 0.6252875 0.5116671875
3 0.587634375 0.5207984375 0.5869390625 0.5266328125 0.5872859375 0.5357000000000001 0.592615625 0.561571875 0.6061296875 0.6559921875 0.6132359375 0.6734312499999999 0.6174859374999999 0.6792640624999999 0.624590625 0.6805328125 0.6270640625 0.6747625 0.6277953125 0.667596875 0.624590625 0.618453125 0.624590625 0.5531390625 0.618565625 0.517565625 0.6174859374999999 0.514965625 0.6160578125 0.513696875 0.6053984375 0.5188328125 0.6014984375 0.5227640625000001 0.5990249999999999 0.5227640625000001 0.594496875 0.5179453125 0.5922671875 0.517565625 0.5890625 0.5181984374999999 0.587634375 0.5207984375
3 0.5594921875 0.5298671875000001 0.56631875 0.5535828125 0.5760703125 0.5994296875 0.5867296875 0.668928125 0.590003125 0.675396875 0.59355625 0.6743187500000001 0.5944265625 0.6716546875 0.594740625 0.6592265625 0.590003125 0.5638546875 0.589690625 0.5207359375 0.58850625 0.513696875 0.5864499999999999 0.50995625 0.5808078125 0.5088781250000001 0.56273125 0.5187703124999999 0.560084375 0.5207359375 0.5592125 0.5244765625000001 0.5594921875 0.5298671875000001
1 0.5339609375000001 0.5216875 0.5366765625000001 0.5554218750000001 0.5417625 0.6505390625 0.5438171875 0.6663921875 0.5463953125 0.66823125 0.5504703125 0.66265 0.5525249999999999 0.6505390625 0.5588296875000001 0.5556125 0.5600140625 0.518453125 0.5564609375 0.5022828125000001 0.550540625 0.4947375 0.53988125 0.49923906249999994 0.5364328125 0.5024093749999999 0.5354578125 0.5050734375 0.5339609375000001 0.5216875
2 0.5096828125 0.496765625 0.5165093749999999 0.564171875 0.5144203125 0.654153125 0.5159171875 0.656309375 0.5191578125 0.6558015625 0.5206546875 0.6498421875 0.525984375 0.6153453125 0.5295375 0.5501578125 0.5315921875 0.498921875 0.518146875 0.4930875 0.5138281250000001 0.4930875 0.5096828125 0.4924546875 0.5096828125 0.496765625
2 0.48791406249999997 0.49549843750000006 0.4979796875 0.6339890625 0.502125 0.6507296874999999 0.5068625 0.6474953125 0.5083249999999999 0.6377937499999999 0.5092296875 0.611921875 0.5086375000000001 0.5445156250000001 0.5077328125 0.5116671875 0.5092296875 0.49442031249999996 0.4902828125 0.4922640625 0.48850625000000003 0.4922640625 0.48791406249999997 0.4927703125 0.48791406249999997 0.49549843750000006
2 0.46948749999999995 0.517565625 0.469175 0.540203125 0.47035937499999997 0.6518078125 0.472134375 0.6577046875 0.474225 0.6566265625 0.4774640625 0.6490812499999999 0.483978125 0.5725421875000001 0.48575468749999995 0.542359375 0.48989843750000006 0.4933421875 0.4789625 0.49549843750000006 0.47056718750000004 0.49378593750000005 0.4673984375 0.4933421875 0.4659359375 0.49315156250000003 0.46948749999999995 0.517565625
2 0.44535 0.5166765625 0.4530484375 0.6067218750000001 0.459246875 0.6589734375 0.4607453125 0.663284375 0.46192968749999996 0.6617 0.4628 0.656309375 0.46339218750000005 0.63956875 0.462521875 0.5921375 0.46339218750000005 0.5382374999999999 0.46516875 0.494609375 0.45155 0.4961953125 0.4474046875 0.496765625 0.444165625 0.49727343749999997 0.44535 0.5166765625
1 0.4196453125 0.5059609375 0.4184609375 0.5151546875 0.419053125 0.528090625 0.42438125 0.5668984375 0.43148749999999997 0.66823125 0.43385625 0.6768546875 0.4365375 0.678440625 0.4385921875 0.6768546875 0.4409609375 0.669815625 0.442459375 0.6506031250000001 0.441728125 0.5935312500000001 0.443190625 0.543690625 0.441240625 0.5059609375 0.4382796875 0.4987953125 0.42863125 0.496765625 0.4249734375 0.4968296875 0.4220125 0.4994921875 0.4196453125 0.5059609375
3 0.388784375 0.53525625 0.39177968750000003 0.5570062499999999 0.3994421875 0.6031703125 0.40121874999999996 0.6424859374999999 0.39411406250000003 0.6840203125000001 0.3943921875 0.6883328125 0.3991296875 0.6904874999999999 0.4053640625 0.6861765625 0.40832499999999994 0.673240625 0.411878125 0.6409 0.41393281249999997 0.5659484375 0.41689375 0.5309453125 0.41570937499999994 0.5244765625000001 0.4142453125 0.5212421875000001 0.41246875000000005 0.5195937500000001 0.40682656250000004 0.518009375 0.40327343750000005 0.515853125 0.394984375 0.51655 0.3920234375 0.520165625 0.38937656249999997 0.5255546875 0.388784375 0.53525625
3 0.35799375 0.5285359374999999 0.3552765625 0.5357000000000001 0.3535359375 0.5568171875 0.3521765625 0.6953078125000001 0.3543015625 0.71604375 0.3599796875 0.71864375 0.3653078125 0.714078125 0.3745734375 0.629359375 0.3817484375 0.572225 0.38620625 0.5525046875 0.3859625 0.5394421875 0.384465625 0.5259984375 0.3802859375 0.5268859375 0.3760703125 0.52999375 0.371403125 0.52479375 0.3680953125 0.5222578125 0.364159375 0.5227015625 0.35799375 0.5285359374999999
4 0.3093 0.512871875 0.3087078125 0.51395 0.3078375 0.522003125 0.3078375 0.5381734375 0.30989218749999997 0.5635390625000001 0.309021875 0.5926437499999999 0.3013234375 0.65085625 0.3036921875 0.655675 0.3084296875 0.658909375 0.312853125 0.656753125 0.31494218749999997 0.651934375 0.3213171875 0.6013953125 0.3244515625 0.5845281250000001 0.32845625 0.5831953125 0.332009375 0.58738125 0.3334375 0.5970203125 0.3220484375 0.655675 0.32232656249999997 0.6675328125 0.3256015625 0.6707671875 0.3297453125 0.6691812500000001 0.33270625 0.663221875 0.3404046875 0.624984375 0.3552078125 0.52739375 0.35489375 0.521496875 0.35252500000000003 0.519340625 0.319365625 0.5152187500000001 0.315221875 0.5133796875 0.3122609375 0.5123015625 0.3093 0.512871875
4 0.2662484375 0.5008250000000001 0.26304375 0.5187703124999999 0.26353125 0.5435 0.26280000000000003 0.5601140625000001 0.255625 0.6284078125 0.255625 0.6414078125 0.25858593750000003 0.6485734375 0.260328125 0.64996875 0.26280000000000003 0.6481296875 0.2645078125 0.6427390625 0.2662484375 0.6234625 0.274990625 0.5827515625 0.28115625 0.5730500000000001 0.283559375 0.5745078125 0.2841515625 0.5835125 0.2834546875 0.5903609375000001 0.27439843750000004 0.6355734375 0.2721703125 0.6530750000000001 0.27464374999999996 0.6553578124999999 0.2758625 0.6544078125 0.2788234375 0.645909375 0.289203125 0.6068484375 0.3008015625 0.55516875 0.307453125 0.5407734375000001 0.3096828125 0.522384375 0.3076984375 0.5138234374999999 0.30449375 0.509321875 0.29731874999999997 0.5057703124999999 0.27575781250000003 0.4988578125 0.2721703125 0.4985421875 0.268721875 0.49904843750000005 0.2662484375 0.5008250000000001
4 0.22723749999999998 0.3703234375 0.22546093749999999 0.37305 0.22455625 0.376790625 0.2266453125 0.44901718749999997 0.2251484375 0.47977187499999996 0.2266453125 0.49270781250000006 0.23079062499999997 0.49860468750000003 0.23521406250000002 0.4996828125 0.241728125 0.49644843749999995 0.2461859375 0.50133125 0.251515625 0.5034875000000001 0.2559390625 0.50133125 0.2598046875 0.49270781250000006 0.261859375 0.48243437499999997 0.25033125 0.42853593749999996 0.25033125 0.4129359375 0.24914687500000002 0.40431249999999996 0.242040625 0.37412812500000003 0.23848906250000002 0.3681671875 0.23639843749999997 0.36924531250000003 0.23493593750000002 0.371971875 0.23493593750000002 0.37786875000000003 0.24040468750000002 0.42403281249999997 0.23998593750000002 0.43088125 0.23796562500000001 0.43481249999999994 0.236225 0.4366515625 0.23465625 0.43107187500000005 0.23047656249999998 0.376284375 0.229884375 0.371971875 0.2287015625 0.369815625 0.22723749999999998 0.3703234375
4 0.2756875 0.3422953125 0.2753390625 0.353265625 0.2803203125 0.3681671875 0.289759375 0.41014531249999997 0.289028125 0.42048125000000003 0.2865546875 0.41953125 0.27990312500000003 0.41147812500000003 0.271821875 0.369753125 0.26823437499999997 0.35523125 0.26468125 0.353265625 0.26255625 0.3565 0.26112812500000004 0.3617 0.26112812500000004 0.3888390625 0.26290468749999996 0.4296125 0.2685828125 0.47685468750000004 0.271090625 0.48909375 0.2774640625 0.493659375 0.286346875 0.4923265625 0.297353125 0.4833234375 0.306965625 0.4774890625 0.31086718750000003 0.4677875 0.3097875 0.45611875 0.3058859375 0.43088125 0.29557656250000003 0.3992390625 0.2836296875 0.34388125 0.28066874999999997 0.3390609375 0.2778125 0.3396953125 0.2756875 0.3422953125
3 0.3409609375 0.34965156249999996 0.3366765625 0.3516171875 0.33528437499999997 0.35421718750000003 0.3306515625 0.38655625 0.3221171875 0.4318328125 0.3125390625 0.47647500000000004 0.3128875 0.4835765625 0.31396718749999997 0.49004375 0.3210734375 0.4939125 0.3277953125 0.491946875 0.331 0.4887125 0.343434375 0.4939125 0.3480671875 0.4887125 0.350540625 0.46740624999999997 0.348415625 0.44476875 0.34869374999999997 0.35776718750000003 0.3469875 0.3516171875 0.3437828125 0.34965156249999996 0.3409609375 0.34965156249999996
3 0.3652390625 0.3333546875 0.3628703125 0.332784375 0.35931718749999997 0.3349390625 0.35635625000000004 0.339821875 0.35489375 0.3467984375 0.3531171875 0.3683578125 0.3492515625 0.4513640625 0.3456984375 0.4853515625 0.34719687499999996 0.4934046875 0.3504359375 0.5009515625 0.35635625000000004 0.5031078124999999 0.36405468750000003 0.4987953125 0.36701562499999996 0.4934046875 0.37028906250000004 0.4977171875 0.3762109375 0.49987343749999996 0.38063437499999997 0.497209375 0.383003125 0.48750781249999997 0.3835953125 0.46214374999999996 0.378265625 0.4244140625 0.3705671875 0.3424859375 0.37028906250000004 0.34032968750000003 0.3679203125 0.3355109375 0.3652390625 0.3333546875
1 0.39463593750000003 0.3168671875 0.3898984375 0.3233359375 0.3896203125 0.331959375 0.3919890625 0.44457812499999994 0.3884359375 0.46239687500000004 0.3884359375 0.46937187500000005 0.38871406249999996 0.47476250000000003 0.3934515625 0.48826875000000003 0.3964125 0.492009375 0.41180781250000004 0.48719062500000004 0.41476875 0.485034375 0.41804218750000005 0.47964531250000003 0.418634375 0.471528125 0.41772968749999995 0.4591625 0.413584375 0.43164218749999994 0.40825468750000005 0.3896 0.40139375 0.3239703125 0.40055781250000005 0.3190234375 0.39909374999999997 0.3168671875 0.39463593750000003 0.3168671875
2 0.433925 0.311921875 0.42978125 0.314584375 0.4280046875 0.3194671875 0.42476562500000004 0.43481249999999994 0.422675 0.4611921875 0.423859375 0.474128125 0.4416234375 0.4746984375 0.45050468749999995 0.47089375 0.44991250000000005 0.45580156250000003 0.44252812500000005 0.39169375 0.43726875 0.3202921875 0.43688593750000004 0.3156625 0.435109375 0.311921875 0.433925 0.311921875
2 0.46172031249999995 0.311096875 0.45848125 0.3105265625 0.4567046875 0.3116046875 0.45374375 0.31591562500000003 0.45196718750000003 0.32130625 0.45196718750000003 0.3396328125 0.45402343749999996 0.4118578125 0.4528390625 0.4441984375 0.4528390625 0.472225 0.4711953125 0.46899218749999994 0.48481406250000003 0.47007031250000003 0.4836296875 0.4544703125 0.477115625 0.4 0.4684078125 0.34134375 0.4673640625 0.3363984375 0.46468125000000005 0.31756562499999996 0.46172031249999995 0.311096875
2 0.5208296875 0.3097015625 0.5184609375 0.30539062499999997 0.5160921875 0.30481875 0.513409375 0.305896875 0.5110421875 0.310209375 0.504528125 0.3452765625 0.49240625 0.463284375 0.5196453125 0.4692453125 0.52406875 0.467596875 0.5246609375 0.465440625 0.5214218749999999 0.42073593750000005 0.520515625 0.38839531250000003 0.5216296875 0.3389984375 0.5216999999999999 0.33500312499999996 0.5220125 0.323715625 0.5208296875 0.3097015625
2 0.541553125 0.31851562499999997 0.540578125 0.31762812500000004 0.5385921875 0.31762812500000004 0.5351453125 0.326696875 0.5309296875 0.4025359375 0.5272375 0.43804687500000006 0.52601875 0.46677187499999995 0.542771875 0.47482499999999994 0.549459375 0.471275 0.5531515625 0.46677187499999995 0.554128125 0.452821875 0.5504359375 0.4223203125 0.54315625 0.3316421875 0.5430515625 0.3270765625 0.5430515625 0.32390625 0.541553125 0.31851562499999997
1 0.585684375 0.308878125 0.58213125 0.31084375 0.5793109375000001 0.3179453125 0.57185625 0.3522515625 0.558690625 0.45440781250000006 0.558690625 0.46670937500000004 0.5604671875 0.4790109375 0.565446875 0.48674687499999997 0.5707765625000001 0.4887125 0.5842906250000001 0.48484531249999996 0.5892375000000001 0.4738109375 0.590665625 0.45960625000000005 0.58784375 0.4453390625 0.5871125 0.43113437499999996 0.5871125 0.3929609375 0.590665625 0.3153453125 0.590665625 0.31084375 0.5881921875 0.308878125 0.585684375 0.308878125
3 0.61246875 0.32916875 0.6104140625000001 0.334559375 0.6035874999999999 0.3895375 0.5973875 0.44559218749999996 0.5941140625 0.46499687500000003 0.5941140625 0.4746984375 0.59501875 0.4811671875 0.59885 0.4902984375 0.6062703125 0.494609375 0.61720625 0.4887125 0.6260890625 0.4822453125 0.6272734375 0.476284375 0.624625 0.4568796875 0.6201671875 0.4396328125 0.616928125 0.4116046875 0.6166140625 0.37013281249999996 0.61769375 0.3396328125 0.6177984375000001 0.331325 0.6154296875 0.3285984375 0.61246875 0.32916875
4 0.670603125 0.3461640625 0.6681296875 0.34743124999999997 0.666353125 0.350665625 0.66206875 0.3765375 0.6563921875000001 0.45091875000000003 0.6563921875000001 0.47875781249999994 0.6628000000000001 0.48135625 0.6819578125 0.481990625 0.6943921875 0.47875781249999994 0.69616875 0.47488906249999996 0.69616875 0.4696890625 0.6958203125 0.45415312500000005 0.6929984375 0.42568124999999996 0.693346875 0.40564375 0.6986765625 0.36360156250000003 0.6986765625 0.35586562499999996 0.6965515625 0.353265625 0.693346875 0.353265625 0.68979375 0.3610015625 0.6828984375 0.40259999999999996 0.6784390625000001 0.41395 0.675165625 0.414521875 0.6712296875 0.40691249999999995 0.6731453125 0.3551046875 0.673459375 0.35003125 0.673075 0.3467984375 0.670603125 0.3461640625
4 0.73009375 0.347559375 0.7280046875 0.3486359375 0.7259484375 0.3551046875 0.70759375 0.43278437500000005 0.7022640625000001 0.44838281249999995 0.7022640625000001 0.4565 0.705225 0.47913750000000005 0.710240625 0.48395625000000003 0.7206203125 0.48287812499999994 0.7386625 0.4764109375 0.740753125 0.47159218750000004 0.740753125 0.45485156250000003 0.73629375 0.4257453125 0.7392546875 0.3470515625 0.738384375 0.344325 0.73629375 0.3448953125 0.7342390625 0.3486359375 0.7324625 0.3572609375 0.7273078125 0.4177546875 0.7238249999999999 0.4252375 0.7228140625 0.4252375 0.7211421875 0.42409687500000004 0.7206203125 0.42092656249999993 0.7280046875 0.365884375 0.7283171875 0.36429999999999996 0.73009375 0.3529484375 0.73009375 0.347559375
