4 0.7311734375000001 0.49549843750000006 0.7283171875 0.4922640625 0.7247656250000001 0.49036093750000004 0.7198187500000001 0.4935953125 0.7148375 0.4994296875 0.707384375 0.49873124999999996 0.6938703125 0.5116671875 0.6906656250000001 0.5239703125 0.68996875 0.5407734375000001 0.7084296875 0.60221875 0.7304765625 0.641725 0.7347265625 0.6468609375 0.736503125 0.6455921874999999 0.7361546875 0.6352562500000001 0.731521875 0.6138874999999999 0.7242765624999999 0.5866828125 0.7251484375 0.5785671875 0.73106875 0.575903125 0.7349359375 0.57698125 0.737896875 0.5845281250000001 0.74608125 0.6100187499999999 0.760675 0.638490625 0.7589 0.60741875 0.7496343750000001 0.5692453125 0.7418328125 0.5440078125000001 0.739359375 0.5148390625 0.7389765625 0.50913125 0.73580625 0.5026640625 0.7311734375000001 0.49549843750000006
3 0.6049453125 0.5169937499999999 0.602821875 0.52473125 0.6049453125 0.537159375 0.6373390624999999 0.6892828125 0.6394640625 0.681546875 0.6390453125 0.6310718750000001 0.6347265625 0.579328125 0.631765625 0.527584375 0.6288046875 0.5135703125 0.62406875 0.5060234375 0.6187390625 0.5009515625 0.61689375 0.50304375 0.612190625 0.5076734375 0.6049453125 0.5169937499999999
3 0.5838390625 0.511096875 0.5802859375 0.5186437500000001 0.577603125 0.5218765624999999 0.57641875 0.5266968750000001 0.5770109375 0.540203125 0.5820624999999999 0.5568796875 0.595959375 0.62910625 0.6024734375 0.6965125 0.6051546875 0.70133125 0.6069312499999999 0.7002531249999999 0.61166875 0.6582125 0.608115625 0.6070390625 0.603378125 0.522384375 0.598328125 0.5137609375000001 0.5906296875 0.5078625 0.5894468749999999 0.5072921874999999 0.5882625 0.5072921874999999 0.5838390625 0.511096875
1 0.5460812500000001 0.5520609375000001 0.5554515624999999 0.6490812499999999 0.564403125 0.7057703125 0.571646875 0.71350625 0.574225 0.7057703125 0.579971875 0.6544703125 0.5793796875 0.6334171875 0.5719953125 0.5590359375 0.5631140625 0.5234625 0.554928125 0.5078 0.5529078125 0.50393125 0.5486234375000001 0.5132531250000001 0.5460812500000001 0.5520609375000001
2 0.522953125 0.5249843750000001 0.524346875 0.545021875 0.5296765625 0.5838296875 0.53465625 0.6840843750000001 0.53678125 0.6873171874999999 0.5414140625 0.68478125 0.5442703125 0.67698125 0.5456640625 0.6355734375 0.5433640625 0.5587187499999999 0.543678125 0.5388078125 0.5415890625 0.5194046875 0.5371640625 0.5156 0.530303125 0.5178828125 0.527203125 0.51915 0.524346875 0.52048125 0.522953125 0.5249843750000001
2 0.5031 0.5322765625 0.5158828125 0.6927078125 0.5212125000000001 0.699175 0.5244171875 0.697209375 0.524765625 0.6888390625 0.5229890625 0.653265625 0.5223265625 0.5853515625 0.52055 0.5222578125 0.50856875 0.5268234374999999 0.5055734375000001 0.5284078125 0.5041453125 0.529740625 0.5031 0.5322765625
2 0.48934218749999997 0.6138234375 0.49494999999999995 0.6957515625 0.497909375 0.7048828125 0.5014624999999999 0.707609375 0.503553125 0.7038046875 0.5047375 0.6935953125000001 0.49968593749999995 0.6164875000000001 0.49968593749999995 0.570703125 0.5014624999999999 0.554534375 0.5014624999999999 0.529740625 0.496446875 0.5237796875 0.4946703125 0.5237796875 0.49258125 0.525428125 0.48962031250000004 0.529740625 0.48401249999999996 0.529740625 0.48164375000000004 0.530246875 0.48934218749999997 0.6138234375
2 0.46011875 0.536334375 0.46158124999999994 0.5605578125 0.467259375 0.626125 0.47763906250000004 0.698921875 0.48206249999999995 0.70653125 0.48477812499999995 0.7060875 0.4870078125 0.7002531249999999 0.48603281249999997 0.6791375000000001 0.48035468750000004 0.632403125 0.4791015625 0.5812296875 0.4798671875 0.5547234375000001 0.4791015625 0.5264421875 0.47788281250000003 0.524159375 0.476384375 0.523271875 0.46259218750000003 0.523715625 0.46158124999999994 0.5251109375 0.46085000000000004 0.527775 0.46011875 0.536334375
1 0.432009375 0.5418515625 0.4359453125 0.614965625 0.4430515625 0.6970828124999999 0.4466046875 0.717184375 0.4526296875 0.72041875 0.4568796875 0.706784375 0.4583078125 0.6861125 0.4581328125 0.6126828125 0.455415625 0.52821875 0.4514796875 0.51655 0.445803125 0.5111609374999999 0.4435734375 0.5107171875 0.43866250000000007 0.5120484375000001 0.43448281250000004 0.5209265624999999 0.4354578125 0.519340625 0.43277656249999996 0.524159375 0.432009375 0.5418515625
3 0.399721875 0.5411546875 0.399721875 0.554090625 0.40090624999999996 0.5686109375 0.403865625 0.64299375 0.4056421875 0.709828125 0.40919531249999996 0.7157890625000001 0.4142453125 0.7157890625000001 0.41748593749999996 0.7028531250000001 0.4260890625 0.57780625 0.42873593750000005 0.5535187500000001 0.427865625 0.5325296875000001 0.4260890625 0.52821875 0.423128125 0.52821875 0.4189828125 0.52175 0.4142453125 0.5195937500000001 0.410971875 0.5211796875 0.403865625 0.5303734375 0.4029953125 0.5325296875000001 0.4014984375 0.53519375 0.399721875 0.5411546875
3 0.3712984375 0.5605578125 0.3712984375 0.648953125 0.37544374999999997 0.6909953125 0.383734375 0.7130625 0.38787812499999996 0.7130625 0.38937656249999997 0.709828125 0.38787812499999996 0.700696875 0.38641562500000004 0.66563125 0.392615625 0.6295499999999999 0.3982578125 0.572415625 0.40268125 0.5594796875 0.403865625 0.5443875 0.40209062500000003 0.5346859375 0.3991296875 0.5303734375 0.39411406250000003 0.52821875 0.3908390625 0.5201015625000001 0.3872859375 0.5163609375 0.3828625 0.52175 0.375165625 0.5276468750000001 0.374259375 0.529296875 0.371890625 0.5330375 0.3712984375 0.5605578125
4 0.32466093749999997 0.552125 0.309265625 0.6200375 0.302159375 0.645909375 0.302159375 0.654534375 0.30689687499999996 0.661571875 0.310728125 0.6631578124999999 0.31665 0.656690625 0.32849218750000003 0.6351296875 0.336503125 0.5990484375 0.338871875 0.5968921875000001 0.342703125 0.596321875 0.347440625 0.5974 0.347440625 0.602790625 0.3442 0.6114140625 0.33204531249999997 0.6497140625 0.33204531249999997 0.6588453125 0.333228125 0.6653140625 0.336503125 0.6663921875 0.3483453125 0.6610015625 0.3643328125 0.6227640625 0.3696625 0.5968921875000001 0.37143906250000003 0.5796453125000001 0.37349375 0.5693718750000001 0.37913593749999996 0.562396875 0.38000625 0.5456562500000001 0.37617500000000004 0.5300578125000001 0.3690703125 0.5214328125 0.3657953125 0.5225109375 0.3628359375 0.5273296875 0.3557296875 0.5322125 0.343015625 0.533290625 0.33768750000000003 0.5272671875 0.3347265625 0.5235890624999999 0.32998906250000004 0.5230187500000001 0.32466093749999997 0.552125
4 0.27819531249999996 0.5072921874999999 0.2728671875 0.5260625 0.2714390625 0.577171875 0.2526296875 0.6340515625 0.250853125 0.6443875 0.252246875 0.648953125 0.2643328125 0.6457203125000001 0.2867984375 0.592390625 0.2903515625 0.591059375 0.29784062499999997 0.596259375 0.29062968749999996 0.62821875 0.273946875 0.672859375 0.27464374999999996 0.679328125 0.2831765625 0.6864296875 0.29348593749999996 0.6825625 0.2973875 0.672859375 0.31086718750000003 0.6133796874999999 0.32723749999999996 0.5344328125 0.3247296875 0.5208625 0.31835625 0.5111609374999999 0.3080453125 0.5053265625 0.300940625 0.5053265625 0.2973875 0.5098921875 0.28707812499999996 0.5020921875 0.28495312500000003 0.5020921875 0.282096875 0.502790625 0.27819531249999996 0.5072921874999999
4 0.225984375 0.5124921875 0.223825 0.5363984375 0.223825 0.577171875 0.21459375 0.6107796875 0.2149421875 0.6166140625 0.21849531249999998 0.6198484375 0.2213515625 0.6172484375 0.23343750000000002 0.5674703125 0.2376875 0.55516875 0.2526296875 0.554534375 0.2526296875 0.5570703124999999 0.24799687499999998 0.5739375 0.2376875 0.59784375 0.2234765625 0.62308125 0.22490468749999998 0.628915625 0.229884375 0.6295499999999999 0.24266875 0.6192140625 0.2547546875 0.599809375 0.2707421875 0.5344328125 0.2696625 0.5157265625 0.2664578125 0.5092578125 0.26220781249999997 0.5060234375 0.25653125 0.5040578124999999 0.2476484375 0.5046921875 0.241971875 0.502790625 0.2380359375 0.5053265625 0.23448281249999997 0.5020921875 0.23343750000000002 0.5020921875 0.22915312499999999 0.5053265625 0.225984375 0.5124921875
3 0.35447656250000004 0.3424859375 0.351271875 0.3469875 0.3459421875 0.35795781249999997 0.346290625 0.4097015625 0.3452453125 0.47507968749999996 0.344165625 0.502853125 0.346290625 0.508053125 0.3487984375 0.511921875 0.3566 0.5171218750000001 0.358725 0.5157890625 0.36088437500000003 0.5157890625 0.3633578125 0.5131890625 0.3676078125 0.5157890625 0.37331875000000003 0.51255625 0.37756875 0.4977171875 0.3764890625 0.47958125 0.3729359375 0.46727968750000004 0.370115625 0.4401390625 0.3626609375 0.347621875 0.3619296875 0.345021875 0.3569484375 0.3424859375 0.35447656250000004 0.3424859375
3 0.386103125 0.334559375 0.3800421875 0.33715937500000004 0.37544374999999997 0.37013281249999996 0.37544374999999997 0.4264421875 0.3729359375 0.47685468750000004 0.3736671875 0.496259375 0.378996875 0.5053265625 0.39177968750000003 0.5105265625000001 0.39463593750000003 0.5020921875 0.4017421875 0.5008250000000001 0.40741875 0.496259375 0.4113203125 0.48142031249999995 0.40884687499999994 0.4574515625 0.39958125 0.41217499999999996 0.392128125 0.34039375 0.39177968750000003 0.339125 0.38930625 0.33519375 0.386103125 0.334559375
1 0.42041093749999997 0.32415937499999997 0.41650937499999996 0.321559375 0.413653125 0.321559375 0.41079687500000006 0.323525 0.40832499999999994 0.32866249999999997 0.40654843749999997 0.3383640625 0.4036921875 0.46385468750000003 0.40334375 0.4994296875 0.411878125 0.513 0.4221875 0.51173125 0.4243125 0.50393125 0.4314171875 0.4897265625 0.4370953125 0.4625875 0.4321140625 0.41921406250000004 0.42657656250000003 0.3490171875 0.4264375 0.34292968749999997 0.425740625 0.3377296875 0.42041093749999997 0.32415937499999997
2 0.456565625 0.33956875000000003 0.45228124999999997 0.340203125 0.4490765625 0.3421046875 0.44625624999999997 0.34857343749999997 0.4434 0.3589734375 0.43664218750000006 0.3970828125 0.4320453125 0.47146406250000006 0.4359453125 0.4948 0.441275 0.50126875 0.45050468749999995 0.50126875 0.4547890625 0.4948 0.4572625 0.4766640625 0.45792343750000003 0.35345624999999997 0.457959375 0.3466703125 0.4576109375 0.3408375 0.456565625 0.33956875000000003
2 0.4817484375 0.3190875 0.4781953125 0.31965781249999997 0.47405156249999997 0.3239703125 0.46781562499999996 0.334178125 0.463984375 0.368675 0.46307968749999995 0.4258078125 0.46307968749999995 0.48998125000000003 0.46576093749999997 0.4991125 0.47373750000000003 0.5018390625 0.4926859375 0.49803437500000003 0.4926859375 0.48186406249999997 0.4915015625 0.44901718749999997 0.4903171875 0.42796406249999996 0.486171875 0.378946875 0.48422187499999997 0.3348765625 0.483803125 0.32828124999999997 0.4832109375 0.320165625 0.4817484375 0.3190875
2 0.5174859374999999 0.334115625 0.51428125 0.331515625 0.511425 0.331515625 0.5082203125 0.33475 0.5053984375 0.341915625 0.500765625 0.3696890625 0.49829375000000004 0.43050156250000005 0.4954375 0.4835765625 0.4975625 0.49904843750000005 0.51818125 0.5010140625 0.5252875 0.5003796875 0.5256359374999999 0.49327812499999996 0.524590625 0.45897343749999997 0.52243125 0.42276406250000004 0.520096875 0.351996875 0.5199578125000001 0.3464171875 0.519609375 0.33995000000000003 0.5174859374999999 0.334115625
2 0.545315625 0.31870625 0.542771875 0.31870625 0.53678125 0.32339843749999997 0.530825 0.3357640625 0.5287015625 0.34743124999999997 0.5257046875 0.3979078125 0.5282484375000001 0.45066562499999996 0.5321140625 0.49803437500000003 0.5389062499999999 0.5003171875 0.5495640625 0.4956875 0.55343125 0.48636718749999996 0.552978125 0.45922656249999994 0.5495640625 0.4064046875 0.5466046875 0.33735 0.5466046875 0.3396953125 0.5461859375 0.32492031250000003 0.545315625 0.31870625
1 0.5659 0.334178125 0.5590734375 0.3357640625 0.5526640625 0.3442609375 0.550121875 0.35669062500000004 0.551828125 0.4599234375 0.5552421875 0.48085000000000006 0.5646109375 0.49175625 0.5676078125 0.49873124999999996 0.5735625 0.5025999999999999 0.578265625 0.5018390625 0.584221875 0.490171875 0.586346875 0.47780625 0.57951875 0.4311984375 0.5735281249999999 0.345909375 0.5714390625 0.336525 0.5714390625 0.3357640625 0.5659 0.334178125
3 0.59878125 0.32473125 0.595228125 0.32473125 0.5919546875 0.3268859375 0.5895859375 0.33012031249999996 0.586346875 0.3490171875 0.5860328124999999 0.3807859375 0.5874953125 0.487571875 0.60710625 0.47977187499999996 0.6096484375 0.4611921875 0.6075234375 0.40608750000000005 0.6058171875 0.3905515625 0.602890625 0.339315625 0.6026125 0.33392499999999997 0.60115 0.3263796875 0.59878125 0.32473125
3 0.632253125 0.3251109375 0.6293968750000001 0.3270140625 0.6258453125 0.3322125 0.612365625 0.4344328125 0.609509375 0.48547812500000004 0.6109375 0.49841406250000003 0.6148374999999999 0.5003796875 0.6226406250000001 0.497146875 0.6304765625 0.5042484375 0.6368515625 0.502346875 0.6418328125 0.49587812500000006 0.64395625 0.48484531249999996 0.6411359375 0.44667031250000006 0.6404046875 0.4059609375 0.641484375 0.33094531250000003 0.6411359375 0.3277109375 0.639359375 0.3244765625 0.632253125 0.3251109375
4 0.659003125 0.34692500000000004 0.6572281249999999 0.347559375 0.6525953125 0.3578953125 0.6483453124999999 0.4284078125 0.64266875 0.47045000000000003 0.6415890625 0.5008874999999999 0.65081875 0.5131265625 0.65865625 0.5092578125 0.66468125 0.502790625 0.6753390625 0.5092578125 0.679240625 0.5079906249999999 0.6845703125 0.500190625 0.68565 0.48402031250000005 0.68279375 0.451046875 0.6845703125 0.42390625000000004 0.68565 0.37083125 0.6817484375 0.36569375000000004 0.6795890625000001 0.367596875 0.677115625 0.3721625 0.6756875 0.3805328125 0.6756875 0.39740000000000003 0.6734234375 0.4334171875 0.6695578125 0.43715937499999996 0.6671890625 0.435003125 0.6660046875 0.430690625 0.66468125 0.36391874999999996 0.66468125 0.3578953125 0.66255625 0.347559375 0.659003125 0.34692500000000004
4 0.7339249999999999 0.41984843749999995 0.7321484375 0.46188906249999995 0.7348312499999999 0.48256249999999995 0.743434375 0.49873124999999996 0.7501218749999999 0.49778124999999995 0.758515625 0.46994218749999994 0.756775 0.43804687500000006 0.7495640625 0.3823078125 0.7424593749999999 0.352125 0.7468484375 0.41274531249999996 0.74705625 0.42194062499999996 0.7434000000000001 0.42390625000000004 0.74036875 0.3794546875 0.740334375 0.378440625 0.738175 0.3558015625 0.7339249999999999 0.41984843749999995
4 0.274259375 0.403740625 0.2698015625 0.412871875 0.262103125 0.40913125 0.24524531249999998 0.36436250000000003 0.239915625 0.3525046875 0.2363640625 0.3568171875 0.23368125 0.367596875 0.23281093749999998 0.3940390625 0.2425640625 0.44305625 0.250853125 0.46353906250000004 0.25322187500000004 0.4807859375 0.2638796875 0.4996828125 0.2748515625 0.5077359375 0.2819578125 0.50830625 0.29143125 0.49803437500000003 0.2967609375 0.48890312500000005 0.3053296875 0.4807859375 0.308603125 0.47108437500000006 0.287565625 0.367596875 0.279275 0.3498421875 0.2709859375 0.341725 0.2638796875 0.33956875000000003 0.260328125 0.33956875000000003 0.2588640625 0.34121718749999996 0.257959375 0.34388125 0.257959375 0.3460375 0.26092031250000003 0.34908125 0.2632875 0.35142656250000004 0.274259375 0.387 0.274259375 0.403740625
4 0.6895859375 0.47704531250000004 0.6938703125 0.4881421875 0.699965625 0.49518125 0.7060609375 0.49670312499999997 0.7146296875 0.49556093749999997 0.7225703125 0.4896640625 0.728875 0.48890312500000005 0.732915625 0.48002500000000003 0.7321140625 0.463728125 0.728875 0.44781250000000006 0.7264375000000001 0.4322125 0.7239640625 0.40887812500000004 0.7266109375 0.38928281249999996 0.7280390625 0.3681671875 0.728421875 0.3466703125 0.7256359375 0.3364609375 0.7196453125 0.340265625 0.7161265625000001 0.35307499999999997 0.7119125000000001 0.37609375 0.7101703125000001 0.388903125 0.7076984375 0.3940390625 0.7055734375 0.387 0.7048765625 0.387 0.7034828125 0.3735578125 0.7070015625 0.3338625 0.7070015625 0.32301875 0.7041796875 0.319784375 0.69575 0.323653125 0.6908390625 0.34216875 0.6897593750000001 0.3799625 0.69045625 0.396575 0.6889578125 0.4379203125 0.6885749999999999 0.44667031250000006 0.6885749999999999 0.46220625000000004 0.6895859375 0.47704531250000004
