4 0.3961953125 0.7967953125 0.40602343750000003 0.7959937499999999 0.4192765625 0.7858234375 0.4438171875 0.7716828125 0.47596718750000006 0.7584109375 0.49860468750000003 0.7455234374999999 0.49219999999999997 0.737653125 0.487634375 0.734309375 0.481990625 0.7324625 0.48046875 0.72455625 0.47634687500000006 0.7177296875 0.46499687500000003 0.7145937499999999 0.4559296875 0.7139671875 0.436271875 0.7195750000000001 0.42301875000000005 0.7276906249999999 0.412809375 0.7351453125 0.3961953125 0.7442703125000001 0.3776796875 0.75653125 0.37241562500000003 0.7696265624999999 0.3792015625 0.78850625 0.383703125 0.79265 0.386746875 0.7889234375 0.392009375 0.774190625 0.4079265625 0.7604671875 0.4166140625 0.754684375 0.42041874999999995 0.7540578124999999 0.4239703125 0.7557296874999999 0.4226375 0.757575 0.4033609375 0.7735624999999999 0.392009375 0.7874609375 0.392009375 0.7936953124999999 0.3961953125 0.7967953125
4 0.3240328125 0.7499125 0.3278375 0.7513765625 0.33995000000000003 0.7507484375 0.382625 0.7397421875 0.43481249999999994 0.7160578125 0.45973437500000003 0.7106578125 0.4643 0.7081859374999999 0.4643 0.7058859375 0.45783125 0.6986421875 0.45707031249999996 0.6934515625000001 0.4514265625 0.6890625 0.44800312499999995 0.687634375 0.44838281249999995 0.683071875 0.44388125 0.677046875 0.43779375 0.671646875 0.4283453125 0.6666671875 0.42041874999999995 0.6649953125 0.4072296875 0.6664578125 0.39169375 0.6739109375 0.371275 0.6867984375 0.3516796875 0.6969703125 0.3259359375 0.7158484374999999 0.3138234375 0.7285265625 0.31084375 0.7355968749999999 0.3142046875 0.73744375 0.3244140625 0.7368171875 0.3599875 0.7173109375 0.3746984375 0.710240625 0.38072343750000004 0.7077671875 0.38300625 0.7077671875 0.3833859375 0.7088125 0.371275 0.7235453125 0.326696875 0.7469875 0.3240328125 0.74886875 0.3240328125 0.7499125
4 0.3495875 0.6402640625 0.2987953125 0.653709375 0.291565625 0.6569484375 0.290678125 0.6624515625 0.2942921875 0.66395 0.30336093750000004 0.6631828125 0.3251109375 0.658203125 0.34369062499999997 0.6557296874999999 0.3505390625 0.6564609375 0.35142656250000004 0.6572281249999999 0.35009531250000003 0.6611984375 0.3459734375 0.6651687500000001 0.3178828125 0.671646875 0.30336093750000004 0.6743984375000001 0.29562499999999997 0.680634375 0.29518125 0.6836296875000001 0.2974640625 0.6851265625 0.3133171875 0.6836296875000001 0.42764687500000004 0.66419375 0.42764687500000004 0.6557296874999999 0.42079843749999996 0.648728125 0.4239703125 0.6437484375 0.42079843749999996 0.6395328124999999 0.42175 0.6330546874999999 0.42219375000000003 0.6317999999999999 0.42175 0.630790625 0.41902343750000004 0.6292921875 0.406784375 0.629571875 0.3495875 0.6402640625
3 0.3153453125 0.6084640625 0.264109375 0.6249046875000001 0.25091874999999997 0.6321484374999999 0.2495875 0.6351453125 0.25275781249999996 0.6361203125 0.2681671875 0.634378125 0.32079843750000003 0.6308953125000001 0.4183265625 0.6271687499999999 0.4246671875 0.6244171875 0.423271875 0.6221875 0.42422343749999997 0.61246875 0.422828125 0.6 0.42238437500000003 0.59975625 0.41407812499999996 0.594078125 0.40469218749999997 0.593034375 0.370259375 0.5982578125 0.3153453125 0.6084640625
3 0.25973437499999996 0.5900390625 0.2512359375 0.5954375 0.24927031249999998 0.6000703125 0.25256875 0.600453125 0.28585937499999997 0.59470625 0.314584375 0.5957859375 0.3801515625 0.5968296875 0.408496875 0.596203125 0.41376093750000004 0.594565625 0.4213703125 0.5879140625 0.42473124999999995 0.5831421875 0.4190875 0.578996875 0.41268281250000005 0.5704625 0.411034375 0.5690000000000001 0.38972656250000004 0.5704984375000001 0.3303109375 0.5774984375 0.27083124999999997 0.5867984374999999 0.25973437499999996 0.5900390625
1 0.36474375000000003 0.5423546875 0.28085 0.5457687499999999 0.24863593750000001 0.5509921875 0.245909375 0.5535 0.245909375 0.5554859375000001 0.254978125 0.5624515625 0.2713375 0.564959375 0.358021875 0.566075 0.38560625000000004 0.567746875 0.40297968749999996 0.5669109375 0.4090671875 0.562346875 0.42301875000000005 0.549459375 0.423271875 0.5482765625 0.4205453125 0.5457687499999999 0.41693125000000003 0.5445140625 0.40462968750000006 0.542771875 0.36474375000000003 0.5423546875
2 0.26670937499999997 0.5269250000000001 0.2699421875 0.529815625 0.2921375 0.5337515625 0.3552953125 0.53629375 0.3826890625 0.5392203125 0.4081796875 0.53956875 0.411984375 0.5291890625 0.41204843750000003 0.5245562500000001 0.4123015625 0.521490625 0.411921875 0.518146875 0.308496875 0.5212125000000001 0.266075 0.5215609375 0.26670937499999997 0.5269250000000001
2 0.3637921875 0.49926875 0.30215625 0.5007312500000001 0.282878125 0.5032046875 0.28104062500000004 0.50529375 0.282878125 0.5079765625 0.3157890625 0.5144203125 0.407609375 0.5156734375 0.41065312499999995 0.5111109375 0.41255625 0.5029953125 0.4129359375 0.5013578125 0.41179531249999995 0.49989531249999997 0.40577031249999995 0.497596875 0.372859375 0.4973875 0.3637921875 0.49926875
2 0.2844 0.477115625 0.27983437499999997 0.4796234375 0.28097656249999997 0.48251406250000006 0.2927078125 0.4858234375 0.3599875 0.49164062499999994 0.3792640625 0.4943578125 0.4098921875 0.49582031249999997 0.41439375 0.49185 0.4174375 0.48004218749999994 0.4174375 0.47920625 0.41439375 0.477325 0.3720984375 0.4758625 0.34071093750000003 0.47669843749999996 0.2844 0.477115625
2 0.2790109375 0.4570875 0.27171875 0.4583421875 0.266265625 0.46133749999999996 0.266265625 0.4638453125 0.27311406250000003 0.46656250000000005 0.37374687500000003 0.47279687499999995 0.414584375 0.4735625 0.41731093750000003 0.4648203125 0.4140140625 0.4563921875 0.41325312500000005 0.453709375 0.4129359375 0.45266406249999996 0.37634687499999997 0.4531875 0.36474375000000003 0.4545796875 0.2790109375 0.4570875
1 0.266265625 0.4233015625 0.25041250000000004 0.42455625 0.24438749999999998 0.4266109375 0.24362656249999998 0.4297453125 0.24965156249999998 0.4334734375 0.26778749999999996 0.43866250000000007 0.3418515625 0.44716093749999997 0.381928125 0.451096875 0.40951250000000006 0.44925156250000003 0.41934062499999997 0.44569843750000004 0.4216234375 0.44029999999999997 0.4133171875 0.436571875 0.40944843750000004 0.431209375 0.40799062499999994 0.42911875000000005 0.407609375 0.42765624999999996 0.405390625 0.4268203125 0.3955609375 0.4261921875 0.266265625 0.4233015625
3 0.276728125 0.394078125 0.2672796875 0.391396875 0.254090625 0.3853703125 0.251046875 0.38599843749999996 0.2487640625 0.38850625 0.267659375 0.40240312500000003 0.29562499999999997 0.4117375 0.3791375 0.4223265625 0.40450156249999997 0.42337187500000006 0.409765625 0.4206546875 0.4135703125 0.41671874999999997 0.42339843750000006 0.4132015625 0.42301875000000005 0.41069374999999997 0.4176921875 0.40571250000000003 0.41395 0.3998953125 0.412809375 0.3984671875 0.41090625000000003 0.39616875 0.4048828125 0.3942875 0.334178125 0.3967953125 0.276728125 0.394078125
3 0.2644890625 0.35931718749999997 0.2644890625 0.36172031250000003 0.2731765625 0.367990625 0.29606875 0.37875312499999997 0.328725 0.385928125 0.377171875 0.39432187500000004 0.39942968749999996 0.400278125 0.407609375 0.4 0.41363281250000006 0.39609843749999996 0.420165625 0.39042187500000003 0.42067187500000003 0.38443125 0.41959375000000004 0.373075 0.41851562500000006 0.3712984375 0.4168671875 0.3700796875 0.411984375 0.3685828125 0.271528125 0.3569484375 0.2644890625 0.35931718749999997
4 0.3374125 0.3094046875 0.31889687499999997 0.306409375 0.3064046875 0.3097171875 0.301521875 0.3156734375 0.303678125 0.3189828125 0.3553578125 0.3297453125 0.3559296875 0.33092968749999996 0.349396875 0.3381046875 0.32980312500000003 0.336328125 0.3150921875 0.3321140625 0.3064046875 0.3303375 0.2954984375 0.330025 0.29226406250000003 0.33242812499999996 0.30202968750000003 0.3405078125 0.41636093750000003 0.36680625 0.41902343750000004 0.3662140625 0.4228921875 0.36321875000000003 0.42612500000000003 0.358446875 0.42885156249999995 0.34137968750000003 0.4335453125 0.33221875 0.43538437500000005 0.329153125 0.43481249999999994 0.32556562499999997 0.43100781250000003 0.3228484375 0.42555468750000003 0.32135156249999997 0.3374125 0.3094046875
4 0.3124921875 0.267746875 0.3264421875 0.28080781250000003 0.4152828125 0.32232656249999997 0.4220671875 0.32441718750000004 0.4281546875 0.32420781249999997 0.43265624999999996 0.31755468750000004 0.43868124999999997 0.31591718750000003 0.443246875 0.310728125 0.4470515625 0.30219375 0.44667031250000006 0.299721875 0.45345625 0.294740625 0.45726093749999996 0.2849875 0.45726093749999996 0.2766625 0.4523140625 0.27230937499999996 0.4190875 0.265865625 0.3873171875 0.2573671875 0.348003125 0.24925156249999997 0.3370328125 0.2490421875 0.328725 0.2509234375 0.3279640625 0.251759375 0.3283453125 0.2552765625 0.3310078125 0.2586203125 0.33779375 0.262765625 0.3695625 0.27230937499999996 0.379771875 0.2764546875 0.3929609375 0.28540625 0.3843375 0.28411718750000003 0.379771875 0.283315625 0.341978125 0.27356250000000004 0.32415937499999997 0.2644375 0.30564375 0.2584109375 0.3124921875 0.267746875
4 0.3661375 0.21445468750000002 0.401965625 0.2483453125 0.4142046875 0.256321875 0.423715625 0.2647859375 0.43823749999999995 0.2695234375 0.4559296875 0.2715078125 0.4690546875 0.26826875 0.47362031250000003 0.26280000000000003 0.4745078125 0.25579999999999997 0.48129375 0.25081875 0.4822453125 0.2478234375 0.4944828125 0.2425984375 0.49581406250000004 0.24036875000000002 0.4881421875 0.23462187499999998 0.4363984375 0.206965625 0.411034375 0.1942875 0.39606875 0.1900390625 0.387 0.18930625 0.38972656250000004 0.1960296875 0.41236562499999996 0.21518593749999998 0.4196578125 0.22716875 0.4201015625 0.229884375 0.418453125 0.229815625 0.4159796875 0.22890937500000003 0.39740000000000003 0.21745 0.3779328125 0.19926875 0.3724796875 0.2025078125 0.3661375 0.21445468750000002
4 0.530246875 0.23092968749999998 0.5124921875 0.23754843750000001 0.503425 0.244828125 0.50044375 0.2502265625 0.5026640625 0.255625 0.5121109374999999 0.2610234375 0.52650625 0.26290468749999996 0.5563734375 0.26370625 0.6005703125 0.2626953125 0.61870625 0.25914375 0.6360812499999999 0.2531171875 0.645909375 0.24691718749999997 0.6497140625 0.2411 0.637221875 0.2435734375 0.5745078125 0.25270000000000004 0.5518078125 0.2529078125 0.5427390625 0.25353593750000003 0.5442609375 0.2514796875 0.548065625 0.24939062500000003 0.5797718749999999 0.24656875 0.62041875 0.24186718749999997 0.6254921875 0.241309375 0.6466703125000001 0.23612031249999998 0.628915625 0.23692031249999998 0.5521874999999999 0.2327765625 0.530246875 0.23092968749999998
4 0.6396328125 0.27495625 0.6346859375 0.27453906250000004 0.6211156250000001 0.2757921875 0.5326562499999999 0.2683390625 0.5133796875 0.26395 0.508496875 0.267084375 0.49638593750000004 0.2681296875 0.496765625 0.2737375 0.488459375 0.2886796875 0.49036093750000004 0.29655156250000003 0.4979078125 0.3013234375 0.5133796875 0.30362187500000004 0.54743125 0.304040625 0.584084375 0.3057125 0.6176921875 0.3079765625 0.6248578124999999 0.30362187500000004 0.632846875 0.2998953125 0.6339890625 0.294078125 0.6305640625 0.29324218750000003 0.5999359375 0.2949140625 0.5885859375 0.2942875 0.5825625 0.29240625 0.57951875 0.29052656250000003 0.5791375000000001 0.28909843749999997 0.5814203124999999 0.286590625 0.5863671874999999 0.284534375 0.5942921875 0.28411718750000003 0.628471875 0.284709375 0.6339890625 0.2843265625 0.638490625 0.2828625 0.6400125 0.281609375 0.6411546875 0.2774640625 0.6396328125 0.27495625
4 0.618896875 0.31591718750000003 0.6151546875 0.3146640625 0.5985421875 0.313409375 0.538046875 0.3115640625 0.514965625 0.3063734375 0.49270781250000006 0.3030296875 0.48509843750000003 0.3036578125 0.4726703125 0.3109375 0.47190937499999996 0.3163359375 0.476790625 0.322153125 0.47000624999999996 0.331278125 0.468865625 0.334796875 0.4726703125 0.3431203125 0.476790625 0.3478921875 0.48928281250000005 0.348728125 0.53956875 0.34705625 0.56829375 0.3481015625 0.6 0.34538437499999997 0.62041875 0.3404046875 0.6227015625 0.339359375 0.6238421875 0.3368859375 0.62308125 0.33378593749999996 0.6207984375 0.33232343750000004 0.6068484375 0.33232343750000004 0.5644890625000001 0.3352140625 0.558465625 0.3339609375 0.5558015625 0.330025 0.5558015625 0.32629687500000004 0.56220625 0.32441718750000004 0.571275 0.3237890625 0.608940625 0.3252171875 0.616296875 0.32504374999999996 0.6219406249999999 0.32194375000000003 0.6219406249999999 0.3194359375 0.6211796875 0.3175890625 0.618896875 0.31591718750000003
3 0.630628125 0.3659703125 0.6246671874999999 0.3647859375 0.5897265625 0.3621734375 0.53519375 0.35593906249999996 0.4835765625 0.347996875 0.4684203125 0.35214218750000004 0.46182656250000004 0.35750625 0.4611921875 0.361128125 0.471275 0.3735984375 0.48040625 0.37635 0.5062140625 0.3760015625 0.5809124999999999 0.3765234375 0.62561875 0.373946875 0.6272031250000001 0.3735984375 0.6322125 0.3715078125 0.63348125 0.369975 0.6331640625 0.3684078125 0.630628125 0.3659703125
3 0.62828125 0.378334375 0.578440625 0.3791015625 0.4826890625 0.3731109375 0.464553125 0.37708125 0.45865625000000004 0.38282812499999996 0.4591 0.38979375 0.46499687500000003 0.39104843749999996 0.463221875 0.3960296875 0.4677234375 0.400521875 0.48091249999999997 0.40498124999999996 0.5031078124999999 0.405259375 0.595625 0.39230156250000003 0.6228281250000001 0.386103125 0.62828125 0.38530156249999997 0.631959375 0.38258437500000003 0.632403125 0.3805640625 0.6310078125 0.3791015625 0.62828125 0.378334375
1 0.47596718750000006 0.4015328125 0.45409062499999997 0.408359375 0.44914375 0.4119125 0.44952500000000006 0.41417656249999996 0.47260625 0.42911875000000005 0.493025 0.4299546875 0.5814203124999999 0.4266453125 0.6086234375 0.4237203125 0.6426125 0.41288749999999996 0.6464171875 0.411703125 0.65174375 0.40919531249999996 0.6150921874999999 0.40815 0.5092578125 0.4004875 0.47596718750000006 0.4015328125
2 0.5594171875 0.437965625 0.485034375 0.4334734375 0.46734375000000006 0.4337515625 0.45009531249999996 0.43598125000000004 0.44648125 0.4446875 0.4487 0.45416249999999997 0.454596875 0.4561484375 0.5720984375 0.4563921875 0.589790625 0.455415625 0.6022828125 0.4508875 0.6052 0.44966875 0.6115406250000001 0.4454546875 0.6115406250000001 0.44395625 0.609765625 0.442459375 0.5594171875 0.437965625
2 0.4942296875 0.462034375 0.44572031250000005 0.45952656249999996 0.440265625 0.4612671875 0.4366515625 0.46527343749999994 0.43252968750000004 0.48941093750000003 0.43570000000000003 0.49143125000000004 0.47336718749999995 0.49191874999999996 0.511478125 0.491153125 0.5631578125 0.4881921875 0.5953703124999999 0.48195781249999997 0.6214328124999999 0.475165625 0.627140625 0.47398125 0.628471875 0.47025468750000005 0.6234625 0.46875625000000004 0.5781234375000001 0.46527343749999994 0.4942296875 0.462034375
2 0.541534375 0.500453125 0.4783765625 0.49686562500000003 0.4364609375 0.495959375 0.4391890625 0.5198890625 0.44952500000000006 0.52796875 0.4620796875 0.5303375 0.502346875 0.5282484375000001 0.530628125 0.5288406250000001 0.56005 0.52675 0.60481875 0.5213515625 0.6111609375 0.5207937499999999 0.614965625 0.5174859374999999 0.6138874999999999 0.5133046875 0.6035515625000001 0.5103093750000001 0.541534375 0.500453125
2 0.58478125 0.5361546875000001 0.5214328125 0.5334375 0.45351875 0.5334375 0.44825625 0.534865625 0.44242187499999996 0.5535359375 0.446353125 0.55604375 0.47704531250000004 0.5571234375 0.5162328125 0.5556953124999999 0.609575 0.55064375 0.61090625 0.5499484375 0.6142046875 0.5477875 0.6148390625 0.5449328125 0.609575 0.54134375 0.58478125 0.5361546875000001
1 0.609828125 0.56826875 0.5013953124999999 0.563253125 0.48046875 0.5610937500000001 0.46677187499999995 0.5628703125000001 0.46220625000000004 0.5654125 0.44394375 0.5815390625 0.44914375 0.5858578125 0.47007031250000003 0.591221875 0.5072921874999999 0.590875 0.570640625 0.5887140625 0.612428125 0.5869390625 0.641090625 0.5847781249999999 0.6521250000000001 0.583071875 0.6607484375 0.581190625 0.6738109375 0.57544375 0.6627140625 0.5725875 0.609828125 0.56826875
3 0.62828125 0.5916750000000001 0.6178828125 0.5891671875 0.48135625 0.5877390625000001 0.46962656249999996 0.59094375 0.46569374999999996 0.5941828124999999 0.46569374999999996 0.6024375 0.45523125000000003 0.6132015625 0.459796875 0.6164046875 0.4807234375 0.62358125 0.5068484375 0.61999375 0.6086234375 0.6088125 0.618515625 0.60710625 0.6270140625 0.6045984375 0.6329109374999999 0.5991984375 0.6329109374999999 0.595959375 0.62828125 0.5916750000000001
3 0.6144578125 0.6098578125 0.502790625 0.6137937499999999 0.4851609375 0.6156046875000001 0.4746984375 0.6213171875 0.46620156250000006 0.6399859375 0.4701328125 0.6443046875 0.48579531249999997 0.6464296875 0.51261875 0.6443046875 0.6173109375 0.62796875 0.62561875 0.6263671875 0.6334171875 0.6213171875 0.6334171875 0.6137937499999999 0.6294859374999999 0.6112859375 0.6144578125 0.6098578125
4 0.64483125 0.6824453125 0.6207984375 0.6774640625 0.566328125 0.6764890625 0.5209890625 0.6774640625 0.49784375000000003 0.6814703125 0.490171875 0.6874265625 0.49061562500000006 0.695890625 0.49923906249999994 0.7053640624999999 0.49923906249999994 0.7148375 0.50830625 0.718321875 0.5341781250000001 0.7173453125 0.5641093749999999 0.713828125 0.6498421875 0.7058859375 0.65523125 0.7038656249999999 0.6566265625 0.7016375 0.65523125 0.6983984375000001 0.6516171875000001 0.6973874999999999 0.6262531250000001 0.6969000000000001 0.5944828125 0.6983984375000001 0.5845281250000001 0.6976312499999999 0.5835765625 0.695646875 0.584971875 0.69265 0.5876984375000001 0.69143125 0.5935953125 0.690421875 0.6103359375 0.690421875 0.6425484375 0.69240625 0.6461640625 0.69240625 0.6498421875 0.69143125 0.6520609375 0.6894109375 0.649334375 0.68443125 0.64483125 0.6824453125
4 0.6522515624999999 0.726784375 0.5969562500000001 0.7198187500000001 0.5542796875 0.7195750000000001 0.5311343749999999 0.7208296875 0.5234625 0.7233015625 0.5198484375 0.7265406249999999 0.5152828125 0.73824375 0.518453125 0.7422500000000001 0.5311343749999999 0.7502265625 0.538871875 0.7522125 0.538871875 0.754196875 0.549778125 0.7586906250000001 0.5674703125 0.7571921875000001 0.60646875 0.7517234375 0.626125 0.7522125 0.667215625 0.7449671875 0.6690546875 0.7424937500000001 0.667215625 0.741484375 0.6622703125 0.7405078125 0.6109703125 0.7442359374999999 0.6050734375 0.7429812499999999 0.6055171875 0.7417281250000001 0.6100828125 0.7399859375 0.6408375000000001 0.7366421875 0.65003125 0.736084375 0.6690546875 0.736259375 0.6703875 0.7332640625 0.6690546875 0.731278125 0.6522515624999999 0.726784375
