4 0.46937187500000005 0.7295375 0.43703281250000003 0.732740625 0.3968921875 0.7466046875 0.360684375 0.761859375 0.3348125 0.7792749999999999 0.3322125 0.785684375 0.3348125 0.7881578124999999 0.3477484375 0.785684375 0.361953125 0.775375 0.390425 0.760815625 0.4026640625 0.75963125 0.41204843750000003 0.7633578125 0.41388749999999996 0.768025 0.408496875 0.773215625 0.360684375 0.795959375 0.35941718749999996 0.80236875 0.36391874999999996 0.803796875 0.372353125 0.80236875 0.39949218750000004 0.7949140625 0.4266328125 0.7814 0.4709578125 0.7678515625 0.47647500000000004 0.7654124999999999 0.47970781249999994 0.7629390625 0.47774218749999997 0.732009375 0.47514218750000003 0.7298843749999999 0.46937187500000005 0.7295375
4 0.39156562500000003 0.6913265625 0.351934375 0.696446875 0.3434375 0.6981546875 0.3348765625 0.704109375 0.3379828125 0.708359375 0.3441984375 0.7088125 0.40082500000000004 0.7028218749999999 0.41014531249999997 0.7028218749999999 0.4148390625 0.7058171875 0.41559999999999997 0.7092296874999999 0.41325312500000005 0.713896875 0.4070390625 0.7156046875000001 0.3674703125 0.71818125 0.3488265625 0.7211765625 0.34032968750000003 0.72455625 0.3379828125 0.7292578125 0.33874375 0.7330890625 0.3542796875 0.734796875 0.47533281250000003 0.728840625 0.48002500000000003 0.725009375 0.4807859375 0.72243125 0.48389375 0.6934515625000001 0.48389375 0.6892031249999999 0.48002500000000003 0.6870421875 0.47533281250000003 0.6857890624999999 0.45986093749999996 0.6857890624999999 0.39156562500000003 0.6913265625
3 0.3469875 0.6566703125 0.32523749999999996 0.6605015625 0.316740625 0.665621875 0.316740625 0.669871875 0.3182625 0.6732843749999999 0.325428125 0.675409375 0.344959375 0.675409375 0.46005 0.6848828124999999 0.48338593750000003 0.6834546875 0.48915625 0.6781265624999999 0.49048749999999997 0.6745734375 0.49048749999999997 0.66711875 0.48839531249999996 0.6571921875 0.48750781249999997 0.6545453125 0.48440000000000005 0.6515500000000001 0.46962656249999996 0.6506796875 0.4059609375 0.6515500000000001 0.3469875 0.6566703125
3 0.47209843749999997 0.6189484375000001 0.38928281249999996 0.6292578125 0.355675 0.6313828125 0.3427390625 0.633159375 0.3382375 0.636015625 0.3382375 0.6402640625 0.3433734375 0.6423890625 0.36214375 0.6441656250000001 0.47209843749999997 0.6487984375 0.47856718750000005 0.6480671874999999 0.48306875 0.6423890625 0.488521875 0.6287015625000001 0.48890312500000005 0.6249734375 0.48826875000000003 0.6225015625 0.48630312499999995 0.6203765625 0.48243437499999997 0.6189484375000001 0.47209843749999997 0.6189484375000001
1 0.33956875000000003 0.5890984375 0.3259359375 0.594078125 0.32079843750000003 0.598328125 0.32079843750000003 0.60188125 0.32530156250000003 0.6040062500000001 0.340203125 0.606165625 0.48573281250000006 0.6160921874999999 0.49086875 0.6146640624999999 0.4948 0.6079421875000001 0.5025359375 0.583803125 0.501903125 0.5787875 0.49670312499999997 0.5755828125 0.4805328125 0.575234375 0.3796453125 0.584465625 0.33956875000000003 0.5890984375
1 0.49923906249999994 0.3923375 0.39771718749999996 0.3872171875 0.3558015625 0.38568437499999997 0.33715937500000004 0.38669375 0.3315796875 0.3923375 0.33436875 0.396934375 0.3520609375 0.40257812499999995 0.42847187499999995 0.4189484375 0.50481875 0.42507812500000003 0.5123015625 0.42507812500000003 0.5159796875 0.4199578125 0.5168671875 0.41020625 0.5159796875 0.40459843749999996 0.5152828125 0.39982656250000004 0.5123015625 0.3964125 0.5085609375 0.3943921875 0.49923906249999994 0.3923375
3 0.4102734375 0.3561828125 0.36214375 0.3518984375 0.345021875 0.35276874999999996 0.34039375 0.35701875 0.341978125 0.36255625 0.35434375 0.366840625 0.39784375 0.3736671875 0.39784375 0.37408593749999997 0.4878890625 0.3838734375 0.5018390625 0.3809125 0.5057078125000001 0.376628125 0.5071656250000001 0.36795468750000004 0.5072921874999999 0.361303125 0.5025999999999999 0.3561828125 0.49638593750000004 0.35360468749999996 0.4870640625 0.3518984375 0.4102734375 0.3561828125
3 0.3592265625 0.3287015625 0.34819218749999997 0.33082500000000004 0.34369062499999997 0.336503125 0.344959375 0.34252812499999996 0.3604953125 0.3450359375 0.4885859375 0.3510625 0.4924546875 0.3500171875 0.49435624999999994 0.34824062499999997 0.4956875 0.3450359375 0.4956875 0.3311734375 0.4898546875 0.32441718750000004 0.4853515625 0.32194375000000003 0.47951875 0.3201671875 0.45814843749999995 0.3208640625 0.37862968750000003 0.3283171875 0.3592265625 0.3287015625
4 0.3672796875 0.2834203125 0.355040625 0.2862765625 0.35307499999999997 0.2884015625 0.35434375 0.29052656250000003 0.360178125 0.2919546875 0.41712187500000003 0.2948109375 0.42422343749999997 0.296203125 0.42618906250000005 0.2979796875 0.42618906250000005 0.301915625 0.4216234375 0.3036921875 0.41388749999999996 0.3047375 0.38605 0.3036921875 0.3660109375 0.3036921875 0.353709375 0.30578125 0.3462265625 0.3078375 0.3453390625 0.312190625 0.3498421875 0.31361875 0.45009531249999996 0.319296875 0.4811671875 0.3175203125 0.483703125 0.31574375 0.48566875 0.312921875 0.48630312499999995 0.3065140625 0.48440000000000005 0.3036921875 0.47660156249999996 0.2987109375 0.4772984375 0.2867984375 0.4772359375 0.283071875 0.466265625 0.2766625 0.44749531249999996 0.2766625 0.3970828125 0.27951875 0.3672796875 0.2834203125
4 0.3568796875 0.2404734375 0.351996875 0.2419359375 0.35091875 0.243434375 0.35256875 0.2466734375 0.358465625 0.24817187500000001 0.40297968749999996 0.2500875 0.4033609375 0.25604375 0.4 0.25914375 0.380025 0.259421875 0.3622703125 0.2582375 0.351996875 0.2582375 0.3455296875 0.26060625000000004 0.3422953125 0.26534375 0.3455296875 0.2694875 0.3961953125 0.27450312499999996 0.46303124999999995 0.2786484375 0.460875 0.257053125 0.467596875 0.2428078125 0.46791406249999995 0.23988125 0.4646796875 0.236015625 0.460875 0.234553125 0.45174375 0.2342390625 0.3568796875 0.2404734375
4 0.49315156250000003 0.191640625 0.4726703125 0.18571875 0.42955 0.179484375 0.39771718749999996 0.164403125 0.3907421875 0.164403125 0.38909375 0.1673640625 0.3907421875 0.1721 0.3944828125 0.17593125 0.4258078125 0.1913265625 0.4268859375 0.1946015625 0.42504687499999994 0.1977703125 0.42219375000000003 0.200034375 0.41439375 0.200034375 0.39771718749999996 0.19697031250000002 0.3944828125 0.1956109375 0.3869375 0.19045625 0.3713375 0.173284375 0.36918125 0.1729703125 0.36322187499999997 0.1762453125 0.3627140625 0.18540625 0.3670265625 0.1913265625 0.3853515625 0.20644374999999998 0.397209375 0.21118125000000001 0.4162328125 0.2251484375 0.421496875 0.2273765625 0.42650625 0.2307203125 0.43145156250000005 0.232253125 0.4565 0.236328125 0.46620156250000006 0.23605 0.4726703125 0.23336874999999999 0.485034375 0.221246875 0.48668281249999995 0.21236562499999997 0.49486406250000003 0.20358749999999998 0.49638593750000004 0.20170625000000003 0.4974640625 0.20052187500000002 0.4974640625 0.1972484375 0.49638593750000004 0.1946015625 0.49315156250000003 0.191640625
4 0.5802796875 0.252978125 0.5899171875 0.248971875 0.6242234375 0.24555937499999997 0.6422953125 0.2409609375 0.6468609375 0.23775624999999997 0.6461640625 0.2327765625 0.6390609375 0.230303125 0.55954375 0.23598124999999998 0.5123015625 0.24200624999999998 0.499365625 0.24486249999999998 0.49289843749999995 0.2491125 0.49289843749999995 0.2569484375 0.49613125 0.2605015625 0.49162968749999997 0.2665265625 0.50386875 0.28181875 0.5149015625 0.283246875 0.6216234375 0.2676078125 0.6471140625 0.2611640625 0.6500953125 0.257296875 0.6487640625 0.25586875 0.6464171875 0.25541562500000003 0.6422953125 0.25586875 0.59175625 0.26154687499999996 0.5797718749999999 0.260675 0.5782499999999999 0.256984375 0.5802796875 0.252978125
4 0.664109375 0.3039703125 0.6473046874999999 0.3018453125 0.598478125 0.3056421875 0.5906781249999999 0.3032390625 0.5927703125 0.29352187500000004 0.60215625 0.29094375 0.6434375 0.289759375 0.6518703125 0.28833125000000004 0.6563734375 0.28620625 0.6563734375 0.28443125 0.6525046875 0.28018125 0.6473046874999999 0.2791015625 0.6240328125 0.2791015625 0.5322125 0.2826546875 0.5140781249999999 0.2840828125 0.5088781250000001 0.2894109375 0.510209375 0.296865625 0.5179453125 0.3032734375 0.512809375 0.3089515625 0.5153453125 0.3171015625 0.5237796875 0.32243125 0.53608125 0.3235109375 0.6566265625 0.3134796875 0.663475 0.3125046875 0.666075 0.3110765625 0.6680406249999999 0.308603125 0.666709375 0.3053984375 0.664109375 0.3039703125
3 0.6580843749999999 0.326540625 0.6494609375 0.3241734375 0.5659484375 0.3229890625 0.5357640625 0.32535625 0.5249843750000001 0.327725 0.5222578125 0.3324625 0.5222578125 0.34134375 0.52821875 0.34845000000000004 0.5357640625 0.354371875 0.5438171875 0.3564265625 0.576728125 0.3540578125 0.6573234375 0.34315625 0.6629671874999999 0.3416234375 0.6651234374999999 0.3404390625 0.6645531250000001 0.33155625 0.6618890625 0.3283171875 0.6580843749999999 0.326540625
3 0.66043125 0.3633921875 0.6528859375 0.36043125 0.5731140625 0.3562875 0.5429296875 0.3562875 0.5310718750000001 0.3610234375 0.5278375 0.36753749999999996 0.5284078125 0.37997187499999996 0.53430625 0.38530156249999997 0.5472421875 0.3864859375 0.656690625 0.38261875 0.659353125 0.3817484375 0.66474375 0.3781953125 0.665821875 0.36990625 0.6636656249999999 0.366353125 0.66043125 0.3633921875
1 0.6722890625 0.40512031249999997 0.6663921875 0.3962375 0.66043125 0.394775 0.5925171875 0.390909375 0.5359546875000001 0.391221875 0.5278375 0.3938703125 0.523525 0.403065625 0.5224484375 0.418146875 0.5278375 0.4184609375 0.56125625 0.4175546875 0.6588453125 0.41637031249999995 0.661509375 0.41637031249999995 0.6653140625 0.41550000000000004 0.6712109374999999 0.41253906249999994 0.6733671875 0.409578125 0.6722890625 0.40512031249999997
2 0.67825 0.433125 0.5314515625 0.42319687500000003 0.5236531249999999 0.4242421875 0.51915 0.430303125 0.517184375 0.45162031249999995 0.5301203125 0.45266406249999996 0.6045015625 0.4473359375 0.6759671875000001 0.4444796875 0.6847171875 0.44413125000000003 0.6873171874999999 0.44308593749999997 0.6885859375 0.43775624999999996 0.6853515625 0.434553125 0.67825 0.433125
2 0.52910625 0.45510312500000005 0.5175015625 0.4568796875 0.5149015625 0.46185937499999996 0.5103359375000001 0.49383437499999994 0.5252375 0.49383437499999994 0.6513640625 0.4853015625 0.687128125 0.4745390625 0.6927703125 0.47251875 0.6914390625 0.4671890625 0.6875718749999999 0.46541249999999995 0.6254921875 0.46043124999999996 0.52910625 0.45510312500000005
2 0.7224484375 0.5385921875 0.7224484375 0.5361203125 0.720165625 0.531696875 0.7166140624999999 0.5284921875 0.708940625 0.52650625 0.6662656250000001 0.519121875 0.6330375 0.511703125 0.5544703125 0.5018453125 0.5104625 0.4981546875 0.5086234375 0.5003484375 0.503678125 0.5245203125 0.5041218749999999 0.53368125 0.5095125 0.5371296875 0.5216875 0.5383484375 0.5814203124999999 0.5351453125 0.693721875 0.5432953125 0.7026640625 0.5437828125 0.706721875 0.5437828125 0.7166140624999999 0.542284375 0.721115625 0.541065625 0.7224484375 0.5385921875
2 0.687128125 0.5597000000000001 0.67869375 0.5579234375000001 0.62821875 0.5518984375 0.5408999999999999 0.543015625 0.5111609374999999 0.5415890625 0.5066578125000001 0.5636359375 0.5085609375 0.5689656249999999 0.5169937499999999 0.570359375 0.5532015625 0.5714390625 0.603678125 0.5678859375 0.6816734375 0.5686171875 0.6888390625 0.5685828125 0.6928984375 0.56680625 0.6928984375 0.563984375 0.6916296875 0.56255625 0.687128125 0.5597000000000001
1 0.7148390625000001 0.599234375 0.7072921875 0.5965859375 0.6712109374999999 0.5877046874999999 0.584971875 0.573771875 0.54128125 0.572309375 0.5251109375 0.5740859375 0.5154093750000001 0.5805984375000001 0.5116671875 0.5900734375 0.517565625 0.6031 0.5251109375 0.6060609375 0.5396953124999999 0.6069312499999999 0.58605 0.6013234375 0.6253640625 0.60073125 0.707609375 0.6053640625 0.7143312500000001 0.6051546875 0.7159156249999999 0.6045625 0.7164875 0.6027859375 0.7164875 0.6010093750000001 0.7148390625000001 0.599234375
3 0.719975 0.624590625 0.7137609375 0.6220125000000001 0.652440625 0.6177640625 0.5779328125000001 0.6139328125 0.559353125 0.6101015624999999 0.53525625 0.61051875 0.5213062500000001 0.6143500000000001 0.5096390625 0.626296875 0.5096390625 0.6365375 0.5166140625 0.6442 0.529803125 0.6459078125 0.6004437499999999 0.6424937500000001 0.7121109375 0.6381046875 0.7168671875 0.6377921875 0.719975 0.6373734375 0.72308125 0.6331249999999999 0.72308125 0.6314171875000001 0.719975 0.624590625
3 0.715471875 0.6600843750000001 0.71084375 0.6580640625 0.5823078125000001 0.64576875 0.5310718750000001 0.6437125 0.518959375 0.6478234375 0.5078 0.6595953125 0.5068484375 0.668790625 0.512428125 0.6769765624999999 0.52175 0.68310625 0.58040625 0.6826187499999999 0.704121875 0.6781265624999999 0.7126828125 0.6774984374999999 0.720165625 0.6744343749999999 0.7229546874999999 0.670846875 0.721053125 0.66419375 0.715471875 0.6600843750000001
4 0.6818640625 0.7644031250000001 0.611096875 0.7629046875000001 0.5955609374999999 0.7611984374999999 0.5854781250000001 0.7560781249999999 0.5956875 0.7504703125 0.6174375000000001 0.7503656249999999 0.6725421875 0.7554515625 0.674825 0.7456640625000001 0.6725421875 0.7435390625 0.66474375 0.740125 0.5739375 0.730303125 0.5328468749999999 0.726471875 0.5173109375 0.728178125 0.5118578125 0.734134375 0.5087515625 0.744375 0.51261875 0.7512015625 0.5087515625 0.7588640625 0.5079906249999999 0.7673984375 0.5157265625 0.7725187499999999 0.5389984375 0.77593125 0.6729859375 0.777846875 0.688078125 0.7767671875 0.6911859375 0.7755140625 0.6911859375 0.7716828125 0.6896 0.767815625 0.6818640625 0.7644031250000001
4 0.51344375 0.7311046875 0.5360171874999999 0.732740625 0.5712109375 0.7325328125 0.6038046875 0.7268203125 0.67083125 0.7252171875 0.6986046875 0.7260187499999999 0.7022828125 0.722953125 0.70304375 0.7148375 0.6923265625 0.7107625 0.6678499999999999 0.7099609375 0.6026640624999999 0.7050859375 0.594546875 0.6922671874999999 0.58566875 0.6859625 0.5504749999999999 0.6839078125 0.5279015625000001 0.6836984375 0.51344375 0.6871828125 0.5060234375 0.6952984375 0.5090046874999999 0.7046671875 0.5086234375 0.710553125 0.50824375 0.7117734375 0.5074828124999999 0.7117734375 0.5052625 0.7170671875 0.506784375 0.7254265625 0.51344375 0.7311046875
