5 0.654090625 0.24653437500000003 0.6518078125 0.24409687500000002 0.6455296875000001 0.2435734375 0.6365890624999999 0.245315625 0.6100828125 0.2645765625 0.566075 0.281575 0.5516796875 0.28899375 0.548065625 0.2924421875 0.5489531249999999 0.296865625 0.5539 0.29958125 0.566075 0.303553125 0.566075 0.3072453125 0.5700703125000001 0.31045 0.587128125 0.3173453125 0.5862390625 0.325009375 0.5948 0.32675 0.6024093749999999 0.32748125 0.6091953125 0.324765625 0.6172484375 0.319575 0.627140625 0.3143859375 0.669815625 0.276140625 0.682815625 0.2657953125 0.6927078125 0.25468437499999996 0.6760937499999999 0.25987499999999997 0.6361453125 0.2781265625 0.629803125 0.2798671875 0.627140625 0.2781265625 0.6275203125 0.2755140625 0.629803125 0.273946875 0.6450859375 0.2633234375 0.6513640625 0.2559390625 0.654534375 0.2485203125 0.654090625 0.24653437500000003
3 0.71350625 0.3937296875 0.7070390625 0.3855796875 0.686303125 0.3802515625 0.610653125 0.3802515625 0.5672796875 0.37739531249999997 0.561509375 0.3791703125 0.5472421875 0.39160625 0.5440078125000001 0.39728281249999997 0.5485734375 0.40654843749999997 0.5569437500000001 0.40867343749999996 0.560178125 0.40867343749999996 0.5776796875 0.40794218750000005 0.6526953125 0.4015671875 0.7109062500000001 0.39871093750000003 0.71350625 0.3937296875
3 0.7121109375 0.4318359375 0.6764109375 0.4237203125 0.6220671875 0.416475 0.5747625000000001 0.40710625 0.5522515625 0.40327343750000005 0.5452765625 0.404528125 0.5351296875 0.4075234375 0.5312625 0.412225 0.53430625 0.4280734375 0.536715625 0.430128125 0.5460375 0.4318359375 0.5646796875 0.430546875 0.6850984375 0.4347265625 0.7121109375 0.4318359375
1 0.7066578125 0.4509921875 0.7083062499999999 0.4483453125 0.7061515625 0.445384375 0.6953703124999999 0.44388750000000005 0.62473125 0.442703125 0.54388125 0.43650312500000005 0.5374125000000001 0.43915 0.5293593750000001 0.445384375 0.5233984375 0.45217656249999993 0.5228921875 0.45513750000000003 0.5244765625000001 0.458690625 0.5266328125 0.459003125 0.6005078125 0.4580984375 0.6889031250000001 0.45545156249999996 0.702346875 0.4533609375 0.7066578125 0.4509921875
2 0.6700062499999999 0.4693484375 0.66734375 0.468478125 0.5692453125 0.46492500000000003 0.52828125 0.46255625 0.5261250000000001 0.46374062499999996 0.5239703125 0.4663875 0.5228921875 0.4696625 0.5223203125 0.47408593750000005 0.5250468749999999 0.48000625 0.527203125 0.48091249999999997 0.538490625 0.48091249999999997 0.666771875 0.47380781250000004 0.6716546875 0.4714390625 0.6700062499999999 0.4693484375
2 0.676475 0.4903859375 0.6748890624999999 0.48829687499999996 0.6570703124999999 0.48592812500000004 0.5307546875 0.48279375 0.5307546875 0.49491406250000003 0.531515625 0.5001390625 0.5487640625 0.5001390625 0.6570703124999999 0.49421875000000004 0.6743187500000001 0.49303437499999997 0.676475 0.4903859375
2 0.63995 0.5141765625 0.647178125 0.51246875 0.6512359375 0.510240625 0.6521250000000001 0.5082546875 0.6516796874999999 0.5067921875 0.5424859375 0.5018453125 0.5348765625 0.5026125 0.5326562499999999 0.50431875 0.5331015625 0.5058171875 0.5375390624999999 0.510240625 0.5357640625 0.5136890625 0.53081875 0.518634375 0.63995 0.5141765625
2 0.67951875 0.531696875 0.6579578125000001 0.5248 0.62561875 0.5230578125 0.5290421875 0.5208640625000001 0.5285984375 0.526540625 0.5318328125 0.5344125 0.5326562499999999 0.5373734375 0.5339890625 0.540821875 0.5698796875000001 0.538140625 0.648065625 0.533925 0.67951875 0.531696875
1 0.692390625 0.5576796875000001 0.7094484375000001 0.5542312500000001 0.7216234375 0.5487984375 0.5882046875 0.5428765624999999 0.5334171875 0.54510625 0.5324671875 0.5468484375 0.5334171875 0.5485546875 0.5433734375 0.5602578125 0.5468609375 0.5633578124999999 0.55091875 0.5640890625 0.5603671875 0.5640890625 0.60393125 0.5628703125000001 0.692390625 0.5576796875000001
3 0.7083703125 0.5769421875 0.6958140625 0.5717515625 0.6670890625 0.567571875 0.609575 0.5670843750000001 0.5696265625 0.5648546875 0.5619531249999999 0.5650999999999999 0.5565625 0.566353125 0.5516171875 0.5698015625 0.548509375 0.57325 0.5448953125 0.580634375 0.556309375 0.590978125 0.560178125 0.593975 0.5632843750000001 0.59470625 0.5709578125 0.5944625 0.60824375 0.5907703125 0.7083703125 0.5769421875
3 0.7222578125 0.6098921875000001 0.720609375 0.608115625 0.7082437500000001 0.6036578125000001 0.6683578125 0.599234375 0.6235890625 0.5950890625 0.5729234375 0.5879828125000001 0.5670265624999999 0.5897593750000001 0.563221875 0.5962734375000001 0.554596875 0.6030656249999999 0.554596875 0.606025 0.5634750000000001 0.619540625 0.5659484375 0.6220125000000001 0.5718453125 0.623196875 0.717375 0.6140375 0.7222578125 0.61166875 0.7222578125 0.6098921875000001
4 0.6842734375 0.6765234375 0.627140625 0.6528390625 0.6098921875000001 0.6478234375 0.5969562500000001 0.647509375 0.591565625 0.6510625 0.591565625 0.6569843750000001 0.5926437499999999 0.6596656249999999 0.5883328125 0.6626265625000001 0.5775515625 0.6732843749999999 0.5786296875 0.6800765625 0.5721625 0.6871828125 0.5721625 0.6936953124999999 0.5829421875 0.6996171875 0.6120484375 0.7058515625 0.6459734375 0.7141421875 0.7036781249999999 0.729815625 0.7069124999999999 0.7271687499999999 0.7069124999999999 0.7230234375 0.70044375 0.715325 0.6713375 0.699025 0.6659484375 0.6925109375 0.6643 0.6888546875 0.66214375 0.684221875 0.7246671874999999 0.7046671875 0.72739375 0.7019859375 0.7203546875 0.6942875 0.6842734375 0.6765234375
4 0.4159796875 0.725740625 0.43107187500000005 0.7251484375 0.4855421875 0.7192265625 0.5140781249999999 0.723371875 0.530246875 0.7230578125 0.5410265625 0.721003125 0.5513 0.713584375 0.5528859374999999 0.7070703125 0.558275 0.700278125 0.559353125 0.6967265625 0.5518078125 0.6860671875000001 0.54914375 0.679240625 0.5410265625 0.6783703125 0.536715625 0.6756875 0.5286625 0.6748171875 0.475840625 0.6857546875 0.4381109375 0.6898984375 0.41655 0.696134375 0.40412187499999996 0.7014625 0.4036140625 0.7058859375 0.40577031249999995 0.707384375 0.41223906250000003 0.708846875 0.4213703125 0.7067921875 0.43969531249999994 0.699965625 0.44832031250000004 0.6990937500000001 0.45694375000000004 0.700278125 0.46074843750000005 0.702646875 0.4596703125 0.7064781250000001 0.44400781250000004 0.7133046875 0.42022812500000006 0.7190531250000001 0.41705781249999996 0.7198187500000001 0.4116671875 0.7218734375 0.41116093749999993 0.72365 0.4116671875 0.724834375 0.4159796875 0.725740625
4 0.5014578125 0.681434375 0.5014578125 0.6731453125 0.49930312499999996 0.665446875 0.44216875 0.660396875 0.43227656249999996 0.6619640625 0.4286625 0.6630796875 0.43081875 0.6648546875 0.436778125 0.6672234375 0.47178125 0.67610625 0.5014578125 0.681434375
3 0.3904875 0.64705625 0.424984375 0.6426328125 0.4934046875 0.6373046875 0.5252375 0.6373046875 0.530628125 0.6337515625 0.5327843750000001 0.60856875 0.5279015625000001 0.6029609375 0.5144578125 0.6005921875 0.499365625 0.6029609375 0.478884375 0.6079765625 0.386303125 0.63580625 0.3818640625 0.638384375 0.3797078125 0.6423203125 0.3818640625 0.6452796875 0.38560625000000004 0.64705625 0.3904875 0.64705625
3 0.3777421875 0.6146640624999999 0.3956875 0.6139328125 0.45637343750000003 0.6084984375 0.5138234374999999 0.6082546875 0.5201015625000001 0.606025 0.522384375 0.6011140625 0.5178828125 0.5956812499999999 0.521496875 0.5865546875 0.521053125 0.5803906249999999 0.5129359375 0.57593125 0.4989859375 0.5747125 0.4783765625 0.5747125 0.454534375 0.5803906249999999 0.42891562499999997 0.589028125 0.372796875 0.603309375 0.37057656250000004 0.60431875 0.36918125 0.6077671875 0.37057656250000004 0.611703125 0.372796875 0.6132015625 0.3777421875 0.6146640624999999
1 0.33436875 0.5825843749999999 0.3379203125 0.5835953125 0.34825625 0.5831062499999999 0.4035515625 0.5835953125 0.4529484375 0.5825843749999999 0.4996203125 0.580634375 0.5095125 0.57641875 0.5117953125 0.5727265625 0.5064046875 0.566075 0.4933421875 0.5535 0.4790109375 0.552734375 0.45206093750000004 0.5569484375 0.40171250000000003 0.5633578124999999 0.353646875 0.5721703125000001 0.342421875 0.5742953125 0.3374765625 0.57593125 0.33436875 0.5784046875 0.3329734375 0.580878125 0.33436875 0.5825843749999999
2 0.3966390625 0.552071875 0.4516171875 0.5517937500000001 0.47907343750000003 0.550609375 0.49150312500000004 0.547928125 0.50386875 0.5435046875 0.5044390625 0.5369906249999999 0.5001265625 0.5301640625 0.489346875 0.5292921875000001 0.45377343750000004 0.5337171875 0.4068484375 0.5343093750000001 0.38909375 0.5378609375 0.3700703125 0.542528125 0.3653765625 0.5443749999999999 0.36322187499999997 0.5455593750000001 0.36265000000000003 0.5497046875 0.370196875 0.5514796875 0.3966390625 0.552071875
2 0.3499046875 0.5238937499999999 0.3539625 0.524625 0.48148437499999996 0.5263328125 0.4896 0.5258453125 0.494103125 0.52438125 0.49587812500000006 0.5201671875 0.497653125 0.502159375 0.494546875 0.5002093750000001 0.48826875000000003 0.4987109375 0.4514265625 0.49944218749999997 0.39435625 0.5051203125 0.35351875 0.5115296875 0.3512359375 0.5120515625000001 0.346734375 0.5140015625000001 0.344959375 0.51720625 0.344959375 0.5199234374999999 0.3499046875 0.5238937499999999
2 0.3599875 0.479728125 0.365821875 0.48220156249999996 0.382434375 0.4846390625 0.489346875 0.4903171875 0.49695625000000004 0.48934218749999997 0.4982875 0.4871125 0.4933421875 0.4695921875 0.49156562499999995 0.4663875 0.48484531249999996 0.46492500000000003 0.41071718749999997 0.463671875 0.355040625 0.46468125000000005 0.3532015625 0.46516875 0.3505390625 0.4678859375 0.3505390625 0.47060312499999996 0.3518703125 0.472553125 0.3599875 0.479728125
2 0.3502859375 0.45475468750000003 0.43113437499999996 0.45771562499999996 0.47913750000000005 0.46185937499999996 0.490425 0.46185937499999996 0.4968921875 0.4485546875 0.4953078125 0.44527968749999997 0.4764109375 0.44054374999999996 0.43975937500000006 0.439359375 0.3934046875 0.4423203125 0.34908125 0.4461515625 0.34438749999999996 0.44677812499999997 0.3411546875 0.449146875 0.3411546875 0.4512015625 0.3438171875 0.45329218750000005 0.3502859375 0.45475468750000003
1 0.3948640625 0.424834375 0.4735578125 0.43873281249999996 0.4837671875 0.438453125 0.5031703125 0.4266109375 0.508053125 0.419784375 0.506975 0.41476875 0.5005078125 0.4124 0.487571875 0.41062343749999997 0.462778125 0.411215625 0.411034375 0.408534375 0.364109375 0.4109015625 0.361953125 0.4120859375 0.361953125 0.4153609375 0.36360156250000003 0.4165453125 0.3716546875 0.41919218750000004 0.3948640625 0.424834375
3 0.38738125 0.365621875 0.3944828125 0.36774687500000003 0.45275781249999997 0.37823125 0.5064046875 0.3855109375 0.519340625 0.3848140625 0.5244765625000001 0.3819578125 0.5290421875 0.374503125 0.5290421875 0.368478125 0.5244765625000001 0.3588640625 0.5219406249999999 0.35604375 0.5096390625 0.354615625 0.4957515625 0.3547890625 0.4488265625 0.3592125 0.40069687500000006 0.36036250000000003 0.3938484375 0.36029218749999997 0.38738125 0.35994375 0.384146875 0.360640625 0.384146875 0.362765625 0.38738125 0.365621875
4 0.4738109375 0.3142109375 0.46252343749999997 0.3053296875 0.45605624999999994 0.29909375 0.4905515625 0.3041453125 0.49644843749999995 0.3041453125 0.5072296875 0.30087031249999996 0.518009375 0.29435781250000004 0.520165625 0.29111875 0.5196578125 0.28875 0.509384375 0.28784375 0.47165468749999995 0.28784375 0.4468609375 0.2908046875 0.4409640625 0.2931734375 0.43823749999999995 0.29731874999999997 0.43823749999999995 0.3017765625 0.4398859375 0.30679218750000004 0.4425484375 0.3091609375 0.45586562500000005 0.31476875 0.461509375 0.31786875000000003 0.46525 0.319296875 0.472225 0.32072500000000004 0.47704531250000004 0.31981875 0.4738109375 0.3142109375
4 0.6623328125 0.7540921875000001 0.6500953125 0.7479625000000001 0.6308812500000001 0.7396375 0.6308812500000001 0.7390109375 0.6363984375 0.7374078125 0.6526953125 0.741065625 0.659353125 0.7512359375 0.6712109374999999 0.7585515625 0.6856687499999999 0.7553124999999999 0.687128125 0.7483796875000001 0.6738109375 0.7353531249999999 0.6101453125 0.7030296875000001 0.5890296875 0.698328125 0.5775515625 0.6989546875 0.564171875 0.7203062499999999 0.5526953125 0.735771875 0.5575140625 0.7420765625 0.567153125 0.7457328125 0.59086875 0.7485890625 0.6178828125 0.7538843749999999 0.6190234375 0.754684375 0.6426765624999999 0.7644375 0.6604953124999999 0.7636359374999999 0.6689921875 0.7601875 0.6623328125 0.7540921875000001
