4 0.2161265625 0.4363984375 0.2263328125 0.47000624999999996 0.24228437500000002 0.5107796875 0.2514796875 0.5443875 0.2547203125 0.5520609375000001 0.2567046875 0.5520609375000001 0.2836296875 0.5294234375 0.2893421875 0.5257453125 0.29209375 0.5216875 0.293103125 0.518515625 0.29233750000000003 0.5094484375 0.2853703125 0.49086875 0.27690625 0.47545937499999996 0.2671890625 0.455040625 0.2554859375 0.42555468750000003 0.2499828125 0.41921406250000004 0.24524531249999998 0.41921406250000004 0.23953281249999997 0.424159375 0.2567046875 0.4518703125 0.2624515625 0.46683593749999996 0.265203125 0.4818015625 0.265203125 0.485415625 0.2644375 0.48719062500000004 0.2626953125 0.487 0.2611984375 0.485415625 0.248484375 0.4740640625 0.23580625 0.4532015625 0.22932812500000002 0.44546562500000003 0.2161265625 0.4363984375
4 0.2654125 0.406721875 0.277603125 0.440265625 0.28833125000000004 0.47476250000000003 0.29404375 0.500190625 0.2970390625 0.5183265625 0.32420781249999997 0.5055796875 0.33315937500000004 0.5038046875 0.337896875 0.4996828125 0.33841875 0.4878890625 0.33490000000000003 0.47520625 0.32493906250000004 0.4502859375 0.3147328125 0.4330375 0.304528125 0.4044390625 0.2952984375 0.3809125 0.292546875 0.37951875 0.28707812499999996 0.3868109375 0.286590625 0.39264375 0.294321875 0.4203546875 0.2963078125 0.4303109375 0.2960640625 0.43487656250000006 0.294321875 0.43487656250000006 0.2936953125 0.43348125 0.29306875 0.4311984375 0.2741203125 0.398096875 0.2673984375 0.3940390625 0.263671875 0.39854218750000003 0.2654125 0.406721875
4 0.379240625 0.4740015625 0.37871875 0.46994218749999994 0.367259375 0.43684218750000003 0.3535703125 0.39283437499999996 0.34486249999999996 0.37241562500000003 0.339603125 0.3651875 0.3353890625 0.3620171875 0.334378125 0.3633484375 0.334378125 0.3696890625 0.3425984375 0.3960046875 0.3495640625 0.43589062500000003 0.3493203125 0.4381734375 0.3483453125 0.43861718749999995 0.34733593749999997 0.43861718749999995 0.3436078125 0.43227656249999996 0.3351453125 0.41097031250000005 0.3259140625 0.3905515625 0.3189484375 0.377425 0.31494218749999997 0.3760296875 0.3144546875 0.37786875000000003 0.3144546875 0.3850984375 0.31494218749999997 0.3960046875 0.321421875 0.4214328125 0.3308953125 0.44952500000000006 0.3363640625 0.471275 0.33587656250000003 0.49759062500000006 0.34984375 0.4989859375 0.356321875 0.49759062500000006 0.362521875 0.4921375 0.3706375 0.49435624999999994 0.37398125000000004 0.49486406250000003 0.3764890625 0.4930875 0.37823125 0.49036093750000004 0.379240625 0.4844640625 0.379240625 0.4740015625
3 0.3762109375 0.334115625 0.369209375 0.314584375 0.364228125 0.3227640625 0.364471875 0.33316406249999997 0.36795468750000004 0.398034375 0.3756875 0.4738109375 0.37969375 0.47698124999999997 0.3891328125 0.47742500000000004 0.3948796875 0.4755859375 0.398815625 0.47653749999999995 0.4018453125 0.47602968749999997 0.404353125 0.47285937499999997 0.4050859375 0.46880156250000005 0.404353125 0.4620171875 0.3762109375 0.334115625
3 0.39599375000000003 0.3208625 0.3910140625 0.3077359375 0.388784375 0.327646875 0.3920234375 0.368040625 0.40073125000000004 0.414775 0.40546875 0.4664546875 0.41020625 0.46873750000000003 0.41469843749999996 0.47279687499999995 0.41866875 0.472353125 0.42243125 0.4677875 0.4268890625 0.46829375000000006 0.42845625 0.4646796875 0.429396875 0.4614453125 0.429884375 0.458275 0.42964062500000005 0.451934375 0.42863125 0.4451484375 0.39599375000000003 0.3208625
1 0.42525312499999995 0.28097656249999997 0.423440625 0.274953125 0.424346875 0.33430624999999997 0.4264375 0.40069687500000006 0.4264375 0.41921406250000004 0.4303375 0.4344328125 0.4336125 0.44312031249999995 0.436015625 0.4441984375 0.44406093750000003 0.4616359375 0.44796250000000004 0.4681671875 0.45050468749999995 0.4681671875 0.45252499999999996 0.46563125000000005 0.452734375 0.4637921875 0.45245625 0.3958140625 0.449146875 0.3653140625 0.442284375 0.322828125 0.42525312499999995 0.28097656249999997
2 0.461825 0.31915 0.45684375 0.32003750000000003 0.45635624999999996 0.3214328125 0.45534687500000004 0.35136406249999996 0.45733125 0.40894062499999995 0.4578203125 0.46341093750000006 0.45956093750000004 0.46880156250000005 0.47499062500000006 0.4683578125 0.47777812500000005 0.4683578125 0.48150468750000003 0.4674703125 0.4747828125 0.41255625 0.4648203125 0.3223203125 0.461825 0.31915
2 0.492371875 0.38522500000000004 0.4884015625 0.3346234375 0.48425624999999994 0.326253125 0.48258437499999995 0.3281546875 0.4790671875 0.33874375 0.4784390625 0.3670890625 0.4801109375 0.43512968750000003 0.4836296875 0.46081093749999996 0.4848828125 0.46309374999999997 0.48923750000000005 0.4642359375 0.496446875 0.463728125 0.4994078125 0.46385468750000003 0.500453125 0.46233281249999997 0.5006625 0.459353125 0.4977703125 0.4381734375 0.492371875 0.38522500000000004
2 0.51818125 0.4322125 0.5184609375 0.39086875 0.5151859375 0.3483828125 0.5136890625 0.33316406249999997 0.51100625 0.3244765625 0.506234375 0.32390625 0.5044234375000001 0.3255546875 0.502334375 0.347875 0.500521875 0.393025 0.50115 0.446353125 0.506234375 0.45180781249999996 0.513340625 0.45605624999999994 0.516684375 0.45783125 0.5184609375 0.45783125 0.5205859375 0.4556125 0.5187734374999999 0.4425484375 0.51818125 0.4322125
2 0.5404390625 0.29600468750000003 0.5335421874999999 0.30691250000000003 0.53058125 0.321053125 0.5299546875 0.341725 0.524590625 0.4146484375 0.5221875 0.464171875 0.5342046875 0.46214374999999996 0.5377562499999999 0.4603671875 0.540125 0.45605624999999994 0.5428078125 0.4130625 0.5428078125 0.31401406249999997 0.5404390625 0.29600468750000003
1 0.5842906250000001 0.29778125 0.5803546875000001 0.28338593749999996 0.56060625 0.32130625 0.548415625 0.3963859375 0.5444796875 0.44343750000000004 0.5441312500000001 0.4603671875 0.556321875 0.4584015625 0.5629390625 0.453709375 0.5674328125 0.45060312500000005 0.5703234375 0.4486359375 0.57136875 0.44407031249999995 0.5785437499999999 0.3487 0.5842906250000001 0.29778125
3 0.6110765625 0.324984375 0.602403125 0.329359375 0.594321875 0.35003125 0.5823750000000001 0.41642343750000005 0.5751999999999999 0.43436874999999997 0.572796875 0.4501578125 0.57398125 0.45288593749999995 0.5790671875 0.4588453125 0.5931375 0.463221875 0.594321875 0.463221875 0.6 0.4577671875 0.601184375 0.4507296875 0.6039015625 0.400634375 0.6110765625 0.324984375
3 0.6429125 0.32175 0.64005625 0.319784375 0.6375124999999999 0.323715625 0.63288125 0.34330937499999997 0.6217343750000001 0.37856718749999996 0.61313125 0.4209890625 0.6088125 0.460875 0.6142109375 0.46474374999999996 0.62455625 0.4694359375 0.6278296875 0.470640625 0.6317999999999999 0.46410937499999994 0.6421796875 0.4079265625 0.6446875000000001 0.331515625 0.6429125 0.32175
4 0.6777421875 0.347559375 0.6637062499999999 0.36823125 0.64845 0.428090625 0.6406828124999999 0.442803125 0.6335078125 0.45091875000000003 0.6305125 0.4596703125 0.6314171875000001 0.46727968750000004 0.6406828124999999 0.473240625 0.663984375 0.48465468749999996 0.6717515625 0.48630312499999995 0.6768375 0.48630312499999995 0.6795546875 0.48306875 0.6810515625 0.47977187499999996 0.6843265625 0.4346234375 0.69926875 0.3731140625 0.69926875 0.3687375 0.697178125 0.3644265625 0.694775 0.3644265625 0.6911875000000001 0.36823125 0.6819234375 0.3937859375 0.6717515625 0.417184375 0.664890625 0.42701406249999996 0.6637062499999999 0.4275203125 0.6633921875000001 0.4259359375 0.663984375 0.423209375 0.6729703125000001 0.38344999999999996 0.68133125 0.36220625 0.6882265624999999 0.3507921875 0.6777421875 0.347559375
4 0.754440625 0.3927078125 0.7553124999999999 0.38566875 0.753221875 0.38129375 0.7520374999999999 0.38129375 0.7382796875000001 0.3916296875 0.7146640625 0.4194046875 0.7006265625 0.4455296875 0.6922328125 0.4591 0.6901421875 0.46727968750000004 0.6883671875 0.481990625 0.6889578125 0.4890296875 0.7039015625 0.5020921875 0.7134796875 0.5075453125 0.717659375 0.5081171875 0.722153125 0.5070390625 0.7361890625 0.48306875 0.7523515625 0.44660781250000003 0.7598046875 0.4264421875 0.7628 0.41179531249999995 0.7622078125 0.408496875 0.7535359374999999 0.414521875 0.739184375 0.4346234375 0.7341 0.4433734375 0.7290140625 0.44660781250000003 0.7260187499999999 0.4460375 0.7260187499999999 0.442803125 0.7290140625 0.42916875 0.740090625 0.4112234375 0.7496343750000001 0.4014578125 0.754440625 0.3927078125
4 0.7240328125 0.6360812499999999 0.730025 0.669815625 0.7345171875000001 0.6872546875000001 0.7440609375 0.704121875 0.7401953125 0.662778125 0.7446875000000001 0.5729859375 0.744375 0.5642359375 0.7416921875 0.5577046875 0.7375125 0.55611875 0.7285265625 0.5555484374999999 0.7058171875 0.55174375 0.7028218749999999 0.5577046875 0.70759375 0.5958140625 0.70759375 0.60995625 0.7094046875 0.6388078125 0.7094046875 0.655675 0.7117734375 0.6665828125 0.7159875 0.6807234375 0.7189484375 0.6883328125 0.7237546874999999 0.6921375000000001 0.7264375000000001 0.6921375000000001 0.7270296875 0.687825 0.7249390625000001 0.6850984375 0.7237546874999999 0.6840203125000001 0.7201671875 0.6703875 0.7177640625 0.6513640625 0.7189484375 0.632846875 0.7240328125 0.6360812499999999
4 0.7001046875 0.675459375 0.7025078125 0.6765375 0.7040062500000001 0.675459375 0.7049109375 0.6700062499999999 0.705503125 0.6531390625 0.7016015624999999 0.6046921875 0.701915625 0.561128125 0.7013234374999999 0.552440625 0.7001046875 0.54483125 0.6953328125 0.539378125 0.6905609375 0.5377296874999999 0.6812953125 0.53176875 0.66663125 0.530690625 0.657053125 0.5334171875 0.6573671875 0.575840625 0.6645421875 0.5970828125 0.6690359375 0.6155999999999999 0.6729015625 0.6411546875 0.67708125 0.6607484375 0.6809828125 0.6727328124999999 0.6836640625 0.6776156249999999 0.687565625 0.6824984374999999 0.6917453124999999 0.6824984374999999 0.6932421875 0.6814203125 0.6902468749999999 0.675459375 0.6896546875 0.6716546875 0.6893421875 0.6700062499999999 0.6848828124999999 0.62916875 0.6854750000000001 0.6242859375 0.689934375 0.63785625 0.7001046875 0.675459375
3 0.6211765625 0.7170578125 0.624765625 0.711096875 0.6259484375000001 0.706721875 0.6420765625 0.611478125 0.655834375 0.54128125 0.65465 0.53259375 0.651340625 0.529296875 0.6435734375 0.5244140625 0.631034375 0.5260625 0.626540625 0.52821875 0.6241375 0.5347500000000001 0.6244515625 0.5636015624999999 0.626228125 0.609828125 0.622953125 0.6490171874999999 0.6148734375 0.699365625 0.6140015625 0.7062140625 0.6145937499999999 0.7159796875 0.616684375 0.71870625 0.6187734375 0.71870625 0.6211765625 0.7170578125
3 0.6043890625 0.677171875 0.606165625 0.6717187499999999 0.61574375 0.6183890625 0.623825 0.54216875 0.6235109375000001 0.5264421875 0.6226046875 0.5220671875 0.6190171875 0.5166140625 0.6142453125 0.514965625 0.602578125 0.5187703124999999 0.59780625 0.5242234375 0.5987109375 0.5443875 0.5970390625 0.6450218750000001 0.5963078125 0.657578125 0.5960296875 0.67045 0.5993031249999999 0.679328125 0.6010796875 0.679328125 0.6043890625 0.677171875
1 0.59805 0.5366515625 0.5971437500000001 0.5230812499999999 0.5938703125 0.51655 0.587878125 0.5105265625000001 0.5812953125 0.5089406249999999 0.574746875 0.5105265625000001 0.567259375 0.5187062499999999 0.56516875 0.538871875 0.5696625 0.562778125 0.5690703125 0.5949265625 0.5705328125 0.6455296875000001 0.574015625 0.6781234375 0.5741203125000001 0.68306875 0.5743296875 0.6954343749999999 0.5834203125 0.6591 0.5905953125 0.607990625 0.59805 0.5366515625
2 0.5578890624999999 0.559734375 0.560396875 0.5470515625 0.5626265625 0.5293593750000001 0.5626265625 0.51255625 0.561128125 0.504375 0.5591437499999999 0.498478125 0.555171875 0.49486406250000003 0.5449328125 0.49442031249999996 0.53695625 0.496259375 0.5344828125000001 0.49987343749999996 0.5344828125000001 0.5207359375 0.537478125 0.5407109375 0.5404734375 0.551109375 0.5399515625 0.570640625 0.5414484374999999 0.5792015625 0.542215625 0.6069125 0.5449328125 0.6316421875 0.5483796875 0.641090625 0.5528390625 0.648446875 0.5558687499999999 0.649778125 0.555903125 0.6286625 0.5578890624999999 0.559734375
2 0.531975 0.6668359374999999 0.534378125 0.6603046875 0.5316609375 0.592834375 0.5316609375 0.5579578125 0.529884375 0.4942921875 0.5268890625 0.48883906250000003 0.520028125 0.48611250000000006 0.5005921875 0.48611250000000006 0.49519375 0.49048749999999997 0.49341718749999997 0.49759062500000006 0.49460156250000004 0.531325 0.49937343749999996 0.54654375 0.5014984375 0.5710203125 0.505678125 0.6009515624999999 0.5148375 0.64216875 0.5158484375 0.6483203125 0.5182171875 0.66303125 0.5229890625 0.670640625 0.5289796875 0.6695625 0.531975 0.6668359374999999
2 0.4882625 0.5409640625 0.4907703125 0.506975 0.490421875 0.4939125 0.48899375 0.49004375 0.46137187500000004 0.485415625 0.4567046875 0.48807812500000003 0.452734375 0.49524375000000004 0.45165468750000004 0.5115406250000001 0.452734375 0.5827515625 0.45973593749999997 0.6540265625 0.4602921875 0.659796875 0.46140781249999996 0.6835125 0.46889531250000005 0.66829375 0.47823125 0.640203125 0.4882625 0.5409640625
2 0.4473359375 0.6342421875 0.44806718749999996 0.566328125 0.44768437499999997 0.49778124999999995 0.429396875 0.49841406250000003 0.42365 0.5010140625 0.4211421875 0.5069125 0.42044531249999995 0.519340625 0.432184375 0.6405203125 0.4342390625 0.6518078125 0.43765312500000003 0.6584015625 0.44266875 0.6571343749999999 0.44409687499999995 0.654534375 0.4473359375 0.6342421875
1 0.41665 0.598478125 0.4184609375 0.5318953125 0.4180765625 0.5162328125 0.41379374999999996 0.5070390625 0.403378125 0.5077359375 0.392615625 0.5135703125 0.3876 0.5207984375 0.38686875 0.5279640624999999 0.389028125 0.538428125 0.39404374999999997 0.57565 0.39871093750000003 0.6376671875000001 0.4075578125 0.6975265625 0.40912499999999996 0.7043125 0.41232968750000004 0.7180093750000001 0.4141421875 0.7010140625 0.41556875 0.6644890625000001 0.41665 0.598478125
3 0.3884015625 0.692834375 0.3891328125 0.68300625 0.3869734375 0.53735 0.383003125 0.52695 0.3794140625 0.5230187500000001 0.3693828125 0.521053125 0.361128125 0.527584375 0.3557640625 0.53868125 0.35538125 0.5596062500000001 0.361128125 0.6065953125 0.37262343750000004 0.6870640625 0.37370312499999997 0.692834375 0.3762109375 0.698034375 0.383734375 0.698034375 0.3869734375 0.6954343749999999 0.3884015625 0.692834375
3 0.351759375 0.7107171875 0.35465 0.70221875 0.356775 0.68915625 0.3564265625 0.5487640625 0.35391875 0.5396328125000001 0.348171875 0.5370328125 0.3403 0.5370328125 0.3295375 0.5415984375 0.32486875 0.5520609375000001 0.32629687500000004 0.5847171875 0.336571875 0.6894734375 0.337896875 0.7002531249999999 0.3403 0.7107171875 0.34423593750000003 0.7133796875 0.348903125 0.7126828125 0.351759375 0.7107171875
4 0.3097171875 0.688521875 0.31480312499999996 0.6672796875 0.31689375000000003 0.623715625 0.32525312500000003 0.582371875 0.3258453125 0.567153125 0.32525312500000003 0.55516875 0.3225703125 0.5513640625 0.3153953125 0.5502859375 0.3094046875 0.5518703125 0.3025421875 0.5584015625000001 0.2953671875 0.5578953125 0.2905953125 0.561128125 0.2855109375 0.567153125 0.284290625 0.5725421875000001 0.284290625 0.577996875 0.28996875 0.6182624999999999 0.28909843749999997 0.6324671875 0.288784375 0.6596703125000001 0.2902828125 0.69175625 0.2926859375 0.7015859375 0.294775 0.7015859375 0.29595937499999997 0.6944828125 0.300453125 0.63785625 0.30195 0.6346234374999999 0.3046328125 0.65091875 0.3012890625 0.6948640625 0.3016375 0.6999359375 0.3025421875 0.7042484375 0.30372656249999996 0.7042484375 0.30431875 0.7031703125 0.3097171875 0.688521875
4 0.284290625 0.6856687499999999 0.285196875 0.662778125 0.28759999999999997 0.6562453125000001 0.28279375 0.632846875 0.2822015625 0.61870625 0.28279375 0.60564375 0.28759999999999997 0.5816734375 0.285196875 0.5735578125 0.2810171875 0.5713375 0.27683749999999996 0.572415625 0.252003125 0.58655625 0.24872812500000002 0.593659375 0.24991249999999998 0.6050734375 0.255590625 0.6279640625 0.2529078125 0.6714640625 0.2526296875 0.7101453125 0.2535 0.7156 0.2553125 0.7161062499999999 0.2598046875 0.7133796875 0.26158125 0.7090671875 0.2630796875 0.7019656249999999 0.26725937499999997 0.662778125 0.2696625 0.662778125 0.271159375 0.6638546875 0.27652343749999997 0.6774890625000001 0.27711562500000003 0.684528125 0.277603125 0.713 0.27683749999999996 0.7166765625 0.27683749999999996 0.7188328125 0.278021875 0.7188328125 0.2822015625 0.7068484374999999 0.284290625 0.6856687499999999
