4 0.378003125 0.7921953125 0.4251578125 0.7733796875000001 0.454740625 0.7689203124999999 0.48356562500000005 0.7620203125 0.48938125 0.7575609375 0.48938125 0.7531015625 0.47724374999999997 0.74320625 0.47357812499999996 0.7317765625 0.44753437500000004 0.72041875 0.442225 0.72041875 0.4322375 0.7228578125 0.4242734375 0.7271078125 0.378003125 0.74320625 0.3639703125 0.7542859375 0.358659375 0.7622296875 0.35499375 0.7738671874999999 0.358659375 0.7758890625 0.363084375 0.775121875 0.3838171875 0.7570734375 0.40037968749999997 0.752334375 0.4035390625 0.7526125 0.40492968749999997 0.75630625 0.40316093750000004 0.7590250000000001 0.38963281250000004 0.77115 0.3667515625 0.7855046875 0.354109375 0.7998609375 0.378003125 0.7921953125
4 0.324146875 0.7586765625 0.32894999999999996 0.759303125 0.3462703125 0.75303125 0.38887499999999997 0.7331015625 0.413021875 0.72745625 0.445890625 0.717421875 0.43792656250000006 0.6855749999999999 0.43173125 0.6767937500000001 0.393678125 0.6808359375 0.37319843750000004 0.6906625 0.3434890625 0.7064109375000001 0.31605625000000004 0.7250875 0.2988625 0.7387453125000001 0.2944375 0.7459234375 0.2967125 0.7473875 0.3031609375 0.74648125 0.3117578125 0.7420203125 0.33173125 0.7266203124999999 0.3479140625 0.7179796875 0.357521875 0.71533125 0.36611875 0.7149828125 0.371428125 0.7166546874999999 0.3715546875 0.719790625 0.3462703125 0.7331015625 0.32844531250000003 0.744459375 0.323009375 0.751846875 0.324146875 0.7586765625
4 0.300253125 0.697003125 0.3810359375 0.68188125 0.4300890625 0.67860625 0.43388125000000005 0.6770734375 0.43388125000000005 0.657490625 0.43931718750000004 0.6387453125 0.43501874999999995 0.6334500000000001 0.4312265625 0.63254375 0.4226296875 0.632821875 0.3934265625 0.637003125 0.3154234375 0.6582578125 0.30758593749999996 0.662578125 0.310240625 0.66794375 0.3244 0.666759375 0.370290625 0.6586765625 0.3729453125 0.65958125 0.373578125 0.662578125 0.370290625 0.6655046875 0.34386875 0.67205625 0.32389375 0.679790625 0.30834375 0.68926875 0.300253125 0.697003125
3 0.30050625000000003 0.6294078125 0.2929203125 0.6329609375 0.2934265625 0.63860625 0.3015171875 0.6397906250000001 0.3662453125 0.6324046875 0.430846875 0.632125 0.4351453125 0.6285015625 0.43729531250000003 0.623484375 0.43729531250000003 0.6142859374999999 0.4351453125 0.6112890625 0.430846875 0.6089203125 0.4244 0.6080140625 0.3451328125 0.6202093750000001 0.30050625000000003 0.6294078125
3 0.31074531250000004 0.60418125 0.3101140625 0.6089203125 0.3144125 0.6112890625 0.32098593750000004 0.611915625 0.4351453125 0.6071078125 0.433628125 0.5982578125 0.4362828125 0.5872468750000001 0.4351453125 0.5854359375 0.43034062500000003 0.5842515625 0.415296875 0.58515625 0.31719375 0.6014640625000001 0.31074531250000004 0.60418125
1 0.41845781249999997 0.5554703125 0.35107499999999997 0.561115625 0.2945640625 0.5670390624999999 0.28369218749999997 0.5708703125000001 0.27939375 0.5735890625 0.27939375 0.5759578125 0.2826796875 0.5780484375 0.29721875 0.579790625 0.34892500000000004 0.582509375 0.43249062499999996 0.58188125 0.4395703125 0.5795125 0.4470296875 0.5735890625 0.454109375 0.563484375 0.4534765625 0.5607671875 0.452465625 0.558396875 0.4470296875 0.555121875 0.4395703125 0.5548437500000001 0.41845781249999997 0.5554703125
2 0.386978125 0.5488500000000001 0.40050625 0.5482234375 0.427434375 0.5494078124999999 0.46131406249999996 0.55303125 0.4662453125 0.5362375 0.46725625 0.531915625 0.4678890625 0.5291984375000001 0.3123890625 0.5403484375 0.3012640625 0.543484375 0.386978125 0.5488500000000001
2 0.383565625 0.528153125 0.4304671875 0.5296171875 0.45903906250000004 0.5317078125 0.45979843750000005 0.5169343750000001 0.45878593749999996 0.510034375 0.44386875000000003 0.5105921875 0.36953281250000003 0.5177703124999999 0.3323640625 0.5227875 0.383565625 0.528153125
2 0.33830625 0.5095468750000001 0.44386875000000003 0.510034375 0.46270468749999993 0.5122640625 0.46548749999999994 0.510521875 0.468646875 0.5013234375 0.46687812500000003 0.4910796875 0.46460156250000006 0.48794375 0.4151703125 0.495121875 0.3455125 0.502090625 0.3140328125 0.5018125 0.33830625 0.5095468750000001
2 0.30948125000000004 0.490034375 0.31200937500000003 0.49184687499999996 0.3165609375 0.4926828125 0.4681421875 0.49017343750000003 0.45941875000000004 0.47337968750000003 0.45613125 0.46794375 0.452465625 0.4636234375 0.415296875 0.47205624999999996 0.3135265625 0.4875265625 0.30948125000000004 0.490034375
1 0.2632109375 0.45721249999999997 0.2748421875 0.4636234375 0.3121359375 0.4678046875 0.41946874999999995 0.46933749999999996 0.4460171875 0.4675953125 0.4567640625 0.463903125 0.4599234375 0.457421875 0.4599234375 0.45400625000000006 0.4571421875 0.450521875 0.446396875 0.441115625 0.444121875 0.4401390625 0.426675 0.43763125 0.27307187499999996 0.44975624999999997 0.263590625 0.45345 0.2632109375 0.45721249999999997
3 0.362453125 0.41477343749999995 0.28584062499999996 0.41769999999999996 0.32035468749999996 0.4308015625 0.3748421875 0.43379843749999997 0.42174531249999997 0.4331703125 0.43678906250000005 0.43107968750000003 0.43893750000000004 0.4133796875 0.43893750000000004 0.40850156249999997 0.43893750000000004 0.4064109375 0.43463906249999995 0.4049484375 0.40227500000000005 0.40822343749999995 0.362453125 0.41477343749999995
3 0.3221234375 0.37846718749999997 0.273578125 0.377909375 0.29355312499999997 0.389478125 0.325790625 0.39540000000000003 0.3829328125 0.4004875 0.4245265625 0.401671875 0.4276859375 0.40076718749999996 0.43097343749999995 0.39630624999999997 0.433628125 0.377909375 0.434134375 0.3716375 0.42983593750000004 0.3698953125 0.4142859375 0.36926875 0.3840703125 0.37463437499999996 0.3221234375 0.37846718749999997
4 0.5486718749999999 0.2710109375 0.5281921875 0.2745640625 0.4748421875 0.2745640625 0.46561250000000004 0.279303125 0.45271875 0.30041875 0.4532234375 0.305784375 0.4640953125 0.314703125 0.48457656250000003 0.32 0.5007578125000001 0.3185359375 0.514159375 0.3149828125 0.5374203125 0.31107968750000003 0.567509375 0.30815312499999997 0.59721875 0.30250937499999997 0.623009375 0.2935890625 0.6284453125 0.290034375 0.6279390625 0.28885 0.6257906249999999 0.28794375 0.6015171875 0.28940781250000003 0.5470296875 0.294146875 0.54386875 0.292125 0.5476609375 0.290034375 0.5615671875 0.28648125 0.6015171875 0.27811875 0.604171875 0.2754703125 0.6046781250000001 0.2710109375 0.6003796875 0.268640625 0.587990625 0.2680140625 0.5486718749999999 0.2710109375
4 0.623640625 0.31024375000000004 0.6015171875 0.3117078125 0.54386875 0.32118437499999997 0.5314796875 0.32090625 0.5034140625 0.31672500000000003 0.49532187499999997 0.31672500000000003 0.4898859375 0.3185359375 0.4812890625 0.331915625 0.4834390625 0.34139375 0.4898859375 0.3482234375 0.4877375 0.351846875 0.4931734375 0.36369375000000004 0.5007578125000001 0.36724687500000003 0.513653125 0.36878125 0.5346390624999999 0.3655046875 0.5546140625 0.3565859375 0.6096078125 0.34466874999999997 0.6311 0.3378390625 0.6338812500000001 0.331915625 0.63173125 0.330453125 0.6251578125 0.3301046875 0.57610625 0.336096875 0.5610625 0.3351921875 0.5615671875 0.3321953125 0.569659375 0.32926875 0.6251578125 0.3161671875 0.6284453125 0.3149828125 0.63059375 0.31379843749999997 0.63059375 0.3117078125 0.6279390625 0.31024375000000004 0.623640625 0.31024375000000004
3 0.6318578125000001 0.3577703125 0.5585328125 0.3595125 0.5096078125 0.36369375000000004 0.505815625 0.367875 0.503034375 0.379721875 0.503665625 0.3868984375 0.5089765625 0.39163749999999997 0.51605625 0.3933796875 0.5353984374999999 0.39254375 0.6304671875000001 0.37679375 0.6367890625 0.3740765625 0.6410875 0.370521875 0.64058125 0.3631359375 0.6372953125 0.3592328125 0.6318578125000001 0.3577703125
3 0.5107453125 0.391359375 0.5042984374999999 0.3951921875 0.5032875 0.3999296875 0.5049296875 0.40383281249999997 0.5097343750000001 0.40794375 0.526928125 0.41421562500000003 0.5414671875 0.4154 0.5862203125 0.405853125 0.651959375 0.3954703125 0.6525921875 0.3921953125 0.64829375 0.39045312499999996 0.634765625 0.38926875 0.5290765625 0.388084375 0.5107453125 0.391359375
1 0.5099875 0.42460000000000003 0.5122625000000001 0.435609375 0.5170671875 0.44299687499999996 0.52895 0.4454359375 0.574715625 0.44717812500000004 0.6356515625 0.4377 0.6954484375 0.43115 0.698103125 0.42878125 0.7003796875 0.42522656249999996 0.6970921875 0.4201390625 0.518078125 0.4201390625 0.5099875 0.42460000000000003
2 0.5465234375 0.54090625 0.5158031249999999 0.5426484375 0.50505625 0.54655 0.501896875 0.5510109375 0.5029078124999999 0.55958125 0.6555 0.5599296875 0.660809375 0.5604875 0.6689 0.561671875 0.6657390624999999 0.5578390625 0.6500625 0.552753125 0.5465234375 0.54090625
1 0.5728187499999999 0.567665625 0.55385625 0.565296875 0.5032875 0.5744953125000001 0.5011375 0.578328125 0.5042984374999999 0.58515625 0.511884375 0.58696875 0.546396875 0.5899656249999999 0.578634375 0.5970734375 0.6261687499999999 0.60090625 0.671428125 0.6024390625 0.6757265625 0.6006265625 0.6767390625 0.5940765625 0.670290625 0.5908015625 0.6390640624999999 0.5822296875 0.5728187499999999 0.567665625
3 0.5402015625 0.598328125 0.5060687500000001 0.6035546875 0.49974687500000003 0.605784375 0.49532187499999997 0.6089890625 0.49532187499999997 0.6139375 0.4988625 0.617421875 0.5078375 0.6198609375 0.5855875 0.6248078125000001 0.6137796875 0.6248781250000001 0.6302156250000001 0.621184375 0.6318578125000001 0.6151921875 0.6201015625 0.609478125 0.577496875 0.5995812500000001 0.5402015625 0.598328125
3 0.6035390625 0.6350515624999999 0.5156765625 0.6231359375000001 0.509103125 0.6252265625 0.4967125 0.6400703125 0.4978515625 0.64188125 0.5054359374999999 0.6436234375 0.5302156250000001 0.6468984375 0.6093546875 0.651915625 0.616434375 0.6519859375 0.6250312499999999 0.6510796875 0.6309734375 0.6478046875000001 0.626675 0.6416031249999999 0.6035390625 0.6350515624999999
4 0.5692796875 0.6559578125 0.5493046875 0.6538671875000001 0.5131484375 0.64466875 0.51049375 0.645853125 0.498103125 0.6781875 0.49759843750000005 0.6859234375 0.501896875 0.688640625 0.533628125 0.6868296875000001 0.5622 0.6912890625 0.6031609375 0.7037625000000001 0.6226296875 0.705575 0.626421875 0.7037625000000001 0.6161828125000001 0.6987453125 0.6059421875 0.6910109375 0.5643484375 0.676725 0.56005 0.6731703125 0.586978125 0.676725 0.6176984375 0.6838328125 0.623640625 0.6835546875 0.6226296875 0.677909375 0.611884375 0.66926875 0.5876109375 0.6600703125 0.5692796875 0.6559578125
4 0.564221875 0.696934375 0.5328703124999999 0.6891984375 0.5135265625 0.6871078125000001 0.5032875 0.688640625 0.4978515625 0.6942859375 0.49734531249999997 0.6999296875 0.4989890625 0.70885 0.5049296875 0.7180484375 0.517825 0.7251562500000001 0.5420984375 0.730521875 0.55335 0.7373515625 0.5835656250000001 0.7450875 0.60834375 0.7480140625 0.6218703125 0.7480140625 0.62718125 0.7468296875 0.628825 0.7450875 0.6278125 0.742996875 0.582553125 0.7263421875 0.564221875 0.717421875 0.635525 0.7319859375 0.6428578125 0.7326125 0.6213656249999999 0.7156796875 0.6051828125000001 0.7103140625 0.5759796875000001 0.7028578125 0.564221875 0.696934375
4 0.35069531249999997 0.3652265625 0.3548671875 0.36348437499999997 0.35550000000000004 0.3584671875 0.3906453125 0.3584671875 0.4231359375 0.3564453125 0.4231359375 0.3517078125 0.4189640625 0.34264843749999996 0.40391875 0.3420203125 0.35069531249999997 0.34320625 0.3512015625 0.338815625 0.345890625 0.3381875 0.3420984375 0.338815625 0.3420984375 0.346759375 0.2759796875 0.349965625 0.2776234375 0.3564453125 0.280784375 0.35881562499999997 0.3426046875 0.357003125 0.344753125 0.360278125 0.344753125 0.3652265625 0.35069531249999997 0.3652265625
4 0.3512015625 0.292334375 0.3543609375 0.287665625 0.37939375000000003 0.2917765625 0.41946874999999995 0.301184375 0.425790625 0.287665625 0.39013906249999997 0.27825781250000003 0.364475 0.274146875 0.36826875000000003 0.26794375000000004 0.360303125 0.265575 0.35385625 0.2724046875 0.2903921875 0.26118437499999997 0.2855875 0.26411093750000003 0.2866 0.268571875 0.28824218749999997 0.2694078125 0.345890625 0.28236875 0.3442484375 0.2896859375 0.346903125 0.29205625 0.3512015625 0.292334375
