4 0.222153125 0.34121718749999996 0.219784375 0.3433734375 0.2180078125 0.35091875 0.2186 0.358465625 0.2304421875 0.3951171875 0.243190625 0.4209890625 0.24583750000000001 0.43176875 0.25294374999999997 0.4694984375 0.2707078125 0.4694984375 0.281365625 0.473240625 0.28819218750000003 0.47431875 0.29233750000000003 0.473240625 0.29143125 0.4559921875 0.273075 0.3735578125 0.2633234375 0.3503484375 0.25353593750000003 0.3320234375 0.24939062500000003 0.326125 0.24583750000000001 0.3255546875 0.24406093750000002 0.327203125 0.24406093750000002 0.33259375 0.24820625000000002 0.3460375 0.2600484375 0.3762203125 0.26408906249999997 0.3929609375 0.2582375 0.39942968749999996 0.2550671875 0.4005703125 0.2514453125 0.400253125 0.2473359375 0.391503125 0.23845312500000002 0.3751421875 0.22985000000000003 0.3487640625 0.22542656249999998 0.3422953125 0.222153125 0.34121718749999996
4 0.3345875 0.4366515625 0.3335078125 0.40557968750000006 0.328875 0.35256875 0.32640156249999996 0.34483125000000003 0.32176875 0.3435 0.317171875 0.34609999999999996 0.31574375 0.35453437499999996 0.3186 0.41014531249999997 0.3182171875 0.4159796875 0.3160921875 0.4159796875 0.3097171875 0.4140140625 0.3068625 0.40691249999999995 0.3026125 0.3635390625 0.299059375 0.351934375 0.29655156250000003 0.3487 0.289446875 0.346734375 0.28909843749999997 0.3642359375 0.2958546875 0.46512343749999996 0.29763125 0.480659375 0.316440625 0.47996249999999996 0.3257046875 0.48319531250000003 0.328875 0.48319531250000003 0.33173125 0.48129375 0.33315937500000004 0.47805937500000006 0.3342046875 0.4709578125 0.3345875 0.4366515625
3 0.3681296875 0.484146875 0.3706375 0.451109375 0.37098593750000003 0.3605578125 0.36778125 0.33215 0.36175625 0.31401406249999997 0.3571234375 0.30951249999999997 0.3571234375 0.33018437500000003 0.3464640625 0.401965625 0.3340296875 0.4692453125 0.33580625 0.484146875 0.33970781250000004 0.48865 0.35440625 0.4953078125 0.3571234375 0.4957515625 0.3631484375 0.4944828125 0.3660046875 0.4899171875 0.3681296875 0.484146875
3 0.3955421875 0.372353125 0.39296406250000004 0.35757812499999997 0.38955 0.35136406249999996 0.38530156249999997 0.352125 0.3831765625 0.3568171875 0.3686875 0.491059375 0.3729359375 0.49416562500000005 0.3889578125 0.5017750000000001 0.39254687499999996 0.5034875000000001 0.39895468749999996 0.5034875000000001 0.4006625 0.5003796875 0.4014984375 0.49416562500000005 0.3955421875 0.372353125
1 0.44796250000000004 0.48611250000000006 0.445384375 0.3859859375 0.44242499999999996 0.3549140625 0.4390109375 0.3370953125 0.43430937500000005 0.3316421875 0.430059375 0.33316406249999997 0.42748125000000003 0.3409640625 0.41940156249999994 0.3875078125 0.401915625 0.5046921875 0.4032046875 0.5101453125 0.41257343750000003 0.5140140625 0.432496875 0.5199109375 0.437721875 0.520228125 0.4428421875 0.5194671875 0.44496718749999997 0.5148390625 0.4466734375 0.5070390625 0.44796250000000004 0.48611250000000006
2 0.49536718750000003 0.378059375 0.49143125000000004 0.3761578125 0.484709375 0.378059375 0.47687187499999995 0.38389375000000003 0.4605359375 0.4201015625 0.45200312499999995 0.511984375 0.45343125000000006 0.5138874999999999 0.4605359375 0.5171218750000001 0.47049843750000003 0.5190875 0.47405156249999997 0.5190875 0.4758265625 0.5164875 0.477603125 0.5106531249999999 0.4807734375 0.46410937499999994 0.49536718750000003 0.378059375
2 0.5163359375 0.38351250000000003 0.511703125 0.37184531249999997 0.5078015625 0.3712109375 0.5039015625000001 0.3757765625 0.49501875 0.4048828125 0.477603125 0.516740625 0.4793796875 0.5213062500000001 0.4861375 0.5238421875 0.49926875 0.523209375 0.5010453125 0.5219406249999999 0.502125 0.5213062500000001 0.5042500000000001 0.516740625 0.51738125 0.3938484375 0.5163359375 0.38351250000000003
2 0.5482765625 0.3885859375 0.5440265625 0.3885859375 0.5386968750000001 0.3930875 0.5259140625 0.421559375 0.5106234374999999 0.4862390625 0.5056421875 0.52828125 0.510971875 0.530246875 0.5268546875 0.530246875 0.529153125 0.5227640625000001 0.5482765625 0.41959375000000004 0.5497046875 0.397653125 0.5482765625 0.3885859375
2 0.5896546875 0.36309375 0.5882265624999999 0.36119218750000004 0.5729703125000001 0.3721625 0.5644375 0.3805953125 0.55945625 0.3922 0.5481015625000001 0.4374765625 0.52960625 0.5312625 0.5540578125 0.535446875 0.5576796875000001 0.535828125 0.5598046875 0.5351296875 0.5615812499999999 0.53259375 0.5871828125 0.38122968749999997 0.5896546875 0.36309375
1 0.60856875 0.399175 0.6096140625 0.3616359375 0.6078375 0.3558015625 0.6039359375 0.3558015625 0.5975265624999999 0.3642359375 0.5886453125 0.40044375 0.5815390625 0.47545937499999996 0.5772906250000001 0.5395046875 0.5822703125 0.5466078125 0.5955765625 0.547559375 0.59860625 0.5473046874999999 0.6032390624999999 0.5447046875 0.6089171875 0.537603125 0.6110421875000001 0.529803125 0.60856875 0.399175
3 0.6406125 0.49258125 0.6388359375 0.4123015625 0.639428125 0.3923265625 0.63824375 0.379390625 0.6341 0.37780625 0.63173125 0.378884375 0.62699375 0.3912484375 0.6175203125000001 0.458084375 0.6151515625 0.5276468750000001 0.6283875 0.5289796875 0.6323234375 0.5281546875 0.6385234375 0.5259984375 0.6412046874999999 0.5227640625000001 0.6423890625 0.518453125 0.6406125 0.49258125
3 0.654684375 0.390425 0.6499484375 0.389346875 0.645803125 0.39258125 0.6443046875 0.4055171875 0.643434375 0.479390625 0.6443046875 0.5181984374999999 0.66206875 0.519784375 0.6668062499999999 0.5171218750000001 0.672134375 0.5090046874999999 0.6724484375 0.506340625 0.6724484375 0.4923265625 0.661790625 0.40608750000000005 0.6582375 0.3953078125 0.654684375 0.390425
4 0.7006625 0.3859859375 0.6967953125 0.3773625 0.6932421875 0.376284375 0.6902828125 0.378440625 0.68881875 0.3843375 0.68881875 0.3924546875 0.693834375 0.43772968749999996 0.692371875 0.44204218749999996 0.6861375 0.44204218749999996 0.6828984375 0.43823749999999995 0.6805296875 0.3908046875 0.6784390625000001 0.3816734375 0.6757921875 0.37786875000000003 0.6722390625 0.37786875000000003 0.6686875 0.3805953125 0.6680953125 0.3892203125 0.6737031250000001 0.5034875000000001 0.6766625000000001 0.504565625 0.680215625 0.5039953125000001 0.6828984375 0.5024093749999999 0.6852671875 0.498096875 0.68881875 0.4959421875 0.69829375 0.4942921875 0.7110765625 0.48630312499999995 0.71428125 0.48300625 0.71665 0.48085000000000006 0.716928125 0.473303125 0.7136890625000001 0.44743125 0.7006625 0.3859859375
4 0.7502609375 0.420165625 0.74705625 0.38738125 0.744340625 0.37526875 0.7408921875 0.3694359375 0.738175 0.3685484375 0.7359453125 0.3689921875 0.7335078125 0.3720984375 0.732253125 0.3770453125 0.733228125 0.413 0.7344828125 0.42555468750000003 0.7337515625 0.42828125000000006 0.732496875 0.428725 0.730546875 0.42828125000000006 0.7260890625 0.42422343749999997 0.723859375 0.40938437499999997 0.721909375 0.38516093749999997 0.7199234375 0.37526875 0.7169625 0.3707671875 0.7135140625 0.3712109375 0.7110421875 0.37298593750000003 0.710309375 0.38516093749999997 0.7122609375 0.44172500000000003 0.7142453125 0.4794546875 0.730025 0.47539687500000005 0.748903125 0.47869375 0.751759375 0.4781234375 0.752734375 0.47767968749999995 0.7547203125 0.4677875 0.7544765625000001 0.45117343749999994 0.7502609375 0.420165625
4 0.80710625 0.4237796875 0.8191921875 0.40082500000000004 0.8191921875 0.39365937500000003 0.8182171874999999 0.39004374999999997 0.81476875 0.3896 0.810553125 0.3904875 0.802646875 0.40126875 0.7970046875000001 0.4124921875 0.7884015625 0.446734375 0.7834546875 0.446734375 0.7792749999999999 0.4426765625 0.7910828125 0.4035515625 0.7984671875 0.39365937500000003 0.8061296875 0.38605 0.810796875 0.3770453125 0.810553125 0.3716546875 0.8068625 0.3644890625 0.79501875 0.367153125 0.7841859375 0.38129375 0.765621875 0.4216234375 0.7571578125 0.4355734375 0.755415625 0.44483125 0.7545796874999999 0.45466093750000003 0.7545796874999999 0.4712109375 0.756775 0.4790109375 0.763428125 0.489346875 0.7688609375000001 0.4942921875 0.7864859375 0.5012046875 0.7905953125 0.5018390625 0.7943578125 0.49904843750000005 0.7977703125 0.49346875 0.802125 0.47526875 0.80710625 0.4237796875
4 0.7501218749999999 0.5970203125 0.7533265625000001 0.6005703125 0.7631140624999999 0.673303125 0.7657609375 0.6814203125 0.771090625 0.6835765625 0.7731796875 0.681928125 0.7758265625 0.6792640624999999 0.7770109374999999 0.672225 0.7654828124999999 0.5714640625 0.7610234375 0.538046875 0.7583765625 0.5320859375 0.7533265625000001 0.5305015625 0.7435734375 0.5299296874999999 0.734378125 0.533734375 0.7275859375 0.5385546875 0.7228484374999999 0.5439437500000001 0.7213515625 0.54825625 0.7213515625 0.5596062500000001 0.7266812500000001 0.58655625 0.732009375 0.6199749999999999 0.7474046875 0.6883953125 0.751271875 0.6921999999999999 0.7521421875 0.6921999999999999 0.7537796875 0.68649375 0.752734375 0.675459375 0.741065625 0.6022828125 0.7424937500000001 0.59518125 0.745803125 0.59518125 0.7501218749999999 0.5970203125
4 0.7049109375 0.672225 0.7029265625 0.649334375 0.699234375 0.6251109375 0.699721875 0.6116046875000001 0.70268125 0.6066578125000001 0.7061296875 0.6066578125000001 0.709821875 0.6084968749999999 0.7108328125 0.6120484375 0.71379375 0.6547234375000001 0.716753125 0.6677875 0.7187046875 0.6695625 0.721665625 0.6695625 0.7258796875 0.6646156249999999 0.7273421875 0.6565000000000001 0.721421875 0.581990625 0.7179734375 0.554596875 0.7155 0.5509828125 0.7118078125 0.5505390625000001 0.7039015625 0.555484375 0.70195 0.560875 0.69501875 0.5568171875 0.687878125 0.5613187500000001 0.686415625 0.566265625 0.6836984375 0.5667093750000001 0.6804953125 0.57565 0.6814703125 0.59004375 0.696203125 0.677425 0.6972484375 0.6812296875 0.699234375 0.68345 0.70170625 0.6821171875 0.7041796875 0.678059375 0.7049109375 0.672225
3 0.6754796875 0.7020921875 0.6804953125 0.6982875 0.68376875 0.6896640625 0.684046875 0.6816109375 0.6804953125 0.5942921875 0.67903125 0.5775515625 0.6745734375 0.5716546874999999 0.6692437499999999 0.5710843750000001 0.6621390625 0.575396875 0.6585859375 0.5797078124999999 0.6502953125000001 0.5861765625 0.649425 0.591565625 0.6514796875 0.618515625 0.662346875 0.6887765625 0.66304375 0.69346875 0.6651 0.7020921875 0.668059375 0.7036781249999999 0.671334375 0.7031703125 0.6754796875 0.7020921875
3 0.6461515624999999 0.6973359375 0.6471265625 0.693278125 0.6483796875000001 0.5890296875 0.6461515624999999 0.5836390625 0.6404734375000001 0.5792015625 0.6318359375 0.5792015625 0.6246953125 0.5827515625 0.6219781249999999 0.590425 0.6284562499999999 0.69353125 0.62863125 0.69955625 0.6315921875 0.7053906249999999 0.63824375 0.706278125 0.6424593749999999 0.7027265625 0.6461515624999999 0.6973359375
1 0.6111109375 0.7020921875 0.6171375 0.6212421875 0.6171375 0.6031703125 0.6150125 0.590234375 0.61003125 0.5798984375 0.604353125 0.5766640625 0.5979796875 0.5759671875000001 0.59265 0.5779328125000001 0.5904906249999999 0.5831328124999999 0.591221875 0.6031703125 0.59094375 0.7064046875 0.5915703125 0.7131265625000001 0.59404375 0.71699375 0.60115 0.7157265625 0.60790625 0.7098921875 0.6111109375 0.7020921875
2 0.5748875 0.73436875 0.5757234375 0.7281546875 0.5808421874999999 0.6505390625 0.5838390625 0.5861125 0.58255 0.5783765625 0.5774296875 0.573746875 0.55994375 0.57526875 0.55653125 0.5768546875 0.5569843750000001 0.5985421875 0.560815625 0.67305 0.56206875 0.73436875 0.56206875 0.7374765625 0.5637749999999999 0.74216875 0.5667718749999999 0.74216875 0.572309375 0.7390609375 0.5748875 0.73436875
2 0.5299203125 0.77349375 0.5359453125 0.771528125 0.538453125 0.768928125 0.5409265624999999 0.75085625 0.5441312500000001 0.718515625 0.5533609375 0.58135625 0.5519328125 0.5755234375 0.5455593750000001 0.5710203125 0.5157093749999999 0.5677875 0.511425 0.569753125 0.5146296875 0.6117953125 0.5164046875 0.6700062499999999 0.5178328125 0.7436906249999999 0.5178328125 0.748890625 0.5189125 0.7573234375 0.5217343750000001 0.7670265625 0.5252875 0.7721625000000001 0.5299203125 0.77349375
2 0.47115937499999994 0.7322124999999999 0.4807390625 0.7083062499999999 0.496378125 0.6228921875 0.5063390625 0.58345 0.5077328125 0.5686109375 0.49529843749999997 0.5634109375 0.4708109375 0.55954375 0.46617968750000005 0.5608109375 0.46370625 0.5660109375 0.462278125 0.584084375 0.4570875 0.72213125 0.4566 0.7263796874999999 0.4566 0.7315796875 0.4583765625 0.7367781250000001 0.46687500000000004 0.7367781250000001 0.47115937499999994 0.7322124999999999
2 0.4349 0.734115625 0.448728125 0.6642359375 0.46116406249999997 0.5601140625000001 0.44625624999999997 0.554978125 0.4334734375 0.5530125 0.43026875000000003 0.5601140625000001 0.4291890625 0.57951875 0.43061718750000005 0.62739375 0.43061718750000005 0.6571343749999999 0.42208281249999996 0.7438171875 0.42208281249999996 0.7464171875 0.424590625 0.7490171875 0.4291890625 0.7490171875 0.4309640625 0.7464171875 0.4349 0.734115625
1 0.3927203125 0.7464171875 0.40348281249999995 0.7135703125 0.4199578125 0.6386171875 0.4282484375 0.5879515625 0.4261921875 0.5696265625 0.4190875 0.557196875 0.4078375 0.550221875 0.39805 0.554534375 0.3915359375 0.5653140624999999 0.390665625 0.581990625 0.3936265625 0.6218765625 0.393034375 0.6488265625 0.3891671875 0.691946875 0.38181875 0.7409 0.3817828125 0.7474953125 0.382375 0.7501578125 0.38443125 0.7518078125 0.39035156249999997 0.7507296875 0.3927203125 0.7464171875
3 0.361615625 0.7533296875 0.36586562499999997 0.7517437499999999 0.37098593750000003 0.742421875 0.3731109375 0.72301875 0.3829328125 0.6081796875000001 0.3863109375 0.5934046875 0.38801874999999997 0.5686109375 0.3846046875 0.553075 0.372275 0.540646875 0.3569140625 0.5414078124999999 0.3530828125 0.54996875 0.3513765625 0.5794546875 0.3478234375 0.736525 0.34754375 0.742421875 0.3479625 0.7471140625 0.3522125 0.7517437499999999 0.3552078125 0.7533296875 0.361615625 0.7533296875
3 0.32455625 0.7376031249999999 0.32668125 0.735003125 0.3302328125 0.7259359375 0.3497734375 0.599175 0.3526296875 0.5629671875 0.3512015625 0.5506656249999999 0.347996875 0.5389984375 0.3355625 0.5286625 0.3234765625 0.5260625 0.3142453125 0.5344953125 0.3117734375 0.562840625 0.3098578125 0.72561875 0.309996875 0.73176875 0.3113890625 0.736271875 0.313165625 0.7382375 0.320271875 0.738871875 0.32455625 0.7376031249999999
4 0.221490625 0.6662015625000001 0.22741250000000002 0.6311984374999999 0.231278125 0.592390625 0.23242812499999999 0.5868734375 0.2345171875 0.5837671875 0.2404390625 0.5837671875 0.2434 0.5848453124999999 0.244584375 0.590234375 0.2357015625 0.6570703124999999 0.23660781250000001 0.66569375 0.2389765625 0.6700062499999999 0.2416234375 0.6700062499999999 0.24517656250000003 0.668928125 0.2481359375 0.66569375 0.2629390625 0.5805328125 0.26799062500000004 0.544959375 0.2673984375 0.5309453125 0.2653078125 0.5223203125 0.25346562499999997 0.513696875 0.24517656250000003 0.5152828125 0.2330546875 0.5115406250000001 0.22535625 0.514775 0.2220828125 0.5223203125 0.2185296875 0.5568171875 0.21232968749999998 0.65865625 0.2117375 0.6694359375000001 0.2135140625 0.6710843750000001 0.21647500000000003 0.6710843750000001 0.219121875 0.6694359375000001 0.221490625 0.6662015625000001
4 0.2898984375 0.52175 0.2788921875 0.513696875 0.2677109375 0.5164875 0.2654828125 0.522003125 0.2638109375 0.5852890625 0.266840625 0.5988578125 0.27398125 0.60475625 0.2859984375 0.612428125 0.2924421875 0.613696875 0.303309375 0.6075453125 0.309578125 0.5905515625 0.31194687499999996 0.5568796875 0.311425 0.53348125 0.31124999999999997 0.5322125 0.30703593749999997 0.5260625 0.3010796875 0.52048125 0.2931375 0.520165625 0.2898984375 0.52175
