4 0.22385937500000003 0.38795156249999996 0.222675 0.3939125 0.2280046875 0.41382343749999995 0.2469515625 0.4461640625 0.2602578125 0.4731140625 0.2712296875 0.5216234375 0.28425625 0.5183890625 0.29077031249999996 0.5205453125 0.301428125 0.5135703125 0.3082203125 0.511921875 0.3180078125 0.502790625 0.3206546875 0.4925171875 0.31682343749999997 0.4661375 0.3026125 0.44242187499999996 0.2934171875 0.43056406249999996 0.26973125 0.37343125 0.2602578125 0.35776718750000003 0.2528734375 0.3486359375 0.2478234375 0.3394421875 0.24576875 0.34648124999999996 0.2493203125 0.36962656250000003 0.25848125 0.3836390625 0.268546875 0.40951250000000006 0.2735984375 0.43538437500000005 0.27328437499999997 0.43753906249999996 0.2716125 0.43975937500000006 0.2700453125 0.43861718749999995 0.25552031249999996 0.42568124999999996 0.232740625 0.3868734375 0.22682031249999998 0.3857953125 0.22385937500000003 0.38795156249999996
4 0.340578125 0.3629046875 0.33761718749999997 0.351046875 0.331696875 0.3451484375 0.326959375 0.3462265625 0.325496875 0.3516171875 0.33378593749999996 0.3947375 0.3349703125 0.404946875 0.33319375 0.40982812500000004 0.329640625 0.411984375 0.3263671875 0.411984375 0.32194375000000003 0.40659531250000003 0.31246874999999996 0.36829375 0.3097875 0.3553578125 0.308603125 0.352125 0.3032734375 0.351046875 0.30090625000000004 0.3553578125 0.3018109375 0.367215625 0.3201671875 0.49549843750000006 0.33465625 0.49873124999999996 0.3417625 0.49549843750000006 0.35005156249999997 0.49873124999999996 0.357471875 0.49175625 0.35865625 0.49010781249999996 0.3604671875 0.484971875 0.3607109375 0.47717187499999997 0.35155 0.418453125 0.340578125 0.3629046875
3 0.370846875 0.3814203125 0.3652390625 0.3512359375 0.36109375 0.345846875 0.3539875 0.3474953125 0.35162031250000003 0.35719687499999997 0.3581328125 0.4870640625 0.3595953125 0.4892203125 0.36405468750000003 0.49086875 0.37234375000000003 0.4913765625 0.3764890625 0.48979062500000003 0.38418593749999996 0.4892203125 0.38565 0.4881421875 0.386834375 0.4859859375 0.386834375 0.48059531250000004 0.3824109375 0.4568796875 0.370846875 0.3814203125
3 0.3890984375 0.3505390625 0.3831765625 0.347875 0.37871875 0.359734375 0.38613749999999997 0.483703125 0.38996875000000003 0.48744375 0.40034843750000004 0.48909375 0.4080453125 0.48649375 0.41010156249999996 0.4852890625 0.411878125 0.481546875 0.397665625 0.38611249999999997 0.3923375 0.360240625 0.3890984375 0.3505390625
1 0.424590625 0.28560625 0.4182171875 0.299809375 0.41253906249999994 0.3438171875 0.411459375 0.4485734375 0.41713750000000005 0.48287812499999994 0.42211718749999994 0.48738125 0.435596875 0.49061562500000006 0.438453125 0.48998125000000003 0.44057812500000004 0.484146875 0.43702500000000005 0.42853593749999996 0.42814375 0.33215 0.424590625 0.28560625
2 0.45653125 0.326253125 0.4543015625 0.326253125 0.45012187499999995 0.32980312500000003 0.4474046875 0.3459734375 0.44517656250000004 0.4263796875 0.4456640625 0.4663921875 0.449878125 0.490171875 0.46506406250000004 0.4892203125 0.4663875 0.48750781249999997 0.4671546875 0.48522499999999996 0.46342812499999997 0.44438750000000005 0.459246875 0.3320859375 0.45653125 0.326253125
2 0.4787875 0.3104625 0.47405156249999997 0.3072296875 0.4716828125 0.30989218749999997 0.4719609375 0.390234375 0.4684078125 0.4872546875 0.48401249999999996 0.48738125 0.4876703125 0.4872546875 0.49062968749999997 0.48345000000000005 0.4864859375 0.43170624999999996 0.4832109375 0.3368421875 0.4787875 0.3104625
2 0.50449375 0.3311984375 0.500278125 0.3298671875 0.49881562500000004 0.3311984375 0.497596875 0.341090625 0.497840625 0.382815625 0.4963421875 0.44121718750000005 0.491153125 0.48389375 0.510065625 0.4842109375 0.51264375 0.48389375 0.5148375 0.48122968750000006 0.51459375 0.47495312500000003 0.5113890624999999 0.4461640625 0.50449375 0.3311984375
2 0.52601875 0.317375 0.5208296875 0.31965781249999997 0.51884375 0.3304375 0.5210734375 0.4112875 0.51933125 0.4485734375 0.51665 0.48402031250000005 0.542284375 0.48402031250000005 0.542040625 0.4755234375 0.5366078125 0.418009375 0.5289796875 0.3227640625 0.52601875 0.317375
1 0.5715078124999999 0.3205453125 0.5679546875 0.307609375 0.5638109375 0.305453125 0.5608500000000001 0.3060234375 0.5581671874999999 0.3135703125 0.5466390624999999 0.423525 0.5454546875 0.4800890625 0.54869375 0.4811671875 0.56060625 0.48021562500000003 0.5652734374999999 0.4800890625 0.5691390625 0.4800890625 0.570603125 0.46880156250000005 0.5723796875 0.3970828125 0.5715078124999999 0.3205453125
3 0.602578125 0.34407031250000003 0.6065140625 0.3201015625 0.6061296875 0.30913124999999997 0.6029609375 0.305896875 0.595471875 0.312365625 0.5855453125000001 0.34407031250000003 0.582340625 0.38801562500000003 0.58164375 0.43525625 0.5834203125 0.47209843749999997 0.58589375 0.4740640625 0.591221875 0.4746984375 0.5999296875 0.47178125 0.602578125 0.46823125 0.603309375 0.46239687500000004 0.601184375 0.411984375 0.600453125 0.363475 0.602578125 0.34407031250000003
3 0.6358406249999999 0.31401406249999997 0.6322890625 0.30913124999999997 0.62814375 0.3118578125 0.6251828125000001 0.32048125 0.6177984375000001 0.3625234375 0.60595625 0.462778125 0.608325 0.47083125 0.6112859375 0.4729859375 0.6201671875 0.47514218750000003 0.6278296875 0.4727328125 0.6305125 0.4643625 0.632009375 0.45523125000000003 0.630825 0.40830625 0.6364328125000001 0.32206718749999996 0.6358406249999999 0.31401406249999997
4 0.6803203124999999 0.356753125 0.67854375 0.3457203125 0.67464375 0.3418515625 0.67039375 0.3418515625 0.668234375 0.34965156249999996 0.6671890625 0.377425 0.6654125 0.3923265625 0.6618593749999999 0.39492656249999997 0.6568796875 0.3935953125 0.6557999999999999 0.3877609375 0.6583078125 0.3696890625 0.6611281250000001 0.358021875 0.6615109375 0.3457203125 0.6572281249999999 0.3360171875 0.655103125 0.33671562499999996 0.6490765625 0.3521875 0.6380359375 0.47507968749999996 0.6540234375 0.4712109375 0.667746875 0.47317656250000006 0.6717875 0.47254218750000004 0.6757234375000001 0.4718453125 0.6767671875 0.46994218749999994 0.677846875 0.46474374999999996 0.6803203124999999 0.356753125
4 0.78181875 0.6149015624999999 0.78996875 0.5605578125 0.7878437500000001 0.546353125 0.781434375 0.5379203125 0.76973125 0.53081875 0.756565625 0.5294859375 0.747684375 0.5379203125 0.7413093749999999 0.579328125 0.73988125 0.6090671875 0.7423546875 0.6466078125 0.745559375 0.6692453125 0.7508874999999999 0.68218125 0.7526640625 0.68345 0.75799375 0.6808500000000001 0.7594218749999999 0.6666453125 0.762975 0.6433734375 0.7654468750000001 0.6407734375 0.766875 0.6407734375 0.7714734375 0.6843375 0.77325 0.6909953125 0.7768375 0.697653125 0.778265625 0.6847171875 0.7846390624999999 0.64914375 0.78181875 0.6149015624999999
4 0.7459078124999999 0.6734312499999999 0.7432609375 0.6610015625 0.7373390625 0.614140625 0.7373390625 0.593659375 0.745315625 0.5456562500000001 0.745315625 0.5273296875 0.7432609375 0.517628125 0.7337859375 0.51173125 0.7249046875 0.5138874999999999 0.7154296875 0.50741875 0.7050500000000001 0.509575 0.69616875 0.5181984374999999 0.6970734375000001 0.5440703124999999 0.7018109375 0.5812296875 0.7035875 0.59955625 0.7035875 0.643246875 0.7068265625000001 0.6696265625 0.715709375 0.6890296874999999 0.722221875 0.6939124999999999 0.72814375 0.6933421875 0.7305125 0.6901078125 0.7305125 0.6847171875 0.7254968749999999 0.67825 0.719853125 0.66265 0.7174859375 0.64216875 0.7163015625 0.6200375 0.71689375 0.6146484375 0.7204453125 0.6114140625 0.72340625 0.6130625000000001 0.7364328125 0.6760937499999999 0.7367468749999999 0.6777421875 0.7373390625 0.679328125 0.7423546875 0.6798984375 0.7447234375 0.6777421875 0.7459078124999999 0.6734312499999999
4 0.6758625 0.671275 0.677046875 0.6653765625 0.674678125 0.6238421875 0.674678125 0.614140625 0.6776390625000001 0.6087515625 0.6802859375 0.6087515625 0.6823750000000001 0.61090625 0.685928125 0.65783125 0.688296875 0.6669625 0.693034375 0.6664546875 0.69568125 0.663221875 0.6977703125 0.6561828125 0.69568125 0.6001265625000001 0.6939046875 0.5166140625 0.687390625 0.5138874999999999 0.6752703125 0.5160437499999999 0.662521875 0.5166140625 0.6569140625000001 0.5187703124999999 0.6539531249999999 0.5225109375 0.6551375 0.5554218750000001 0.664959375 0.665821875 0.6654828125 0.6718453125 0.6663875 0.6745078125 0.6693484375 0.6750796875 0.6729015625 0.6740015625 0.6758625 0.671275
3 0.6517937500000001 0.6792640624999999 0.6542671875 0.6743187500000001 0.6552421875000001 0.642865625 0.6542671875 0.518896875 0.6327765624999999 0.519340625 0.6246609375000001 0.5238421875 0.6337171875000001 0.6643625 0.6342734375 0.6693718750000001 0.6365031250000001 0.6760937499999999 0.6416578125 0.681990625 0.6490765625 0.681990625 0.6517937500000001 0.6792640624999999
3 0.620725 0.6916296875 0.6246609375000001 0.6817375 0.6266453125 0.6687375 0.6264015625 0.538490625 0.6251828125000001 0.5200375 0.6140718749999999 0.5146484375 0.6044578125 0.51781875 0.5972828125 0.524540625 0.59878125 0.565884375 0.6091953125 0.6771078125 0.6096140625 0.68218125 0.6098578125 0.6853515625 0.6135843750000001 0.6920734375 0.6165453125 0.6934046875 0.620725 0.6916296875
1 0.6045984375 0.644325 0.5986765625 0.5868109375 0.5977015625 0.5216875 0.594253125 0.514521875 0.567328125 0.514965625 0.565865625 0.5230812499999999 0.5690703125 0.57698125 0.5764890625 0.61870625 0.5846046874999999 0.6551046875 0.5969 0.7268859375 0.59878125 0.7355734375 0.60188125 0.74134375 0.6055734375 0.74134375 0.6065828125 0.7400125 0.6045984375 0.644325
2 0.5650640625000001 0.5710843750000001 0.5626953125 0.5166765625 0.5428765624999999 0.5123656249999999 0.5354578125 0.5166765625 0.5378265625 0.5829421875 0.5473 0.6643625 0.553640625 0.709575 0.5547203125 0.7144578125 0.5573671874999999 0.7161062499999999 0.5621031249999999 0.71395 0.563009375 0.707990625 0.5650640625000001 0.5710843750000001
2 0.5363984375 0.688078125 0.5349 0.5975265624999999 0.5328453125 0.515028125 0.53106875 0.5117953125 0.49909375 0.508053125 0.497596875 0.5527578125 0.502334375 0.5889031250000001 0.50856875 0.6460375 0.513896875 0.672415625 0.5244859374999999 0.7340515625 0.5263328125 0.7403296874999999 0.528109375 0.7409 0.5328453125 0.739821875 0.5337171875 0.7370953124999999 0.5363984375 0.688078125
2 0.4789625 0.7321500000000001 0.4810875 0.7179453125 0.49104843750000005 0.6331640625 0.4938703125 0.51350625 0.47610625000000006 0.5109703125 0.4605015625 0.5148390625 0.4590734375 0.5213062500000001 0.46119843749999995 0.57045 0.4633234375 0.6662015625000001 0.468478125 0.7301203125 0.46900000000000003 0.7360171875 0.47077656250000005 0.7386171874999999 0.4747125 0.7379828125000001 0.4771859375 0.7360171875 0.4789625 0.7321500000000001
2 0.45039999999999997 0.6954343749999999 0.45360468750000005 0.6333546875 0.45715781250000004 0.5440703124999999 0.454684375 0.5220671875 0.452559375 0.5194671875 0.43726875 0.5188328125 0.4280390625 0.5259359375 0.42730781249999994 0.538871875 0.4305125 0.5938484374999999 0.4351453125 0.6546609375 0.437965625 0.7071015625 0.43612031250000005 0.7229546874999999 0.4351453125 0.729740625 0.43726875 0.7348765625 0.4432953125 0.7336078125000001 0.445803125 0.727140625 0.45039999999999997 0.6954343749999999
1 0.4058171875 0.7218140625 0.4093703125 0.7199109375 0.412225 0.7153453125 0.41720625 0.670703125 0.42288437500000003 0.5400765625 0.4211078125 0.527775 0.4175546875 0.52910625 0.4058171875 0.5303734375 0.3923375 0.5303734375 0.396203125 0.7001265625 0.3962375 0.7082437500000001 0.396934375 0.7121109375 0.39871093750000003 0.7166765625 0.4029953125 0.7211796875 0.4058171875 0.7218140625
3 0.3766625 0.711478125 0.3817828125 0.6959421875 0.3933125 0.5748890624999999 0.3881921875 0.53608125 0.3719953125 0.5283453125 0.3642984375 0.52910625 0.3592125 0.537603125 0.36248749999999996 0.6707671875 0.36248749999999996 0.6842109375 0.3634625 0.7003796875 0.36516875 0.711478125 0.37028906250000004 0.714584375 0.3766625 0.711478125
3 0.340996875 0.707609375 0.3467078125 0.7024734375 0.3520375 0.68306875 0.3598390625 0.5905515625 0.3601875 0.5472421875 0.35238593749999997 0.532340625 0.33462187499999996 0.52650625 0.3239640625 0.5362078125 0.3225359375 0.5446421875 0.32072500000000004 0.6818640625 0.3204109375 0.690171875 0.3218390625 0.6953703124999999 0.3282125 0.704375 0.3321140625 0.706975 0.340996875 0.707609375
4 0.29209375 0.7175015625000001 0.29940781250000004 0.6938484375 0.31665 0.594609375 0.318146875 0.57520625 0.3217 0.5563734375 0.3217 0.5417875000000001 0.31755468750000004 0.5348124999999999 0.30808125 0.5310078125000001 0.29446249999999996 0.5348124999999999 0.27136875 0.5499046875 0.269871875 0.5574515625 0.2752 0.6097015625 0.27283124999999997 0.62695 0.2609890625 0.6921999999999999 0.261303125 0.6959421875 0.2624875 0.6986687500000001 0.269 0.6986687500000001 0.2722390625 0.6959421875 0.274921875 0.6851609375 0.278753125 0.6625234375 0.2817140625 0.6533921874999999 0.2882265625 0.646353125 0.2917796875 0.6490812499999999 0.293278125 0.654978125 0.29355625 0.6609390625 0.29209375 0.66740625 0.28261875000000003 0.688965625 0.2793453125 0.7180718749999999 0.2802515625 0.720228125 0.283490625 0.7234625 0.286171875 0.7239703125 0.2891328125 0.7223843750000001 0.29209375 0.7175015625000001
4 0.24883281249999997 0.711921875 0.249425 0.705453125 0.246778125 0.6391890625000001 0.248240625 0.6364609375 0.25270000000000004 0.6359546875000001 0.2547546875 0.6407734375 0.255659375 0.653709375 0.2547546875 0.6892828125 0.2550671875 0.6930875000000001 0.257715625 0.6946734375 0.2598046875 0.6935953125000001 0.262765625 0.6909328125 0.26631875 0.6855421875000001 0.2695578125 0.6623328125 0.2692796875 0.6213703125000001 0.269871875 0.5825625 0.2692796875 0.570703125 0.26454218749999997 0.5604953125 0.25625156250000003 0.5583390625 0.242040625 0.5599234375 0.23343750000000002 0.5669625 0.22960625 0.571275 0.2275171875 0.5831328124999999 0.2303734375 0.621559375 0.2314171875 0.6343687499999999 0.23967187499999998 0.71084375 0.24322499999999997 0.7157265625 0.24587187500000002 0.7151546875 0.24883281249999997 0.711921875
