3 0.36722343749999997 0.46740624999999997 0.3507484375 0.3700703125 0.3464296875 0.3525046875 0.34315625 0.34914375 0.3392546875 0.350603125 0.33761718749999997 0.3566265625 0.33883593749999996 0.3790734375 0.346046875 0.43145156250000005 0.3482765625 0.47336718749999995 0.348484375 0.51084375 0.34994843750000004 0.517565625 0.36165156249999997 0.5242859375 0.3696625 0.5261890625000001 0.37446875 0.5236531249999999 0.37708125 0.5213062500000001 0.378090625 0.5160437499999999 0.378090625 0.5100828125 0.374190625 0.4924546875 0.36722343749999997 0.46740624999999997
3 0.3841515625 0.3821171875 0.3800421875 0.36829375 0.376559375 0.36303125 0.3736671875 0.3634109375 0.371403125 0.36753281250000003 0.37203125 0.385859375 0.3769765625 0.463728125 0.3769765625 0.4970203125 0.3784046875 0.5127453125 0.3815046875 0.5161703125 0.389934375 0.520609375 0.3975265625 0.520609375 0.40142812499999997 0.515028125 0.40428437500000003 0.5136328125 0.4063734375 0.5116671875 0.40679218749999996 0.509384375 0.405746875 0.49327812499999996 0.3969 0.4577671875 0.3841515625 0.3821171875
1 0.400453125 0.3427390625 0.395715625 0.33519375 0.395715625 0.3707671875 0.39899062500000004 0.40900468749999996 0.4108328125 0.511984375 0.4205859375 0.518453125 0.42946718749999996 0.5216875 0.43894062500000003 0.516296875 0.439846875 0.514140625 0.4395328125 0.5055171875 0.4345171875 0.4774890625 0.41229531250000007 0.3820546875 0.400453125 0.3427390625
2 0.4358765625 0.3434375 0.4319046875 0.3434375 0.4291890625 0.34609999999999996 0.4282125 0.3551046875 0.4304421875 0.406721875 0.43636406250000004 0.460178125 0.441553125 0.48941093750000003 0.44399218749999997 0.5131890625 0.4489375 0.5123015625 0.4646109375 0.512428125 0.46694531250000004 0.5127453125 0.46990625 0.5131890625 0.46523906249999997 0.4853515625 0.439325 0.351490625 0.4358765625 0.3434375
2 0.4856140625 0.4616359375 0.4810875 0.43316406250000006 0.46854687500000003 0.3605578125 0.46687500000000004 0.355675 0.46297499999999997 0.35269531249999997 0.46133749999999996 0.3549140625 0.45970000000000005 0.3609390625 0.467503125 0.448509375 0.471821875 0.5114140625 0.48328125 0.5072921874999999 0.48875 0.504375 0.4932078125 0.5024093749999999 0.49219843750000003 0.493025 0.486625 0.4724796875 0.4856140625 0.4616359375
2 0.4985015625 0.3715921875 0.496446875 0.371275 0.49421875000000004 0.37343125 0.4908046875 0.38122968749999997 0.49045625 0.40462968750000006 0.49404375 0.4573875 0.49474062500000004 0.5060234375 0.495925 0.508496875 0.506721875 0.5116046875 0.51459375 0.5072921874999999 0.5159875 0.505390625 0.5163359375 0.501965625 0.5101703125 0.4421046875 0.502090625 0.3862390625 0.4985015625 0.3715921875
2 0.5356671875 0.42739374999999996 0.5206203125 0.360684375 0.5180421875000001 0.35783125 0.5158140625 0.35910000000000003 0.5151171875 0.3650609375 0.5199234374999999 0.46360156249999995 0.518565625 0.4842109375 0.5180421875000001 0.5050734375 0.5204453124999999 0.5072921874999999 0.5235109375 0.5066578125000001 0.5295015624999999 0.5022828125000001 0.5326015625 0.50475625 0.5394640625 0.5057078125000001 0.543921875 0.506975 0.5458031250000001 0.5072921874999999 0.543921875 0.481990625 0.5396375 0.44736875 0.5356671875 0.42739374999999996
1 0.5728671875 0.3757140625 0.57039375 0.3633484375 0.5677109375 0.35700625 0.5613374999999999 0.352125 0.558271875 0.353265625 0.555171875 0.36036718749999996 0.55064375 0.38915625 0.54984375 0.4479390625 0.545315625 0.4703875 0.5475796875000001 0.503740625 0.549215625 0.506721875 0.5662828125 0.5085609375 0.5731453125 0.5020921875 0.5757578125 0.4977171875 0.5773953125 0.4921375 0.5781953125 0.47824999999999995 0.5779875 0.4183890625 0.5728671875 0.3757140625
3 0.6086375 0.34743124999999997 0.605921875 0.3411546875 0.6029609375 0.338871875 0.6010093750000001 0.34204218750000004 0.5916406249999999 0.379328125 0.584221875 0.436778125 0.57903125 0.46556718750000003 0.5743640625 0.47007031250000003 0.5743640625 0.48484531249999996 0.576315625 0.4925171875 0.5797984375 0.4987953125 0.584709375 0.503740625 0.5901421874999999 0.5072921874999999 0.5970390625 0.5072921874999999 0.6042140625 0.5016484375 0.6076625 0.4987953125 0.6086375 0.4974640625 0.6108671875 0.4798984375 0.6096484375 0.353709375 0.6086375 0.34743124999999997
3 0.6499484375 0.392009375 0.6571578125 0.3418515625 0.6563218749999999 0.327646875 0.654684375 0.3253640625 0.6485203125 0.332846875 0.64315625 0.3418515625 0.635353125 0.36429999999999996 0.6257046875000001 0.41071718749999997 0.6065828125 0.48218125 0.6022640625 0.5024093749999999 0.615221875 0.5046921875 0.6197484375 0.50393125 0.6347265625 0.5072921874999999 0.6363984375 0.5076734375 0.6419359375 0.5020296875 0.644828125 0.4833234375 0.6468828125 0.4286625 0.6499484375 0.392009375
4 0.7566703125 0.6685484374999999 0.75963125 0.6770453125 0.761128125 0.6739375 0.7633234375 0.6429296875 0.7628359375 0.6190875 0.75963125 0.5961953125 0.761128125 0.5445781249999999 0.7589 0.5391890625 0.7519671875 0.5310718750000001 0.74656875 0.5284078125 0.7428421875 0.5310718750000001 0.7406484375 0.5342421875000001 0.7277953125 0.5284078125 0.715465625 0.529296875 0.7134796875 0.5391890625 0.7134796875 0.557134375 0.7196796875 0.586746875 0.7275515625 0.6181984375 0.7361890625 0.6573234375 0.73915 0.6644890625000001 0.745315625 0.6752687500000001 0.7500171875 0.6797718749999999 0.753465625 0.6806593750000001 0.7552078125 0.6797718749999999 0.7559390625 0.6779328125 0.75465 0.6760296875 0.753953125 0.6729859375 0.745071875 0.6272031250000001 0.7421109375 0.606975 0.7502609375 0.6209265625 0.7566703125 0.6685484374999999
4 0.7123296875 0.674128125 0.70759375 0.6342421875 0.70759375 0.5948640625 0.708778125 0.56525 0.7111453125 0.5361453125 0.710553125 0.52910625 0.704353125 0.5183265625 0.69811875 0.5150921875 0.6919187499999999 0.5156625 0.6883671875 0.52048125 0.6773953125000001 0.5183265625 0.663496875 0.519975 0.657575 0.52910625 0.6581671874999999 0.54908125 0.663496875 0.5771078125 0.6702890625 0.600825 0.67325 0.63475 0.6806687499999999 0.6773625 0.6850921875 0.6918828125 0.68686875 0.6924546874999999 0.6901421875 0.6913765625 0.693975 0.6881421875 0.69575 0.678440625 0.6919187499999999 0.6568796875 0.6862765625 0.6385546875 0.6850921875 0.626696875 0.6862765625 0.6180718749999999 0.6886453125 0.6164234375000001 0.6910140625000001 0.6164234375000001 0.695471875 0.6320859375000001 0.703621875 0.675396875 0.7049453125 0.681103125 0.706721875 0.6870640625 0.708778125 0.6875718749999999 0.7117375 0.6838296875000001 0.7123296875 0.674128125
3 0.62978125 0.57083125 0.6294671875 0.5287890625 0.6282828125 0.52390625 0.6211765625 0.5195937500000001 0.6066874999999999 0.522828125 0.598990625 0.5298671875000001 0.58979375 0.5260625 0.590978125 0.5670265624999999 0.6010453124999999 0.595053125 0.6096484375 0.65865625 0.61689375 0.6771078125 0.6185296874999999 0.6807859374999999 0.6211765625 0.6872546875000001 0.6235453125 0.6721625 0.6274124999999999 0.6258078125 0.62978125 0.57083125
1 0.6004875000000001 0.6159796875 0.598990625 0.5610015625 0.5972140625 0.5318953125 0.5948453125000001 0.5292328125 0.5824109375 0.5216875 0.569696875 0.5292328125 0.5610937500000001 0.538934375 0.5634625 0.5911859374999999 0.5764890625 0.6650609375000001 0.5789265625 0.6920734375 0.5797625 0.6974 0.5853703125 0.6946734375 0.593975 0.7151546875 0.5960296875 0.7071015625 0.6004875000000001 0.6159796875
2 0.5591781250000001 0.6357640625000001 0.558271875 0.5365890624999999 0.5452453125 0.539821875 0.529571875 0.5376671875000001 0.5292578125 0.5651875000000001 0.53075625 0.6109703125 0.5366765625000001 0.663284375 0.5450015625 0.7143312500000001 0.547021875 0.7198484374999999 0.549390625 0.7198484374999999 0.5547203125 0.7155359375 0.5591781250000001 0.7026 0.5591781250000001 0.6357640625000001
2 0.5296765625 0.7386171874999999 0.5261234375 0.6888390625 0.5261234375 0.6040578125 0.52863125 0.5336078125 0.5101359375000001 0.541978125 0.5005578125000001 0.539378125 0.4920234375 0.539378125 0.4941484375 0.578884375 0.498084375 0.6124921875 0.5094390625 0.694609375 0.5244859374999999 0.7414078125 0.5261234375 0.7450859375000001 0.52863125 0.7509187500000001 0.5304078125 0.7509187500000001 0.531453125 0.7476859375 0.5296765625 0.7386171874999999
2 0.468303125 0.726696875 0.4708109375 0.7208625 0.4810875 0.6406468750000001 0.4853703125 0.5895374999999999 0.4907 0.5500953125 0.4903515625 0.54039375 0.4881921875 0.537159375 0.47931093750000003 0.5448953125 0.46154687499999997 0.5442609375 0.45729687500000005 0.5455921874999999 0.45586874999999993 0.5533296875 0.4569484375 0.590171875 0.4548234375 0.6303109375 0.45764531249999996 0.6568171875 0.45983906250000006 0.7166765625 0.4597703125 0.7240968750000001 0.460153125 0.726696875 0.4626265625 0.7292328125 0.4654828125 0.7292328125 0.468303125 0.726696875
2 0.4344125 0.727646875 0.44719687500000005 0.6183265625 0.4528734375 0.57565 0.4585859375 0.5426765625 0.44576874999999994 0.5420421875 0.42765624999999996 0.545909375 0.42978125 0.5821171875 0.4258796875 0.6344953125 0.42020156249999996 0.6934046875 0.422396875 0.7258718749999999 0.422675 0.7322124999999999 0.4230578125 0.73608125 0.42553124999999997 0.7379828125000001 0.4301640625 0.7379828125000001 0.4344125 0.727646875
1 0.41598750000000007 0.6740640625000001 0.41919218750000004 0.5970828125 0.42378906250000004 0.5686109375 0.423440625 0.5511734374999999 0.4202375 0.5492078125 0.4120859375 0.5408375000000001 0.403553125 0.5395046875 0.3967953125 0.5421046875 0.39111875 0.5511734374999999 0.39146562500000004 0.562778125 0.3967953125 0.5964484375 0.395715625 0.6274578125 0.3967953125 0.6423593750000001 0.39609843749999996 0.6792015625000001 0.39171093749999997 0.7289796875000001 0.3903859375 0.7361453124999999 0.3918140625 0.73874375 0.396446875 0.7374125 0.40390156250000003 0.7212421875 0.41598750000000007 0.6740640625000001
3 0.390246875 0.7190875 0.390246875 0.6078 0.3941828125 0.5631578125 0.39380000000000004 0.55091875 0.387775 0.5412171875 0.3838734375 0.5444515625 0.3756875 0.5386171875 0.3693140625 0.5424859375 0.36398437499999997 0.5489531249999999 0.366109375 0.5683578125000001 0.3717875 0.682815625 0.3795890625 0.709384375 0.3803203125 0.711921875 0.3831421875 0.7209890624999999 0.38565 0.7242234375 0.38885468749999996 0.7223203125000001 0.390246875 0.7190875
3 0.353884375 0.72828125 0.35538125 0.7255546875000001 0.3586203125 0.7126828125 0.3607109375 0.6986046875 0.3633578125 0.6700703125 0.36158125 0.5961953125 0.363671875 0.5617 0.363671875 0.549334375 0.3598046875 0.5412171875 0.35447656250000004 0.535828125 0.3388015625 0.5417875000000001 0.331975 0.554153125 0.33288125 0.5601140625000001 0.3388015625 0.57951875 0.3426328125 0.6150921874999999 0.34559375000000003 0.6840843750000001 0.3423546875 0.7121109375 0.3423546875 0.7164234375 0.342946875 0.725046875 0.3459078125 0.729359375 0.349459375 0.7298671875 0.353884375 0.72828125
4 0.328421875 0.6211156250000001 0.3377921875 0.5676593750000001 0.3387671875 0.551046875 0.3313828125 0.5452125 0.3111453125 0.5424859375 0.30226406250000004 0.5456562500000001 0.29264999999999997 0.553265625 0.29460156249999997 0.5613828125 0.29731874999999997 0.60221875 0.300278125 0.6228921875 0.29857187500000004 0.6395046875 0.290421875 0.6947375 0.291640625 0.6979078125 0.2941140625 0.6974640625 0.3012890625 0.6925171875 0.30964843750000004 0.6318953125 0.31508125 0.621559375 0.31532499999999997 0.6377296875 0.3101703125 0.7001265625 0.3109015625 0.702409375 0.312921875 0.710209375 0.3182859375 0.7001265625 0.32420781249999997 0.6601781250000001 0.328421875 0.6211156250000001
4 0.2738421875 0.6879515625 0.277778125 0.6713375 0.28540625 0.6197203124999999 0.2905953125 0.5887125 0.29209375 0.5684843749999999 0.29185 0.555484375 0.2891328125 0.5496515625 0.2824453125 0.5460375 0.2669109375 0.5514265625 0.2597703125 0.555040625 0.25384843749999997 0.5653765625 0.25384843749999997 0.581990625 0.2550671875 0.6031078125 0.257784375 0.61699375 0.256809375 0.648446875 0.25827187500000004 0.6736203125 0.26273124999999997 0.6947375 0.2661796875 0.6296125 0.268059375 0.606975 0.2695234375 0.601521875 0.2731796875 0.6004437499999999 0.274225 0.6096390625 0.2683390625 0.6831328125 0.2666671875 0.6903609375 0.265690625 0.6956249999999999 0.2647515625 0.6975265625 0.2660046875 0.6986687500000001 0.2686515625 0.6974 0.2738421875 0.6879515625
4 0.24789218750000003 0.4183265625 0.24991249999999998 0.429803125 0.2590734375 0.4513 0.2647859375 0.47165468749999995 0.2617203125 0.47387499999999994 0.2537796875 0.45871874999999995 0.2470921875 0.43424218750000004 0.241796875 0.4335453125 0.240578125 0.4416609375 0.243015625 0.4661375 0.2468828125 0.49353125000000003 0.2580640625 0.5408999999999999 0.2631484375 0.5416609375 0.27516562499999997 0.5364609375 0.2824796875 0.53608125 0.29306875 0.529803125 0.30076562500000004 0.52390625 0.3026125 0.514965625 0.29487968750000004 0.49239062499999997 0.2853359375 0.47425468750000005 0.27659375 0.45206093750000004 0.27575781250000003 0.45053906250000003 0.26516875 0.42536406250000003 0.2552078125 0.41090625000000003 0.2491125 0.41204843750000003 0.24789218750000003 0.4183265625
4 0.20884687500000002 0.4631578125 0.206409375 0.47387499999999994 0.2067921875 0.48389375 0.2110765625 0.505009375 0.2163703125 0.540203125 0.2202375 0.5616359375 0.223684375 0.569815625 0.226959375 0.571275 0.238140625 0.567596875 0.24545468750000002 0.5594171875 0.254196875 0.547559375 0.25541562500000003 0.540203125 0.25196718749999997 0.527584375 0.244653125 0.505390625 0.23709531250000002 0.48465468749999996 0.234865625 0.4801515625 0.22796875 0.4683578125 0.21880937500000003 0.4616359375 0.2127140625 0.4605578125 0.20884687500000002 0.4631578125
4 0.7048421874999999 0.503296875 0.74754375 0.5148390625 0.7514453125 0.50995625 0.7633921875 0.4620171875 0.7743984375 0.42821875 0.77708125 0.4050734375 0.777325 0.39175625 0.7741546875 0.3882046875 0.766353125 0.399746875 0.7560781249999999 0.42244843750000005 0.74559375 0.44774843750000004 0.7448625 0.4481921875 0.744375 0.439315625 0.7490078125 0.42022812500000006 0.7624171875 0.400634375 0.767815625 0.38865 0.765378125 0.380215625 0.7594921875 0.378884375 0.7468125 0.3855421875 0.7301984375 0.4140140625 0.7204453125 0.43487656250000006 0.7119125000000001 0.4481921875 0.7116687500000001 0.4486359375 0.7011499999999999 0.4660109375 0.6950546875 0.48465468749999996 0.6950546875 0.4961953125 0.7048421874999999 0.503296875
4 0.8027171875000001 0.524159375 0.8098578125 0.5038046875 0.8257749999999999 0.465884375 0.829815625 0.45485156250000003 0.8309640625 0.43779375 0.82748125 0.43081875 0.8204453125000001 0.4340515625 0.810484375 0.45053906250000003 0.7999296874999999 0.4660109375 0.7964125 0.4692453125 0.7952281250000001 0.4617625 0.8013937500000001 0.44895312499999995 0.8098921875 0.4356375 0.8151515625 0.424984375 0.8148734375 0.41699374999999994 0.8081156249999999 0.4148390625 0.7981890625 0.4223203125 0.783803125 0.44147187499999996 0.7691749999999999 0.4660109375 0.758934375 0.488459375 0.753640625 0.507609375 0.7516546875000001 0.5172484374999999 0.7676421875 0.522003125 0.793590625 0.5374765625 0.796621875 0.5356375 0.8027171875000001 0.524159375
