4 0.759665625 0.636525 0.7614078125 0.662396875 0.7659 0.6442609375 0.760153125 0.587571875 0.755171875 0.5513 0.749459375 0.524540625 0.7469515624999999 0.5181359375000001 0.7392546875 0.5213703125 0.7347609375 0.5277109375 0.7160578125 0.5389984375 0.7098578125 0.5444515625 0.708846875 0.5471781250000001 0.708115625 0.55263125 0.7128171875 0.5716546874999999 0.7198187500000001 0.5807234375 0.72553125 0.59346875 0.731521875 0.609765625 0.7462203125 0.6324671875 0.7569140625 0.6587828124999999 0.7464640625000001 0.6175015625 0.7330203125 0.58345 0.730025 0.57349375 0.72978125 0.568040625 0.7367468749999999 0.5739375 0.7389765625 0.5730500000000001 0.7437125 0.5598609375 0.7454546875 0.557196875 0.7464640625000001 0.558528125 0.7566703125 0.6147750000000001 0.759665625 0.636525
4 0.7275171874999999 0.6537734375 0.7330203125 0.652440625 0.7367468749999999 0.6501578125 0.737234375 0.642865625 0.714559375 0.5916296875 0.709334375 0.5762203125 0.7063390625 0.5471781250000001 0.6919187499999999 0.5471781250000001 0.6881578125 0.5499046875 0.6829328125 0.5481296875 0.6757234375000001 0.5490171875 0.667259375 0.5562453125 0.6657609375 0.5594171875 0.6662484375 0.57438125 0.6709859375 0.607990625 0.6934171874999999 0.6506031250000001 0.696134375 0.663728125 0.7031 0.6759671875000001 0.713096875 0.6904874999999999 0.7222921875 0.7013953125 0.7330203125 0.7064046875 0.7180765625000001 0.6746359375 0.7026125000000001 0.6369687500000001 0.7016375 0.621559375 0.70285625 0.6175015625 0.7051203125 0.620228125 0.7058515625 0.621559375 0.718321875 0.6447046875 0.7275171874999999 0.6537734375
4 0.6430859375 0.5641093749999999 0.644828125 0.58909375 0.6550328125 0.6752687500000001 0.659003125 0.691565625 0.6645078125 0.6974640625 0.668234375 0.6974640625 0.6739468750000001 0.689790625 0.6669796875 0.5582125 0.6624875 0.5537093750000001 0.656775 0.5523140625 0.6495640625 0.5544078125 0.645071875 0.5564359375000001 0.6435734375 0.5587187499999999 0.6430859375 0.5641093749999999
3 0.6158140624999999 0.55611875 0.615046875 0.5588453125 0.619540625 0.6228281250000001 0.6225359375 0.6808500000000001 0.6272734375 0.700825 0.631 0.706721875 0.6354921874999999 0.7053265625 0.6389765625 0.697653125 0.641728125 0.660875 0.6442 0.5634109375 0.6419718750000001 0.5579578125 0.6384890624999999 0.555675 0.63075625 0.5529484375 0.62455625 0.553075 0.62079375 0.5533921875 0.6170671875 0.5543437499999999 0.6158140624999999 0.55611875
3 0.5839078125 0.5587187499999999 0.5841515625 0.564615625 0.5891328125 0.6068484375 0.591884375 0.6485734375 0.586903125 0.6902984375 0.5958546874999999 0.688459375 0.6003484375 0.68300625 0.6078375 0.6648703125 0.609821875 0.6299296875 0.610553125 0.594609375 0.6137937499999999 0.5773625 0.6140375 0.564615625 0.6118078125 0.5569437500000001 0.6048421875 0.5483203125 0.5968656250000001 0.5451484375 0.587146875 0.5542171875 0.5861375 0.5551046875 0.58491875 0.5551046875 0.5839078125 0.5587187499999999
1 0.5569484375 0.5438171875 0.5550671875 0.5498421875 0.5523515625 0.579328125 0.5583765625 0.6851609375 0.5615109375 0.6957515625 0.565865625 0.7040578125 0.5683390625 0.7040578125 0.5704281250000001 0.6984140625 0.5789265625 0.6579578125000001 0.58164375 0.60386875 0.58018125 0.5604312499999999 0.57871875 0.55174375 0.5749906250000001 0.54648125 0.5699062500000001 0.5418515625 0.5669109375 0.54039375 0.562346875 0.5407734375000001 0.5569484375 0.5438171875
2 0.5271328125 0.5457203125000001 0.524625 0.550221875 0.52358125 0.5608109375 0.52650625 0.5785671875 0.5345875 0.6844 0.5373046875 0.688965625 0.539359375 0.6866828125 0.542284375 0.6712109374999999 0.5462203125 0.5902984375 0.5491125 0.5774250000000001 0.5520375 0.5453390625 0.550365625 0.5426765625 0.5482765625 0.541915625 0.53416875 0.54305625 0.5321140625 0.54305625 0.530025 0.5434375 0.5271328125 0.5457203125000001
2 0.49930312499999996 0.55174375 0.4999296875 0.5668984375 0.5026125 0.5835125 0.50595625 0.6594796875 0.5078015625 0.67083125 0.5117375 0.6738109375 0.5142453125 0.6712109374999999 0.5161265625 0.6670265625 0.518809375 0.585415625 0.521525 0.5710203125 0.521525 0.5457203125000001 0.5074890625 0.5471140625 0.503865625 0.547621875 0.50115 0.5483828125 0.49930312499999996 0.55174375
2 0.47495624999999997 0.5533921875 0.4762109375 0.591565625 0.4745390625 0.643690625 0.4757921875 0.6739375 0.47788281250000003 0.6913125 0.48181874999999996 0.6864296875 0.48533593750000004 0.6648703125 0.49303437499999997 0.5911859374999999 0.495925 0.5783125 0.49697031249999996 0.5617 0.4963421875 0.5548515625 0.49345156250000005 0.5495875 0.488053125 0.54654375 0.48171406250000004 0.5462265625 0.47830000000000006 0.5457828124999999 0.475165625 0.545403125 0.47495624999999997 0.5533921875
2 0.44824062500000006 0.66911875 0.44998281249999994 0.6791375000000001 0.453709375 0.6791375000000001 0.4567046875 0.674571875 0.4671890625 0.5843375 0.47042812500000003 0.5711484375 0.47192656250000004 0.5603046875000001 0.47265781249999994 0.547559375 0.4580640625 0.5433734375 0.4520375 0.5420421875 0.44576874999999994 0.5403296875 0.44824062500000006 0.66911875
1 0.415953125 0.5556125 0.41250468749999997 0.6459734375 0.41671874999999997 0.6790734375 0.42096875 0.706784375 0.4306859375 0.6826890624999999 0.4434 0.570703125 0.4408921875 0.537159375 0.4361546875 0.5348765625 0.431940625 0.5353203125 0.427690625 0.539378125 0.42096875 0.539378125 0.41804218750000005 0.5426765625 0.415953125 0.5556125
3 0.38366406249999996 0.5663921875 0.3826546875 0.5790734375000001 0.3818875 0.61261875 0.37690625 0.71604375 0.379659375 0.720609375 0.38366406249999996 0.721053125 0.38565 0.7196578125 0.3896203125 0.7101453125 0.39885000000000004 0.6679765625 0.4053296875 0.63348125 0.40856875 0.575459375 0.4133046875 0.57089375 0.4172765625 0.562778125 0.41804218750000005 0.5568796875 0.4165453125 0.5495875 0.410553125 0.5455296875 0.40456250000000005 0.5459734375 0.3946703125 0.55263125 0.39111875 0.555484375 0.386625 0.5609390624999999 0.38366406249999996 0.5663921875
3 0.3486234375 0.5585921875000001 0.3483453125 0.5640453125 0.3496 0.6020921875 0.345871875 0.6914390625 0.34886875 0.7046296875 0.351340625 0.7059609375 0.3545796875 0.7046296875 0.3638109375 0.6918828125 0.3657953125 0.6805953125 0.3665625 0.64565625 0.372275 0.5898546875 0.3797625 0.556753125 0.379484375 0.5526953125 0.3772546875 0.5504125 0.3712640625 0.5485734375 0.3665625 0.5485734375 0.35802812500000003 0.553075 0.3545796875 0.5544703125 0.350609375 0.556309375 0.3486234375 0.5585921875000001
4 0.2540234375 0.65783125 0.245315625 0.66734375 0.2378265625 0.674128125 0.2447921875 0.67869375 0.25775000000000003 0.6764109375 0.2756875 0.652821875 0.2881578125 0.6274578125 0.29860625 0.6024734375 0.309821875 0.5925171875 0.3160578125 0.5729859375 0.3160578125 0.5607484375 0.313828125 0.5512359375 0.304353125 0.54305625 0.29811875 0.541725 0.287390625 0.5339890625 0.2766984375 0.5348765625 0.268965625 0.5398859375 0.263740625 0.5693718750000001 0.25179375 0.6020296875 0.239325 0.6274578125 0.24155312499999998 0.631959375 0.24580312499999998 0.6337984375 0.2492859375 0.6337984375 0.2557640625 0.6287890625 0.268478125 0.6092578125 0.27095156249999997 0.6043125 0.2747125 0.599746875 0.2766984375 0.599746875 0.2774296875 0.6029171875 0.2771859375 0.60475625 0.2766984375 0.6065953125 0.2657265625 0.63785625 0.2540234375 0.65783125
4 0.210275 0.5940390625 0.20675781249999997 0.5986046875000001 0.20529375 0.6034875000000001 0.20571250000000002 0.60653125 0.2082203125 0.6095125 0.21466406249999997 0.6095125 0.23312499999999997 0.5928984374999999 0.245384375 0.578946875 0.271125 0.5418515625 0.274225 0.5362078125 0.27464374999999996 0.532403125 0.2696625 0.5290421875 0.2638453125 0.5169312500000001 0.2588640625 0.509384375 0.24434062499999998 0.49315156250000003 0.2385234375 0.49048749999999997 0.2364328125 0.49048749999999997 0.2333328125 0.4927703125 0.2192265625 0.529803125 0.1988859375 0.5698796875000001 0.19763124999999998 0.57438125 0.197840625 0.5785671875 0.19926875 0.5826890625 0.2098578125 0.5755234375 0.21278281250000003 0.5755234375 0.2158828125 0.5713375 0.2289796875 0.5448953125 0.23187031249999998 0.5346859375 0.2333328125 0.5396328125000001 0.23521406250000002 0.541534375 0.23915000000000003 0.5433734375 0.2437125 0.544134375 0.2497390625 0.54299375 0.24622031249999998 0.5487 0.24559375 0.5494609374999999 0.22793437499999997 0.575903125 0.210275 0.5940390625
4 0.25945625 0.358021875 0.2556953125 0.38478124999999996 0.2552078125 0.421053125 0.257959375 0.4668984375 0.2616859375 0.474571875 0.2674328125 0.48046875 0.2771515625 0.485034375 0.28909843749999997 0.48865 0.293590625 0.48319531250000003 0.2963078125 0.475015625 0.294565625 0.47368437500000005 0.2908390625 0.4591625 0.2895859375 0.4410265625 0.2893421875 0.3938484375 0.28735625 0.36391874999999996 0.28411718750000003 0.35757812499999997 0.2801109375 0.3539625 0.27537500000000004 0.3544078125 0.2736328125 0.35669062500000004 0.2739109375 0.3653140625 0.276384375 0.38839531250000003 0.276384375 0.41065312499999995 0.2733890625 0.41699374999999994 0.271403125 0.41699374999999994 0.27039375 0.41382343749999995 0.2684078125 0.400190625 0.26516875 0.3616359375 0.26468125 0.35986093750000003 0.2619296875 0.357134375 0.25945625 0.358021875
4 0.29731874999999997 0.3869375 0.2937296875 0.38966406249999996 0.2925109375 0.3918203125 0.2922328125 0.40437500000000004 0.2937296875 0.44572031250000005 0.2949140625 0.45009531249999996 0.29790937500000003 0.45332968749999997 0.30090625000000004 0.472415625 0.30268125 0.4909328125 0.30567812499999997 0.5017750000000001 0.32389375 0.5050734375 0.33378593749999996 0.502346875 0.33678125 0.4930875 0.338871875 0.465884375 0.33678125 0.452821875 0.334378125 0.4174375 0.3283875 0.372796875 0.323615625 0.36569375000000004 0.3194359375 0.3651875 0.3158484375 0.3668359375 0.31344531249999996 0.370640625 0.3122609375 0.37825000000000003 0.3182171875 0.42447656250000004 0.3179375 0.43538437500000005 0.3161265625 0.43753906249999996 0.31313124999999997 0.4364609375 0.3098578125 0.42885156249999995 0.3046671875 0.391059375 0.3032734375 0.3885859375 0.3005921875 0.3869375 0.29731874999999997 0.3869375
3 0.3481359375 0.35795781249999997 0.342771875 0.35630937500000004 0.3382796875 0.3568796875 0.33528437499999997 0.35903593749999996 0.33378593749999996 0.3623328125 0.33378593749999996 0.36886562500000003 0.3397765625 0.39987343750000004 0.341275 0.43145156250000005 0.3406828125 0.496765625 0.341275 0.511096875 0.3454546875 0.5179453125 0.3622078125 0.5168671875 0.372065625 0.5081796875 0.37805625 0.48313281249999995 0.37533906250000004 0.4542796875 0.36607500000000004 0.4129359375 0.35583437500000004 0.37298593750000003 0.354128125 0.3672796875 0.351515625 0.361953125 0.3481359375 0.35795781249999997
3 0.3881921875 0.3479390625 0.38669375 0.35174375 0.384290625 0.36480625 0.378021875 0.43170624999999996 0.37324999999999997 0.5003171875 0.37593125 0.5100828125 0.3911875 0.5188328125 0.40285624999999997 0.5068484375 0.40881249999999997 0.4872546875 0.40404062500000004 0.37184531249999997 0.4034140625 0.3379828125 0.39568125 0.33918906249999997 0.3881921875 0.3479390625
1 0.41166875 0.3324671875 0.4098921875 0.336271875 0.4093 0.4081171875 0.40362187499999996 0.487571875 0.40808125000000006 0.5060875 0.4122609375 0.5109703125 0.41675312499999995 0.5115406250000001 0.430825 0.50824375 0.4359109375 0.5044390625 0.4382796875 0.4989859375 0.4382796875 0.48979062500000003 0.43469218749999994 0.47285937499999997 0.4209328125 0.3727328125 0.414071875 0.3357640625 0.4134796875 0.3330375 0.41257343750000003 0.33189531250000004 0.41166875 0.3324671875
2 0.458515625 0.343246875 0.45701875000000003 0.343246875 0.45520781250000003 0.3448953125 0.452246875 0.3731765625 0.4438515625 0.43252968750000004 0.43848906249999997 0.48478125 0.43368124999999996 0.5071015625 0.45792343750000003 0.5152828125 0.46060625 0.511984375 0.4623828125 0.5060234375 0.4632875 0.47875781249999994 0.4632875 0.4292328125 0.46569062499999997 0.374825 0.46259218750000003 0.353265625 0.46151093750000005 0.3487 0.4600140625 0.34438749999999996 0.458515625 0.343246875
2 0.48021562500000003 0.360621875 0.4772546875 0.37856718749999996 0.4676765625 0.48636718749999996 0.46617968750000005 0.5102734375 0.46826875 0.5179453125 0.4736671875 0.51953125 0.49129218750000003 0.520609375 0.5008703125 0.5114140625 0.5005578125000001 0.49067812499999997 0.49665625 0.47108437500000006 0.4936953125 0.39492656249999997 0.48770468749999996 0.368675 0.48620625000000006 0.3622703125 0.483803125 0.3589734375 0.48021562500000003 0.360621875
2 0.5222578125 0.3401390625 0.5201671875 0.3422953125 0.5097171875 0.45497812499999996 0.5058171875 0.4859859375 0.5049109374999999 0.5066578125000001 0.5109015625 0.5186437500000001 0.524346875 0.5207984375 0.5375125 0.5186437500000001 0.54200625 0.5142671875 0.542284375 0.4979703125 0.5336125 0.3716546875 0.5287703125000001 0.3527578125 0.5270640625 0.3466703125 0.52406875 0.3401390625 0.5222578125 0.3401390625
2 0.5496000000000001 0.3483203125 0.5476484375 0.3503484375 0.545871875 0.3547234375 0.5455593750000001 0.423271875 0.5482765625 0.46360156249999995 0.5455593750000001 0.4897265625 0.545871875 0.5054531250000001 0.5476484375 0.5142046875 0.5638109375 0.5163609375 0.5685828125 0.5071015625 0.5685828125 0.48319531250000003 0.5529078125 0.3546609375 0.55245625 0.35142656250000004 0.5512359375 0.34819218749999997 0.5496000000000001 0.3483203125
1 0.59501875 0.3459734375 0.5914312500000001 0.34819218749999997 0.5857546874999999 0.37045 0.5755828125 0.4613828125 0.5716828125 0.47495312500000003 0.5719953125 0.48915625 0.5746781249999999 0.5048828125 0.5815750000000001 0.5092578125 0.5911187499999999 0.5054531250000001 0.596203125 0.498921875 0.5938 0.490234375 0.5923375 0.47767968749999995 0.5929296875000001 0.46410937499999994 0.59470625 0.45047499999999996 0.595925 0.41781875 0.59470625 0.388965625 0.5973875 0.35415312499999996 0.5973875 0.351996875 0.5971093749999999 0.3470515625 0.59501875 0.3459734375
3 0.6266812500000001 0.3461640625 0.6222218749999999 0.3450859375 0.6189125 0.346734375 0.61623125 0.351109375 0.6141421874999999 0.3565 0.6099609375 0.3853515625 0.6045625 0.4468609375 0.6036578125000001 0.49207343750000004 0.6063734375000001 0.506721875 0.61355 0.5116671875 0.6215953125 0.506721875 0.6264015625 0.48440000000000005 0.6296765625 0.4512359375 0.63026875 0.40716562500000003 0.6293968750000001 0.38972656250000004 0.6298843749999999 0.360240625 0.6299890625 0.353265625 0.628178125 0.3483828125 0.6266812500000001 0.3461640625
3 0.663671875 0.35523125 0.6600843750000001 0.35903593749999996 0.6517234375000001 0.3742546875 0.6427375 0.40310781249999994 0.631975 0.45535781249999996 0.6268890625 0.494546875 0.6268890625 0.5027265625 0.631696875 0.509765625 0.641240625 0.5114140625 0.6535 0.50653125 0.6540921875000001 0.5016484375 0.6523156250000001 0.458084375 0.663671875 0.40310781249999994 0.66844375 0.36880156249999996 0.66844375 0.3622703125 0.666075 0.35523125 0.663671875 0.35523125
4 0.6937656249999999 0.376475 0.6922671874999999 0.3775515625 0.6898640625 0.382434375 0.6862765625 0.43088125 0.6823750000000001 0.43633437500000005 0.6779171875000001 0.4292328125 0.6779171875000001 0.42435 0.6820968749999999 0.388459375 0.6802859375 0.38300625 0.677325 0.38300625 0.674921875 0.384590625 0.668025 0.40913125 0.6543015624999999 0.5038046875 0.6563921875000001 0.5130625 0.662975 0.514140625 0.671334375 0.5130625 0.6817828125000001 0.5147109375000001 0.691640625 0.5098281250000001 0.696134375 0.501078125 0.6976312499999999 0.38135625 0.697353125 0.3792015625 0.696446875 0.376475 0.6937656249999999 0.376475
4 0.7128875 0.3634109375 0.7102062499999999 0.3666453125 0.70839375 0.3720984375 0.703309375 0.4053265625 0.702403125 0.445021875 0.70121875 0.46791406249999995 0.696446875 0.501078125 0.6979453125 0.5092578125 0.702125 0.5124921875 0.7161609375 0.5130625 0.7272375 0.5092578125 0.736503125 0.503296875 0.7376875 0.494546875 0.7338203125 0.46246093750000006 0.7355968749999999 0.452125 0.738 0.41781875 0.7394984375 0.367215625 0.7385921875 0.3644890625 0.7355968749999999 0.36391874999999996 0.733228125 0.3661375 0.7299203125 0.3742546875 0.726925 0.40037968749999997 0.7218390625 0.42435 0.7191578125 0.4303109375 0.7179734375 0.4259984375 0.7179734375 0.41781875 0.7191578125 0.3720984375 0.7191578125 0.36772343749999997 0.716753125 0.36119218750000004 0.7128875 0.3634109375
4 0.7471609375 0.376284375 0.7444437500000001 0.40348750000000005 0.7432609375 0.4334171875 0.7432609375 0.47805937500000006 0.739671875 0.49873124999999996 0.75343125 0.5031078124999999 0.7611984374999999 0.5156 0.7662828125 0.5161703125 0.7719609375 0.5090671875 0.7752343749999999 0.49162968749999997 0.7710546875000001 0.4481296875 0.7692796875 0.37520625 0.7662828125 0.36753281250000003 0.7638796875 0.3670265625 0.7608843750000001 0.3724796875 0.7597 0.3800890625 0.762103125 0.47216250000000004 0.7602578125 0.47178125 0.7540234375 0.4611921875 0.756321875 0.44229531250000004 0.7561125 0.421559375 0.75113125 0.3833859375 0.7501218749999999 0.3773625 0.7492515625 0.3713375 0.7471609375 0.376284375
4 0.3106578125 0.5746984375 0.3101359375 0.5937859375000001 0.3106578125 0.665884375 0.31163281249999997 0.672225 0.3143859375 0.675840625 0.3166140625 0.675396875 0.31835625 0.672225 0.3206203125 0.623715625 0.32260468750000004 0.6159796875 0.324590625 0.6150921874999999 0.3273421875 0.6159796875 0.329328125 0.6305015625 0.3275859375 0.6613187500000001 0.3275859375 0.6776796875 0.33106874999999997 0.686303125 0.334309375 0.68129375 0.34402656249999997 0.55611875 0.33580625 0.5579578125 0.3283171875 0.561128125 0.31933125 0.560684375 0.31563906249999996 0.561571875 0.31313124999999997 0.56474375 0.3106578125 0.5746984375
