4 0.2390453125 0.4383 0.23981249999999998 0.4476859375 0.2615109375 0.539378125 0.265690625 0.5488265625000001 0.2726234375 0.5479390625 0.28126093750000003 0.54476875 0.2903859375 0.5339890625 0.30170625 0.5259359375 0.30543437500000004 0.5160437499999999 0.30567812499999997 0.5065953125 0.30121875 0.48909375 0.2952984375 0.47647500000000004 0.2884015625 0.4643625 0.2740859375 0.42796406249999996 0.26224375 0.41223906250000003 0.2580640625 0.40957499999999997 0.2540921875 0.41585312500000005 0.255346875 0.42301875000000005 0.26175625 0.43652499999999994 0.2698015625 0.465884375 0.2700453125 0.47349375 0.2675375 0.476728125 0.26482031250000004 0.476284375 0.2449671875 0.43379843749999997 0.243015625 0.43335468749999995 0.24054375 0.43430625 0.2390453125 0.4383
3 0.3695234375 0.3948 0.36631874999999997 0.3826890625 0.3633578125 0.3844640625 0.36015312499999996 0.39346875 0.35719218750000004 0.40919531249999996 0.3576796875 0.44508593750000003 0.35423125 0.5066578125000001 0.3567046875 0.5129359375 0.3621390625 0.5147109375000001 0.3655875 0.523271875 0.3781609375 0.5268859375 0.3796234375 0.5254921875 0.382340625 0.5219406249999999 0.3863109375 0.4913765625 0.380390625 0.4599234375 0.3695234375 0.3948
1 0.4146640625 0.47025937500000003 0.411703125 0.467596875 0.4092296875 0.4455296875 0.40480625000000003 0.3642359375 0.40111406250000003 0.3557390625 0.3986421875 0.3544078125 0.39592499999999997 0.3561828125 0.389271875 0.46937187500000005 0.39073437499999997 0.481040625 0.3867984375 0.5003796875 0.3863109375 0.52821875 0.38850625 0.537159375 0.39519375 0.5457203125000001 0.3988859375 0.5470515625 0.41219062500000003 0.5460375 0.41417656249999996 0.5452765625 0.4154296875 0.5412171875 0.4159171875 0.5120484375000001 0.41194687500000005 0.47565 0.4146640625 0.47025937500000003
2 0.4395328125 0.44128125 0.43981250000000005 0.41274531249999996 0.4433296875 0.39492656249999997 0.44277187500000004 0.3911859375 0.43779218750000004 0.39156562500000003 0.43479687499999997 0.3933421875 0.43242812500000005 0.401965625 0.42413749999999995 0.46880156250000005 0.42145625000000003 0.4720359375 0.41762499999999997 0.50221875 0.41671874999999997 0.5285984375 0.41880937500000004 0.5399499999999999 0.42176875 0.5431828125 0.44054374999999996 0.54648125 0.444828125 0.544325 0.44782343750000003 0.5270140624999999 0.447509375 0.5027265625 0.4419015625 0.46880156250000005 0.4395328125 0.44128125
2 0.4644375 0.4104 0.4602921875 0.40393125 0.454371875 0.405009375 0.45081875 0.4201015625 0.45081875 0.5300578125000001 0.4517234375 0.539759375 0.454371875 0.5457203125000001 0.458515625 0.5473046874999999 0.4700796875 0.5490171875 0.47331874999999995 0.5483828125 0.47481718749999996 0.5462265625 0.47481718749999996 0.530628125 0.46858281249999995 0.434115625 0.4644375 0.4104
2 0.5143156249999999 0.499175 0.5047375 0.475903125 0.5029609374999999 0.46360156249999995 0.5015328125 0.4286625 0.49902499999999994 0.4124921875 0.49512343750000004 0.40602343750000003 0.49122187500000003 0.40665781250000005 0.4883671875 0.41376093750000004 0.4869734375 0.44743125 0.4784390625 0.4842734375 0.478090625 0.5172484374999999 0.48056406249999994 0.5457203125000001 0.48164375000000004 0.5476859375 0.4970734375 0.5503484375000001 0.5086375000000001 0.5495875 0.5118421875 0.5476859375 0.5143156249999999 0.5438171875 0.5157437500000001 0.5334171875 0.5143156249999999 0.499175
2 0.558759375 0.5333546874999999 0.5566703125 0.5198484375 0.5477875 0.4982875 0.5451406249999999 0.467596875 0.533890625 0.38998125 0.530025 0.384590625 0.526784375 0.3861765625 0.5256015625 0.38998125 0.525009375 0.4072296875 0.5246953125 0.4514265625 0.5232328125000001 0.505834375 0.5256015625 0.5344328125 0.5309296875 0.54305625 0.535075 0.5462906249999999 0.5507484375 0.551109375 0.552246875 0.5506031250000001 0.5537093750000001 0.5506031250000001 0.556078125 0.5467984375 0.5578546875 0.541978125 0.558759375 0.5333546874999999
1 0.590734375 0.51610625 0.59160625 0.5031703125 0.5883671875 0.4557390625 0.5871828125 0.40291718750000005 0.58540625 0.39321562499999996 0.5812609375 0.38566875 0.579484375 0.38566875 0.57593125 0.3904875 0.5717875 0.40773593750000003 0.56614375 0.4487 0.55343125 0.5268859375 0.5537093750000001 0.53874375 0.5552078125000001 0.5424859375 0.558759375 0.544134375 0.573284375 0.5441984375 0.576803125 0.544134375 0.5788921874999999 0.544134375 0.58540625 0.53874375 0.5883671875 0.5338625 0.590734375 0.51610625
3 0.6140718749999999 0.41705781249999996 0.6056421875 0.3694359375 0.6016375 0.3679765625 0.600453125 0.38040625 0.5951234375000001 0.4731140625 0.5939390625 0.503296875 0.5951234375000001 0.519975 0.5974921875 0.5248578125 0.6063734375000001 0.531325 0.6137937499999999 0.53348125 0.6182171875 0.5329109375 0.6244171875 0.5263796875 0.6270984375 0.5227015625 0.6294671875 0.5173109375 0.6309640625 0.5070390625 0.6291890625 0.4811671875 0.6140718749999999 0.41705781249999996
4 0.7839421875 0.41407812499999996 0.774990625 0.41953125 0.751096875 0.46068437500000003 0.7340640625 0.49327812499999996 0.7182859374999999 0.5087515625 0.713584375 0.5242859375 0.7127484374999999 0.536715625 0.717415625 0.5452765625 0.737478125 0.5553578124999999 0.747265625 0.5646796875 0.7562171875 0.569309375 0.7613375 0.5700703125000001 0.7651687500000001 0.5677875 0.769 0.5608109375 0.7719953125 0.54216875 0.7762453125000001 0.5211796875 0.786903125 0.49169375000000004 0.807384375 0.44356406249999997 0.807384375 0.44045625 0.805259375 0.43424218750000004 0.8022640624999999 0.43195937500000003 0.7984328125 0.43348125 0.7933125000000001 0.4381734375 0.7681640625 0.48395625000000003 0.7634624999999999 0.490171875 0.7592125000000001 0.4909328125 0.7582718749999999 0.48998125000000003 0.7579234375 0.48782500000000006 0.76729375 0.4559921875 0.7843609375 0.424159375 0.785196875 0.41642343750000005 0.7839421875 0.41407812499999996
4 0.77544375 0.7235890625 0.77635 0.7155359375 0.776628125 0.70475625 0.778996875 0.697209375 0.7908390625 0.6653765625 0.7991296875 0.6492078125 0.8047718749999999 0.63519375 0.8056421874999999 0.618515625 0.803865625 0.6120484375 0.8006265625 0.6098921875000001 0.7952984375 0.609321875 0.792615625 0.602853125 0.784046875 0.5942296875 0.7784046874999999 0.5969562500000001 0.76924375 0.5996203125 0.761825 0.6055796875 0.7582718749999999 0.6147109375 0.75799375 0.629296875 0.7627312500000001 0.7176921875 0.7662828125 0.7370953124999999 0.767746875 0.7376031249999999 0.7686515625 0.7354468749999999 0.7686515625 0.7295499999999999 0.7662828125 0.6982875 0.7695234375 0.654596875 0.7707078125 0.6470515625 0.7736671875 0.6443875 0.7784046874999999 0.6470515625 0.7807734375 0.6502859375 0.7804953125 0.65516875 0.7721703125 0.6977171875 0.7712984374999999 0.705834375 0.7712984374999999 0.722003125 0.7733890625 0.7252375 0.774259375 0.7252375 0.77544375 0.7235890625
4 0.7476484375 0.6639828125 0.7473359375 0.6473046874999999 0.7479281249999999 0.6376031249999999 0.749425 0.6327203124999999 0.7553468750000001 0.6235890625 0.7589 0.6090046874999999 0.7585859375 0.5960687499999999 0.757715625 0.58909375 0.7538484375000001 0.5852890625 0.7277953125 0.5788203125 0.7103453125 0.579390625 0.7050156249999999 0.582625 0.7032390625 0.58744375 0.702646875 0.6057703125 0.7094390625 0.6677875 0.7144890625 0.7017125 0.718321875 0.7200375 0.7227796875 0.727584375 0.7263328125 0.741090625 0.7292921875 0.745909375 0.7328453125000001 0.747559375 0.734309375 0.74648125 0.7354921875 0.7415984375 0.734309375 0.7303109375 0.7292921875 0.6979703125000001 0.7281093750000001 0.6699421875 0.7298843749999999 0.6639828125 0.73075625 0.6629046875 0.7334375 0.6639828125 0.734309375 0.6661374999999999 0.736084375 0.6790734375 0.7421109375 0.7015859375 0.7435046875 0.7044390625 0.7491125000000001 0.70386875 0.7514796875 0.6979703125000001 0.750609375 0.6844640625 0.7476484375 0.6639828125
4 0.6982234375 0.6907421874999999 0.6921984375 0.6351296875 0.6936265625 0.6208625 0.6975265625 0.6111609375 0.7010796874999999 0.594990625 0.7017765625 0.572353125 0.6993031249999999 0.564615625 0.6960984375 0.5620171875 0.6857890624999999 0.5594171875 0.6776390625000001 0.5613828125 0.6662484375 0.5587828125 0.65489375 0.5601140625000001 0.6385578125 0.5755859375 0.6342734375 0.5820546875 0.6342734375 0.5878890625000001 0.63890625 0.600190625 0.6481359375 0.6208625 0.653465625 0.6467343750000001 0.659875 0.6933421875 0.6655515624999999 0.7295499999999999 0.6705328125000001 0.7386171874999999 0.6726578125 0.7398859375 0.6762109374999999 0.7392515625 0.678334375 0.7360171875 0.6794140625 0.72695 0.6794140625 0.7178828125 0.6733546875 0.6596703125000001 0.6733546875 0.648065625 0.6755140625 0.6467343750000001 0.6776390625000001 0.648065625 0.683315625 0.6668359374999999 0.6866953125 0.706784375 0.6872171875 0.7121109375 0.6907703125 0.7166140624999999 0.6954015625000001 0.7146484375 0.69860625 0.708878125 0.6982234375 0.6907421874999999
1 0.6377921875 0.7522515624999999 0.6416921875 0.7444515625 0.6423890625 0.7354468749999999 0.638140625 0.6591 0.631034375 0.5924546875 0.6218046875 0.5705140625 0.6015328125 0.5653140624999999 0.5912578125 0.5679140625 0.585928125 0.578884375 0.587321875 0.5970203125 0.594078125 0.633228125 0.6226406250000001 0.7407109375 0.6239296875 0.7464171875 0.626053125 0.7516171875000001 0.6296062499999999 0.754153125 0.6335078125 0.754153125 0.6377921875 0.7522515624999999
2 0.5307203125 0.80475625 0.53580625 0.8001265625 0.540090625 0.7876984375 0.5430515625 0.7675328125 0.549878125 0.7403296874999999 0.5584109374999999 0.6790109375 0.56353125 0.6596062500000001 0.5669453125 0.6339890625 0.5771859375 0.615409375 0.579728125 0.5975265624999999 0.5788921874999999 0.5827515625 0.5405078125 0.57349375 0.53580625 0.5773625 0.534553125 0.585859375 0.5261234375 0.7710203124999999 0.5251484375000001 0.7776156249999999 0.5217343750000001 0.7961953125 0.5226046875 0.8032343750000001 0.5268546875 0.80475625 0.5307203125 0.80475625
2 0.512921875 0.7278374999999999 0.5167890625 0.6642359375 0.5210375 0.6246671874999999 0.525740625 0.610653125 0.529571875 0.58738125 0.5287015625 0.58040625 0.4814 0.5749531250000001 0.48223593749999993 0.5959421875 0.48822656249999996 0.6657578125 0.492825 0.7382375 0.49501875 0.7441984374999999 0.4962734375 0.745465625 0.49930312499999996 0.744959375 0.5078375 0.7395046875 0.512921875 0.7278374999999999
2 0.449146875 0.7316421875 0.4509234375 0.7284078125 0.454128125 0.71350625 0.4598046875 0.6624609375 0.46300937500000006 0.6501578125 0.46158124999999994 0.6268859375 0.46691093749999996 0.5906156250000001 0.4654828125 0.5712109375 0.43848906249999997 0.56734375 0.4257046875 0.56734375 0.42427656249999995 0.5725421875000001 0.4313828125 0.61781875 0.4335078125 0.638490625 0.43814062500000006 0.6695625 0.44106562499999996 0.7234625 0.4416921875 0.7284078125 0.44273749999999995 0.7310078125 0.444165625 0.7322765625 0.44594218750000003 0.7329109375 0.449146875 0.7316421875
2 0.4160921875 0.738046875 0.41877343749999996 0.73430625 0.4199578125 0.717565625 0.419365625 0.6679765625 0.42055 0.6340515625 0.419365625 0.6183890625 0.42260468749999996 0.5979078125 0.42260468749999996 0.5720359375 0.42055 0.5655671875 0.394496875 0.567215625 0.3927203125 0.573684375 0.39390468749999996 0.5968296875 0.39982656250000004 0.6227015625 0.40128906249999996 0.645909375 0.40515468749999994 0.6744453125 0.40811562500000004 0.7285359375 0.40839375 0.7348125 0.40898593749999995 0.7375390625 0.4110765625 0.7396953125 0.4137234375 0.7396953125 0.4160921875 0.738046875
1 0.36273125 0.7234625 0.372309375 0.66265 0.3790671875 0.6309453125 0.38261875 0.61090625 0.38474375 0.579834375 0.3694875 0.561128125 0.357053125 0.562396875 0.3538484375 0.5720984375 0.352071875 0.587634375 0.3538484375 0.634178125 0.35064375000000003 0.6497140625 0.3531171875 0.6678499999999999 0.34886875 0.7422328125 0.34886875 0.74476875 0.3495640625 0.749334375 0.352071875 0.749334375 0.357053125 0.74476875 0.36273125 0.7234625
4 0.2382796875 0.5812296875 0.23051249999999998 0.5807234375 0.228109375 0.588459375 0.22741250000000002 0.604375 0.22995468749999998 0.6203546875 0.23364687499999998 0.6375390624999999 0.23517968749999998 0.6601781250000001 0.2359109375 0.681990625 0.23566718749999999 0.69353125 0.23615468750000002 0.6979703125000001 0.24078750000000002 0.6930875000000001 0.24517656250000003 0.6681671875 0.2471265625 0.6437546875 0.24639531250000002 0.6331015625 0.24810156249999998 0.6273296875 0.2490765625 0.631325 0.2471265625 0.6646156249999999 0.24420000000000003 0.6855421875000001 0.24054375 0.6979703125000001 0.24054375 0.703740625 0.2449328125 0.703740625 0.25322187500000004 0.6913125 0.2598390625 0.661065625 0.260571875 0.660621875 0.262765625 0.6370953125 0.262765625 0.623715625 0.2666671875 0.60995625 0.26715468750000004 0.5970828125 0.263496875 0.5864296875 0.2621734375 0.5843375 0.25653125 0.5781234375000001 0.2500171875 0.5750796874999999 0.2438171875 0.5766015624999999 0.2382796875 0.5812296875
4 0.2910828125 0.561509375 0.283246875 0.5668359374999999 0.2756875 0.5699421874999999 0.26959218749999997 0.5744453125 0.2666671875 0.5842109375 0.2676421875 0.6064046875 0.26959218749999997 0.6183890625 0.27641875 0.620165625 0.27690625 0.631325 0.2703234375 0.6650609375000001 0.2698359375 0.6650609375000001 0.2681296875 0.6788203125 0.2683734375 0.6873171874999999 0.2737375 0.69086875 0.28547500000000003 0.6788203125 0.2893765625 0.664171875 0.29279062499999997 0.6548515625 0.295471875 0.6592890625 0.294740625 0.6694984374999999 0.29571562500000004 0.6752687500000001 0.3032734375 0.6770453125 0.3096140625 0.6694984374999999 0.3098578125 0.6504125000000001 0.3120515625 0.6259359375 0.31818124999999997 0.5948640625 0.31915781249999997 0.582434375 0.318425 0.5771078125 0.31818124999999997 0.5757765625 0.3135140625 0.5703875 0.3057125 0.5694984375 0.3057125 0.5672796875 0.2910828125 0.561509375
