3 0.4844640625 0.638209375 0.46829375000000006 0.6388015625000001 0.44134375 0.6423546875 0.41762812499999996 0.6432609375 0.322384375 0.6437125 0.30995625000000004 0.6471265625 0.30297968750000004 0.652246875 0.2991125 0.6590734375 0.30297968750000004 0.6675718749999999 0.323209375 0.6726921875 0.3620171875 0.6726921875 0.3852890625 0.6743984375000001 0.4015859375 0.6726921875 0.42948593749999997 0.6709859375 0.4481296875 0.6709859375 0.46518750000000003 0.6735625 0.48306875 0.6752703125 0.490171875 0.674015625 0.4987953125 0.6692796875 0.5036140625 0.6621734375 0.506340625 0.655346875 0.5054531250000001 0.6568796875 0.5011421875 0.649459375 0.496321875 0.6462203125 0.4887765625 0.639115625 0.4844640625 0.638209375
2 0.463728125 0.5418671875000001 0.42948593749999997 0.5432609375 0.39004374999999997 0.542215625 0.337603125 0.5397078125 0.32339843749999997 0.5397078125 0.314965625 0.5418671875000001 0.31173125 0.5457687499999999 0.31433125 0.54966875 0.3357 0.5564265625 0.3958140625 0.566353125 0.4669625 0.5748875 0.4798984375 0.5770109375 0.48833281250000005 0.576315625 0.49219999999999997 0.5731109375 0.495434375 0.5688609375 0.5025359375 0.5670843750000001 0.5045015625 0.5645765625 0.5045015625 0.564959375 0.5057703124999999 0.5549984375 0.5051359375 0.544340625 0.500634375 0.541484375 0.463728125 0.5418671875000001
2 0.5045015625 0.49780625 0.495434375 0.49672656249999997 0.47862968749999996 0.496378125 0.45986093749999996 0.49780625 0.43532031250000003 0.4985015625 0.4068484375 0.4985015625 0.34476874999999996 0.5031343749999999 0.3253640625 0.5063390625 0.3156625 0.5091609375 0.3156625 0.5127140625 0.3214328125 0.5176937500000001 0.33506718750000003 0.5230234375 0.3518703125 0.5265765625000001 0.4585921875 0.5347609375 0.4838296875 0.5383140625 0.5051359375 0.539359375 0.5097015625 0.5375828125 0.5097015625 0.534378125 0.5103359375000001 0.5333328125000001 0.5109703125 0.5237203125 0.5090046874999999 0.5084640625 0.5071015625 0.501009375 0.5045015625 0.49780625
2 0.4974 0.4494953125 0.46765937500000004 0.4494953125 0.45149062500000003 0.4508875 0.42365312499999996 0.45054062500000003 0.39258125 0.45127187500000004 0.363475 0.45266406249999996 0.33696875 0.45621718749999995 0.3214328125 0.459421875 0.31953125 0.4633234375 0.3272671875 0.46938281249999997 0.3777421875 0.47969375000000003 0.41071718749999997 0.4839421875 0.5025359375 0.49104843750000005 0.50646875 0.4907 0.5083703125000001 0.487146875 0.5071015625 0.48571875000000003 0.50646875 0.4853703125 0.5090046874999999 0.4676078125 0.5071015625 0.46154687499999997 0.50126875 0.45127187500000004 0.4974 0.4494953125
1 0.594609375 0.41525625 0.614584375 0.411703125 0.6350671875 0.40696562500000005 0.6781859375 0.390978125 0.69435625 0.382375 0.699746875 0.3764546875 0.698096875 0.37262343750000004 0.6905515624999999 0.3717171875 0.6792640624999999 0.372309375 0.6350671875 0.381190625 0.5768546875 0.38979375 0.5574515625 0.390978125 0.542359375 0.3939390625 0.5358906250000001 0.3969 0.5305015625 0.402821875 0.5272671875 0.41198125 0.5288515625 0.4220484375 0.5445156250000001 0.422953125 0.5455921874999999 0.422640625 0.5531390625 0.42145625000000003 0.5687375 0.42027187499999996 0.5849078125 0.41762499999999997 0.594609375 0.41525625
2 0.66309375 0.42176875 0.66740625 0.41731093750000003 0.6668359374999999 0.41525625 0.6582125 0.41435000000000005 0.643690625 0.4146640625 0.621053125 0.4161265625 0.560684375 0.422640625 0.5288515625 0.42354531250000005 0.5266968750000001 0.4256015625 0.5266968750000001 0.428875 0.5326562499999999 0.449878125 0.5353203125 0.4531515625 0.540203125 0.45374375 0.5439437500000001 0.452246875 0.5902984375 0.4392203125 0.6150921874999999 0.43329843749999997 0.639378125 0.4285609375 0.66309375 0.42176875
2 0.6618890625 0.44535 0.673746875 0.43824375 0.673746875 0.435284375 0.6678499999999999 0.433228125 0.6613828125000001 0.4335078125 0.6026 0.44535 0.5794546875 0.45127187500000004 0.5379203125 0.45750624999999995 0.5357640625 0.45896875000000004 0.5368421875 0.4642984375 0.5368421875 0.4729015625 0.5379203125 0.48000625 0.5411546875 0.48443125 0.5443875 0.48474375 0.5573234375 0.48000625 0.5594796875 0.4791015625 0.5805328125 0.473771875 0.6182624999999999 0.4607453125 0.6414078125 0.45364062499999996 0.6618890625 0.44535
2 0.6700062499999999 0.4817828125 0.6683578125 0.47317968749999995 0.6624609375 0.4705328125 0.646290625 0.4705328125 0.6301203125 0.47230937500000003 0.5643625 0.4829671875 0.549778125 0.487390625 0.542803125 0.4900734375 0.5389984375 0.49599374999999996 0.53525625 0.504284375 0.536334375 0.5096140625000001 0.53956875 0.5122609375 0.544959375 0.5125734375000001 0.5562453125 0.51198125 0.5546609375 0.51198125 0.6010140625 0.5078375 0.6333546875 0.5025078125 0.65865625 0.494496875 0.6700062499999999 0.4817828125
2 0.6452125 0.541275 0.6624609375 0.535075 0.666771875 0.529153125 0.6635390625 0.525009375 0.6559921875 0.5220484375 0.6311984374999999 0.5196796875 0.595625 0.5175890625 0.574571875 0.5173109375 0.5535828125 0.5161265625 0.542803125 0.51818125 0.5400765625 0.5196796875 0.5309453125 0.54364375 0.5331015625 0.5469171875 0.538490625 0.547509375 0.5471140625 0.5469171875 0.5643625 0.5469171875 0.5648703125 0.5466046875 0.570259375 0.5457328125 0.5928984374999999 0.5457328125 0.619340625 0.54395625 0.6452125 0.541275
1 0.6861765625 0.588053125 0.7088140625 0.5830375 0.7147109375 0.5788921874999999 0.7136328125 0.5773953125 0.7077359375000001 0.5753390625 0.6894109375 0.5702890625 0.6715921875 0.5664578125 0.62739375 0.5617203125 0.5740640625 0.5552078125000001 0.5530125 0.5537093750000001 0.5400765625 0.5537093750000001 0.5320234375 0.5554859375000001 0.5287890625 0.558759375 0.5260625 0.565865625 0.5244765625000001 0.5738421875 0.52821875 0.5797625 0.5336078125 0.583315625 0.540646875 0.585684375 0.5514265625 0.5862765624999999 0.57083125 0.5886453125 0.5713375 0.5883671875 0.6187703124999999 0.59160625 0.6403296875 0.59160625 0.6635390625 0.590734375 0.6861765625 0.588053125
3 0.684528125 0.6229890625000001 0.6807859374999999 0.61738125 0.6726703125 0.612921875 0.641978125 0.60759375 0.6107171874999999 0.6034484375 0.57083125 0.595471875 0.561128125 0.590421875 0.5525046875 0.588053125 0.542803125 0.5883671875 0.540646875 0.58955 0.538490625 0.5921984375 0.5287890625 0.597840625 0.5266328125 0.6067218750000001 0.5260625 0.6132359375 0.5298671875000001 0.621525 0.5357640625 0.626540625 0.544959375 0.6283171875 0.5632843750000001 0.6283171875 0.57780625 0.6256703124999999 0.5864296875 0.6256703124999999 0.5977812499999999 0.627446875 0.6085609375 0.6268546875000001 0.6176921875 0.6259484375000001 0.6635390625 0.6268546875000001 0.6791375000000001 0.6262624999999999 0.684528125 0.6229890625000001
