4 0.6237671875 0.2498953125 0.5921624999999999 0.257421875 0.5643484375 0.2708703125 0.5659921875 0.2777703125 0.577496875 0.2903828125 0.577496875 0.296725 0.5877375 0.3075265625 0.5987359375 0.31289218750000003 0.6101140625 0.3140765625 0.6335015625 0.3066203125 0.6542343749999999 0.291915625 0.682553125 0.27121875 0.7156765625 0.228571875 0.7021484375 0.231915625 0.6771171875 0.25533125 0.6618203125 0.26306562499999997 0.6426046875 0.2655046875 0.6509484375000001 0.2579796875 0.7075859375 0.22202031249999998 0.6917828125 0.22139375 0.651453125 0.2333796875 0.6237671875 0.2498953125
3 0.784703125 0.360278125 0.786978125 0.3572828125 0.7853343749999999 0.3536578125 0.7809109375000001 0.351915625 0.7515796875 0.3515671875 0.7123890625 0.35581874999999996 0.6176984375 0.35790937500000003 0.6187109375000001 0.3731703125 0.6165609375 0.3836234375 0.6149171875 0.38696875 0.676990625 0.3834140625 0.759671875 0.37107968750000003 0.7782546875 0.36418125 0.784703125 0.360278125
3 0.7773703125 0.39003437500000004 0.7997468750000001 0.363903125 0.7605562499999999 0.38013906249999996 0.7131484375 0.3903140625 0.6815421875000001 0.39184687500000004 0.628825 0.3924046875 0.6184578125 0.39484375 0.6156765625 0.39630624999999997 0.6140328125 0.40710781249999994 0.6245265625 0.4172828125 0.6298359375 0.41881562499999997 0.6402015624999999 0.41881562499999997 0.665234375 0.41254375000000004 0.7381796875 0.4047390625 0.7773703125 0.39003437500000004
1 0.7960812500000001 0.415121875 0.7754734375 0.41240468750000003 0.7504421875 0.41240468750000003 0.6415921875 0.4208359375 0.6116312500000001 0.42501718750000006 0.60948125 0.43010468749999997 0.6104937500000001 0.4349125 0.6175734375 0.4421609375 0.6225031249999999 0.4436234375 0.63173125 0.4448078125 0.6758531249999999 0.4424390625 0.7804046875 0.4238328125 0.7960812500000001 0.415121875
2 0.77105 0.4592328125 0.759165625 0.45351875 0.7412140625 0.45087031250000004 0.6970921875 0.44752656249999995 0.621996875 0.447246875 0.6235140625 0.46090625 0.623640625 0.46494843750000003 0.6257906249999999 0.4685015625 0.6293296875000001 0.46975625 0.7209859375 0.4601390625 0.77105 0.4592328125
2 0.7618203125 0.47407656249999997 0.7580281249999999 0.471428125 0.736915625 0.46871093750000004 0.664728125 0.46996562500000005 0.6265484375 0.47205624999999996 0.620859375 0.488084375 0.6201015625 0.49121875 0.754234375 0.48264843749999997 0.760303125 0.4803484375 0.7629578125 0.477003125 0.7618203125 0.47407656249999997
2 0.7633375 0.5001390625 0.7475343750000001 0.49414687500000004 0.6218703125 0.4928921875 0.619215625 0.49491250000000003 0.6182046875 0.5093375 0.6209859375 0.5116375 0.6318578125000001 0.5121249999999999 0.7561312499999999 0.508640625 0.7633375 0.50515625 0.7633375 0.5001390625
2 0.740328125 0.5349125 0.7426046875 0.533240625 0.7414671875 0.53073125 0.7305937499999999 0.5255046875 0.6474078125 0.515121875 0.6394437500000001 0.5159578125000001 0.633375 0.5182578125 0.6217453125 0.5317765624999999 0.62060625 0.5349125 0.6228828125 0.5363765625 0.634134375 0.5365859375 0.723009375 0.5357484375 0.740328125 0.5349125
1 0.7394437500000001 0.5811843750000001 0.7453859375 0.5794421875 0.7476609375 0.57121875 0.6823015625 0.5417421874999999 0.651959375 0.5372125 0.6432359375 0.5399296875 0.6300890625 0.540209375 0.619215625 0.5422296875 0.6137796875 0.5496859374999999 0.6211125 0.5577 0.6214921875 0.5624390625 0.6233875 0.5641812500000001 0.6509484375000001 0.570940625 0.7031609375000001 0.5797218749999999 0.7254109375 0.5822296875 0.7394437500000001 0.5811843750000001
3 0.6701640624999999 0.59121875 0.6745890625000001 0.58696875 0.672440625 0.5813234375 0.615803125 0.5678046875 0.6190890625 0.5740765624999999 0.611378125 0.581603125 0.609228125 0.59121875 0.6065734375 0.5935890625 0.6075859375 0.5947734375 0.613021875 0.5953999999999999 0.6625796875 0.5944953125 0.6701640624999999 0.59121875
3 0.7792671875 0.629059375 0.7838171875 0.6280140624999999 0.785209375 0.6240421875 0.7806578125 0.6172828124999999 0.7643484375 0.609059375 0.7298359375000001 0.6023 0.678634375 0.599790625 0.61555 0.6007671875 0.6137796875 0.6142859374999999 0.60834375 0.6250171875 0.61061875 0.6278046875000001 0.6295828125 0.62655 0.7026546875 0.616515625 0.7398234375 0.62 0.7792671875 0.629059375
4 0.419721875 0.7119859374999999 0.469784375 0.711359375 0.5198484375 0.712821875 0.5420984375 0.71073125 0.550821875 0.708084375 0.5546140625 0.704459375 0.5568906250000001 0.69121875 0.5498109375 0.6789546875 0.5568906250000001 0.6708703125000001 0.5546140625 0.663971875 0.5399499999999999 0.6603484374999999 0.51390625 0.6606265625 0.4311 0.6756796875 0.4121359375 0.6807671875 0.3979765625 0.6939375 0.3979765625 0.6987453125 0.40063281249999994 0.701184375 0.404425 0.701184375 0.41049375 0.6987453125 0.4240203125 0.6915671875 0.467003125 0.6813234375 0.4866 0.6816718749999999 0.493678125 0.6843203124999999 0.493678125 0.68794375 0.4877375 0.6915671875 0.4265484375 0.70139375 0.41694062499999995 0.7029265625 0.4131484375 0.7059234375 0.4131484375 0.7083625 0.415296875 0.71073125 0.419721875 0.7119859374999999
3 0.46826875 0.6464109375 0.5304671875 0.66090625 0.5499375 0.66236875 0.5549937500000001 0.66188125 0.5585328125 0.658396875 0.555878125 0.6333796875 0.554109375 0.6308703125 0.5481671875 0.6291296875 0.514159375 0.6291296875 0.491403125 0.6264109375 0.415296875 0.62188125 0.3948171875 0.6163765625 0.3898859375 0.6168640625 0.387990625 0.618884375 0.390771875 0.624390625 0.40948124999999996 0.636096875 0.46826875 0.6464109375
3 0.39860937500000004 0.6036937499999999 0.4715546875 0.6156796875 0.54943125 0.6259234375 0.560809375 0.624390625 0.563590625 0.6190249999999999 0.563590625 0.6066906249999999 0.558659375 0.5962375 0.5504421875000001 0.5937984375 0.49393125 0.593240625 0.42199687499999994 0.5908015625 0.3551203125 0.5848078125 0.351328125 0.5845296875 0.3414671875 0.582090625 0.349684375 0.5901734375000001 0.3648546875 0.59679375 0.39860937500000004 0.6036937499999999
1 0.3756 0.5782578125 0.46156718750000003 0.5864109375 0.5137796875 0.5899656249999999 0.5611890625 0.5878046875 0.574209375 0.579790625 0.573071875 0.5719859375 0.5659921875 0.5636234375 0.5453859375000001 0.562090625 0.51049375 0.5657140625 0.3866 0.5673874999999999 0.3766125 0.5678046875 0.371175 0.5689890625 0.366878125 0.5717078124999999 0.36953281250000003 0.5761671875000001 0.3756 0.5782578125
2 0.5706703125 0.5585359375000001 0.57383125 0.5572828125 0.57610625 0.5445296875000001 0.575221875 0.5322640625 0.545259375 0.53303125 0.5161828125000001 0.536028125 0.48179531249999996 0.5350515625 0.45044218750000004 0.535540625 0.417825 0.54 0.4001265625 0.5437624999999999 0.3964609375 0.5450171874999999 0.3910234375 0.5478046875 0.41555 0.5520562499999999 0.5515796875000001 0.558815625 0.5706703125 0.5585359375000001
2 0.5278125 0.5262718750000001 0.5437421875 0.5292687500000001 0.5731984375 0.5310109375 0.5823015625 0.5303140625 0.5877375 0.513309375 0.5854609375 0.5040421875 0.5768640625 0.49651562499999996 0.467509375 0.5040421875 0.41390625 0.5093375 0.402528125 0.511359375 0.3989890625 0.51484375 0.40619531249999996 0.5194421874999999 0.4262953125 0.522996875 0.5278125 0.5262718750000001
2 0.58394375 0.49477343749999997 0.5874843750000001 0.4842515625 0.588875 0.469478125 0.5860937500000001 0.46473906249999997 0.5434890625000001 0.463484375 0.5217453125 0.46473906249999997 0.44146718749999997 0.4620203125 0.4051828125 0.4627171875 0.3943109375 0.4642515625 0.3951953125 0.47170781249999993 0.4142859375 0.4792328125 0.57939375 0.49672499999999997 0.58394375 0.49477343749999997
2 0.45461406249999997 0.45121874999999995 0.580784375 0.4608359375 0.584703125 0.45839687500000004 0.580784375 0.44041874999999997 0.5721875 0.4377 0.5389375000000001 0.435609375 0.48723124999999995 0.43498281250000004 0.40391875 0.43198593750000003 0.40227500000000005 0.43533125000000006 0.4034140625 0.439790625 0.40885 0.4440421875 0.42136562499999997 0.4475953125 0.45461406249999997 0.45121874999999995
1 0.396334375 0.42243906249999996 0.40720625000000005 0.42452968750000003 0.5214921875 0.4296171875 0.559671875 0.43470312499999997 0.5759796875000001 0.43233437500000005 0.58950625 0.42452968750000003 0.58950625 0.42000000000000004 0.5824265625 0.41191562499999995 0.5618203125 0.40501718750000004 0.5275593749999999 0.40383281249999997 0.4518328125 0.4073875 0.394690625 0.4073875 0.389759375 0.40710781249999994 0.3876109375 0.40710781249999994 0.38710468750000004 0.4089203125 0.389759375 0.41700312500000003 0.396334375 0.42243906249999996
3 0.5342609375 0.4114984375 0.5474078125 0.41121875 0.5618203125 0.4091984375 0.5640953125 0.40745624999999996 0.5654874999999999 0.40222968750000004 0.57496875 0.394215625 0.5768640625 0.389965625 0.5728187499999999 0.38494843749999996 0.5623265625 0.3789546875 0.546396875 0.37846718749999997 0.4992421875 0.3804875 0.4128953125 0.3868296875 0.40543593749999995 0.3877359375 0.3982296875 0.38885000000000003 0.41264218750000003 0.3994421875 0.471175 0.40648125 0.5342609375 0.4114984375
3 0.5518328125 0.379790625 0.5576484374999999 0.37853593750000003 0.5726921875000001 0.3615328125 0.570796875 0.35783906249999997 0.5640953125 0.353309375 0.4484203125 0.35804843750000004 0.4166875 0.3640421875 0.40581562499999996 0.3698265625 0.40391875 0.37282187499999997 0.4293296875 0.3813234375 0.4520859375 0.382090625 0.514665625 0.3813234375 0.5518328125 0.379790625
4 0.48356562500000005 0.3308015625 0.4929203125 0.331359375 0.4957015625 0.33344999999999997 0.4957015625 0.33616718749999996 0.49077187499999997 0.33797968749999996 0.4156765625 0.3433453125 0.4015171875 0.34515625 0.40037968749999997 0.34696875 0.40366562500000003 0.3484328125 0.42869843750000003 0.347875 0.46687812500000003 0.3496859375 0.49241406249999997 0.34933749999999997 0.5082171875 0.351428125 0.5255375 0.35024375 0.5566375 0.35414687499999997 0.5637171875 0.3529609375 0.567003125 0.3463421875 0.567003125 0.33372812500000004 0.564221875 0.3229265625 0.5549937500000001 0.3163765625 0.5223765625000001 0.3115671875 0.4945640625 0.31846718749999997 0.46573906249999997 0.3172828125 0.4423515625 0.3229265625 0.40695312499999997 0.33372812500000004 0.40227500000000005 0.336028125 0.399115625 0.3405578125 0.4 0.3423 0.43539843749999996 0.33630625 0.48356562500000005 0.3308015625
4 0.372565625 0.305365625 0.4001265625 0.307665625 0.506446875 0.30898906249999997 0.535778125 0.3047390625 0.5402015625 0.301184375 0.5402015625 0.2957484375 0.5364093750000001 0.2936578125 0.534134375 0.278328125 0.5173203125 0.26369375 0.503665625 0.2615328125 0.4884953125 0.2627875 0.4764859375 0.268153125 0.424778125 0.2759578125 0.39924218749999996 0.28376250000000003 0.3806578125 0.2915671875 0.36712968749999997 0.301184375 0.4165609375 0.2891296875 0.44424843750000004 0.28675937500000004 0.47762343749999997 0.282578125 0.47939375 0.2868984375 0.4748421875 0.2906625 0.45689062500000005 0.2947734375 0.372565625 0.305365625
4 0.7499374999999999 0.3138671875 0.7499374999999999 0.30717812499999997 0.740328125 0.305784375 0.7223765625 0.30648125 0.684703125 0.3145640625 0.64500625 0.3117765625 0.6193421875 0.3124734375 0.6040453125 0.3177703125 0.605309375 0.327246875 0.613653125 0.3484328125 0.6238937499999999 0.352334375 0.6456390625 0.349478125 0.647534375 0.34878125 0.660303125 0.34139375 0.6930468750000001 0.3308015625 0.73716875 0.3195125 0.7499374999999999 0.3138671875
4 0.7512015625 0.7117765625 0.7269281249999999 0.7029265625 0.693678125 0.6962375 0.668015625 0.6878046875 0.65335 0.67860625 0.634765625 0.671915625 0.5975984375000001 0.6722640625 0.5938046875 0.6796515624999999 0.5957015625000001 0.7075265625 0.6091031250000001 0.7131703125 0.6437421875 0.7152609375 0.6648546875 0.7099656249999999 0.6667515625 0.7103828125 0.6711750000000001 0.7096171874999999 0.7294562499999999 0.7195125 0.7442484375 0.7195125 0.7512015625 0.7117765625
4 0.7056890625000001 0.6522640625 0.6657390624999999 0.64139375 0.6432359375 0.6298953125 0.620859375 0.6275953125 0.6049296875 0.629059375 0.6001265625000001 0.635540625 0.5996203125 0.6640421875 0.61605625 0.667246875 0.642225 0.6687109375 0.6443734375 0.6689890625 0.688115625 0.659025 0.714790625 0.660209375 0.714790625 0.6572828125 0.7056890625000001 0.6522640625
