4 0.7292234375 0.5613187500000001 0.7397765625 0.576790625 0.7411703125 0.5651234374999999 0.7385921875 0.5455921874999999 0.7275171874999999 0.5285984375 0.7174859375 0.5159796875 0.7078015625 0.48731718749999997 0.7050156249999999 0.483259375 0.7031 0.47159218750000004 0.6937656249999999 0.4561828125 0.6871828125 0.4514265625 0.6815046875 0.45206093750000004 0.676140625 0.45523125000000003 0.6726578125 0.46309374999999997 0.6700796875 0.47691875 0.6570875 0.481990625 0.653465625 0.48605 0.6525953125 0.49207343750000004 0.6532921875000001 0.504946875 0.65604375 0.5159796875 0.662278125 0.523525 0.6937656249999999 0.5726703125 0.709509375 0.5947375 0.71818125 0.598225 0.7266453125 0.5931515625 0.7072796875 0.5588453125 0.7003484375 0.543690625 0.6996515624999999 0.5389984375 0.6998265625 0.535828125 0.70121875 0.533925 0.7027859375000001 0.533925 0.71866875 0.54908125 0.7292234375 0.5613187500000001
4 0.674921875 0.6305015625 0.684046875 0.644515625 0.689446875 0.6460375 0.69111875 0.6426125 0.6915359375000001 0.6320234375 0.677603125 0.594609375 0.6660046875 0.5677875 0.6583078125 0.5031703125 0.654371875 0.49708281249999997 0.6390109374999999 0.4899171875 0.63483125 0.48953749999999996 0.62863125 0.5024093749999999 0.62675 0.508053125 0.615325 0.5031703125 0.6115984375 0.505009375 0.6093 0.50995625 0.6086734375 0.5250468749999999 0.612853125 0.5454656250000001 0.6194703125000001 0.5620796875 0.626959375 0.5930875 0.635040625 0.6214328124999999 0.64625625 0.652440625 0.6527000000000001 0.664171875 0.65684375 0.6663921875 0.6606062500000001 0.66265 0.6606062500000001 0.6547234375000001 0.647928125 0.606340625 0.646046875 0.5927078125 0.646046875 0.5882046875 0.6468828125 0.5855421875 0.648971875 0.5828781249999999 0.6502265625 0.583259375 0.6510281250000001 0.5836390625 0.663496875 0.6040578125 0.674921875 0.6305015625
3 0.58335 0.5454656250000001 0.5866953125000001 0.562840625 0.594775 0.5821171875 0.6144890625 0.63995 0.635040625 0.6713375 0.6450359375 0.68040625 0.639428125 0.6516796874999999 0.62675 0.6086234375 0.6192609375 0.5719093749999999 0.61720625 0.5583390625 0.6151171875 0.5344953125 0.61118125 0.52695 0.6082890625 0.52695 0.6031 0.5220671875 0.5989203125 0.5224484375 0.5972828125 0.52695 0.5910484375 0.525428125 0.58833125 0.525428125 0.5858578125 0.5277109375 0.58335 0.5454656250000001
3 0.560396875 0.5814203124999999 0.5657609375 0.5927703125 0.59860625 0.6753328125 0.61003125 0.6856687499999999 0.6174859374999999 0.6907421874999999 0.615046875 0.6753328125 0.61125 0.6620796875 0.5996515625 0.6283453125 0.5941140625 0.6044390625 0.587390625 0.5546609375 0.5846046874999999 0.5496515625 0.5672937499999999 0.5506031250000001 0.5643671875 0.56125625 0.5609203125 0.5694984375 0.560396875 0.5701328125 0.5588296875000001 0.576728125 0.560396875 0.5814203124999999
1 0.5368171875 0.5805953125000001 0.5372343749999999 0.5994921875 0.540996875 0.6316421875 0.550540625 0.6599875 0.5696265625 0.7072296875 0.5733546875 0.7072296875 0.5781609375000001 0.69778125 0.5760703125 0.68040625 0.5590390625 0.563221875 0.55489375 0.551490625 0.5520031249999999 0.551490625 0.54886875 0.5549140625 0.5414140625 0.5605578125 0.540578125 0.5617 0.5399515625 0.5624609375 0.5368171875 0.5805953125000001
2 0.5158484375 0.5772984375 0.5258093749999999 0.6835125 0.5280734375 0.693721875 0.532428125 0.693721875 0.535353125 0.68649375 0.5372 0.6627140625 0.5363984375 0.6131890624999999 0.5343093750000001 0.5904874999999999 0.5347265625000001 0.5621437499999999 0.532009375 0.5613828125 0.527865625 0.5625234375 0.5220125 0.5668359374999999 0.51999375 0.5686109375 0.516440625 0.5738749999999999 0.5158484375 0.5772984375
2 0.49728281250000006 0.567596875 0.4962375 0.573684375 0.4987109375 0.6390609375 0.5022640625 0.676475 0.5062 0.683259375 0.5107625 0.6851609375 0.5151171875 0.6821171875 0.5163703125 0.657578125 0.5151171875 0.6144578125 0.51264375 0.5721625 0.5030296875 0.566265625 0.5012187499999999 0.5657578125 0.4987109375 0.5661375 0.49728281250000006 0.567596875
2 0.47788281250000003 0.5771078125 0.4793453125 0.60133125 0.4789265625 0.632340625 0.4824453125 0.6678499999999999 0.4859984375 0.67958125 0.4886796875 0.68218125 0.49181406250000004 0.6818640625 0.49303437499999997 0.6776796875 0.492615625 0.65611875 0.4938703125 0.6036140624999999 0.4955421875 0.5876984375000001 0.494496875 0.5676593750000001 0.4835953125 0.5681046875 0.4824453125 0.568040625 0.478090625 0.5695625 0.47788281250000003 0.5771078125
2 0.4555203125 0.581103125 0.4586203125 0.6260625 0.464646875 0.6790109375 0.468790625 0.6869375 0.472134375 0.6873171874999999 0.472553125 0.6869375 0.47297031250000005 0.679390625 0.4733890625 0.6408375000000001 0.47544375 0.6 0.47648906249999995 0.563728125 0.468790625 0.560684375 0.46342812499999997 0.560684375 0.45928281249999997 0.5636015624999999 0.4576109375 0.56525 0.4559390625 0.56823125 0.4555203125 0.581103125
1 0.4304421875 0.5885859375 0.427934375 0.62568125 0.424625 0.7197843749999999 0.42629687499999996 0.7197843749999999 0.440821875 0.6944203124999999 0.4528390625 0.62828125 0.45534687500000004 0.5958140625 0.45823749999999996 0.5746359375 0.45701875000000003 0.5526953125 0.44744062500000004 0.543246875 0.4437125 0.541725 0.43915 0.541725 0.43706093749999997 0.5440078125000001 0.435109375 0.5499046875 0.434378125 0.5542171875 0.43333281250000005 0.56823125 0.4304421875 0.5885859375
3 0.40602499999999997 0.545846875 0.4010453125 0.57438125 0.39829375 0.5957515625 0.393834375 0.6601140625 0.38885468749999996 0.6973359375 0.3955765625 0.6963859375 0.4030296875 0.68915625 0.4107625 0.6691812500000001 0.42145625000000003 0.6129359375 0.4306859375 0.5753328125 0.431696875 0.5594171875 0.4297109375 0.5503484375000001 0.426471875 0.547621875 0.421978125 0.5395046875 0.41473281249999994 0.537221875 0.40999687500000004 0.5389984375 0.408534375 0.5395046875 0.4077671875 0.5395046875 0.40602499999999997 0.545846875
3 0.3728671875 0.5878890625000001 0.3552421875 0.66651875 0.3716125 0.6547875000000001 0.39073437499999997 0.6101453125 0.4035875 0.5738749999999999 0.41212187499999997 0.554978125 0.414803125 0.5398859375 0.4137578125 0.5281546875 0.4110765625 0.52473125 0.405678125 0.52473125 0.4017421875 0.5209890625 0.3859625 0.5187062499999999 0.3817828125 0.5266328125 0.381609375 0.528915625 0.379728125 0.5512359375 0.3728671875 0.5878890625000001
4 0.3337515625 0.641090625 0.3232671875 0.6546609375 0.3280046875 0.6605578125 0.3342390625 0.65871875 0.34991249999999996 0.6356375 0.3758265625 0.553075 0.383071875 0.541725 0.388540625 0.525871875 0.38979375 0.5163609375 0.388784375 0.505896875 0.38355937500000004 0.5013953124999999 0.36987187499999996 0.5090671875 0.3681296875 0.5072921874999999 0.3678515625 0.4968296875 0.36663125 0.4927703125 0.3633921875 0.48776093749999994 0.33995156249999997 0.48909375 0.33598125 0.493659375 0.33173125 0.5054531250000001 0.3314875 0.5185796875 0.3305125 0.5276468750000001 0.3232671875 0.5558015625 0.3118078125 0.5848453124999999 0.3026125 0.6147750000000001 0.3003484375 0.6260625 0.3013578125 0.6310718750000001 0.30334374999999997 0.6324671875 0.3070703125 0.630628125 0.3280046875 0.5916296875 0.337721875 0.5775515625 0.3449328125 0.5757765625 0.34792812500000003 0.5811671875 0.34792812500000003 0.5825625 0.34346875 0.6074828125 0.3337515625 0.641090625
4 0.272275 0.5764750000000001 0.26304375 0.58738125 0.25733125 0.5982875 0.257575 0.6046296875 0.2590734375 0.6059609375 0.26304375 0.6059609375 0.28547500000000003 0.58915625 0.3051546875 0.5646796875 0.31835625 0.5383640625 0.337025 0.504375 0.34054375000000003 0.49258125 0.3400203125 0.48122968750000006 0.3373046875 0.47805937500000006 0.32135156249999997 0.47488906249999996 0.3161265625 0.4649328125 0.3161265625 0.456753125 0.3151171875 0.4531390625 0.30839375 0.44952500000000006 0.29616875 0.45269531250000006 0.2879484375 0.46765937500000004 0.283734375 0.4853515625 0.2817484375 0.488521875 0.2804953125 0.4957515625 0.26280000000000003 0.5383640625 0.2540921875 0.573303125 0.251584375 0.5964484375 0.2623125 0.5800890625 0.26826875 0.5637921875 0.28721718749999997 0.5324671875 0.289446875 0.5311343749999999 0.2924765625 0.533290625 0.29348593749999996 0.5382374999999999 0.2932078125 0.5420421875 0.2812265625 0.5629046875 0.272275 0.5764750000000001
4 0.2948453125 0.35421718750000003 0.2883671875 0.3755859375 0.2853703125 0.39321562499999996 0.28589375 0.40729218749999996 0.2886109375 0.41274531249999996 0.3003140625 0.41090625000000003 0.30731406250000004 0.43043750000000003 0.316753125 0.42910624999999997 0.325984375 0.41819843749999996 0.32849218750000003 0.4018390625 0.33270625 0.34927031249999996 0.3372 0.3052625 0.3367125 0.2916296875 0.3342046875 0.287571875 0.331975 0.288459375 0.3309640625 0.2902984375 0.32748125 0.304375 0.3229890625 0.33519375 0.32124687500000004 0.361509375 0.31825156250000003 0.3710203125 0.3082890625 0.3547234375 0.3135140625 0.3392515625 0.31727656249999997 0.32339843749999997 0.315778125 0.300696875 0.315778125 0.2948 0.3018109375 0.341090625 0.2948453125 0.35421718750000003
4 0.3499828125 0.323653125 0.34897187500000004 0.323653125 0.34723125 0.3263796875 0.3350046875 0.3848453125 0.33030312500000003 0.40437500000000004 0.3288046875 0.429296875 0.330025 0.440646875 0.3330203125 0.4469875 0.33799999999999997 0.4497140625 0.34500156249999997 0.4433734375 0.3509578125 0.45288593749999995 0.358446875 0.45516875 0.3673984375 0.44292968750000006 0.3743984375 0.43157968750000003 0.376871875 0.4025359375 0.376140625 0.3902984375 0.3736328125 0.388521875 0.3748875 0.378503125 0.3758625 0.3431203125 0.3736328125 0.3254921875 0.364159375 0.3086875 0.358203125 0.38218125000000003 0.35994375 0.388521875 0.359421875 0.3953078125 0.3569484375 0.3957515625 0.3549640625 0.3944203125 0.353465625 0.387128125 0.3469875 0.3898546875 0.349215625 0.378059375 0.353465625 0.346353125 0.3519671875 0.33227656250000004 0.3519671875 0.33183281249999996 0.3507140625 0.32454062499999997 0.3499828125 0.323653125
3 0.386590625 0.291565625 0.3846046875 0.2878890625 0.38136562500000004 0.2888390625 0.37986718750000004 0.2924546875 0.3778828125 0.3582125 0.3696625 0.43487656250000006 0.372134375 0.45707031249999996 0.3758625 0.4661375 0.382096875 0.4711484375 0.38784375 0.4684203125 0.3960640625 0.458465625 0.4027859375 0.4461640625 0.403796875 0.4303109375 0.3958203125 0.3618265625 0.39380000000000004 0.3268859375 0.39355625 0.3251109375 0.3903171875 0.301521875 0.386590625 0.291565625
3 0.42152500000000004 0.32492031250000003 0.41940156249999994 0.3146484375 0.4172765625 0.3168046875 0.4149078125 0.3244765625 0.40055781250000005 0.4229546875 0.39338281249999996 0.4512359375 0.39306874999999997 0.468675 0.3972484375 0.4800890625 0.40296093749999995 0.48611250000000006 0.4119125 0.485034375 0.41818125000000006 0.47305 0.42507812500000003 0.46651875 0.4268546875 0.44743125 0.42594843750000005 0.4229546875 0.42657656250000003 0.39194687500000003 0.431034375 0.3146484375 0.42984999999999995 0.313 0.42556562500000006 0.325175 0.42152500000000004 0.32492031250000003
1 0.4347265625 0.307609375 0.43113906249999995 0.345465625 0.4243125 0.43430625 0.4189484375 0.480659375 0.4218046875 0.4982875 0.4293625 0.51135 0.4347265625 0.511984375 0.43904531249999995 0.5081171875 0.4433296875 0.4956875 0.4490765625 0.46303124999999995 0.45050468749999995 0.4284078125 0.45085312499999997 0.36246093749999997 0.43904531249999995 0.2991125 0.4375828125 0.2991125 0.4354578125 0.3017125 0.4347265625 0.307609375
2 0.45994375 0.3968921875 0.452978125 0.4277109375 0.4514796875 0.4594796875 0.44576874999999994 0.49803437500000003 0.4465 0.5234625 0.46046718750000004 0.5329734375 0.46520312500000005 0.5320234375 0.470184375 0.4703875 0.470184375 0.444515625 0.47314531249999997 0.4064046875 0.4729015625 0.3783125 0.470671875 0.364109375 0.46893124999999997 0.361509375 0.46617968750000005 0.3637921875 0.45994375 0.3968921875
2 0.480634375 0.37526875 0.48004218749999994 0.3790734375 0.48004218749999994 0.38725468749999997 0.475234375 0.473240625 0.4692796875 0.52219375 0.4704625 0.5320234375 0.475234375 0.536334375 0.49139687500000007 0.5385546875 0.4970734375 0.5314515625 0.4982578125 0.5254921875 0.4970734375 0.48630312499999995 0.4943921875 0.460178125 0.49766562499999994 0.4438171875 0.49167500000000003 0.4209890625 0.48798281250000003 0.3887125 0.48721718750000004 0.384528125 0.48571875000000003 0.3746984375 0.480634375 0.37526875
2 0.5217343750000001 0.3687375 0.5196453125 0.3741921875 0.517240625 0.3818015625 0.5094734375 0.41991093749999997 0.5022984375 0.4879515625 0.50139375 0.533671875 0.5055734375000001 0.540203125 0.518146875 0.5407109375 0.5280046875 0.5379828125 0.5291890625 0.5053265625 0.5256015625 0.46341093750000006 0.5274125 0.42695 0.52650625 0.37146406249999997 0.52650625 0.367659375 0.525009375 0.3670890625 0.5217343750000001 0.3687375
2 0.5354578125 0.3568171875 0.53336875 0.35954375 0.5324625000000001 0.369371875 0.5312781249999999 0.40526249999999997 0.5330546875 0.45700624999999995 0.5309640625000001 0.4939765625 0.5330546875 0.5364609375 0.5372343749999999 0.538046875 0.5554859375000001 0.52390625 0.5557640625 0.5091953124999999 0.5509921875 0.47387499999999994 0.548903125 0.442803125 0.5438171875 0.397653125 0.537896875 0.3686109375 0.53695625 0.3617 0.53695625 0.358465625 0.5354578125 0.3568171875
1 0.56516875 0.33215 0.5554515624999999 0.38313281250000003 0.5540234374999999 0.4562453125 0.5572625 0.4948 0.5640890625 0.5228921875 0.569453125 0.5195937500000001 0.5769765625 0.511096875 0.5820265625000001 0.49416562500000005 0.58164375 0.471275 0.5735281249999999 0.3390609375 0.573040625 0.33215 0.5726921875000001 0.31255625 0.56516875 0.33215
3 0.5800421874999999 0.3355734375 0.57903125 0.34736875 0.578021875 0.41991093749999997 0.5753046875 0.4552953125 0.577778125 0.47482499999999994 0.582759375 0.47755156249999997 0.5892375000000001 0.4925171875 0.5987109375 0.4974640625 0.60219375 0.49384843749999996 0.607175 0.4843375 0.6099265625 0.47165468749999995 0.6079421875000001 0.4539625 0.58899375 0.3329109375 0.5859984375 0.3287890625 0.5820265625000001 0.3310078125 0.5800421874999999 0.3355734375
3 0.6152562500000001 0.31851562499999997 0.6108671875 0.32079843750000003 0.6079765625 0.324984375 0.6048765625 0.3340515625 0.603621875 0.396765625 0.6000703125 0.43608125 0.6011140625 0.45383593749999995 0.6144203125 0.47197187500000004 0.6204453125 0.47653749999999995 0.6301984375 0.463284375 0.631034375 0.45009531249999996 0.629571875 0.42358906249999995 0.6218046875 0.3283453125 0.618565625 0.3214328125 0.6152562500000001 0.31851562499999997
4 0.632253125 0.2988578125 0.6297453125 0.3011421875 0.6275171875 0.3052625 0.62601875 0.3120484375 0.6245203125 0.32656874999999996 0.62650625 0.3741921875 0.62650625 0.4285984375 0.63124375 0.445846875 0.6392203125 0.45580156250000003 0.6454546875 0.45669062499999996 0.6509234375 0.4513 0.65440625 0.4422328125 0.6621390625 0.45085625 0.6653781249999999 0.4485734375 0.670115625 0.4340515625 0.6683734375 0.41274531249999996 0.6623828125 0.3791375 0.6584109375 0.3288515625 0.660396875 0.2807234375 0.6584109375 0.2771078125 0.65489375 0.2802796875 0.6516546875 0.29936562499999997 0.649425 0.3460375 0.647196875 0.34743124999999997 0.64444375 0.3288515625 0.638209375 0.299809375 0.637478125 0.2988578125 0.6339953125 0.2979703125 0.632253125 0.2988578125
4 0.654196875 0.30577031250000003 0.66043125 0.34933437500000003 0.67088125 0.4150921875 0.6748515625 0.4209890625 0.6845703125 0.4264421875 0.6890625 0.4264421875 0.6938 0.4142046875 0.6948109375 0.40240937499999996 0.7037625000000001 0.40741875 0.7089859374999999 0.403296875 0.7112499999999999 0.39289843750000003 0.7087421875000001 0.3747625 0.69355625 0.327584375 0.68881875 0.2699421875 0.6843265625 0.26632812499999997 0.68133125 0.2677234375 0.6798328125 0.274953125 0.6808421874999999 0.306278125 0.676871875 0.3234625 0.66663125 0.32980312500000003 0.6629046875 0.32390625 0.6579234375 0.30215625 0.6569140625000001 0.30126875000000003 0.654440625 0.30304375 0.654196875 0.30577031250000003
