4 0.7786062499999999 0.6917828125 0.7666203125 0.651453125 0.7501046875 0.6237671875 0.742578125 0.5921624999999999 0.7291296875 0.5643484375 0.7222296874999999 0.5659921875 0.7096171874999999 0.577496875 0.703275 0.577496875 0.6924734375 0.5877375 0.6871078125000001 0.5987359375 0.6859234375 0.6101140625 0.6933796875 0.6335015625 0.708084375 0.6542343749999999 0.72878125 0.682553125 0.771428125 0.7156765625 0.768084375 0.7021484375 0.74466875 0.6771171875 0.7369343749999999 0.6618203125 0.7344953125 0.6426046875 0.7420203125 0.6509484375000001 0.7779796875 0.7075859375 0.7786062499999999 0.6917828125
3 0.6289203125 0.759671875 0.63581875 0.7782546875 0.639721875 0.784703125 0.6427171875 0.786978125 0.6463421874999999 0.7853343749999999 0.648084375 0.7809109375000001 0.6484328125000001 0.7515796875 0.64418125 0.7123890625 0.642090625 0.6176984375 0.6268296875 0.6187109375000001 0.6163765625 0.6165609375 0.6130312499999999 0.6149171875 0.6165859375 0.676990625 0.6289203125 0.759671875
3 0.58745625 0.665234375 0.5952609375 0.7381796875 0.609965625 0.7773703125 0.636096875 0.7997468750000001 0.6198609375 0.7605562499999999 0.6096859375 0.7131484375 0.6081531250000001 0.6815421875000001 0.6075953125 0.628825 0.6051562500000001 0.6184578125 0.6036937499999999 0.6156765625 0.5928921875000001 0.6140328125 0.5827171875 0.6245265625 0.5811843750000001 0.6298359375 0.5811843750000001 0.6402015624999999 0.58745625 0.665234375
1 0.5575609375 0.6758531249999999 0.5761671875000001 0.7804046875 0.584878125 0.7960812500000001 0.5875953125 0.7754734375 0.5875953125 0.7504421875 0.5791640625000001 0.6415921875 0.5749828124999999 0.6116312500000001 0.5698953125 0.60948125 0.5650875 0.6104937500000001 0.5578390625 0.6175734375 0.5563765625 0.6225031249999999 0.5551921875 0.63173125 0.5575609375 0.6758531249999999
2 0.53024375 0.6293296875000001 0.5398609375000001 0.7209859375 0.5407671875 0.77105 0.54648125 0.759165625 0.5491296875 0.7412140625 0.5524734375 0.6970921875 0.552753125 0.621996875 0.5390937499999999 0.6235140625 0.5350515625 0.623640625 0.5314984375 0.6257906249999999 0.53024375 0.6293296875000001
2 0.5196515625 0.760303125 0.522996875 0.7629578125 0.5259234375 0.7618203125 0.528571875 0.7580281249999999 0.5312890625 0.736915625 0.530034375 0.664728125 0.52794375 0.6265484375 0.511915625 0.620859375 0.50878125 0.6201015625 0.5173515625 0.754234375 0.5196515625 0.760303125
2 0.49135937500000004 0.7561312499999999 0.49484374999999997 0.7633375 0.4998609375 0.7633375 0.505853125 0.7475343750000001 0.5071078124999999 0.6218703125 0.5050874999999999 0.619215625 0.4906625 0.6182046875 0.48836250000000003 0.6209859375 0.487875 0.6318578125000001 0.49135937500000004 0.7561312499999999
2 0.46341406249999995 0.634134375 0.4642515625 0.723009375 0.4650875 0.740328125 0.466759375 0.7426046875 0.46926875 0.7414671875 0.47449531250000004 0.7305937499999999 0.484878125 0.6474078125 0.48404218749999994 0.6394437500000001 0.4817421875 0.633375 0.4682234375 0.6217453125 0.4650875 0.62060625 0.4636234375 0.6228828125 0.46341406249999995 0.634134375
1 0.420278125 0.7031609375000001 0.41777031249999996 0.7254109375 0.41881562499999997 0.7394437500000001 0.42055781249999996 0.7453859375 0.42878125 0.7476609375 0.45825781250000003 0.6823015625 0.4627875 0.651959375 0.46007031249999997 0.6432359375 0.459790625 0.6300890625 0.4577703125 0.619215625 0.45031406250000006 0.6137796875 0.4423 0.6211125 0.43756093749999997 0.6214921875 0.43581875 0.6233875 0.429059375 0.6509484375000001 0.420278125 0.7031609375000001
3 0.4046 0.613021875 0.4055046875 0.6625796875 0.40878125 0.6701640624999999 0.41303124999999996 0.6745890625000001 0.41867656249999996 0.672440625 0.43219531250000004 0.615803125 0.4259234375 0.6190890625 0.418396875 0.611378125 0.40878125 0.609228125 0.4064109375 0.6065734375 0.40522656250000005 0.6075859375 0.4046 0.613021875
3 0.383484375 0.7026546875 0.38 0.7398234375 0.37094062499999997 0.7792671875 0.3719859375 0.7838171875 0.3759578125 0.785209375 0.3827171875 0.7806578125 0.390940625 0.7643484375 0.3977 0.7298359375000001 0.40020937500000003 0.678634375 0.3992328125 0.61555 0.3857140625 0.6137796875 0.3749828125 0.60834375 0.37219531250000004 0.61061875 0.37345 0.6295828125 0.383484375 0.7026546875
4 0.2916375 0.4131484375 0.28926875 0.415296875 0.2880140625 0.419721875 0.288640625 0.469784375 0.287178125 0.5198484375 0.28926875 0.5420984375 0.291915625 0.550821875 0.295540625 0.5546140625 0.30878125 0.5568906250000001 0.3210453125 0.5498109375 0.3291296875 0.5568906250000001 0.336028125 0.5546140625 0.3396515625 0.5399499999999999 0.33937343750000004 0.51390625 0.3243203125 0.4311 0.3192328125 0.4121359375 0.3060625 0.3979765625 0.3012546875 0.3979765625 0.298815625 0.40063281249999994 0.298815625 0.404425 0.3012546875 0.41049375 0.3084328125 0.4240203125 0.3186765625 0.467003125 0.31832812499999996 0.4866 0.3156796875 0.493678125 0.31205625000000003 0.493678125 0.3084328125 0.4877375 0.29860625 0.4265484375 0.29707343750000004 0.41694062499999995 0.2940765625 0.4131484375 0.2916375 0.4131484375
3 0.37560937499999997 0.390771875 0.363903125 0.40948124999999996 0.3535890625 0.46826875 0.33909375 0.5304671875 0.33763125 0.5499375 0.33811874999999997 0.5549937500000001 0.341603125 0.5585328125 0.3666203125 0.555878125 0.36912968749999997 0.554109375 0.3708703125 0.5481671875 0.3708703125 0.514159375 0.3735890625 0.491403125 0.37811875 0.415296875 0.3836234375 0.3948171875 0.38313593749999997 0.3898859375 0.38111562499999996 0.387990625 0.37560937499999997 0.390771875
3 0.4098265625 0.349684375 0.40320625000000004 0.3648546875 0.39630624999999997 0.39860937500000004 0.3843203125 0.4715546875 0.3740765625 0.54943125 0.37560937499999997 0.560809375 0.380975 0.563590625 0.39330937499999996 0.563590625 0.4037625 0.558659375 0.4062015625 0.5504421875000001 0.40675937500000003 0.49393125 0.4091984375 0.42199687499999994 0.41519218750000003 0.3551203125 0.4154703125 0.351328125 0.41790937499999997 0.3414671875 0.4098265625 0.349684375
1 0.42829218750000003 0.366878125 0.4238328125 0.36953281250000003 0.42174218750000003 0.3756 0.4135890625 0.46156718750000003 0.41003437500000006 0.5137796875 0.4121953125 0.5611890625 0.42020937500000005 0.574209375 0.42801406249999996 0.573071875 0.4363765625 0.5659921875 0.437909375 0.5453859375000001 0.4342859375 0.51049375 0.4326125 0.3866 0.43219531250000004 0.3766125 0.43101093749999997 0.371175 0.42829218750000003 0.366878125
2 0.44794375000000003 0.41555 0.441184375 0.5515796875000001 0.4414640625 0.5706703125 0.4427171875 0.57383125 0.4554703125 0.57610625 0.4677359375 0.575221875 0.46696875000000004 0.545259375 0.46397187500000003 0.5161828125000001 0.46494843750000003 0.48179531249999996 0.464459375 0.45044218750000004 0.45999999999999996 0.417825 0.4562375 0.4001265625 0.45498281250000006 0.3964609375 0.45219531249999995 0.3910234375 0.44794375000000003 0.41555
2 0.4805578125 0.40619531249999996 0.477003125 0.4262953125 0.47372812499999994 0.5278125 0.47073124999999993 0.5437421875 0.46898906250000005 0.5731984375 0.4696859375 0.5823015625 0.48669062500000004 0.5877375 0.49595781250000004 0.5854609375 0.503484375 0.5768640625 0.49595781250000004 0.467509375 0.4906625 0.41390625 0.48864062500000005 0.402528125 0.48515625 0.3989890625 0.4805578125 0.40619531249999996
2 0.5207671875 0.4142859375 0.503275 0.57939375 0.5052265625000001 0.58394375 0.5157484375 0.5874843750000001 0.530521875 0.588875 0.5352609375 0.5860937500000001 0.536515625 0.5434890625000001 0.5352609375 0.5217453125 0.5379796875 0.44146718749999997 0.5372828125 0.4051828125 0.5357484375 0.3943109375 0.5282921875000001 0.3951953125 0.5207671875 0.4142859375
2 0.5559578125 0.40885 0.5524046874999999 0.42136562499999997 0.54878125 0.45461406249999997 0.5391640625 0.580784375 0.541603125 0.584703125 0.55958125 0.580784375 0.5623 0.5721875 0.5643906249999999 0.5389375000000001 0.5650171875 0.48723124999999995 0.5680140625 0.40391875 0.5646687499999999 0.40227500000000005 0.560209375 0.4034140625 0.5559578125 0.40885
1 0.5910796875 0.38710468750000004 0.582996875 0.389759375 0.5775609375 0.396334375 0.5754703125 0.40720625000000005 0.5703828125 0.5214921875 0.565296875 0.559671875 0.567665625 0.5759796875000001 0.5754703125 0.58950625 0.58 0.58950625 0.588084375 0.5824265625 0.5949828125 0.5618203125 0.5961671875000001 0.5275593749999999 0.5926125 0.4518328125 0.5926125 0.394690625 0.5928921875000001 0.389759375 0.5928921875000001 0.3876109375 0.5910796875 0.38710468750000004
3 0.6005578125000001 0.41264218750000003 0.59351875 0.471175 0.5885015625000001 0.5342609375 0.58878125 0.5474078125 0.5908015625 0.5618203125 0.59254375 0.5640953125 0.5977703125 0.5654874999999999 0.605784375 0.57496875 0.610034375 0.5768640625 0.6150515624999999 0.5728187499999999 0.6210453125 0.5623265625 0.6215328125 0.546396875 0.6195125 0.4992421875 0.6131703125 0.4128953125 0.6122640625 0.40543593749999995 0.6111500000000001 0.3982296875 0.6005578125000001 0.41264218750000003
3 0.617909375 0.4520859375 0.6186765624999999 0.514665625 0.6202093750000001 0.5518328125 0.6214640625000001 0.5576484374999999 0.6384671875000001 0.5726921875000001 0.6421609375 0.570796875 0.646690625 0.5640953125 0.6419515625 0.4484203125 0.6359578124999999 0.4166875 0.6301734375 0.40581562499999996 0.627178125 0.40391875 0.6186765624999999 0.4293296875 0.617909375 0.4520859375
4 0.6577 0.4 0.66369375 0.43539843749999996 0.6691984375 0.48356562500000005 0.668640625 0.4929203125 0.66655 0.4957015625 0.6638328125 0.4957015625 0.6620203124999999 0.49077187499999997 0.6566546875 0.4156765625 0.6548437500000001 0.4015171875 0.65303125 0.40037968749999997 0.6515671875 0.40366562500000003 0.6521250000000001 0.42869843750000003 0.6503140625 0.46687812500000003 0.6506624999999999 0.49241406249999997 0.648571875 0.5082171875 0.64975625 0.5255375 0.645853125 0.5566375 0.6470390625 0.5637171875 0.6536578125 0.567003125 0.666271875 0.567003125 0.6770734375 0.564221875 0.6836234375 0.5549937500000001 0.6884328125 0.5223765625000001 0.6815328125 0.4945640625 0.6827171875 0.46573906249999997 0.6770734375 0.4423515625 0.666271875 0.40695312499999997 0.663971875 0.40227500000000005 0.6594421875 0.399115625 0.6577 0.4
4 0.7093375 0.4748421875 0.7052265625 0.45689062500000005 0.6946343749999999 0.372565625 0.692334375 0.4001265625 0.6910109375 0.506446875 0.6952609375 0.535778125 0.698815625 0.5402015625 0.7042515625 0.5402015625 0.7063421875 0.5364093750000001 0.721671875 0.534134375 0.7363062499999999 0.5173203125 0.7384671875000001 0.503665625 0.7372124999999999 0.4884953125 0.731846875 0.4764859375 0.7240421875 0.424778125 0.7162375 0.39924218749999996 0.7084328125 0.3806578125 0.698815625 0.36712968749999997 0.7108703125 0.4165609375 0.713240625 0.44424843750000004 0.717421875 0.47762343749999997 0.7131015625 0.47939375 0.7093375 0.4748421875
4 0.6691984375 0.6930468750000001 0.6804875 0.73716875 0.6861328125 0.7499374999999999 0.692821875 0.7499374999999999 0.694215625 0.740328125 0.69351875 0.7223765625 0.6854359375 0.684703125 0.6882234375 0.64500625 0.6875265625 0.6193421875 0.6822296875 0.6040453125 0.6727531250000001 0.605309375 0.6515671875 0.613653125 0.6476656249999999 0.6238937499999999 0.650521875 0.6456390625 0.65121875 0.647534375 0.65860625 0.660303125 0.6691984375 0.6930468750000001
4 0.2804875 0.7294562499999999 0.2804875 0.7442484375 0.2882234375 0.7512015625 0.29707343750000004 0.7269281249999999 0.3037625 0.693678125 0.3121953125 0.668015625 0.32139375000000003 0.65335 0.328084375 0.634765625 0.3277359375 0.5975984375000001 0.32034843749999997 0.5938046875 0.2924734375 0.5957015625000001 0.2868296875 0.6091031250000001 0.28473906250000003 0.6437421875 0.290034375 0.6648546875 0.2896171875 0.6667515625 0.2903828125 0.6711750000000001 0.2804875 0.7294562499999999
4 0.339790625 0.714790625 0.3427171875 0.714790625 0.3477359375 0.7056890625000001 0.35860625 0.6657390624999999 0.3701046875 0.6432359375 0.3724046875 0.620859375 0.37094062499999997 0.6049296875 0.364459375 0.6001265625000001 0.3359578125 0.5996203125 0.332753125 0.61605625 0.3312890625 0.642225 0.3310109375 0.6443734375 0.340975 0.688115625 0.339790625 0.714790625
