4 0.5301203125 0.1907 0.5091953124999999 0.19878125 0.45871874999999995 0.208603125 0.4292328125 0.2158484375 0.42460312499999997 0.2192609375 0.4222578125 0.2295015625 0.432340625 0.23504062499999998 0.4331015625 0.2452796875 0.44476875 0.248240625 0.45098281250000005 0.2550671875 0.46030468750000003 0.2589 0.468040625 0.2597703125 0.48979062500000003 0.25465 0.5154093750000001 0.23887187499999998 0.5573234375 0.2192609375 0.56740625 0.21114531250000002 0.5355734375 0.218390625 0.5107171875 0.2260890625 0.5045015625 0.22650625 0.500634375 0.22438125000000003 0.5013953124999999 0.22054999999999997 0.503740625 0.21797343749999998 0.5060875 0.21713749999999998 0.507609375 0.216265625 0.5285984375 0.20219375 0.5379203125 0.1936609375 0.5370953125 0.19111875 0.5301203125 0.1907
4 0.6017125 0.23796562500000001 0.5990484375 0.23650312499999998 0.591503125 0.23531875000000002 0.5435 0.24597656250000002 0.49987343749999996 0.253953125 0.4696890625 0.2601875 0.461065625 0.26729375 0.458909375 0.2740859375 0.46480625 0.28178281250000003 0.47019687499999996 0.28474374999999996 0.4729234375 0.2915703125 0.479390625 0.2977703125 0.49067812499999997 0.30310000000000004 0.5020296875 0.30400625 0.5214328125 0.2989546875 0.5526953125 0.2829671875 0.5990484375 0.263428125 0.61521875 0.2521765625 0.6178828125 0.249215625 0.6157265625 0.24716093749999998 0.609828125 0.24716093749999998 0.5699421874999999 0.263740625 0.5516171875 0.26729375 0.5478125 0.26551718750000003 0.5478125 0.26401875 0.5494609374999999 0.26255625 0.5731765625 0.2504 0.6012046875 0.2418328125 0.6033609375 0.240334375 0.6017125 0.23796562500000001
4 0.6329734375 0.28979374999999996 0.6303109375 0.28801875 0.62219375 0.288296875 0.57045 0.29926875000000003 0.492834375 0.30400625 0.49175625 0.306965625 0.4923265625 0.31703281250000004 0.4966390625 0.326784375 0.49499062499999996 0.330059375 0.4987953125 0.3353890625 0.49556093749999997 0.33981249999999996 0.497146875 0.3454546875 0.5014578125 0.3496 0.5138874999999999 0.34928593750000003 0.5337984375 0.34454843749999997 0.5559296875 0.33744375 0.618453125 0.3259140625 0.6362078125 0.3194015625 0.6415984375 0.3161265625 0.6469875 0.310796875 0.648065625 0.30400625 0.6394421875 0.31111093749999996 0.616296875 0.317903125 0.5855421875 0.3223609375 0.5742546875000001 0.3223609375 0.5699421874999999 0.3211765625 0.5672796875 0.3163359375 0.5699421874999999 0.3146640625 0.6092578125 0.302821875 0.6286625 0.2954015625 0.6324671875 0.2921625 0.6329734375 0.28979374999999996
3 0.6692453125 0.3421453125 0.668675 0.34036875 0.6670890625 0.338871875 0.6611281250000001 0.33799999999999997 0.6190875 0.34183281249999997 0.5425484375 0.34688281249999997 0.514521875 0.34984375 0.5097015625 0.35102812499999997 0.50481875 0.3533953125 0.5026640625 0.3581328125 0.503740625 0.36879062500000004 0.50913125 0.371159375 0.510209375 0.3729359375 0.51344375 0.3747125 0.5166765625 0.375896875 0.525871875 0.375896875 0.658465625 0.3471609375 0.6692453125 0.3421453125
3 0.633671875 0.3877390625 0.6681671875 0.38181875 0.6703234375 0.379728125 0.6681671875 0.378265625 0.6589734375 0.37708125 0.618009375 0.3755828125 0.5425484375 0.3747125 0.521559375 0.3788578125 0.5156 0.38181875 0.5118578125 0.3859625 0.5129359375 0.3939390625 0.52048125 0.396621875 0.5209265624999999 0.40034843750000004 0.5220671875 0.40195 0.5226375 0.402821875 0.5253015624999999 0.40313437499999993 0.5328468749999999 0.40313437499999993 0.633671875 0.3877390625
1 0.65783125 0.411703125 0.68744375 0.402821875 0.688015625 0.3986765625 0.6869375 0.3963078125 0.6809765624999999 0.3951234375 0.658909375 0.3963078125 0.6055171875 0.40222968750000004 0.51173125 0.40665312499999995 0.508496875 0.4087421875 0.506340625 0.41138906249999996 0.5040578124999999 0.4290140625 0.503678125 0.43270625 0.5112234375 0.4356671875 0.52739375 0.435075 0.568865625 0.429153125 0.65783125 0.411703125
2 0.6523140625 0.4448625 0.66525 0.4381046875 0.6645531250000001 0.43598125000000004 0.663284375 0.434553125 0.6555484375 0.43173125 0.6315796875 0.43065156250000003 0.5358906250000001 0.43671249999999995 0.5086875 0.43740781249999994 0.5054531250000001 0.4409609375 0.498921875 0.45729687500000005 0.4983515625 0.460153125 0.4977171875 0.46297499999999997 0.5132531250000001 0.462278125 0.609575 0.4527 0.6523140625 0.4448625
2 0.6227640625 0.46990625 0.6270765625 0.46635312500000003 0.627646875 0.463984375 0.6249203125 0.46043124999999996 0.617375 0.45865625000000004 0.5990484375 0.459246875 0.5014578125 0.46691093749999996 0.5009515625 0.4716828125 0.499809375 0.485475 0.5009515625 0.48707812500000003 0.5176921875 0.4856140625 0.600696875 0.47495624999999997 0.6227640625 0.46990625
2 0.6262531250000001 0.49752656249999994 0.6343687499999999 0.4913265625 0.6322125 0.4886453125 0.6273296875 0.48627656249999995 0.6138874999999999 0.4845 0.58478125 0.483315625 0.5157890625 0.48718281250000006 0.5065953125 0.48540625000000004 0.5044390625 0.488053125 0.505009375 0.49160624999999997 0.5034875000000001 0.5079765625 0.5044390625 0.5135140625 0.518453125 0.5117375 0.55783125 0.5049453125000001 0.6262531250000001 0.49752656249999994
2 0.6287890625 0.5206546875 0.6325937500000001 0.515325 0.6325937500000001 0.5117734375 0.6287890625 0.5091249999999999 0.61261875 0.5082203125 0.557640625 0.5103093750000001 0.5097015625 0.5094046875 0.505390625 0.509996875 0.503740625 0.51118125 0.50481875 0.5206546875 0.5092578125 0.5306859375 0.5112875 0.53580625 0.51344375 0.5405078125 0.5188328125 0.5407875 0.6067218750000001 0.5253921874999999 0.6287890625 0.5206546875
1 0.624159375 0.5748171875 0.6565000000000001 0.5819234375 0.6927703125 0.58335 0.705009375 0.580878125 0.6992390625 0.57659375 0.6766015624999999 0.5677109375 0.6370953125 0.554928125 0.5711484375 0.5414140625 0.52650625 0.5353890625 0.5200375 0.5364687499999999 0.5142046875 0.5389406250000001 0.5090671875 0.547475 0.5092578125 0.565203125 0.5109703125 0.57021875 0.5161703125 0.573040625 0.524603125 0.5741203125000001 0.548509375 0.5748171875 0.624159375 0.5748171875
3 0.6979703125000001 0.6088125 0.6986046875 0.608115625 0.6947375 0.6052593749999999 0.667596875 0.592825 0.6223203125000001 0.5846750000000001 0.5718453125 0.578996875 0.5304375 0.56973125 0.5259359375 0.56973125 0.5213703125 0.5725875 0.513 0.5857187500000001 0.5162328125 0.602090625 0.5188328125 0.6063390625 0.527140625 0.6089515624999999 0.532403125 0.610240625 0.556309375 0.608115625 0.6203546875 0.6045625 0.687 0.60954375 0.6979703125000001 0.6088125
3 0.674571875 0.641309375 0.6765375 0.63775625 0.6765375 0.6342046875 0.6739375 0.6327765624999999 0.6674703125 0.6313484375 0.57565 0.615709375 0.541978125 0.6072093749999999 0.519975 0.604353125 0.5142046875 0.605434375 0.5109703125 0.6082546875 0.5109703125 0.615709375 0.5090046874999999 0.61999375 0.5090046874999999 0.6263671875 0.507609375 0.6336468749999999 0.5077359375 0.6370250000000001 0.5102734375 0.63988125 0.51610625 0.641309375 0.6655046875 0.6437828125 0.674571875 0.641309375
4 0.6537734375 0.6784390625000001 0.655675 0.6748875 0.6382375 0.6638796874999999 0.5761578125 0.6517937500000001 0.5450859375 0.6436078125 0.52695 0.6365031250000001 0.5024093749999999 0.635075 0.499809375 0.6368515625 0.4959421875 0.6450359375 0.501078125 0.6556953125 0.49784375000000003 0.6628000000000001 0.4959421875 0.6709859375 0.4985421875 0.6770109375 0.503678125 0.6826890624999999 0.5024093749999999 0.694078125 0.5056437500000001 0.6972484375 0.52955 0.694078125 0.5735578125 0.696203125 0.6253015625 0.7065140624999999 0.6459734375 0.7146640625 0.6537734375 0.7160921874999999 0.656309375 0.7146640625 0.658909375 0.7118421875000001 0.658909375 0.709334375 0.6505390625 0.703309375 0.6188328125 0.68979375 0.58129375 0.6784390625000001 0.576790625 0.6752343749999999 0.5761578125 0.6720312500000001 0.5772984375 0.6707765625000001 0.57869375 0.670603125 0.612365625 0.6731109375 0.6414718749999999 0.679484375 0.6479390625 0.6798671875 0.6537734375 0.6784390625000001
4 0.6369687500000001 0.7509578125 0.617565625 0.7349703125 0.579390625 0.72291875 0.556753125 0.7147328125 0.539315625 0.7022984375 0.5257453125 0.694496875 0.506975 0.691640625 0.5017750000000001 0.69306875 0.4966390625 0.6990937500000001 0.49467343750000003 0.704075 0.490171875 0.707628125 0.48693749999999997 0.7154296875 0.48630312499999995 0.721490625 0.479834375 0.72504375 0.47660156249999996 0.7321484375 0.47850312500000003 0.7403 0.48173750000000004 0.7452796875 0.48953749999999996 0.7502609375 0.51084375 0.7552421875 0.5405828125000001 0.7587953125 0.613696875 0.7797625 0.617565625 0.7797625 0.618896875 0.7762109374999999 0.617565625 0.77300625 0.5729234375 0.748484375 0.558084375 0.7378265625 0.558084375 0.7363984375 0.5618265625000001 0.7372 0.564553125 0.7378265625 0.585225 0.7403 0.6181984375 0.7460125 0.6343687499999999 0.752734375 0.6369687500000001 0.7509578125
4 0.57520625 0.809753125 0.5720984375 0.7999296874999999 0.5348124999999999 0.7747828125 0.5201015625000001 0.76583125 0.51001875 0.757296875 0.4999359375 0.7504703125 0.48826875000000003 0.74705625 0.47970781249999994 0.74705625 0.46341093750000006 0.7568796875 0.458021875 0.764959375 0.455675 0.7709515625 0.44946093749999994 0.777325 0.4401390625 0.7892718750000001 0.4401390625 0.793103125 0.4424859375 0.796934375 0.45180781249999996 0.8025078125 0.48674687499999997 0.8135843749999999 0.5224484375 0.8229531250000001 0.551109375 0.8327765625 0.55345625 0.8327765625 0.5558015625 0.828909375 0.5503484375000001 0.8225359375 0.5301843749999999 0.8050499999999999 0.5270765625 0.8008015625 0.5278375 0.7973874999999999 0.5294859375 0.7965859375 0.533290625 0.7965171875 0.5558015625 0.8029265625 0.5651234374999999 0.8084640625 0.5720984375 0.8148734375 0.57520625 0.809753125
4 0.3487 0.7783 0.35783125 0.7788921875 0.36753281250000003 0.7780218750000001 0.3670265625 0.7824453124999999 0.36322187499999997 0.7913265625 0.35516875 0.786590625 0.3325296875 0.782759375 0.2985421875 0.784221875 0.2942296875 0.7848140625 0.291565625 0.7871828125 0.29264375 0.7898640625 0.29530781250000004 0.7913265625 0.3174375 0.7981546875000001 0.3707671875 0.809090625 0.3853515625 0.81355 0.3907421875 0.81355 0.39771718749999996 0.8117734375 0.40095156249999997 0.8096828125 0.40310781249999994 0.8058515625 0.40310781249999994 0.8013937500000001 0.4112234375 0.7954718749999999 0.42092656249999993 0.78571875 0.424159375 0.77920625 0.41819843749999996 0.7711953125 0.41388749999999996 0.7679546875 0.38966406249999996 0.7649953125 0.36429999999999996 0.7649953125 0.3427390625 0.7673640625 0.3233359375 0.76875625 0.31800937500000004 0.7704625 0.31477499999999997 0.7726234375 0.3283453125 0.7743296875000001 0.3487 0.7783
4 0.344515625 0.754196875 0.37818593749999996 0.759178125 0.40469218749999997 0.765203125 0.42796406249999996 0.7648546875 0.438934375 0.7623828125000001 0.44413437499999997 0.754196875 0.440265625 0.7478234375 0.44800312499999995 0.7325328125 0.44413437499999997 0.7239984374999999 0.4363984375 0.717625 0.4208625 0.716196875 0.391121875 0.718321875 0.36131875 0.722221875 0.3251109375 0.7289796875000001 0.30507343750000004 0.7328812499999999 0.3038046875 0.7350046875 0.3070390625 0.7378609375 0.36651875 0.73678125 0.38395625 0.7339609375 0.388521875 0.7311046875 0.39499062500000004 0.731453125 0.39365937500000003 0.7353890625 0.389790625 0.738940625 0.389790625 0.7470921875000001 0.385921875 0.7485203125 0.38072343750000004 0.7463953125 0.3561828125 0.7435390625 0.3227640625 0.744165625 0.31604375 0.7438875 0.3024734375 0.7442703125000001 0.30120468749999996 0.7481718749999999 0.311540625 0.7509921875 0.344515625 0.754196875
4 0.338934375 0.70741875 0.34216875 0.7105890625 0.369309375 0.7116687500000001 0.4081171875 0.7113203125 0.42878906250000004 0.71379375 0.44889062500000004 0.7148734375 0.4585921875 0.713096875 0.463728125 0.710240625 0.4650609375 0.7063390625 0.46246093750000006 0.701009375 0.45922656249999994 0.69780625 0.46309374999999997 0.6946015625 0.4643625 0.69143125 0.46309374999999997 0.6814703125 0.4578953125 0.6764890625 0.45466093750000003 0.6676078125 0.4469875 0.664959375 0.4391890625 0.6637062499999999 0.41261875000000003 0.6647859375 0.361571875 0.66973125 0.3447046875 0.6736671875 0.338934375 0.6757921875 0.3331015625 0.67969375 0.3298671875 0.6853703125 0.3285359375 0.69143125 0.331134375 0.6963781250000001 0.333734375 0.6967609375 0.3408375 0.692825 0.36480625 0.6867984375 0.40938437499999997 0.6821671874999999 0.417184375 0.68255 0.41521875 0.6907 0.41071718749999997 0.6971093749999999 0.4055171875 0.6981546875 0.385478125 0.69780625 0.3531390625 0.6954374999999999 0.3473046875 0.69568125 0.345403125 0.6960296875 0.33956875000000003 0.699234375 0.3382375 0.703134375 0.338934375 0.70741875
3 0.3570703125 0.65391875 0.403678125 0.6628703125000001 0.450221875 0.6696625 0.461065625 0.6662484375 0.46499687500000003 0.6611640624999999 0.4657578125 0.653465625 0.461065625 0.6449328125 0.45256875 0.63385625 0.42847187499999995 0.6321484374999999 0.4005703125 0.6347265625 0.3477484375 0.6376875 0.3182625 0.6445140625 0.3159796875 0.645384375 0.3175015625 0.6526296874999999 0.3229546875 0.653465625 0.3361453125 0.6522125 0.3570703125 0.65391875
3 0.400190625 0.6290484375000001 0.44908125 0.6367125 0.4599875 0.63629375 0.4739375 0.628178125 0.47159218750000004 0.616684375 0.4599875 0.6094390625 0.45611875 0.5991984375 0.4258078125 0.5974921875 0.33265625 0.6047374999999999 0.3031703125 0.6132703125 0.302409375 0.614525 0.302409375 0.6171015625 0.3055171875 0.620515625 0.36607500000000004 0.628178125 0.400190625 0.6290484375000001
1 0.33950468749999996 0.600765625 0.411984375 0.6046671875 0.45852812500000006 0.605746875 0.47209843749999997 0.6014984375 0.4792015625 0.5972140625 0.4779328125 0.5936609374999999 0.47533281250000003 0.5748515624999999 0.466265625 0.569871875 0.45466093750000003 0.5684437499999999 0.4281546875 0.5684437499999999 0.3970828125 0.5705671875 0.3686109375 0.5712984375 0.3511734375 0.569871875 0.3459734375 0.57021875 0.3304375 0.5784046875 0.309384375 0.5850921875 0.30202968750000003 0.58833125 0.2994296875 0.591884375 0.2994296875 0.594740625 0.30202968750000003 0.59616875 0.33950468749999996 0.600765625
2 0.34819218749999997 0.5547203125 0.4064046875 0.56255625 0.4665828125 0.5650296875 0.472415625 0.561825 0.47691875 0.5533265625 0.47951875 0.541240625 0.47691875 0.5351796875 0.47431875 0.5330546875 0.41870624999999995 0.532009375 0.399303125 0.53483125 0.346290625 0.536259375 0.3372859375 0.5390109375 0.3346234375 0.5401609374999999 0.3320234375 0.542284375 0.3313890625 0.54444375 0.3320234375 0.5504703125 0.34819218749999997 0.5547203125
2 0.3242859375 0.51264375 0.3285984375 0.5150125 0.3334171875 0.516475 0.352821875 0.5194359375000001 0.45149062500000003 0.5295015624999999 0.47305 0.52863125 0.4773625 0.5268546875 0.478440625 0.521525 0.47786875 0.506721875 0.47520625 0.49811875 0.4681671875 0.49014218749999994 0.456309375 0.486590625 0.42181406250000003 0.49014218749999994 0.37869375 0.49574999999999997 0.3407734375 0.4998265625 0.3355734375 0.5008015625 0.32694999999999996 0.5031703125 0.323209375 0.5055375 0.323209375 0.5099609375 0.3242859375 0.51264375
2 0.32206718749999996 0.46523906249999997 0.3285359375 0.4677109375 0.386746875 0.47979843750000006 0.452125 0.4858234375 0.46829375000000006 0.48512656249999997 0.4772984375 0.48261875 0.47539687500000005 0.44925156250000003 0.4695625 0.44427031250000004 0.4501578125 0.44427031250000004 0.3738109375 0.44782343750000003 0.32777500000000004 0.4540578125 0.3240328125 0.454928125 0.3214328125 0.45597343749999997 0.3188328125 0.45952656249999996 0.3188328125 0.4623828125 0.32206718749999996 0.46523906249999997
2 0.3227640625 0.43152187499999994 0.41921406250000004 0.43775624999999996 0.44889062500000004 0.44277187500000004 0.4720359375 0.4415890625 0.47691875 0.4392203125 0.475840625 0.4303375 0.471528125 0.42354531250000005 0.471528125 0.4190875 0.46721562499999997 0.4137578125 0.44996875000000003 0.4134796875 0.341090625 0.4220484375 0.318959375 0.4223609375 0.3092578125 0.42145625000000003 0.3052625 0.42079374999999997 0.31141406250000003 0.4273765625 0.31629687500000003 0.430059375 0.3227640625 0.43152187499999994
1 0.44286562500000004 0.41177343750000006 0.459353125 0.40961406250000004 0.46873750000000003 0.403796875 0.47254218750000004 0.390178125 0.47089375 0.385440625 0.449334375 0.37951875 0.40786249999999996 0.3809828125 0.33671562499999996 0.38571875 0.291946875 0.3919546875 0.29036093749999997 0.392825 0.2925171875 0.39697031250000003 0.2968296875 0.400521875 0.337221875 0.4070359375 0.44286562500000004 0.41177343750000006
3 0.3653765625 0.38491875000000003 0.43601718749999996 0.38491875000000003 0.44996875000000003 0.3819234375 0.4523140625 0.378090625 0.46239687500000004 0.36955781249999997 0.4639828125 0.364471875 0.46011406250000003 0.3593515625 0.43912500000000004 0.35423125 0.3979703125 0.361059375 0.3172484375 0.364890625 0.2958140625 0.369453125 0.29169375 0.370846875 0.28623906250000003 0.376384375 0.2877609375 0.38108749999999997 0.30564375 0.3840828125 0.3653765625 0.38491875000000003
3 0.3064046875 0.35364062500000004 0.3209890625 0.35423125 0.3894109375 0.35364062500000004 0.41097031250000005 0.3545109375 0.43741250000000004 0.35423125 0.44438750000000005 0.35245625 0.44977812500000003 0.348903125 0.45466093750000003 0.33646875 0.44438750000000005 0.328178125 0.4331015625 0.32699375 0.3516796875 0.339115625 0.306975 0.344165625 0.305896875 0.34475781250000004 0.29778125 0.3506796875 0.29346875 0.3556953125 0.2974 0.354684375 0.3064046875 0.35364062500000004
4 0.3133171875 0.317415625 0.3340515625 0.32096874999999997 0.3825625 0.32309375 0.42073593750000005 0.3270296875 0.43367187500000004 0.3270296875 0.44140781249999994 0.3259484375 0.451109375 0.31884375 0.451109375 0.31459375 0.4472421875 0.3106578125 0.448509375 0.304284375 0.44400781250000004 0.302159375 0.44660781250000003 0.293278125 0.4433734375 0.288296875 0.42910624999999997 0.28474374999999996 0.4116671875 0.2850921875 0.3922640625 0.29111875 0.3592890625 0.2954015625 0.324984375 0.2960984375 0.3062140625 0.293975 0.3133171875 0.29860625 0.319784375 0.3003828125 0.327584375 0.3017765625 0.3657578125 0.3046328125 0.3689921875 0.3067578125 0.3689921875 0.30888125 0.3663921875 0.310309375 0.3605578125 0.3117375 0.3334171875 0.313165625 0.31477499999999997 0.3097875 0.3100828125 0.3096140625 0.3075453125 0.310309375 0.3068484375 0.313165625 0.3094484375 0.3159875 0.3133171875 0.317415625
4 0.3467984375 0.2824109375 0.40285312500000003 0.28686875 0.41414062500000004 0.2850921875 0.4238421875 0.2827234375 0.429803125 0.27945000000000003 0.434115625 0.2741203125 0.43519375 0.2676078125 0.4201015625 0.253709375 0.4201015625 0.24925156249999997 0.41578906250000003 0.24719687499999998 0.39854218750000003 0.24451406250000002 0.36886562500000003 0.25015624999999997 0.28585937499999997 0.263775 0.279390625 0.26614375 0.2783125 0.2679203125 0.279390625 0.268790625 0.2842734375 0.26851250000000004 0.37051406249999996 0.2602234375 0.3720984375 0.2614078125 0.3720984375 0.267328125 0.37698125 0.26997499999999997 0.37698125 0.27206562500000003 0.3720984375 0.2729359375 0.363475 0.2691046875 0.31173125 0.27206562500000003 0.2909953125 0.270603125 0.2842734375 0.27056718750000003 0.281546875 0.27234375 0.283703125 0.273528125 0.2966390625 0.276803125 0.3467984375 0.2824109375
4 0.36740625 0.2446875 0.3927703125 0.24232031250000002 0.4035515625 0.23967187499999998 0.41001875 0.23462187499999998 0.41001875 0.2263328125 0.40462968750000006 0.22396406249999998 0.399746875 0.2177640625 0.3927703125 0.21508124999999997 0.39327812500000003 0.21125 0.3857328125 0.2067921875 0.3690546875 0.205015625 0.3453390625 0.2091609375 0.33348125 0.21361875000000002 0.3259359375 0.2204109375 0.31515468750000003 0.22486875 0.2979078125 0.228109375 0.29143906249999996 0.2301984375 0.291946875 0.231975 0.3035515625 0.2314171875 0.3474953125 0.2263328125 0.3577046875 0.2266453125 0.358275 0.2316609375 0.35611875 0.2340296875 0.35231406249999997 0.233159375 0.33348125 0.23284531249999998 0.3259359375 0.2340296875 0.31135 0.23521406250000002 0.2939125 0.23483125 0.29143906249999996 0.23493593750000002 0.289790625 0.23612031249999998 0.291565625 0.23754843750000001 0.3011421875 0.24085625 0.36740625 0.2446875
