4 0.7614640625 0.469784375 0.7629265625 0.46131406249999996 0.7617421875 0.441971875 0.75679375 0.4240203125 0.7508015625 0.4131484375 0.74515625 0.4131484375 0.7314984375 0.418584375 0.7290593750000001 0.42123906250000004 0.728084375 0.42718125 0.7208359375 0.42755937499999996 0.7064812500000001 0.44829375000000005 0.7048078125 0.45499375000000003 0.70599375 0.4639703125 0.7136578124999999 0.5003796875 0.7166546874999999 0.5056890625 0.72188125 0.5075859375 0.72926875 0.5214921875 0.7337281250000001 0.5348921875 0.7413937500000001 0.5479140625000001 0.7441109375 0.5560046875 0.753309375 0.568646875 0.76 0.580784375 0.76515625 0.5834390625 0.7698953125 0.582553125 0.7728921875 0.575853125 0.7731015625000001 0.568646875 0.77115 0.559671875 0.7590250000000001 0.54171875 0.7537984375 0.5362828125 0.7498265625 0.5286984375 0.7443906250000001 0.5048046875 0.7461328125 0.5012640625 0.7505921875 0.504425 0.768153125 0.5389375000000001 0.7770734375 0.5498109375 0.78696875 0.5560046875 0.79115 0.5556265625 0.7933796875 0.552465625 0.794146875 0.545765625 0.7933796875 0.5376734375 0.7917078125 0.533628125 0.7790250000000001 0.5097343750000001 0.7614640625 0.469784375
4 0.16794375 0.586346875 0.17533125 0.59165625 0.1810453125 0.590771875 0.18355468749999998 0.5854609375 0.185296875 0.5768640625 0.20655 0.53059375 0.2110109375 0.518078125 0.2149828125 0.5149171875 0.2177 0.515296875 0.21944218750000002 0.5198484375 0.2184671875 0.527434375 0.214703125 0.5378000000000001 0.210034375 0.54943125 0.1887109375 0.5854609375 0.18648125 0.5957015625000001 0.1887109375 0.6046781250000001 0.1931703125 0.6042984375 0.2001390625 0.5988625 0.2261328125 0.5629578125 0.23031406250000003 0.553096875 0.23825781250000003 0.5283187500000001 0.2424390625 0.5099875 0.24717812499999997 0.5072062500000001 0.2506625 0.501390625 0.25456406249999997 0.4866 0.25484375 0.46599218750000004 0.246690625 0.45878593749999996 0.2308015625 0.45423437499999997 0.2236234375 0.4493046875 0.21351874999999998 0.44614374999999995 0.2075265625 0.44576562500000005 0.1996515625 0.45335000000000003 0.1951921875 0.46232656250000004 0.194703125 0.46953281249999995 0.197421875 0.4740828125 0.1936578125 0.49507031250000005 0.1880140625 0.5131484375 0.17386718750000002 0.545890625 0.16766562499999998 0.56839375 0.16648125 0.5750953125 0.1662015625 0.5817953124999999 0.16794375 0.586346875
1 0.3568640625 0.18445 0.35303125 0.189128125 0.350453125 0.199115625 0.34871093750000004 0.2154234375 0.3482921875 0.24728124999999998 0.3564453125 0.3078375 0.3564453125 0.357521875 0.360278125 0.37610625 0.36285781250000004 0.41264218750000003 0.3615328125 0.4312265625 0.3696859375 0.44829375000000005 0.3940765625 0.4359046875 0.40090624999999996 0.42895000000000005 0.40090624999999996 0.41340000000000005 0.3992328125 0.3948171875 0.391915625 0.3543609375 0.3885015625 0.324146875 0.37909375 0.2767390625 0.36926875 0.2388109375 0.3696859375 0.2388109375 0.3615328125 0.18748437499999998 0.3568640625 0.18445
4 0.7192328125 0.35195937499999996 0.7149125 0.353603125 0.71024375 0.3474078125 0.712821875 0.2673828125 0.7094078125000001 0.26510781250000004 0.70466875 0.2673828125 0.6999296875 0.273578125 0.696515625 0.314790625 0.6960968750000001 0.3620734375 0.6931015625 0.3915296875 0.6931015625 0.43198437500000003 0.6960968750000001 0.44045468750000005 0.7038328125 0.44285781249999995 0.7136578124999999 0.44045468750000005 0.7260625 0.43198437500000003 0.734634375 0.4117578125 0.7358890625 0.4001265625 0.7324734375 0.3659921875 0.7324734375 0.3551203125 0.738884375 0.32098593750000004 0.7410453125 0.2945640625 0.7384671875000001 0.2790140625 0.7363062499999999 0.2767390625 0.734634375 0.2790140625 0.7350515625 0.28445 0.7243203125 0.3365359375 0.7192328125 0.35195937499999996
3 0.6857140625 0.586978125 0.6933796875 0.6096078125 0.701603125 0.6149171875 0.70515625 0.60834375 0.6897562500000001 0.534765625 0.692334375 0.5311 0.7000703125000001 0.5311 0.7041109375 0.541340625 0.7138671875 0.5850828124999999 0.7236234375 0.595321875 0.7282921875 0.5934265625 0.711846875 0.49380468750000006 0.70515625 0.46207343749999996 0.7000703125000001 0.460303125 0.68926875 0.4639703125 0.687178125 0.471428125 0.683065625 0.4639703125 0.669965625 0.46346406250000005 0.666690625 0.46953281249999995 0.6676656249999999 0.4910234375 0.6857140625 0.586978125
3 0.6334500000000001 0.4833125 0.6659937499999999 0.63160625 0.6796515624999999 0.64171875 0.68139375 0.6362828125 0.6792328125 0.6137796875 0.6676656249999999 0.5003796875 0.662509375 0.47168124999999994 0.6586765625 0.468646875 0.64885 0.4701640625 0.6407671875000001 0.46839375 0.6376999999999999 0.4701640625 0.6338671875 0.4748421875 0.6334500000000001 0.4833125
3 0.5999296875 0.48394375 0.6024390625 0.5048046875 0.60975625 0.5335015624999999 0.6379796875 0.63059375 0.6448078125000001 0.637546875 0.649965625 0.6328703124999999 0.649546875 0.615803125 0.6371421875000001 0.5443734375 0.63024375 0.4785078125 0.6119859375 0.476990625 0.606759375 0.47686406249999996 0.601603125 0.4785078125 0.5999296875 0.48394375
1 0.5724734375 0.5486718749999999 0.5912890625 0.6565109375 0.6046 0.6720609375000001 0.61400625 0.6758531249999999 0.617003125 0.67281875 0.6024390625 0.55170625 0.5998609375 0.48647343750000005 0.579303125 0.4787609375 0.5720562499999999 0.4834390625 0.5703140624999999 0.48647343750000005 0.5698953125 0.49734531249999997 0.5724734375 0.5486718749999999
2 0.558396875 0.634765625 0.5648078125 0.65726875 0.5694781250000001 0.665865625 0.574634375 0.6604296875 0.57630625 0.6487984375 0.5668984375 0.523009375 0.5660624999999999 0.4756 0.5540765624999999 0.468646875 0.5386765625 0.46712968750000006 0.5352609375 0.46712968750000006 0.5408359375 0.54943125 0.558396875 0.634765625
2 0.52369375 0.6099875 0.526690625 0.60606875 0.5301046875 0.536915625 0.5310109375 0.4718078125 0.5216031250000001 0.4748421875 0.5075265625000001 0.4726921875 0.5006265625 0.4701640625 0.51860625 0.6021484375 0.52369375 0.6099875
2 0.4715671875 0.5659921875 0.47728281250000004 0.6235140625 0.48083593750000003 0.627434375 0.482996875 0.6255375 0.491915625 0.5201015625000001 0.4943546875 0.46573906249999997 0.467665625 0.46573906249999997 0.464459375 0.4676359375 0.46404218750000004 0.47357812499999996 0.4715671875 0.5659921875
2 0.4284328125 0.4871046875 0.4377 0.6035390625 0.43909374999999995 0.615803125 0.4448078125 0.619721875 0.4501734375 0.6170671875 0.45407656249999995 0.6029078125 0.4572828125 0.564728125 0.4601390625 0.5006328124999999 0.4601390625 0.46573906249999997 0.4386765625 0.47054375000000004 0.43233437500000005 0.47281874999999995 0.42808437499999996 0.4748421875 0.4284328125 0.4871046875
1 0.38926875 0.49936718750000003 0.39163749999999997 0.52895 0.39045312499999996 0.5370421875 0.39163749999999997 0.545765625 0.3863421875 0.6184578125 0.38480781249999996 0.6798984375 0.388084375 0.6917828125 0.3949125 0.6944375 0.401184375 0.6782546875000001 0.415121875 0.6255375 0.4231359375 0.5570171875 0.42466875000000004 0.487484375 0.4210453125 0.4750953125 0.41602812499999997 0.4713015625 0.41010468749999995 0.469659375 0.39400625 0.4788875 0.391359375 0.4815421875 0.38961718749999996 0.48647343750000005 0.38926875 0.49936718750000003
3 0.352125 0.4815421875 0.35038281250000003 0.5479140625000001 0.3438328125 0.6012640625000001 0.33637656250000003 0.6379265625 0.337909375 0.6460171875 0.3405578125 0.6491781249999999 0.345296875 0.6448796875 0.35693437499999997 0.6249046875000001 0.3664109375 0.588875 0.377421875 0.5327437500000001 0.38334531250000003 0.5117578125 0.38961718749999996 0.5031609375 0.391359375 0.495575 0.391359375 0.48318593749999994 0.3875265625 0.4718078125 0.3845296875 0.46915312499999995 0.3637625 0.47281874999999995 0.3589546875 0.4740828125 0.35421562500000003 0.4756 0.352125 0.4815421875
3 0.3119859375 0.48495625000000003 0.31484375 0.5159296875 0.3119859375 0.5864734375 0.30418124999999996 0.6537296875 0.30912968749999997 0.65828125 0.31449531249999996 0.6576484375 0.318815625 0.6537296875 0.3259234375 0.6304671875000001 0.33303125 0.574209375 0.339790625 0.533375 0.3547734375 0.47711718750000004 0.35337968750000004 0.471934375 0.341603125 0.467509375 0.3301734375 0.472565625 0.3180484375 0.471934375 0.314146875 0.471934375 0.312334375 0.47711718750000004 0.3119859375 0.48495625000000003
4 0.24146406250000002 0.59051875 0.24146406250000002 0.603665625 0.2457140625 0.6152968750000001 0.250453125 0.619215625 0.255121875 0.6184578125 0.2572828125 0.6122625 0.2684328125 0.548546875 0.2756796875 0.5477875 0.2808359375 0.55170625 0.28209062500000004 0.5594187500000001 0.2752609375 0.6098609374999999 0.276515625 0.6214921875 0.28466874999999997 0.6254109375 0.287665625 0.6223765625000001 0.2906625 0.613021875 0.31289218750000003 0.4810359375 0.3116375 0.47092343750000004 0.3056453125 0.46712968750000006 0.2914984375 0.464728125 0.28592343750000004 0.4678890625 0.282996875 0.4632109375 0.2684328125 0.46169374999999996 0.25909375 0.4640953125 0.256028125 0.468646875 0.25345 0.5035390625 0.24146406250000002 0.59051875
4 0.1682234375 0.288875 0.1596515625 0.349684375 0.15505156250000002 0.3729453125 0.1510796875 0.413653125 0.15254375 0.4201015625 0.1603484375 0.42591718749999996 0.17679375 0.42465156249999997 0.1896171875 0.4182046875 0.192821875 0.40973437500000004 0.1938671875 0.3987359375 0.18892031250000002 0.3042984375 0.186759375 0.2992421875 0.185296875 0.2992421875 0.182090625 0.322503125 0.180696875 0.32187031250000003 0.180696875 0.31276875 0.1764453125 0.2687734375 0.1735890625 0.2654875 0.172125 0.26814218749999996 0.1682234375 0.288875
4 0.1910109375 0.2826796875 0.192821875 0.304678125 0.20459999999999998 0.35056875 0.1977703125 0.4165609375 0.1999296875 0.4255375 0.21351874999999998 0.4378 0.23951250000000002 0.44045468750000005 0.24878125 0.4378 0.25094062500000003 0.43527187500000003 0.252334375 0.42174531249999997 0.24557500000000002 0.3653609375 0.2405578125 0.3389375 0.24376250000000002 0.328571875 0.24418125000000002 0.3182046875 0.24236875000000002 0.304678125 0.23951250000000002 0.29683906250000003 0.2324046875 0.2884953125 0.2263421875 0.2903921875 0.22383281249999998 0.3020234375 0.2263421875 0.3311 0.223484375 0.3343875 0.21958125 0.33375468750000004 0.21742187500000001 0.33173125 0.1963765625 0.2754734375 0.19351875000000002 0.274209375 0.192125 0.27610625 0.1910109375 0.2826796875
4 0.27999999999999997 0.3007578125 0.2786765625 0.3170671875 0.27999999999999997 0.33337500000000003 0.27909375000000003 0.35284375 0.27484375 0.3551203125 0.2696859375 0.3512015625 0.26669062499999996 0.3410875 0.266271875 0.3101140625 0.2650171875 0.2992421875 0.26411093750000003 0.297725 0.259025 0.3 0.2564453125 0.304678125 0.2521953125 0.3970921875 0.2542859375 0.43350156249999994 0.26243906250000004 0.44285781249999995 0.2696859375 0.4420984375 0.271428125 0.4366625 0.2786765625 0.4443734375 0.2868296875 0.4443734375 0.2906625 0.4412140625 0.29324062500000003 0.43274375000000004 0.28975625 0.294690625 0.2842515625 0.29064531250000003 0.2812546875 0.2945640625 0.27999999999999997 0.3007578125
3 0.3098953125 0.28407031250000003 0.3047390625 0.286346875 0.2987453125 0.2933 0.2965859375 0.3026546875 0.2931703125 0.41441249999999996 0.29533125 0.43539843749999996 0.3013234375 0.440834375 0.31972187500000004 0.44159218750000007 0.324459375 0.43615624999999997 0.31756093750000003 0.290265625 0.31630625 0.2878640625 0.314146875 0.2848296875 0.3098953125 0.28407031250000003
3 0.32766562499999996 0.261440625 0.3273171875 0.276990625 0.3333796875 0.3359046875 0.3273171875 0.40834374999999995 0.33052187499999997 0.42895000000000005 0.33554062500000004 0.434765625 0.3448078125 0.43539843749999996 0.35581874999999996 0.43287031249999997 0.3579796875 0.42642187500000006 0.3572828125 0.41024062499999997 0.3468984375 0.331984375 0.3419515625 0.2589125 0.3394421875 0.2562578125 0.33052187499999997 0.256890625 0.32766562499999996 0.261440625
2 0.409965625 0.2388109375 0.40696875 0.24273125 0.4061328125 0.24968437500000001 0.4078046875 0.373071875 0.404390625 0.39949375 0.40355468749999995 0.41732031249999996 0.404390625 0.43135312499999995 0.40822343749999995 0.44146718749999997 0.4129609375 0.445259375 0.441184375 0.4398234375 0.44202031249999996 0.43602968750000004 0.44202031249999996 0.4142859375 0.43644531249999996 0.37395625 0.43177656249999996 0.3195953125 0.4210453125 0.24500625 0.42020937500000005 0.2404546875 0.4163765625 0.2372953125 0.409965625 0.2388109375
2 0.4454359375 0.25853281250000004 0.44418125 0.280278125 0.44717812500000004 0.3788875 0.45233437500000007 0.4370421875 0.45533124999999997 0.4432359375 0.4608359375 0.44715625000000003 0.49679375 0.4386859375 0.50236875 0.43324843749999997 0.5019515625000001 0.419215625 0.4937984375 0.358659375 0.4878046875 0.32528437499999996 0.48139374999999995 0.298103125 0.47073124999999993 0.2701640625 0.46515625 0.24386875 0.46174218749999996 0.24310937500000002 0.45400625000000006 0.24538593749999998 0.4454359375 0.25853281250000004
2 0.5366546875 0.257521875 0.53205625 0.2611890625 0.530521875 0.2667515625 0.5192328125000001 0.320859375 0.505365625 0.4 0.5048781250000001 0.4168140625 0.509965625 0.43160625 0.519721875 0.4409609375 0.53205625 0.44652343749999995 0.5372125 0.44475312499999997 0.544878125 0.44753437500000004 0.5531015625 0.4437421875 0.5531015625 0.413021875 0.549478125 0.3757265625 0.5526125000000001 0.3720609375 0.5520562499999999 0.335778125 0.543971875 0.265865625 0.5418125 0.2592921875 0.5407671875 0.257521875 0.5366546875 0.257521875
2 0.5795125 0.2520859375 0.5752609375 0.257521875 0.5680140625 0.3048046875 0.5628578125 0.3599234375 0.5628578125 0.3754734375 0.5585359375000001 0.3933 0.554703125 0.43135312499999995 0.555121875 0.44690312499999996 0.5829265625 0.45309687500000007 0.5889203125 0.439190625 0.5894078125 0.41580312499999994 0.5859234375 0.388621875 0.5845296875 0.2678890625 0.58466875 0.2597984375 0.5829265625 0.2520859375 0.5795125 0.2520859375
1 0.6306625 0.21719375 0.62745625 0.21719375 0.6206968749999999 0.2242734375 0.6185359375 0.23211093749999998 0.606759375 0.3077125 0.59254375 0.4145390625 0.5928921875000001 0.43388125000000005 0.59860625 0.4455125 0.6206968749999999 0.45259218749999997 0.6256453125 0.44943125000000006 0.626759375 0.439696875 0.625296875 0.42225 0.625296875 0.4035390625 0.63351875 0.23274374999999997 0.6338671875 0.22945625 0.6338671875 0.2256640625 0.6306625 0.21719375
3 0.6809062499999999 0.2560046875 0.6726828125 0.26156718749999996 0.6680843750000001 0.28862187499999997 0.66139375 0.4040453125 0.6624390625000001 0.43944375 0.6660625 0.449684375 0.6767937500000001 0.452465625 0.6855046875 0.44690312499999996 0.6901734375 0.4366625 0.69121875 0.40037968749999997 0.6897562500000001 0.28457656249999996 0.6896171875 0.2754734375 0.6875953124999999 0.265234375 0.6809062499999999 0.2560046875
3 0.650521875 0.45056874999999996 0.6578390625 0.4446265625 0.660209375 0.42123906250000004 0.6566546875 0.32945625 0.6566546875 0.3012640625 0.6607671875000001 0.22895 0.6566546875 0.2233875 0.648571875 0.2233875 0.6419515625 0.24551249999999997 0.6373515624999999 0.284196875 0.62975625 0.381921875 0.6282234375 0.4362828125 0.629059375 0.44045468750000005 0.6396515625 0.45056874999999996 0.650521875 0.45056874999999996
