3 0.274715625 0.591846875 0.2632109375 0.592753125 0.25828125 0.59811875 0.26055625 0.6029265625 0.267003125 0.6056453125 0.406321875 0.6077359375 0.4226296875 0.6038328125 0.4270546875 0.5975609375000001 0.42490468750000004 0.588571875 0.4242734375 0.5864109375 0.4221234375 0.5852265625 0.3970921875 0.5837625 0.3878640625 0.5861328125 0.274715625 0.591846875
1 0.2643484375 0.5621609375000001 0.26156718749999996 0.569965625 0.2823015625 0.572334375 0.3748421875 0.57533125 0.40088437499999996 0.5780484375 0.4242734375 0.5789546875 0.43249062499999996 0.5777703125 0.43678906250000005 0.5741468750000001 0.442225 0.560975 0.44171875 0.5552609375 0.4400765625 0.553728125 0.429203125 0.551359375 0.402528125 0.553728125 0.2795203125 0.558815625 0.2643484375 0.5621609375000001
2 0.3051828125 0.5426484375 0.40796406249999995 0.5477359374999999 0.433628125 0.5510109375 0.4374203125 0.5438328125 0.4400765625 0.5303140625 0.4362828125 0.52794375 0.376990625 0.530940625 0.24361562499999997 0.533309375 0.25941875 0.5378390625 0.3051828125 0.5426484375
2 0.28609375 0.5174218749999999 0.3987359375 0.5198609375000001 0.435778125 0.5222296875 0.4395703125 0.5180484375 0.4400765625 0.5045296875 0.43906406249999996 0.5021609375 0.33995000000000003 0.509059375 0.293678125 0.5096171875 0.2620734375 0.5078750000000001 0.28609375 0.5174218749999999
2 0.28053125 0.48982656249999995 0.30227499999999996 0.4935890625 0.3585328125 0.4970734375 0.434765625 0.5038328125 0.4402015625 0.503065625 0.44108749999999997 0.5013234375 0.4388109375 0.498328125 0.4386859375 0.48717812499999996 0.4388109375 0.48132343750000006 0.3766125 0.48529687499999996 0.2831859375 0.48432031249999996 0.2782546875 0.48529687499999996 0.28053125 0.48982656249999995
2 0.290896875 0.46961718750000003 0.3948171875 0.468571875 0.441971875 0.46961718750000003 0.4374203125 0.45156718749999997 0.43198437500000003 0.4478046875 0.426928125 0.4475953125 0.40290781249999996 0.45107968749999994 0.2723140625 0.46306562500000004 0.2782546875 0.4671078125 0.290896875 0.46961718750000003
1 0.272440625 0.43679375 0.24740781250000002 0.4452265625 0.257775 0.44731718750000005 0.2838171875 0.4475953125 0.3796453125 0.4446 0.41504375 0.4410453125 0.4221234375 0.4380484375 0.42591718749999996 0.43233437500000005 0.4221234375 0.42362343750000003 0.419975 0.4221609375 0.41618281250000005 0.4206265625 0.3975984375 0.419721875 0.3534765625 0.42452968750000003 0.272440625 0.43679375
3 0.265234375 0.369059375 0.2525921875 0.37282187499999997 0.248925 0.3750515625 0.248546875 0.37853593750000003 0.250821875 0.3850171875 0.255246875 0.3875265625 0.26940624999999996 0.39003437500000004 0.3845765625 0.39303125 0.40581562499999996 0.39247343749999997 0.4145390625 0.388084375 0.41264218750000003 0.38250937500000004 0.4077125 0.3742859375 0.3959546875 0.36257812500000003 0.38773749999999996 0.3605578125 0.3718078125 0.3607671875 0.265234375 0.369059375
4 0.2975984375 0.3182578125 0.2790140625 0.320975 0.271934375 0.3242515625 0.2709234375 0.3275953125 0.27307187499999996 0.33115 0.278003125 0.3324046875 0.327434375 0.3324046875 0.3340078125 0.33358906250000003 0.3356515625 0.337490625 0.3345125 0.3407671875 0.3242734375 0.3419515625 0.2801515625 0.3404875 0.2664984375 0.3423 0.26055625 0.346759375 0.26156718749999996 0.3501046875 0.352465625 0.35909375 0.407459375 0.35965156249999997 0.408090625 0.35665468749999996 0.40037968749999997 0.33630625 0.405309375 0.32515625 0.405309375 0.32369375 0.4010109375 0.31944218750000003 0.39165625 0.3179796875 0.352465625 0.31588906250000004 0.2975984375 0.3182578125
4 0.2695328125 0.2871078125 0.25575156250000003 0.2896171875 0.248546875 0.294703125 0.2499375 0.30655 0.256384375 0.30982656249999996 0.40467812500000006 0.3213234375 0.40796406249999995 0.3177 0.4073328125 0.30982656249999996 0.4040453125 0.30257812500000003 0.412515625 0.2975609375 0.41643437499999997 0.2896171875 0.41643437499999997 0.2871078125 0.4151703125 0.2849484375 0.40075781250000003 0.28097500000000003 0.3850828125 0.28097500000000003 0.2695328125 0.2871078125
4 0.5032875 0.27345 0.486346875 0.270940625 0.4640953125 0.2712890625 0.45499375000000003 0.27958125 0.45044218750000004 0.3073171875 0.45499375000000003 0.3116375 0.47067031249999997 0.312334375 0.5059421875 0.3083625 0.531353125 0.3087109375 0.5680156249999999 0.3055046875 0.6195953125 0.2943546875 0.6228828125 0.29142812500000004 0.6221234375 0.290034375 0.616940625 0.28857187500000003 0.5437421875 0.2939375 0.538559375 0.29142812500000004 0.5437421875 0.290034375 0.5912765624999999 0.28473906250000003 0.6006328125 0.285296875 0.6189640625 0.2864109375 0.575853125 0.27811875 0.5568906250000001 0.275609375 0.5032875 0.27345
4 0.5754734375 0.34320625 0.5689 0.3417421875 0.5193421875 0.338884375 0.514665625 0.337421875 0.5154234375 0.3331015625 0.5212390625000001 0.3324046875 0.5597984375 0.3349125 0.5754734375 0.33456406250000004 0.5754734375 0.32703906250000003 0.5702906249999999 0.323065625 0.487990625 0.3129609375 0.45006250000000003 0.30975625 0.442225 0.315121875 0.44285781249999995 0.321603125 0.43893750000000004 0.33637656250000003 0.4409609375 0.35114999999999996 0.4506953125 0.354703125 0.555878125 0.3536578125 0.5585328125 0.3536578125 0.574209375 0.35254375 0.5787609375 0.3489890625 0.5781296874999999 0.3450171875 0.5754734375 0.34320625
3 0.5073328125 0.360209375 0.45954531249999997 0.36146406249999996 0.45461406249999997 0.3647390625 0.4529703125 0.368640625 0.4556265625 0.38125468749999997 0.46498125 0.39024375 0.47307187500000003 0.390521875 0.5051828125 0.3836234375 0.581921875 0.3641109375 0.615803125 0.3603484375 0.624778125 0.35693437499999997 0.61504375 0.35317031249999997 0.5988625 0.351846875 0.554234375 0.355121875 0.5073328125 0.360209375
3 0.5938046875 0.3845296875 0.4801515625 0.3884328125 0.468646875 0.39087031250000004 0.4622 0.4070390625 0.4637171875 0.41212499999999996 0.4681421875 0.41602812499999997 0.5084703125 0.40947812499999997 0.524146875 0.41038281249999997 0.603665625 0.4013234375 0.6079640625 0.39895468749999996 0.6107453125 0.3968640625 0.6096078125 0.3896859375 0.606321875 0.387246875 0.5938046875 0.3845296875
1 0.5987359375 0.41212499999999996 0.5219968749999999 0.41484375 0.469784375 0.4196515625 0.4676359375 0.42473906250000004 0.471428125 0.43853593750000003 0.4773703125 0.4427875 0.48609375000000005 0.44425156250000003 0.5731984375 0.43282187499999997 0.651453125 0.4206265625 0.659165625 0.4172828125 0.655878125 0.41038281249999997 0.6515796875000001 0.40885 0.6433625000000001 0.40822343749999995 0.5987359375 0.41212499999999996
2 0.5506953125 0.4478046875 0.4737046875 0.448084375 0.4754734375 0.46285781249999997 0.479140625 0.4682921875 0.48546093749999997 0.46982656250000004 0.614665625 0.45860625 0.639190625 0.455540625 0.65284375 0.45184687500000004 0.6568906250000001 0.4505921875 0.654109375 0.4423 0.6477875 0.44007031249999995 0.6042984375 0.445853125 0.5506953125 0.4478046875
2 0.47168124999999994 0.474703125 0.46776249999999997 0.4801390625 0.46776249999999997 0.49184687499999996 0.4721875 0.49902499999999994 0.4929203125 0.4987453125 0.52225 0.495121875 0.558659375 0.49365781249999996 0.5940578125 0.4894078125 0.65499375 0.4759578125 0.6659921875 0.4729609375 0.6082171875 0.46933749999999996 0.5255375 0.47052187500000003 0.4764859375 0.4729609375 0.47168124999999994 0.474703125
2 0.511884375 0.5044593749999999 0.473325 0.5029265625 0.4689 0.516725 0.473325 0.5284328125 0.47926718749999997 0.532334375 0.538053125 0.5275265625000001 0.5555 0.5284328125 0.6323640625 0.5271078124999999 0.6408343750000001 0.527246875 0.6490515625 0.5248078125 0.6414671875 0.5212546875 0.616940625 0.5143546875 0.511884375 0.5044593749999999
2 0.47711718750000004 0.5361671875 0.47307187500000003 0.540975 0.47168124999999994 0.549965625 0.47357812499999996 0.554425 0.4767390625 0.5559578125 0.5188375 0.5556796875 0.5461437499999999 0.5572125 0.616434375 0.5559578125 0.643615625 0.560696875 0.6467765625 0.5584671875 0.633121875 0.550453125 0.6168140625 0.5457140625 0.5692796875 0.540975 0.47711718750000004 0.5361671875
1 0.6366625 0.5729609375 0.5664984375000001 0.5615328125 0.5316062500000001 0.5600703125 0.4744625 0.565784375 0.461440625 0.5753999999999999 0.462453125 0.583484375 0.4756 0.5882921875 0.5103671875 0.5933796874999999 0.526675 0.5945640625 0.626928125 0.5951921875 0.6323640625 0.5945640625 0.6366625 0.585575 0.6453859375000001 0.5786765625 0.6448796875 0.5753999999999999 0.6366625 0.5729609375
3 0.5046781250000001 0.5828578125 0.4773703125 0.5849484375 0.469784375 0.5873875 0.46649843750000003 0.5931015625 0.46649843750000003 0.610453125 0.471934375 0.6149828125 0.486725 0.6161671875 0.526928125 0.6143546875 0.5372953125000001 0.6119859375 0.5525921874999999 0.6108015625000001 0.6140328125 0.608084375 0.6161828125000001 0.60655 0.6161828125000001 0.5951921875 0.6140328125 0.5915671875 0.609734375 0.58885 0.5046781250000001 0.5828578125
4 0.5773703125 0.6503140625 0.5518328125 0.64885 0.540834375 0.6456453125 0.5381796875 0.6427171875 0.540834375 0.640975 0.60606875 0.6423687499999999 0.6112515625 0.6413234375 0.6165609375 0.638396875 0.6126421875 0.633728125 0.6067 0.6301734375 0.47420937500000004 0.6157484375 0.46826875 0.61679375 0.46169374999999996 0.627246875 0.457775 0.6503140625 0.45979843750000005 0.6629265625 0.46826875 0.663971875 0.593553125 0.6675265625 0.6048046874999999 0.667246875 0.612009375 0.665784375 0.613275 0.663275 0.6067 0.656096875 0.5773703125 0.6503140625
4 0.571934375 0.6729609375 0.543109375 0.6689890625 0.5156765625 0.6682921875 0.4804046875 0.66139375 0.4640953125 0.662509375 0.45954531249999997 0.663971875 0.45689062500000005 0.6708015625 0.45625781249999997 0.68696875 0.45170625 0.7042515625 0.45499375000000003 0.7096859375 0.460809375 0.7110796875000001 0.47724374999999997 0.7121953125 0.49608125000000003 0.711846875 0.5098609374999999 0.7064109375000001 0.5300890625 0.7060625 0.5490515625 0.71073125 0.5967125 0.71400625 0.6398234375 0.71400625 0.5862203125 0.700696875 0.539190625 0.6834140625 0.5556265625 0.6834140625 0.5640953125 0.6848078125 0.6235140625 0.7045296875 0.6299625 0.7064109375000001 0.6410875 0.7103828125 0.628065625 0.700696875 0.590896875 0.67909375 0.571934375 0.6729609375
