4 0.35383593750000003 0.8101359374999999 0.371275 0.8064781249999999 0.381990625 0.8064781249999999 0.41014531249999997 0.8086734375000001 0.43024687500000003 0.807209375 0.4409640625 0.8035171875 0.442359375 0.7932078125 0.44901718749999997 0.7674328125 0.446353125 0.7585859375 0.4329109375 0.7527 0.4088140625 0.75343125 0.380659375 0.7667015625 0.3135703125 0.7762796875 0.285415625 0.7858234375 0.280025 0.79763125 0.29074218749999997 0.7969 0.3229546875 0.788784375 0.341725 0.788784375 0.348446875 0.7917453125 0.3229546875 0.8013234375 0.2921375 0.80498125 0.2921375 0.805746875 0.29346875 0.8086734375000001 0.301521875 0.813828125 0.3162328125 0.814559375 0.35383593750000003 0.8101359374999999
4 0.446353125 0.7248 0.4441984375 0.7171015625 0.4275203125 0.7141421875 0.4059609375 0.71355 0.355040625 0.7177984375 0.315028125 0.722396875 0.2898546875 0.72699375 0.274953125 0.737234375 0.2777421875 0.744896875 0.288015625 0.7495296875 0.315028125 0.754615625 0.3457828125 0.754615625 0.3923265625 0.7525953125 0.42124218750000003 0.7555203125000001 0.4388078125 0.7560781249999999 0.44089999999999996 0.75586875 0.44388125 0.7525953125 0.44204218749999996 0.7401953125 0.44312031249999995 0.7330890625 0.446353125 0.7248
3 0.45757812500000006 0.6796593750000001 0.44838281249999995 0.677290625 0.42739374999999996 0.679971875 0.4123015625 0.6826187499999999 0.3799625 0.6853015625000001 0.34438749999999996 0.68735625 0.3077359375 0.6922671874999999 0.28135625000000003 0.6999296875 0.27825 0.707175 0.287571875 0.7118781249999999 0.3170578125 0.7144203124999999 0.3512359375 0.7140015625 0.381484375 0.71100625 0.40088749999999995 0.71100625 0.4362078125 0.713828125 0.445021875 0.7139328125 0.444959375 0.7139671875 0.457134375 0.7078015625 0.46385468750000003 0.7001390625 0.4629671875 0.688296875 0.45757812500000006 0.6796593750000001
3 0.4617625 0.6398125 0.44476875 0.6367125 0.40919531249999996 0.6390796875 0.39251718750000003 0.6432249999999999 0.363728125 0.6490421875 0.3000640625 0.6691046875 0.284590625 0.67635 0.288459375 0.6818875 0.3179453125 0.6818875 0.34045625 0.6797625 0.3776796875 0.67805625 0.42739374999999996 0.67805625 0.45523125000000003 0.6747828124999999 0.4552953125 0.6747828124999999 0.46360156249999995 0.6694875 0.4677875 0.6603625 0.4643625 0.6455234375 0.4617625 0.6398125
2 0.452125 0.5495296875 0.43081875 0.5474046875 0.42048125000000003 0.54845 0.39460937500000004 0.554859375 0.371275 0.5545109375 0.34216875 0.5562875 0.3130625 0.5623125 0.29435625 0.5672937499999999 0.28205468749999996 0.5743984375 0.2800890625 0.5836296875 0.296259375 0.5871828125 0.3279640625 0.5896546875 0.3512359375 0.5921624999999999 0.373875 0.5925109375 0.3868109375 0.590734375 0.398478125 0.5882625 0.421115625 0.5939390625 0.4411546875 0.5964125 0.45865625000000004 0.5977703125 0.4592890625 0.5974921875 0.46182656250000004 0.5910828125 0.46252343749999997 0.5740515625 0.4592890625 0.5545109375 0.452125 0.5495296875
2 0.46353906250000004 0.5402640625 0.4666453125 0.5087421875 0.4643 0.48655468749999997 0.45814843749999995 0.48143437499999997 0.43950468750000005 0.48143437499999997 0.3875078125 0.4882625 0.3564359375 0.48996874999999995 0.33316406249999997 0.48996874999999995 0.3152828125 0.4933828125 0.2826890625 0.498084375 0.278059375 0.501915625 0.281928125 0.513409375 0.282434375 0.5247296875 0.2904875 0.536015625 0.3005703125 0.537721875 0.35256875 0.541553125 0.3727328125 0.5411359375 0.38826875 0.5390109375 0.41388749999999996 0.5394281249999999 0.423271875 0.5406828124999999 0.423209375 0.5407171875000001 0.43950468750000005 0.54625625 0.451109375 0.5466734375 0.458909375 0.5432609375 0.46353906250000004 0.5402640625
2 0.46252343749999997 0.4326359375 0.4135703125 0.42580937499999993 0.361571875 0.41985312500000005 0.332846875 0.41772968749999995 0.29873125 0.42027187499999996 0.28167343749999996 0.42410312499999997 0.28085 0.43434375000000003 0.2878890625 0.4432953125 0.3088140625 0.4509578125 0.3592890625 0.4603625 0.401965625 0.4727265625 0.436778125 0.479903125 0.45085625 0.4812609375 0.45732343750000004 0.480634375 0.4663921875 0.4735625 0.46563125000000005 0.45994375 0.467153125 0.44629062499999994 0.46563125000000005 0.4356328125 0.46252343749999997 0.4326359375
2 0.37000625 0.3893421875 0.332784375 0.3889234375 0.303296875 0.3872171875 0.2846546875 0.39191875 0.2861765625 0.3991640625 0.29784375 0.4047015625 0.3273296875 0.4076984375 0.35605625 0.41194687500000005 0.395625 0.41919218750000004 0.417375 0.42131718749999997 0.43215000000000003 0.4234765625 0.4468609375 0.42730781249999994 0.45700624999999995 0.42814375 0.4631578125 0.4243125 0.46785 0.40087031250000005 0.4616359375 0.39575 0.43601718749999996 0.3923375 0.37000625 0.3893421875
3 0.46068437500000003 0.31981875 0.41877031249999996 0.32493906250000004 0.3861765625 0.325984375 0.34895312500000003 0.3285265625 0.31350625 0.3280046875 0.2883953125 0.3326359375 0.2986046875 0.33824375 0.322828125 0.3423546875 0.381546875 0.34695156250000003 0.41781875 0.34695156250000003 0.4355734375 0.3490078125 0.44299375 0.352559375 0.4507921875 0.3550671875 0.45047499999999996 0.3551375 0.4681671875 0.352559375 0.4821171875 0.33723437500000003 0.4755859375 0.325984375 0.46068437500000003 0.31981875
3 0.42365312499999996 0.291640625 0.39961875 0.29805000000000004 0.3646796875 0.30188125 0.33671562499999996 0.30400625 0.31268281249999996 0.3048421875 0.2979078125 0.3099609375 0.3026 0.31508125 0.3181359375 0.31637031250000003 0.347621875 0.31765937499999997 0.37634687499999997 0.3167890625 0.445403125 0.3202015625 0.45783125 0.319540625 0.4665828125 0.318321875 0.4772359375 0.30954375 0.4842109375 0.3031703125 0.47488906249999996 0.293765625 0.46093906249999994 0.289515625 0.42365312499999996 0.291640625
4 0.3617 0.26175625 0.32523749999999996 0.2702890625 0.30038125 0.2779515625 0.2957515625 0.284778125 0.31591562500000003 0.291153125 0.3547234375 0.294565625 0.44286562500000004 0.2903515625 0.45751406250000004 0.2888890625 0.4695625 0.2843265625 0.468040625 0.2724140625 0.45637343750000003 0.25405781250000004 0.44787499999999997 0.2498078125 0.3617 0.26175625
4 0.41591562499999996 0.20811562499999997 0.391059375 0.213653125 0.3824984375 0.21793749999999998 0.3623328125 0.21919218749999997 0.3467984375 0.21793749999999998 0.3103359375 0.22218749999999998 0.2870640625 0.227725 0.2792640625 0.23242812499999999 0.2948 0.234553125 0.31268281249999996 0.23284531249999998 0.33519375 0.23155625 0.35611875 0.23155625 0.361571875 0.23326406249999998 0.347621875 0.23754843750000001 0.32117968750000003 0.23925468749999998 0.307990625 0.23796562500000001 0.2979078125 0.2353890625 0.293278125 0.23667656250000002 0.30336093750000004 0.2447921875 0.325871875 0.25074843750000003 0.3537734375 0.25245625 0.37862968750000003 0.25033125 0.42422343749999997 0.2525953125 0.4507296875 0.2500171875 0.4507921875 0.25033125 0.455484375 0.2426328125 0.44774843750000004 0.22218749999999998 0.43608125 0.21152968749999998 0.41591562499999996 0.20811562499999997
4 0.537159375 0.23747812499999998 0.557640625 0.2282484375 0.576284375 0.21804218749999998 0.5799624999999999 0.211878125 0.569753125 0.2124 0.5539 0.2200625 0.52695 0.2280046875 0.51610625 0.228665625 0.5204187499999999 0.2239296875 0.5492703125 0.2098578125 0.5679140625 0.2045984375 0.5715921875000001 0.2004875 0.5705765625 0.198990625 0.566075 0.197353125 0.5639828125 0.1972140625 0.543690625 0.201671875 0.518515625 0.205746875 0.46448906250000005 0.2159875 0.465440625 0.22312812499999998 0.47007031250000003 0.2344125 0.479390625 0.2461515625 0.48478125 0.255590625 0.4898546875 0.2583421875 0.4942921875 0.25691406250000004 0.5129359375 0.25384843749999997 0.537159375 0.23747812499999998
4 0.520228125 0.30348281250000003 0.5396328125000001 0.302090625 0.5532015625 0.29498437499999997 0.5596703125 0.2896546875 0.5868734375 0.2779171875 0.6127453125 0.2676078125 0.63081875 0.254128125 0.635384375 0.24771875 0.630184375 0.2459421875 0.6159796875 0.2501921875 0.577615625 0.269 0.5558015625 0.2750609375 0.5499046875 0.274015625 0.5448953125 0.27185625 0.5445781249999999 0.2679203125 0.5506031250000001 0.26227812500000003 0.5661375 0.25625156250000003 0.60304375 0.24984375 0.62048125 0.24346874999999998 0.6327843750000001 0.231034375 0.62048125 0.22960625 0.5933421875 0.23671250000000002 0.5610015625 0.24663906249999998 0.5351296875 0.2530484375 0.49175625 0.2605015625 0.48566875 0.265621875 0.485921875 0.2654828125 0.49372187500000003 0.2764890625 0.49435624999999994 0.2839421875 0.5066578125000001 0.29958125 0.520228125 0.30348281250000003
3 0.652440625 0.34249375 0.6842734375 0.33483125 0.6951171875 0.3275859375 0.676475 0.324590625 0.667215625 0.320340625 0.61439375 0.3254609375 0.5872546875 0.3220484375 0.5639828125 0.320340625 0.536778125 0.3135140625 0.515853125 0.31480312499999996 0.50995625 0.321003125 0.4989859375 0.330128125 0.504946875 0.34249375 0.518959375 0.346325 0.5592890625 0.34719687499999996 0.602790625 0.3459078125 0.652440625 0.34249375
2 0.512428125 0.4480328125 0.5764750000000001 0.4430515625 0.6023468750000001 0.44019531250000005 0.6327203124999999 0.43524843750000003 0.6670265625 0.4274125 0.6624609375 0.42173437500000005 0.6437546875 0.41675312499999995 0.6197843749999999 0.41675312499999995 0.565440625 0.4192609375 0.513696875 0.41675312499999995 0.49752656249999994 0.41783281250000004 0.498225 0.41818125000000006 0.49499062499999996 0.4295375 0.493659375 0.4434 0.4942921875 0.4483796875 0.512428125 0.4480328125
2 0.6405203125 0.45903906250000004 0.651490625 0.457959375 0.670259375 0.4540578125 0.667659375 0.45015625000000004 0.6527578125 0.44590781249999994 0.6152828125 0.4430515625 0.5745078125 0.4455234375 0.5435 0.4483796875 0.518896875 0.4483796875 0.5007609375000001 0.4498078125 0.49499062499999996 0.45266406249999996 0.49499062499999996 0.47432968750000004 0.524096875 0.4757234375 0.5532015625 0.4757234375 0.61915 0.46259218750000003 0.6405203125 0.45903906250000004
2 0.540646875 0.51149375 0.56005 0.5093703125 0.5871906250000001 0.5093703125 0.61439375 0.510240625 0.6337984375 0.5072453125 0.6601781250000001 0.497421875 0.655484375 0.4927546875 0.634559375 0.4867640625 0.6151546875 0.48338593750000003 0.5934046875 0.4808078125 0.562396875 0.48039062499999996 0.5212421875000001 0.48251406250000006 0.51350625 0.47951875 0.5033609375 0.4769765625 0.494103125 0.47781250000000003 0.49384843749999996 0.48115625 0.494103125 0.4812265625 0.494103125 0.5055375 0.49099531250000006 0.5166140625 0.497209375 0.5191921875000001 0.540646875 0.51149375
2 0.551996875 0.555590625 0.5807234375 0.5525953125 0.618009375 0.5419359375 0.638934375 0.530025 0.6513640625 0.521490625 0.64825625 0.5129578125 0.63348125 0.5125390624999999 0.5745078125 0.5210375 0.5481296875 0.521909375 0.5318328125 0.519784375 0.512428125 0.5163703125 0.49613125 0.517659375 0.49384843749999996 0.5225703125 0.49378593750000005 0.5227453125 0.4922640625 0.5346921874999999 0.49378593750000005 0.557296875 0.5155359374999999 0.5577156249999999 0.551996875 0.555590625
1 0.5147109375000001 0.603553125 0.5392515625 0.603553125 0.55091875 0.60285625 0.581928125 0.6032046875 0.6433734375 0.6078375 0.6912484375 0.604284375 0.6970828124999999 0.593975 0.6802796875 0.585440625 0.6440703125 0.5783343750000001 0.5948640625 0.57088125 0.55091875 0.5630796874999999 0.5224484375 0.5587953125 0.487634375 0.55701875 0.48750781249999997 0.55701875 0.4939765625 0.5801109375 0.4959421875 0.5960984375 0.499809375 0.601428125 0.5147109375000001 0.603553125
3 0.5927078125 0.6427031249999999 0.632340625 0.6435734375 0.6765375 0.6427031249999999 0.69518125 0.6337515625 0.681990625 0.62650625 0.6525046875 0.6179734375 0.6090046874999999 0.61118125 0.5646796875 0.6096140625 0.511984375 0.60219375 0.497209375 0.6032046875 0.4949265625 0.6179734375 0.5026640625 0.6337515625 0.5181984374999999 0.6418671875 0.5570062499999999 0.6444093750000001 0.5927078125 0.6427031249999999
3 0.5589734375 0.6850578125 0.5964484375 0.6875312499999999 0.5964484375 0.6879140625 0.618453125 0.6875312499999999 0.6546609375 0.6832812500000001 0.6831328125 0.67331875 0.6805328125 0.6655171875 0.6650609375000001 0.657715625 0.6262531250000001 0.652003125 0.5790109375 0.6488328125 0.5460375 0.6474046875 0.5188328125 0.6438515625 0.5007609375000001 0.642425 0.49169375000000004 0.6559390625 0.4942921875 0.6737031250000001 0.4968921875 0.6793796875 0.5279015625000001 0.6836296875000001 0.5589734375 0.6850578125
4 0.49086875 0.7350046875 0.522575 0.7406484375 0.545846875 0.7406484375 0.579328125 0.7473 0.60824375 0.753953125 0.6259359375 0.7564953125 0.6436265624999999 0.7523859374999999 0.6389984375 0.7411359375 0.6166140625 0.7339953125 0.5812296875 0.7278296875 0.5625875 0.7217 0.57565 0.7165796875 0.5970828125 0.7165796875 0.612871875 0.7232328125 0.631515625 0.7339953125 0.6389984375 0.735528125 0.6538999999999999 0.7298843749999999 0.6547875000000001 0.7237546874999999 0.6417875000000001 0.710971875 0.6100828125 0.7053296875 0.57565 0.697665625 0.5448953125 0.6946015625 0.5231453125 0.6865203125 0.50481875 0.6817828125000001 0.49219999999999997 0.6822703125 0.49182031249999997 0.68230625 0.4862390625 0.69306875 0.481546875 0.717625 0.481546875 0.725809375 0.49086875 0.7350046875
4 0.470640625 0.789725 0.474571875 0.794321875 0.49651249999999997 0.7989546875 0.51915 0.8000343750000001 0.5457203125000001 0.8046328125000001 0.581928125 0.8152906249999999 0.600696875 0.8184953125 0.6181359375000001 0.819575 0.628471875 0.8184953125 0.6252375 0.8074890625 0.600696875 0.8010796875 0.5663921875 0.791153125 0.5405203125 0.7886453125 0.522384375 0.784046875 0.5198484375 0.7801109375 0.5320859375 0.7716125 0.55345625 0.7737375 0.5689921874999999 0.7776390625 0.5805953125000001 0.785440625 0.607165625 0.8014281249999999 0.6239703125 0.8057124999999999 0.6330375 0.8057124999999999 0.6194046875 0.792546875 0.6026 0.77871875 0.57349375 0.7659 0.55085625 0.7574015625 0.52048125 0.743190625 0.5069125 0.740334375 0.49264374999999994 0.736084375 0.4855421875 0.736084375 0.475840625 0.744584375 0.47387499999999994 0.7616515625 0.47520625 0.77871875 0.470640625 0.789725
4 0.45263125000000004 0.8471968750000001 0.46582187499999994 0.852734375 0.5224484375 0.8523156249999999 0.5542796875 0.8536046875000001 0.5729234375 0.8595609375000001 0.5868734375 0.8608499999999999 0.5969562500000001 0.8553124999999999 0.591565625 0.842946875 0.573684375 0.82675 0.5457203125000001 0.8139671875 0.4735578125 0.799025 0.463475 0.80115 0.45415312500000005 0.8135140625 0.45726093749999996 0.82845625 0.45263125000000004 0.8357015625 0.45263125000000004 0.8471968750000001
1 0.399175 0.5973531249999999 0.397653125 0.5981890625 0.3469875 0.6074890625 0.3446421875 0.6074890625 0.3446421875 0.60790625 0.2609390625 0.6277250000000001 0.2417875 0.6349 0.22618906249999998 0.646325 0.258275 0.6536046875 0.34565625 0.6493562500000001 0.42301875000000005 0.63841875 0.45871874999999995 0.6381046875 0.4583390625 0.6378609375 0.469815625 0.63026875 0.456753125 0.5927203125 0.43145156250000005 0.591884375 0.399175 0.5973531249999999
1 0.3375390625 0.3552421875 0.29143906249999996 0.35102812499999997 0.26150937500000004 0.3514453125 0.254596875 0.35228125 0.24616406249999997 0.3586203125 0.25764062499999996 0.3645078125 0.32523749999999996 0.37631562500000004 0.43969531249999994 0.3910828125 0.468865625 0.3877046875 0.47190937499999996 0.3784390625 0.4711484375 0.3619640625 0.4703875 0.3624171875 0.451934375 0.35733125 0.422003125 0.35733125 0.3375390625 0.355659375 0.3375390625 0.3552421875
3 0.609384375 0.3527 0.5679140625 0.353953125 0.5149015625 0.348903125 0.50646875 0.35057499999999997 0.501078125 0.3640890625 0.5057078125000001 0.3712640625 0.50646875 0.3784390625 0.5279640624999999 0.379275 0.5632843750000001 0.374225 0.6147750000000001 0.368721875 0.6562453125000001 0.36663125 0.6700703125 0.3645078125 0.680025 0.3607109375 0.6846546874999999 0.355659375 0.6631578124999999 0.35228125 0.609384375 0.35228125 0.609384375 0.3527
1 0.4944828125 0.4115296875 0.49987343749999996 0.4149078125 0.5175015625 0.4149078125 0.565884375 0.41194687500000005 0.6058343749999999 0.406478125 0.7095125 0.3836984375 0.7179453125 0.37694218749999997 0.7179453125 0.37610625 0.7048828125 0.3731453125 0.6695625 0.3731453125 0.6035515625000001 0.3790671875 0.5620796875 0.3807390625 0.5582125 0.3807390625 0.5175015625 0.38244531249999997 0.50830625 0.384534375 0.503678125 0.38875000000000004 0.4944828125 0.4115296875
