3 0.4781234375 0.391884375 0.524540625 0.3957859375 0.5477484375 0.394565625 0.5701968749999999 0.390875 0.5960687499999999 0.384709375 0.6136328125 0.378334375 0.6207359375 0.374225 0.6117953125 0.3688609375 0.6020296875 0.36495937500000003 0.5848453124999999 0.36516875 0.5578953125 0.36743281250000004 0.52568125 0.36865156250000003 0.490425 0.3684078125 0.48002500000000003 0.3688609375 0.4683578125 0.3752 0.462778125 0.38181875 0.462778125 0.3871828125 0.4781234375 0.391884375
3 0.47438125 0.419784375 0.5342421875000001 0.4218390625 0.5681671875000001 0.41919218750000004 0.5935312500000001 0.41236562499999996 0.6166765625 0.40881249999999997 0.6220671875 0.40644375000000005 0.6097015625 0.40289062500000006 0.5773625 0.40024375 0.549334375 0.399059375 0.533671875 0.39609843749999996 0.5056437500000001 0.3946015625 0.47875781249999994 0.39230156250000003 0.47869375 0.39223281249999997 0.464171875 0.3987453125 0.4585921875 0.4058515625 0.4646796875 0.4132703125 0.47438125 0.419784375
1 0.4552953125 0.4433640625 0.48547812500000004 0.449878125 0.5016484375 0.452246875 0.552821875 0.452246875 0.5905515625 0.449878125 0.6175015625 0.44395625 0.63690625 0.43831406250000005 0.6396328125 0.4347609375 0.6299296875 0.4285609375 0.6164234375000001 0.4256015625 0.591121875 0.42500937499999997 0.521559375 0.4220484375 0.475840625 0.421490625 0.4757765625 0.42145625000000003 0.4568796875 0.42765624999999996 0.449334375 0.4321140625 0.44825625 0.437721875 0.4552953125 0.4433640625
2 0.445846875 0.4690359375 0.46093906249999994 0.471403125 0.5197203125 0.47467812499999995 0.5342421875000001 0.473771875 0.5558015625 0.4755484375 0.5844 0.47614062500000004 0.59784375 0.47349375 0.618896875 0.471403125 0.6275203125 0.4663875 0.6194046875 0.46342812499999997 0.60215625 0.462521875 0.5746984375 0.4580984375 0.545021875 0.4548234375 0.501903125 0.45217656249999993 0.4773625 0.44865937499999997 0.4771078125 0.44862343750000006 0.4544703125 0.4494953125 0.4464171875 0.4518640625 0.44261249999999996 0.46224375 0.445846875 0.4690359375
2 0.45643593750000006 0.5024031250000001 0.481990625 0.501184375 0.514775 0.4977359375 0.56911875 0.4972484375 0.5889031250000001 0.49501875 0.602853125 0.4942875 0.61255625 0.49125781249999995 0.6201015625 0.483559375 0.6055171875 0.48000625 0.582371875 0.47795156250000004 0.5473046874999999 0.4758625 0.5209265624999999 0.476175 0.51173125 0.47854374999999993 0.46918125 0.47499062500000006 0.44489531250000003 0.47502656249999997 0.4447046875 0.47502656249999997 0.43887187499999997 0.479728125 0.43887187499999997 0.49181406250000004 0.4411546875 0.500696875 0.45643593750000006 0.5024031250000001
2 0.4594796875 0.5325328125000001 0.4885859375 0.532184375 0.5118578125 0.530059375 0.5351296875 0.5311390625 0.5817375 0.532184375 0.5985421875 0.5343093750000001 0.608878125 0.5304078125 0.608878125 0.5250781250000001 0.5946734375 0.5208296875 0.525428125 0.509090625 0.5060234375 0.5080453125 0.49378593750000005 0.5062703125 0.4447046875 0.504284375 0.44457812499999994 0.504109375 0.43944218749999997 0.5122953125 0.43944218749999997 0.5236500000000001 0.44204218749999996 0.5304078125 0.4594796875 0.5325328125000001
2 0.468865625 0.559003125 0.5766640625 0.5504 0.592834375 0.5483453125 0.6014578125 0.5444796875 0.5944828125 0.5406484375 0.5643 0.5373734375 0.46131875000000006 0.53531875 0.45003125 0.53531875 0.44375468749999997 0.5359453125 0.44356406249999997 0.5359109375 0.4424859375 0.5438875000000001 0.44679843750000003 0.55130625 0.44730468749999996 0.556321875 0.468865625 0.559003125
1 0.49327812499999996 0.5860671875000001 0.5266968750000001 0.586346875 0.5487640625 0.5851625 0.57520625 0.586346875 0.601078125 0.585475 0.6166765625 0.5872515625 0.6344953125 0.5831062499999999 0.635003125 0.580425 0.630184375 0.57659375 0.608053125 0.570671875 0.5746359375 0.5647515624999999 0.504565625 0.558515625 0.48947343749999994 0.5579234375000001 0.4683578125 0.5599093749999999 0.44901718749999997 0.56534375 0.44908125 0.56534375 0.448509375 0.5760015625 0.4614453125 0.5819234375 0.47171874999999996 0.5842906250000001 0.49327812499999996 0.5860671875000001
3 0.49549843750000006 0.60595625 0.5365249999999999 0.60710625 0.5648703125 0.60710625 0.5859859375 0.6058859375 0.609321875 0.6036578125000001 0.6205453125 0.5972484375 0.6151546875 0.5913265625 0.60215625 0.5890984375 0.5922640625 0.58638125 0.5679765625 0.58540625 0.48129375 0.58491875 0.47507968749999996 0.5853703125 0.475015625 0.58540625 0.45523125000000003 0.600209375 0.4629046875 0.60808125 0.475015625 0.6113203125 0.49549843750000006 0.60595625
3 0.47539687500000005 0.6152562500000001 0.46785 0.6198890625 0.4681671875 0.625775 0.4731140625 0.632671875 0.48338593750000003 0.63416875 0.49467343750000003 0.631940625 0.51261875 0.632184375 0.5471781250000001 0.6366421875 0.559353125 0.6363984375 0.5975265624999999 0.632428125 0.6100828125 0.6284921875 0.615471875 0.6248 0.6091953125 0.6208296875 0.56829375 0.6171375 0.5318953125 0.611703125 0.5181359375000001 0.6080453125 0.518009375 0.6080109375 0.5040578124999999 0.606025 0.48744375 0.6077671875 0.47850312500000003 0.611215625 0.47539687500000005 0.6152562500000001
4 0.45009531249999996 0.2419359375 0.43379843749999997 0.23726875 0.4081796875 0.2283171875 0.39346875 0.221490625 0.38027968749999996 0.21125 0.37095781250000004 0.20783749999999998 0.3539 0.2061296875 0.3422328125 0.20741874999999999 0.34996875 0.21678906250000002 0.36474375000000003 0.22319687500000002 0.37171875 0.23343750000000002 0.3686109375 0.2385234375 0.339125 0.22319687500000002 0.33056406250000003 0.2206203125 0.33056406250000003 0.2202015625 0.32206718749999996 0.219784375 0.3197203125 0.2283171875 0.3244140625 0.2381046875 0.33988593749999996 0.24747499999999997 0.35700625 0.25430156249999997 0.3724796875 0.262 0.3833859375 0.2704984375 0.3927078125 0.2760703125 0.398921875 0.28115625 0.416740625 0.2845703125 0.43227656249999996 0.2841515625 0.44312031249999995 0.281609375 0.4447046875 0.2743640625 0.44178750000000006 0.2676765625 0.438490625 0.2643328125 0.4390609375 0.262521875 0.43925156249999997 0.2624171875 0.4547875 0.2624171875 0.46410937499999994 0.2564609375 0.4594171875 0.24705625000000003 0.45009531249999996 0.2419359375
4 0.4260625 0.287390625 0.402790625 0.28314218750000003 0.37171875 0.27931093749999997 0.3531390625 0.2750265625 0.3313890625 0.2711953125 0.3244140625 0.2711953125 0.308878125 0.2750265625 0.3166140625 0.281434375 0.3344953125 0.2861375 0.3492078125 0.2938 0.35003125 0.3006265625 0.3313890625 0.29975625 0.3081171875 0.285684375 0.2933421875 0.28697343750000004 0.29182031249999996 0.2886796875 0.297209375 0.2993375 0.3112234375 0.3112859375 0.3438171875 0.319784375 0.3670890625 0.32661093750000003 0.3779328125 0.3313125 0.391121875 0.33601562500000004 0.4105265625 0.33601562500000004 0.424540625 0.3326015625 0.431515625 0.3283171875 0.4330375 0.3202375 0.43538437500000005 0.31682343749999997 0.44001250000000003 0.31469843750000004 0.442359375 0.3142453125 0.4462265625 0.309125 0.449334375 0.3006265625 0.44001250000000003 0.2929296875 0.4260625 0.287390625
4 0.4303734375 0.34064843749999996 0.4202921875 0.33723437500000003 0.40475625 0.3363984375 0.3745078125 0.33723437500000003 0.3473046875 0.331696875 0.28909375000000004 0.32145625 0.2790109375 0.3201671875 0.2681671875 0.3231625 0.2665828125 0.32615781250000003 0.2836390625 0.3325328125 0.31547187499999996 0.33981249999999996 0.33176875 0.347475 0.33874375 0.35472031249999997 0.32479375 0.36067499999999997 0.30386875 0.35855156250000003 0.28135625000000003 0.3538484375 0.263475 0.3517234375 0.26506093750000004 0.35896875 0.28909375000000004 0.369209375 0.3426765625 0.3777421875 0.35351875 0.381575 0.37526875 0.3845703125 0.421053125 0.3858234375 0.4226375 0.3841171875 0.422575 0.3841171875 0.42726718750000003 0.3743296875 0.4249203125 0.3628 0.43113437499999996 0.3560078125 0.4303734375 0.34064843749999996
3 0.4213703125 0.3954375 0.426253125 0.39306874999999997 0.42891562499999997 0.3874609375 0.42460312499999997 0.3839078125 0.401965625 0.3850921875 0.381484375 0.38418593749999996 0.347559375 0.38418593749999996 0.317375 0.38213125 0.287190625 0.3815390625 0.2731765625 0.3803546875 0.26290468749999996 0.38213125 0.2607484375 0.38568437499999997 0.273684375 0.39338281249999996 0.3022828125 0.40107968749999995 0.3394421875 0.407871875 0.377171875 0.40759375000000003 0.3954984375 0.4096484375 0.41008281249999995 0.41232968750000004 0.41585312500000005 0.41250468749999997 0.4159796875 0.41232968750000004 0.425175 0.40759375000000003 0.4273296875 0.4004875 0.4213703125 0.396934375 0.4213703125 0.3954375
3 0.3760296875 0.40790625 0.35180781250000004 0.40759375000000003 0.2741921875 0.4117375 0.26125625 0.412921875 0.250475 0.416475 0.24832031250000003 0.422396875 0.26017812500000004 0.4283171875 0.27577656250000004 0.4306859375 0.314584375 0.432184375 0.34692500000000004 0.43187031249999996 0.36309375 0.4351453125 0.36740625 0.43779218750000004 0.391121875 0.44016093749999996 0.40297968749999996 0.43838437499999994 0.40729218749999996 0.4369203125 0.40837031250000005 0.43187031249999996 0.41705781249999996 0.42950156249999993 0.42187656249999994 0.42417343750000003 0.41914999999999997 0.41738125000000004 0.41376093750000004 0.412921875 0.395434375 0.409090625 0.3760296875 0.40790625
1 0.39435625 0.4399515625 0.379834375 0.4399515625 0.365821875 0.43848906249999997 0.3501578125 0.437896875 0.3270140625 0.439359375 0.289790625 0.4399515625 0.266075 0.44263281250000003 0.253709375 0.44587187500000003 0.250475 0.45179375000000005 0.2634109375 0.4574359375 0.29143906249999996 0.462765625 0.31889687499999997 0.464228125 0.3722890625 0.46335781249999997 0.38738125 0.4648203125 0.406784375 0.46304375000000003 0.42079843749999996 0.46098906250000005 0.423525 0.4595953125 0.4234625 0.4594921875 0.4283453125 0.449425 0.42618906250000005 0.4423203125 0.4116046875 0.4387671875 0.39435625 0.4399515625
2 0.37343125 0.463915625 0.3529484375 0.466596875 0.31629687500000003 0.46924374999999996 0.28560625 0.47634999999999994 0.2807234375 0.4808078125 0.29150312500000003 0.4828625 0.3313890625 0.4804953125 0.3729234375 0.47903124999999996 0.390171875 0.481678125 0.41065312499999995 0.48199218750000006 0.419784375 0.4814 0.4203546875 0.4808078125 0.4214328125 0.46778125 0.41819843749999996 0.46213906250000003 0.39987343750000004 0.46245156249999997 0.37343125 0.463915625
2 0.364109375 0.48554531250000005 0.3479390625 0.484953125 0.3085609375 0.48909843750000004 0.2794546875 0.49620312499999997 0.28218125 0.4982578125 0.3096390625 0.49944218749999997 0.3355109375 0.49885 0.3565625 0.4973875 0.3759671875 0.4973875 0.40557968750000006 0.49975625 0.418009375 0.49916406249999995 0.420165625 0.498571875 0.420165625 0.48791406249999997 0.41693125000000003 0.48258437499999995 0.398034375 0.48199218750000006 0.364109375 0.48554531250000005
2 0.3738109375 0.502125 0.3559921875 0.5024031250000001 0.3263796875 0.505678125 0.3031703125 0.5065484375 0.292390625 0.51069375 0.292390625 0.5163359375 0.3096390625 0.5201671875 0.387825 0.5175203125000001 0.400190625 0.5175203125000001 0.41471093750000004 0.5164046875 0.414775 0.5163359375 0.4190875 0.50449375 0.413696875 0.49975625 0.3953703125 0.500034375 0.3738109375 0.502125
4 0.4273296875 0.6289796875 0.4273296875 0.6233375 0.4327203125 0.618321875 0.43487656250000006 0.6141765625 0.42897968750000004 0.6109015624999999 0.42251093749999996 0.610309375 0.406340625 0.615953125 0.3740015625 0.6160578125 0.3486359375 0.6171375 0.2877609375 0.63075625 0.26778749999999996 0.6378609375 0.264553125 0.6443749999999999 0.2705140625 0.6443749999999999 0.30120468749999996 0.6387328125 0.3238421875 0.6375484375 0.33735 0.6375484375 0.34216875 0.6414140625 0.3346234375 0.6497046875 0.2985421875 0.6579937499999999 0.273746875 0.6653781249999999 0.2683578125 0.6748515625 0.27533281249999997 0.675165625 0.3022828125 0.6707078125 0.3254921875 0.665690625 0.365884375 0.6603625 0.3966390625 0.6579937499999999 0.41116093749999993 0.6597703125 0.42409687500000004 0.6588640625 0.4322125 0.6562171875 0.433290625 0.6533953125 0.433290625 0.65325625 0.4327203125 0.64674375 0.43703281250000003 0.64346875 0.438428125 0.6380359375 0.4273296875 0.6289796875
4 0.432340625 0.6738421875 0.43430625 0.66778125 0.4349390625 0.6589 0.429740625 0.6564265625 0.4097015625 0.65963125 0.3954984375 0.65963125 0.345021875 0.6777421875 0.3081796875 0.694078125 0.294546875 0.7029609375 0.29714687500000003 0.7107625 0.3120484375 0.710065625 0.3340515625 0.70188125 0.3547234375 0.6979796875 0.3573234375 0.699059375 0.3411546875 0.7118421875000001 0.3327203125 0.728909375 0.3333546875 0.7306859375 0.3405203125 0.73385625 0.349525 0.731034375 0.372859375 0.717171875 0.3909328125 0.7118421875000001 0.4123015625 0.7086375 0.44204218749999996 0.701184375 0.45174375 0.6949140625 0.45174375 0.694775 0.4530125 0.6880531249999999 0.4530125 0.680946875 0.43944218749999997 0.6752343749999999 0.432340625 0.6738421875
4 0.47602968749999997 0.7180421875 0.4781859375 0.70856875 0.47007031250000003 0.7041453125 0.4533921875 0.7017765625 0.439378125 0.7041453125 0.42695 0.70888125 0.3822453125 0.721909375 0.36284062499999997 0.7301984375 0.3504125 0.738175 0.3455921875 0.744409375 0.34933437500000003 0.750609375 0.3574515625 0.749425 0.369815625 0.7423203125 0.385478125 0.7375828125 0.394103125 0.7384890625 0.39733593749999996 0.7411359375 0.3924546875 0.74559375 0.37412812500000003 0.7521078125 0.3644265625 0.7633578125 0.36607500000000004 0.7692796875 0.3811671875 0.7692796875 0.39460937500000004 0.764228125 0.41135 0.7550671875 0.4501578125 0.7485546875 0.4695625 0.7479625000000001 0.48573281250000006 0.742040625 0.48681093750000004 0.74085625 0.48681093750000004 0.7313828124999999 0.4835765625 0.7281093750000001 0.47171874999999996 0.7239640625 0.47602968749999997 0.7180421875
4 0.5038046875 0.2523859375 0.4968921875 0.255590625 0.4968921875 0.2629390625 0.5059609375 0.27290156250000003 0.5267593749999999 0.2796234375 0.5496515625 0.28314218750000003 0.57045 0.2887140625 0.6013953125 0.294565625 0.62910625 0.2951578125 0.6451484375 0.29077031249999996 0.6483203125 0.2887140625 0.6499046875000001 0.28488281249999997 0.6424218749999999 0.2837515625 0.6427078125000001 0.28214843749999996 0.6504749999999999 0.281678125 0.6504749999999999 0.2778828125 0.6381734375 0.269940625 0.608878125 0.260571875 0.5448953125 0.2371640625 0.5288515625 0.23831406249999998 0.5230187500000001 0.24653437500000003 0.5203546875 0.2482765625 0.5038046875 0.2523859375
4 0.4729859375 0.30219375 0.4703234375 0.30480625 0.47514218750000003 0.312121875 0.48313281249999995 0.31974843750000004 0.4959421875 0.322675 0.526315625 0.3209328125 0.5530125 0.3241375 0.58655625 0.3261921875 0.6090046874999999 0.325009375 0.628725 0.31974843750000004 0.6409640624999999 0.3130265625 0.636715625 0.3091953125 0.5818015625 0.3097875 0.57431875 0.307453125 0.5828156250000001 0.3053984375 0.63081875 0.3053984375 0.639378125 0.303065625 0.6351296875 0.2974921875 0.615915625 0.2951578125 0.5844640625 0.294253125 0.5604312499999999 0.2913265625 0.52048125 0.2804953125 0.49860468750000003 0.2778828125 0.48256249999999995 0.27990312500000003 0.4772359375 0.281365625 0.47780625 0.281678125 0.4772359375 0.2846046875 0.48313281249999995 0.291640625 0.48522499999999996 0.2960296875 0.4729859375 0.30219375
4 0.47025937500000003 0.3399859375 0.4745078125 0.344096875 0.47025937500000003 0.34733593749999997 0.4696890625 0.35433593750000003 0.4745078125 0.3605015625 0.4851609375 0.3684078125 0.503296875 0.371334375 0.55611875 0.3666671875 0.576346875 0.3642984375 0.6249203125 0.3555203125 0.625428125 0.3528734375 0.6131890624999999 0.35113125 0.5555484374999999 0.350853125 0.5444515625 0.3485890625 0.568928125 0.34820625 0.6072921874999999 0.349390625 0.6211796875 0.34907656249999997 0.6296765625 0.34674375 0.627584375 0.3426328125 0.60995625 0.3385234375 0.5849078125 0.3344484375 0.5838296875 0.33385625 0.5582125 0.3303375 0.5017125 0.326228125 0.4862390625 0.3259484375 0.484084375 0.32563593750000003 0.4718453125 0.327690625 0.465440625 0.331209375 0.463284375 0.335596875 0.47025937500000003 0.3399859375
4 0.4805328125 0.6737031250000001 0.496575 0.67544375 0.5200375 0.6737031250000001 0.53868125 0.67136875 0.5888390625000001 0.6757578125 0.6415984375 0.6748875 0.650665625 0.67136875 0.6213703125000001 0.666075 0.591503125 0.662278125 0.59518125 0.658759375 0.6400125 0.6525953125 0.6474953125 0.647928125 0.6415984375 0.6450015625 0.6287890625 0.6438171875 0.577615625 0.6408921875 0.49816093749999996 0.63270625 0.48319531250000003 0.6385578125 0.4757765625 0.644096875 0.47520625 0.650540625 0.4837671875 0.655834375 0.4842734375 0.6555203125 0.4837671875 0.65963125 0.4731140625 0.66401875 0.4731140625 0.6675375 0.4805328125 0.6737031250000001
4 0.49067812499999997 0.69829375 0.49549843750000006 0.7035875 0.4960046875 0.712365625 0.5050734375 0.7158828125000001 0.516296875 0.717625 0.5311984375 0.7170671875 0.5455921874999999 0.712365625 0.5605578125 0.705921875 0.5802796875 0.7029953124999999 0.607990625 0.6950890625 0.6453390625 0.6901078125 0.6565624999999999 0.68571875 0.655484375 0.680425 0.6440078125 0.6769421875 0.6273296875 0.67635 0.52175 0.6757234375000001 0.503234375 0.676559375 0.49239062499999997 0.678578125 0.490171875 0.6795546875 0.490171875 0.6807390625 0.48218125 0.6871828125 0.48319531250000003 0.69421875 0.49067812499999997 0.69829375
4 0.5452125 0.7439921875 0.553265625 0.7495640625 0.5618890624999999 0.7526296875 0.5770453125 0.7516203124999999 0.5863031249999999 0.747021875 0.5992390624999999 0.7390453124999999 0.6453390625 0.7206890625 0.6613187500000001 0.7051546875 0.6639828125 0.6972484375 0.6511734375 0.692546875 0.62828125 0.692546875 0.591503125 0.70195 0.591503125 0.7025078125 0.589346875 0.7025078125 0.561065625 0.7078015625 0.5573234375 0.7078015625 0.537603125 0.715709375 0.5242859375 0.7244859375 0.5230187500000001 0.724834375 0.519340625 0.7293968750000001 0.5208625 0.7350046875 0.53259375 0.737025 0.5452125 0.7439921875
3 0.29074218749999997 0.622953125 0.400190625 0.6141765625 0.4168046875 0.6099609375 0.42067187500000003 0.6099609375 0.42447656250000004 0.605015625 0.4257453125 0.5983625 0.423209375 0.5892031249999999 0.41553593749999995 0.5846390625 0.3944203125 0.5849875 0.37520625 0.5920234375 0.3521875 0.594496875 0.31312656250000004 0.6032734375000001 0.2689921875 0.6201328125 0.2683578125 0.6215609375 0.2644890625 0.6239984375 0.26639218750000004 0.6268203125 0.2721625 0.6271687499999999 0.29074218749999997 0.622953125
3 0.377615625 0.589028125 0.378059375 0.588540625 0.41407812499999996 0.5831765625 0.416740625 0.5753390625 0.415409375 0.568025 0.4025359375 0.5655875 0.39004374999999997 0.5614421875 0.377615625 0.5626609375 0.36696249999999997 0.5687562500000001 0.276284375 0.589271875 0.276284375 0.590246875 0.2696265625 0.5941484375 0.26918125000000004 0.5956109374999999 0.274953125 0.59975625 0.2878890625 0.59926875 0.3740640625 0.589028125 0.377615625 0.589028125
1 0.416740625 0.557784375 0.4238421875 0.5546156250000001 0.42251093749999996 0.547021875 0.417184375 0.5414140625 0.3820546875 0.5375125 0.339821875 0.5414140625 0.30386875 0.5455593750000001 0.2989859375 0.5455593750000001 0.27362031249999996 0.5521765624999999 0.2718453125 0.5521765624999999 0.2505390625 0.558515625 0.2425484375 0.5616859375 0.2469875 0.56583125 0.25764062499999996 0.568025 0.258528125 0.5685125 0.294990625 0.5687562500000001 0.3336078125 0.5675375 0.40519999999999995 0.5597359375 0.416740625 0.557784375
2 0.3817375 0.5345875 0.4070390625 0.5365375 0.41902343750000004 0.53580625 0.42435 0.53434375 0.42435 0.5309296875 0.41991093749999997 0.5211765625 0.413696875 0.5189828125 0.395053125 0.5189828125 0.36081093750000004 0.522153125 0.3092578125 0.524346875 0.28129375 0.526540625 0.2675328125 0.5284921875 0.2662015625 0.5304421875 0.2666453125 0.5316609375 0.2968296875 0.53531875 0.3355109375 0.5370250000000001 0.36081093750000004 0.53678125 0.3817375 0.5345875
