4 0.77400625 0.6087234375 0.7812546874999999 0.621996875 0.7778390625 0.5948171875 0.7675953125 0.535778125 0.76885 0.4984828125 0.771846875 0.4892546875 0.76975625 0.475221875 0.7624390625 0.46131406249999996 0.7551921875 0.4573953125 0.745784375 0.4690265625 0.7333796875 0.4643484375 0.7248078125 0.46826875 0.7201390625 0.4729453125 0.718396875 0.47838125 0.7179796875 0.4884953125 0.7286406249999999 0.5327437500000001 0.7320562500000001 0.5622 0.7440421875000001 0.6002531249999999 0.745365625 0.6087234375 0.7470390625000001 0.611125 0.75303125 0.6087234375 0.7551921875 0.602528125 0.750034375 0.57775 0.7487812500000001 0.5567640625 0.7496171875 0.54273125 0.751359375 0.5404546875 0.7620203125 0.57775 0.77400625 0.6087234375
4 0.734215625 0.6346390625 0.738884375 0.6359046875 0.740696875 0.6307203125 0.73958125 0.6211125 0.7296171874999999 0.5757265625 0.7203484375 0.5434890625000001 0.7178390625 0.48723124999999995 0.712125 0.47420937500000004 0.7075265625 0.469659375 0.7007671875 0.4723140625 0.6950515625 0.47686406249999996 0.6910796875 0.4826796875 0.6868296875000001 0.48204843750000004 0.668640625 0.48786406250000003 0.6640421875 0.49165625 0.662578125 0.49949374999999996 0.662578125 0.5072062500000001 0.66648125 0.5194687499999999 0.6736578125 0.533121875 0.6846687499999999 0.5493046875 0.69073125 0.571934375 0.71073125 0.6321109375 0.7142859374999999 0.6372953125 0.7228578125 0.6398234375 0.7039718749999999 0.56611875 0.70320625 0.5576484374999999 0.7082234374999999 0.5576484374999999 0.7096171874999999 0.559671875 0.7310109375 0.6275593749999999 0.734215625 0.6346390625
4 0.68188125 0.63274375 0.696725 0.6477875 0.6985359375 0.6477875 0.6993734375 0.6451328125 0.6985359375 0.6348921875 0.6949125 0.6187109375000001 0.6703140624999999 0.557775 0.66878125 0.52275625 0.6670390625 0.50391875 0.6649484375 0.4984828125 0.6489203125 0.49532187499999997 0.645296875 0.497471875 0.642090625 0.5065734375 0.6396515625 0.5093546875 0.634634375 0.5098609374999999 0.6275265625 0.5055625 0.6179796875 0.5055625 0.61351875 0.5103671875 0.61205625 0.5158031249999999 0.61205625 0.5265484375 0.61679375 0.5400765625 0.6289890625 0.554109375 0.63400625 0.572440625 0.6381875 0.5993671875000001 0.6441109375 0.6262953125 0.651846875 0.6522125 0.6554 0.660809375 0.6670390625 0.66940625 0.66878125 0.6639703124999999 0.6655046875 0.64943125 0.6545640625 0.6144125 0.649546875 0.590771875 0.64975625 0.5798984375 0.6515671875 0.5782546875000001 0.6548437500000001 0.58053125 0.666690625 0.5993671875000001 0.68188125 0.63274375
3 0.578884375 0.5304671875 0.58599375 0.549178125 0.5931015625 0.5595453125 0.604878125 0.5958281249999999 0.6234140625 0.66169375 0.6308703125 0.6940578125 0.6373515624999999 0.6967125000000001 0.640209375 0.6857140625 0.6387453125 0.6676359374999999 0.6273171875 0.612009375 0.6223687499999999 0.5640953125 0.6159578125 0.5226296875 0.6137984375000001 0.5149171875 0.609546875 0.5149171875 0.5984671875 0.5201015625000001 0.5949125000000001 0.5175734375000001 0.5891984375 0.5233875 0.581671875 0.5233875 0.5784671875 0.5246515625 0.578884375 0.5304671875
3 0.5675265625 0.58836875 0.5833453125 0.66839375 0.602578125 0.694690625 0.6017421875 0.6776234375 0.588084375 0.5418453125 0.5829265625 0.52161875 0.5781875000000001 0.5169406249999999 0.56236875 0.517825 0.560209375 0.5201015625000001 0.5550515625 0.534134375 0.5537984375 0.5418453125 0.555121875 0.5534765625 0.5675265625 0.58836875
1 0.552334375 0.6640953125 0.5558890625 0.6829328125 0.5634140624999999 0.6673828125 0.5626484375 0.6201015625 0.557003125 0.57105 0.5501734375 0.5295828124999999 0.5427171875 0.506321875 0.5366546875 0.4992421875 0.5295468750000001 0.5011375 0.5252265625 0.5056890625 0.5198609375000001 0.5270546875 0.520278125 0.530846875 0.521671875 0.5476609375 0.552334375 0.6640953125
2 0.5078750000000001 0.545890625 0.5093375 0.576990625 0.5018125 0.6610625 0.5029265625 0.68053125 0.5057140625 0.6836921874999999 0.5078750000000001 0.6824265625 0.510034375 0.6656125 0.5182578125 0.6326171875 0.5228578125000001 0.5788875 0.5271078124999999 0.5601765624999999 0.5296171875 0.536915625 0.5292687500000001 0.5278125 0.5264109375 0.5194687499999999 0.513728125 0.5132749999999999 0.51073125 0.5128953125 0.5082234375 0.5201015625000001 0.5078750000000001 0.545890625
2 0.482090625 0.6565109375 0.482996875 0.6710499999999999 0.4889203125 0.661946875 0.49337968749999994 0.639190625 0.501115625 0.5874843750000001 0.4996515625 0.5767390625 0.50466875 0.56384375 0.507665625 0.5276859375 0.5008359375 0.5169406249999999 0.49574843749999997 0.514665625 0.490453125 0.5126421875 0.48655 0.59721875 0.482090625 0.6565109375
2 0.4661328125 0.532490625 0.46230000000000004 0.6446265624999999 0.45930312500000003 0.6704171875 0.4724046875 0.64614375 0.478328125 0.602528125 0.4875265625 0.512009375 0.47031406249999996 0.511378125 0.4685015625 0.514159375 0.46731718750000006 0.5173203125 0.4661328125 0.532490625
2 0.44090625 0.52161875 0.44564531250000006 0.66940625 0.449478125 0.6811625 0.45156718749999997 0.6806578125 0.4533796875 0.6737046875 0.4578390625 0.5906453125 0.4655046875 0.5108718750000001 0.46432031250000005 0.5077125 0.4480140625 0.5070796875 0.44564531250000006 0.5077125 0.441184375 0.514159375 0.44090625 0.52161875
1 0.39512187499999996 0.6606828124999999 0.385296875 0.6901390625 0.376096875 0.7001265625 0.38 0.702275 0.39958125 0.6877375 0.40787500000000004 0.6737046875 0.42069687499999997 0.639696875 0.4352609375 0.5917828125 0.4438328125 0.5589125 0.44473906249999995 0.5378000000000001 0.44327500000000003 0.5163078125 0.441184375 0.513021875 0.43435468750000006 0.512515625 0.4289890625 0.5194687499999999 0.419303125 0.540328125 0.41505156249999997 0.554109375 0.41024374999999996 0.5723140625 0.39512187499999996 0.6606828124999999
3 0.3751921875 0.6294562499999999 0.3726828125 0.6663718750000001 0.375540625 0.67610625 0.3823 0.6838171875 0.38411093749999997 0.648925 0.3868296875 0.6390640624999999 0.3979796875 0.612009375 0.416515625 0.5472812499999999 0.416515625 0.5156765625 0.41442500000000004 0.5098609374999999 0.4040421875 0.5098609374999999 0.3994421875 0.5123890624999999 0.3954703125 0.5182046875 0.39170781250000003 0.5278125 0.38982656250000003 0.5395703125 0.389059375 0.5512015625 0.3751921875 0.6294562499999999
3 0.3452265625 0.6729453125 0.3540765625 0.66005 0.38369375 0.557775 0.3979796875 0.5293296875 0.399025 0.52225 0.39832812500000003 0.5189640625 0.3883625 0.516434375 0.3823 0.5067 0.3715671875 0.5054359374999999 0.3680140625 0.5073328125 0.36515624999999996 0.51390625 0.361671875 0.528571875 0.3605578125 0.5384328125 0.34090625 0.674209375 0.3452265625 0.6729453125
4 0.31282187499999997 0.669153125 0.320278125 0.6653609375 0.3331703125 0.641340625 0.3431359375 0.602528125 0.3531015625 0.5566375 0.35811875 0.5534765625 0.364878125 0.543109375 0.3719859375 0.512009375 0.3716375 0.5082171875 0.355609375 0.5049296875 0.3470390625 0.49911562500000006 0.3431359375 0.49974687500000003 0.3370734375 0.49519531250000004 0.3285015625 0.49329999999999996 0.3249484375 0.49393125 0.318884375 0.5010109375 0.3163765625 0.5082171875 0.3170734375 0.523009375 0.316028125 0.554109375 0.3046 0.5831859374999999 0.2882234375 0.6311 0.2889203125 0.637546875 0.29142812500000004 0.6433625000000001 0.2992328125 0.641340625 0.3060625 0.6323640625 0.32780468749999997 0.5780031250000001 0.3303140625 0.5798984375 0.33456406250000004 0.5740828125 0.3377703125 0.5728187499999999 0.32780468749999997 0.6193421875 0.31282187499999997 0.669153125
4 0.2648078125 0.6312265625 0.26508750000000003 0.6469031249999999 0.2710109375 0.6376734374999999 0.28675937500000004 0.6037921875000001 0.3060625 0.5504421875000001 0.31588906250000004 0.5278125 0.3206265625 0.51163125 0.32034843749999997 0.501390625 0.318884375 0.498103125 0.31588906250000004 0.49646093750000003 0.31351874999999996 0.49165625 0.2971421875 0.4840703125 0.292125 0.49266718750000005 0.28975625 0.4900125 0.290940625 0.483059375 0.281115625 0.4787609375 0.27400625 0.47977187499999996 0.2698265625 0.48457656250000003 0.26599375 0.498103125 0.267178125 0.5099875 0.2648078125 0.5455125 0.2540765625 0.591403125 0.245784375 0.6338812500000001 0.2540765625 0.626928125 0.2712890625 0.5864734375 0.2763765625 0.571428125 0.2766546875 0.56384375 0.280209375 0.5562578125 0.28320625 0.5562578125 0.285575 0.5595453125 0.2677359375 0.61833125 0.2648078125 0.6312265625
4 0.21519218750000002 0.5864734375 0.21156718749999998 0.5897593750000001 0.21637656249999998 0.5950703125000001 0.2270390625 0.5957015625000001 0.24369375 0.569784375 0.256725 0.5299625 0.2636234375 0.5142859375 0.266271875 0.501390625 0.26655 0.48786406250000003 0.26508750000000003 0.47812968749999996 0.2570734375 0.4690265625 0.2460625 0.4700375 0.24132343750000002 0.47812968749999996 0.2401390625 0.4700375 0.2344953125 0.46308437500000005 0.2270390625 0.46093593750000006 0.222578125 0.46194687500000003 0.2187453125 0.4700375 0.2142859375 0.485209375 0.21484375 0.5228828125 0.208640625 0.5390640624999999 0.1994421875 0.5735781249999999 0.198815625 0.580025 0.20090625 0.5864734375 0.2035546875 0.5892546875 0.20682968750000003 0.5886218750000001 0.21519218750000002 0.571428125 0.224390625 0.5476609375 0.2282234375 0.54665 0.22975625000000002 0.54829375 0.223484375 0.569784375 0.21519218750000002 0.5864734375
4 0.2434140625 0.4145390625 0.2380484375 0.4026546875 0.2401390625 0.374715625 0.2344953125 0.319215625 0.2326828125 0.3142859375 0.23059218750000002 0.313275 0.2294078125 0.316434375 0.226759375 0.34399531250000004 0.22766562499999998 0.364475 0.230034375 0.3757265625 0.22494843750000001 0.3989890625 0.218396875 0.41833125000000004 0.2175609375 0.4312265625 0.2204875 0.43931718750000004 0.224390625 0.445259375 0.226759375 0.44576562500000005 0.23031406250000003 0.45284375 0.23686406249999997 0.45499375000000003 0.244878125 0.46194687500000003 0.25024375 0.46194687500000003 0.25351875 0.45764843749999995 0.2582578125 0.44045468750000005 0.2582578125 0.426928125 0.251428125 0.36712968749999997 0.2454359375 0.339696875 0.241603125 0.3299625 0.24188125 0.3359046875 0.243971875 0.3945640625 0.2434140625 0.4145390625
4 0.2785359375 0.38343906250000004 0.2749828125 0.381415625 0.27073125 0.36788906250000003 0.2660625 0.330340625 0.26216093749999997 0.3265484375 0.2596515625 0.3290765625 0.2575609375 0.33552499999999996 0.256096875 0.3529703125 0.2571421875 0.38470312500000003 0.2596515625 0.4048046875 0.2582578125 0.44943125000000006 0.2614640625 0.4604296875 0.2696859375 0.4610625 0.276096875 0.45651093749999994 0.277490625 0.4604296875 0.2878046875 0.467509375 0.2978390625 0.45651093749999994 0.2981875 0.42996249999999997 0.294634375 0.3840703125 0.2917765625 0.3556265625 0.2835546875 0.3161828125 0.28139375 0.3122625 0.2785359375 0.3122625 0.2756796875 0.31555 0.2759578125 0.31858437500000003 0.276096875 0.321996875 0.2796515625 0.37370468749999997 0.2785359375 0.38343906250000004
4 0.2979796875 0.32831875 0.29679375 0.3423515625 0.30445937500000003 0.4048046875 0.300975 0.44273125 0.309478125 0.46156718750000003 0.328571875 0.471175 0.332753125 0.4764859375 0.34041875 0.4764859375 0.3443203125 0.473325 0.348153125 0.464728125 0.349059375 0.45448750000000004 0.34759531250000003 0.435525 0.34487812500000004 0.42528437500000005 0.33630625 0.40543593749999995 0.330940625 0.375221875 0.3282921875 0.3309734375 0.3262015625 0.313275 0.3196515625 0.3040453125 0.3196515625 0.2954484375 0.3178390625 0.29431093750000004 0.3163765625 0.2959546875 0.3145640625 0.30139062499999997 0.3142859375 0.31694062500000003 0.31756093750000003 0.338053125 0.31874531250000004 0.37623281249999996 0.31574843750000003 0.40328749999999997 0.30717812499999997 0.3445 0.3057140625 0.33742031250000004 0.2991640625 0.32503125 0.2979796875 0.32831875
3 0.35533125 0.286725 0.352125 0.3003796875 0.3496171875 0.3307203125 0.35073125 0.3662453125 0.3489203125 0.4400765625 0.3471078125 0.465234375 0.34857187500000003 0.47307187500000003 0.352125 0.480784375 0.3624390625 0.4826796875 0.3706625 0.47749687500000004 0.377421875 0.4788875 0.382090625 0.465234375 0.382090625 0.4523390625 0.3756796875 0.429709375 0.3696171875 0.38242656249999996 0.36285781250000004 0.3410875 0.36 0.304171875 0.36160312499999997 0.2871046875 0.36285781250000004 0.28154218750000004 0.3646 0.2750953125 0.35533125 0.286725
3 0.375540625 0.31377968749999996 0.375540625 0.3520859375 0.377909375 0.43716875 0.37463437499999996 0.46687812500000003 0.375540625 0.480278125 0.38027812499999997 0.48685156249999995 0.3915671875 0.48786406250000003 0.396028125 0.48470312499999996 0.405296875 0.48470312499999996 0.4091296875 0.47812968749999996 0.4105921875 0.466371875 0.40885 0.446396875 0.39811874999999997 0.411378125 0.3891984375 0.373578125 0.38153281250000004 0.3326171875 0.378815625 0.30353906249999996 0.378815625 0.298103125 0.379721875 0.273325 0.375540625 0.31377968749999996
1 0.40257812499999995 0.2664984375 0.4010453125 0.2864734375 0.4055046875 0.4384328125 0.4043203125 0.46649843750000003 0.4129609375 0.48584062499999997 0.4215328125 0.4896328125 0.4289890625 0.487990625 0.4331703125 0.4798984375 0.4372828125 0.465865625 0.43763125 0.4443734375 0.43198593750000003 0.42275625000000006 0.4171421875 0.33173125 0.40850156249999997 0.269153125 0.40850156249999997 0.26169375 0.40878125 0.250315625 0.40257812499999995 0.2664984375
2 0.44090625 0.3187109375 0.440278125 0.3279390625 0.44209062499999996 0.4265484375 0.44090625 0.449178125 0.44327500000000003 0.47395624999999997 0.44564531250000006 0.484196875 0.46940781249999997 0.4848296875 0.46585312500000003 0.45625781249999997 0.46494843750000003 0.433628125 0.45986093749999996 0.40986093749999997 0.45721249999999997 0.379140625 0.452753125 0.3646015625 0.44773593749999996 0.3165609375 0.44501718749999997 0.31504374999999996 0.4429265625 0.31504374999999996 0.44090625 0.3187109375
2 0.46585312500000003 0.28824218749999997 0.46404218750000004 0.2901390625 0.462996875 0.29279375 0.462996875 0.3135265625 0.47121874999999996 0.44285781249999995 0.4729609375 0.48874843749999997 0.4868984375 0.4906453125 0.5015328125 0.48685156249999995 0.49581875000000003 0.4156765625 0.48829218750000003 0.3581546875 0.47902500000000003 0.3228828125 0.47728281250000004 0.31605625000000004 0.46871093750000004 0.2901390625 0.46585312500000003 0.28824218749999997
2 0.52418125 0.3024015625 0.5213234375 0.299115625 0.5184671875 0.299115625 0.5149125 0.3024015625 0.5127531249999999 0.3121359375 0.5073875 0.380025 0.5056453125 0.4537296875 0.50599375 0.4744625 0.5112890625000001 0.48280625 0.5198609375000001 0.4815421875 0.53024375 0.47319843749999996 0.532334375 0.4188375 0.5294078125 0.3381796875 0.5285015625 0.32225000000000004 0.5277359374999999 0.30948125000000004 0.52418125 0.3024015625
2 0.548153125 0.3265484375 0.54696875 0.331984375 0.5427875 0.389128125 0.5354 0.46131406249999996 0.5344953125 0.4824265625 0.5434140625 0.47964531250000003 0.5615328125 0.4812890625 0.5650875 0.46561250000000004 0.565365625 0.4462703125 0.5570734374999999 0.3262953125 0.554703125 0.3212390625 0.5517078125 0.3217453125 0.548153125 0.3265484375
1 0.5737281249999999 0.41643437499999997 0.5668984375 0.44424843750000004 0.5655046875 0.46232656250000004 0.5658531250000001 0.4726921875 0.5726125 0.49089687499999995 0.579025 0.4940578125 0.5926125 0.49152968750000003 0.599721875 0.47724374999999997 0.6036234375 0.4170671875 0.6038328125 0.28824218749999997 0.6036234375 0.27939375 0.594703125 0.297471875 0.5737281249999999 0.41643437499999997
3 0.622090625 0.3217453125 0.6178390625 0.322503125 0.616096875 0.3256640625 0.60926875 0.353603125 0.590453125 0.45448750000000004 0.5908703125 0.47383125000000004 0.596028125 0.48394375 0.6046 0.4824265625 0.6110109375 0.4910234375 0.62599375 0.48938125 0.6306625 0.4824265625 0.6315671875 0.46839375 0.6298265625 0.43350156249999994 0.6315671875 0.371428125 0.6296859375 0.3351453125 0.6298265625 0.3279390625 0.627246875 0.324146875 0.622090625 0.3217453125
3 0.6370734375 0.36131406250000003 0.631915625 0.4359046875 0.626759375 0.461440625 0.627665625 0.47307187500000003 0.6301734375 0.4801515625 0.6331703125 0.47383125000000004 0.6417421875 0.4809109375 0.65073125 0.4824265625 0.65630625 0.4801515625 0.6614640625 0.474715625 0.6614640625 0.46839375 0.6575609375 0.4443734375 0.65205625 0.37067031250000004 0.65121875 0.311884375 0.6498953125 0.30391875 0.6445296875000001 0.3176984375 0.6370734375 0.36131406250000003
4 0.7006265625 0.3332484375 0.7061328125 0.3887484375 0.7004875 0.43287031249999997 0.7022999999999999 0.44361562499999996 0.705853125 0.4506953125 0.7162375 0.4566375 0.7245296875 0.45398281249999994 0.7289890625 0.44804062499999997 0.743275 0.445890625 0.74418125 0.44146718749999997 0.74418125 0.419975 0.735121875 0.369659375 0.7349125 0.3356515625 0.7324046875 0.303665625 0.7266203124999999 0.303034375 0.72236875 0.30707968750000003 0.7245296875 0.38445 0.7239718749999999 0.39835625 0.718884375 0.408596875 0.716515625 0.4107453125 0.715609375 0.41024062499999997 0.71533125 0.40543593749999995 0.7179796875 0.3940578125 0.7195125 0.36877343749999997 0.7157484375000001 0.35170625 0.7097562500000001 0.3426046875 0.702509375 0.3273078125 0.7006265625 0.3332484375
