4 0.2704625 0.46937187500000005 0.26725937499999997 0.43703281250000003 0.2533953125 0.3968921875 0.238140625 0.360684375 0.220725 0.3348125 0.214315625 0.3322125 0.2118421875 0.3348125 0.214315625 0.3477484375 0.224625 0.361953125 0.239184375 0.390425 0.24036875000000002 0.4026640625 0.2366421875 0.41204843750000003 0.231975 0.41388749999999996 0.22678437499999998 0.408496875 0.20404062500000003 0.360684375 0.19763124999999998 0.35941718749999996 0.19620312499999998 0.36391874999999996 0.19763124999999998 0.372353125 0.20508593749999998 0.39949218750000004 0.2186 0.4266328125 0.23214843749999997 0.4709578125 0.2345875 0.47647500000000004 0.23706093749999999 0.47970781249999994 0.26799062500000004 0.47774218749999997 0.27011562499999997 0.47514218750000003 0.2704625 0.46937187500000005
4 0.3086734375 0.39156562500000003 0.303553125 0.351934375 0.3018453125 0.3434375 0.295890625 0.3348765625 0.291640625 0.3379828125 0.29118750000000004 0.3441984375 0.29717812499999996 0.40082500000000004 0.29717812499999996 0.41014531249999997 0.2941828125 0.4148390625 0.29077031249999996 0.41559999999999997 0.286103125 0.41325312500000005 0.2843953125 0.4070390625 0.28181875 0.3674703125 0.2788234375 0.3488265625 0.27544375 0.34032968750000003 0.2707421875 0.3379828125 0.2669109375 0.33874375 0.265203125 0.3542796875 0.271159375 0.47533281250000003 0.274990625 0.48002500000000003 0.27756875000000003 0.4807859375 0.3065484375 0.48389375 0.310796875 0.48389375 0.3129578125 0.48002500000000003 0.3142109375 0.47533281250000003 0.3142109375 0.45986093749999996 0.3086734375 0.39156562500000003
3 0.3433296875 0.3469875 0.33949843749999997 0.32523749999999996 0.334378125 0.316740625 0.330128125 0.316740625 0.326715625 0.3182625 0.324590625 0.325428125 0.324590625 0.344959375 0.3151171875 0.46005 0.3165453125 0.48338593750000003 0.32187343749999997 0.48915625 0.3254265625 0.49048749999999997 0.33288125 0.49048749999999997 0.3428078125 0.48839531249999996 0.3454546875 0.48750781249999997 0.34845000000000004 0.48440000000000005 0.3493203125 0.46962656249999996 0.34845000000000004 0.4059609375 0.3433296875 0.3469875
3 0.3810515625 0.47209843749999997 0.3707421875 0.38928281249999996 0.3686171875 0.355675 0.366840625 0.3427390625 0.36398437499999997 0.3382375 0.3597359375 0.3382375 0.3576109375 0.3433734375 0.35583437500000004 0.36214375 0.3512015625 0.47209843749999997 0.35193281249999997 0.47856718750000005 0.3576109375 0.48306875 0.3712984375 0.488521875 0.3750265625 0.48890312500000005 0.3774984375 0.48826875000000003 0.3796234375 0.48630312499999995 0.3810515625 0.48243437499999997 0.3810515625 0.47209843749999997
1 0.4109015625 0.33956875000000003 0.40592187500000004 0.3259359375 0.401671875 0.32079843750000003 0.39811874999999997 0.32079843750000003 0.39599375000000003 0.32530156250000003 0.393834375 0.340203125 0.3839078125 0.48573281250000006 0.3853359375 0.49086875 0.3920578125 0.4948 0.41619687499999997 0.5025359375 0.42121250000000005 0.501903125 0.4244171875 0.49670312499999997 0.42476562500000004 0.4805328125 0.415534375 0.3796453125 0.4109015625 0.33956875000000003
1 0.6076625 0.49923906249999994 0.6127828125 0.39771718749999996 0.6143156249999999 0.3558015625 0.6133046875 0.33715937500000004 0.6076625 0.3315796875 0.6030656249999999 0.33436875 0.597421875 0.3520609375 0.5810515625 0.42847187499999995 0.574921875 0.50481875 0.574921875 0.5123015625 0.5800421874999999 0.5159796875 0.58979375 0.5168671875 0.5954015625 0.5159796875 0.6001734375 0.5152828125 0.6035874999999999 0.5123015625 0.6056078125 0.5085609375 0.6076625 0.49923906249999994
3 0.6438171875 0.4102734375 0.6481015625000001 0.36214375 0.64723125 0.345021875 0.64298125 0.34039375 0.63744375 0.341978125 0.633159375 0.35434375 0.6263328125000001 0.39784375 0.6259140624999999 0.39784375 0.6161265625000001 0.4878890625 0.6190875 0.5018390625 0.623371875 0.5057078125000001 0.6320453125000001 0.5071656250000001 0.638696875 0.5072921874999999 0.6438171875 0.5025999999999999 0.6463953124999999 0.49638593750000004 0.6481015625000001 0.4870640625 0.6438171875 0.4102734375
3 0.6712984375 0.3592265625 0.669175 0.34819218749999997 0.663496875 0.34369062499999997 0.6574718749999999 0.344959375 0.6549640625 0.3604953125 0.6489375 0.4885859375 0.6499828125 0.4924546875 0.6517593749999999 0.49435624999999994 0.6549640625 0.4956875 0.6688265624999999 0.4956875 0.6755828125 0.4898546875 0.67805625 0.4853515625 0.6798328125 0.47951875 0.6791359375 0.45814843749999995 0.6716828125000001 0.37862968750000003 0.6712984375 0.3592265625
4 0.7165796875 0.3672796875 0.7137234375 0.355040625 0.7115984375 0.35307499999999997 0.7094734375 0.35434375 0.7080453125 0.360178125 0.7051890625 0.41712187500000003 0.703796875 0.42422343749999997 0.7020203125 0.42618906250000005 0.698084375 0.42618906250000005 0.6963078125 0.4216234375 0.6952625 0.41388749999999996 0.6963078125 0.38605 0.6963078125 0.3660109375 0.69421875 0.353709375 0.6921625 0.3462265625 0.687809375 0.3453390625 0.6863812499999999 0.3498421875 0.680703125 0.45009531249999996 0.6824796875 0.4811671875 0.68425625 0.483703125 0.687078125 0.48566875 0.6934859375 0.48630312499999995 0.6963078125 0.48440000000000005 0.7012890625 0.47660156249999996 0.7132015625 0.4772984375 0.716928125 0.4772359375 0.7233375 0.466265625 0.7233375 0.44749531249999996 0.72048125 0.3970828125 0.7165796875 0.3672796875
4 0.7595265625 0.3568796875 0.7580640625 0.351996875 0.756565625 0.35091875 0.7533265625000001 0.35256875 0.7518281250000001 0.358465625 0.7499125 0.40297968749999996 0.74395625 0.4033609375 0.74085625 0.4 0.7405781250000001 0.380025 0.7417625 0.3622703125 0.7417625 0.351996875 0.73939375 0.3455296875 0.73465625 0.3422953125 0.7305125 0.3455296875 0.7254968749999999 0.3961953125 0.7213515625 0.46303124999999995 0.742946875 0.460875 0.7571921875000001 0.467596875 0.76011875 0.46791406249999995 0.7639843749999999 0.4646796875 0.7654468750000001 0.460875 0.7657609375 0.45174375 0.7595265625 0.3568796875
4 0.808359375 0.49315156250000003 0.81428125 0.4726703125 0.820515625 0.42955 0.835596875 0.39771718749999996 0.835596875 0.3907421875 0.8326359374999999 0.38909375 0.8279 0.3907421875 0.82406875 0.3944828125 0.8086734375000001 0.4258078125 0.8053984375000001 0.4268859375 0.8022296875 0.42504687499999994 0.799965625 0.42219375000000003 0.799965625 0.41439375 0.8030296874999999 0.39771718749999996 0.8043890625 0.3944828125 0.8095437499999999 0.3869375 0.826715625 0.3713375 0.8270296874999999 0.36918125 0.8237546874999999 0.36322187499999997 0.81459375 0.3627140625 0.8086734375000001 0.3670265625 0.79355625 0.3853515625 0.78881875 0.397209375 0.7748515625 0.4162328125 0.7726234375 0.421496875 0.7692796875 0.42650625 0.767746875 0.43145156250000005 0.763671875 0.4565 0.76395 0.46620156250000006 0.76663125 0.4726703125 0.7787531249999999 0.485034375 0.787634375 0.48668281249999995 0.7964125 0.49486406250000003 0.79829375 0.49638593750000004 0.799478125 0.4974640625 0.8027515624999999 0.4974640625 0.8053984375000001 0.49638593750000004 0.808359375 0.49315156250000003
4 0.747021875 0.5802796875 0.751028125 0.5899171875 0.754440625 0.6242234375 0.7590390625000001 0.6422953125 0.76224375 0.6468609375 0.7672234375 0.6461640625 0.769696875 0.6390609375 0.76401875 0.55954375 0.75799375 0.5123015625 0.7551375 0.499365625 0.7508874999999999 0.49289843749999995 0.7430515625 0.49289843749999995 0.7394984375 0.49613125 0.7334734375 0.49162968749999997 0.71818125 0.50386875 0.716753125 0.5149015625 0.7323921875 0.6216234375 0.7388359375 0.6471140625 0.742703125 0.6500953125 0.74413125 0.6487640625 0.744584375 0.6464171875 0.74413125 0.6422953125 0.738453125 0.59175625 0.739325 0.5797718749999999 0.743015625 0.5782499999999999 0.747021875 0.5802796875
4 0.6960296875 0.664109375 0.6981546875 0.6473046874999999 0.6943578125000001 0.598478125 0.6967609375 0.5906781249999999 0.7064781250000001 0.5927703125 0.7090562499999999 0.60215625 0.710240625 0.6434375 0.7116687500000001 0.6518703125 0.71379375 0.6563734375 0.71556875 0.6563734375 0.7198187500000001 0.6525046875 0.7208984375 0.6473046874999999 0.7208984375 0.6240328125 0.7173453125 0.5322125 0.7159171875 0.5140781249999999 0.7105890625 0.5088781250000001 0.703134375 0.510209375 0.6967265625 0.5179453125 0.6910484375 0.512809375 0.6828984375 0.5153453125 0.67756875 0.5237796875 0.6764890625 0.53608125 0.6865203125 0.6566265625 0.6874953125000001 0.663475 0.6889234375 0.666075 0.691396875 0.6680406249999999 0.6946015625 0.666709375 0.6960296875 0.664109375
3 0.673459375 0.6580843749999999 0.6758265625 0.6494609375 0.6770109375 0.5659484375 0.67464375 0.5357640625 0.672275 0.5249843750000001 0.6675375 0.5222578125 0.65865625 0.5222578125 0.6515500000000001 0.52821875 0.645628125 0.5357640625 0.6435734375 0.5438171875 0.6459421875 0.576728125 0.65684375 0.6573234375 0.6583765625 0.6629671874999999 0.6595609375 0.6651234374999999 0.66844375 0.6645531250000001 0.6716828125000001 0.6618890625 0.673459375 0.6580843749999999
3 0.6366078125 0.66043125 0.63956875 0.6528859375 0.6437125 0.5731140625 0.6437125 0.5429296875 0.6389765625 0.5310718750000001 0.6324625 0.5278375 0.6200281249999999 0.5284078125 0.6146984375 0.53430625 0.6135140625 0.5472421875 0.61738125 0.656690625 0.6182515625 0.659353125 0.6218046875 0.66474375 0.63009375 0.665821875 0.6336468749999999 0.6636656249999999 0.6366078125 0.66043125
1 0.5948796875 0.6722890625 0.6037625 0.6663921875 0.605225 0.66043125 0.609090625 0.5925171875 0.608778125 0.5359546875000001 0.6061296875 0.5278375 0.596934375 0.523525 0.5818531250000001 0.5224484375 0.5815390625 0.5278375 0.5824453125 0.56125625 0.5836296875 0.6588453125 0.5836296875 0.661509375 0.5845 0.6653140625 0.5874609375000001 0.6712109374999999 0.590421875 0.6733671875 0.5948796875 0.6722890625
2 0.566875 0.67825 0.576803125 0.5314515625 0.5757578125 0.5236531249999999 0.569696875 0.51915 0.5483796875 0.517184375 0.5473359375 0.5301203125 0.5526640625 0.6045015625 0.5555203125 0.6759671875000001 0.5558687499999999 0.6847171875 0.5569140625 0.6873171874999999 0.56224375 0.6885859375 0.565446875 0.6853515625 0.566875 0.67825
2 0.544896875 0.52910625 0.5431203124999999 0.5175015625 0.538140625 0.5149015625 0.5061656250000001 0.5103359375000001 0.5061656250000001 0.5252375 0.5146984375 0.6513640625 0.5254609375 0.687128125 0.52748125 0.6927703125 0.5328109375000001 0.6914390625 0.5345875 0.6875718749999999 0.53956875 0.6254921875 0.544896875 0.52910625
2 0.46140781249999996 0.7224484375 0.46387968749999997 0.7224484375 0.468303125 0.720165625 0.47150781249999996 0.7166140624999999 0.47349375 0.708940625 0.480878125 0.6662656250000001 0.48829687499999996 0.6330375 0.4981546875 0.5544703125 0.5018453125 0.5104625 0.4996515625 0.5086234375 0.4754796875 0.503678125 0.46631875 0.5041218749999999 0.46287031250000005 0.5095125 0.4616515625 0.5216875 0.46485468750000003 0.5814203124999999 0.4567046875 0.693721875 0.45621718749999995 0.7026640625 0.45621718749999995 0.706721875 0.45771562499999996 0.7166140624999999 0.458934375 0.721115625 0.46140781249999996 0.7224484375
2 0.44029999999999997 0.687128125 0.44207656249999994 0.67869375 0.44810156250000005 0.62821875 0.45698437500000005 0.5408999999999999 0.45841093749999995 0.5111609374999999 0.43636406250000004 0.5066578125000001 0.431034375 0.5085609375 0.42964062500000005 0.5169937499999999 0.4285609375 0.5532015625 0.4321140625 0.603678125 0.4313828125 0.6816734375 0.4314171875 0.6888390625 0.43319375000000004 0.6928984375 0.436015625 0.6928984375 0.43744375 0.6916296875 0.44029999999999997 0.687128125
1 0.400765625 0.7148390625000001 0.4034140625 0.7072921875 0.41229531250000007 0.6712109374999999 0.426228125 0.584971875 0.427690625 0.54128125 0.42591406249999997 0.5251109375 0.41940156249999994 0.5154093750000001 0.40992656250000004 0.5116671875 0.3969 0.517565625 0.3939390625 0.5251109375 0.39306874999999997 0.5396953124999999 0.3986765625 0.58605 0.39926875 0.6253640625 0.39463593750000003 0.707609375 0.3948453125 0.7143312500000001 0.3954375 0.7159156249999999 0.3972140625 0.7164875 0.39899062500000004 0.7164875 0.400765625 0.7148390625000001
3 0.375409375 0.719975 0.37798750000000003 0.7137609375 0.3822359375 0.652440625 0.3860671875 0.5779328125000001 0.3898984375 0.559353125 0.38948125 0.53525625 0.38565 0.5213062500000001 0.37370312499999997 0.5096390625 0.3634625 0.5096390625 0.3558 0.5166140625 0.3540921875 0.529803125 0.35750625 0.6004437499999999 0.3618953125 0.7121109375 0.3622078125 0.7168671875 0.36262656249999997 0.719975 0.366875 0.72308125 0.3685828125 0.72308125 0.375409375 0.719975
3 0.339915625 0.715471875 0.3419359375 0.71084375 0.35423125 0.5823078125000001 0.3562875 0.5310718750000001 0.3521765625 0.518959375 0.3404046875 0.5078 0.331209375 0.5068484375 0.3230234375 0.512428125 0.31689375000000003 0.52175 0.31738125 0.58040625 0.32187343749999997 0.704121875 0.3225015625 0.7126828125 0.32556562499999997 0.720165625 0.329153125 0.7229546874999999 0.33580625 0.721053125 0.339915625 0.715471875
4 0.235596875 0.6818640625 0.23709531250000002 0.611096875 0.2388015625 0.5955609374999999 0.243921875 0.5854781250000001 0.2495296875 0.5956875 0.249634375 0.6174375000000001 0.2445484375 0.6725421875 0.2543359375 0.674825 0.2564609375 0.6725421875 0.25987499999999997 0.66474375 0.269696875 0.5739375 0.273528125 0.5328468749999999 0.271821875 0.5173109375 0.265865625 0.5118578125 0.255625 0.5087515625 0.2487984375 0.51261875 0.2411359375 0.5087515625 0.23260156250000003 0.5079906249999999 0.22748125 0.5157265625 0.22406874999999998 0.5389984375 0.222153125 0.6729859375 0.2232328125 0.688078125 0.22448593749999998 0.6911859375 0.2283171875 0.6911859375 0.23218437500000003 0.6896 0.235596875 0.6818640625
4 0.2688953125 0.51344375 0.26725937499999997 0.5360171874999999 0.2674671875 0.5712109375 0.2731796875 0.6038046875 0.2747828125 0.67083125 0.27398125 0.6986046875 0.277046875 0.7022828125 0.2851625 0.70304375 0.2892375 0.6923265625 0.2900390625 0.6678499999999999 0.2949140625 0.6026640624999999 0.3077328125 0.594546875 0.3140375 0.58566875 0.3160921875 0.5504749999999999 0.31630156249999997 0.5279015625000001 0.3128171875 0.51344375 0.30470156249999997 0.5060234375 0.2953328125 0.5090046874999999 0.289446875 0.5086234375 0.2882265625 0.50824375 0.2882265625 0.5074828124999999 0.2829328125 0.5052625 0.2745734375 0.506784375 0.2688953125 0.51344375
