4 0.490265625 0.2270390625 0.47939375 0.23644531249999998 0.413021875 0.254215625 0.3882421875 0.2554703125 0.370796875 0.263903125 0.3699109375 0.26710781250000004 0.370796875 0.2710796875 0.377496875 0.277490625 0.397725 0.291846875 0.40581562499999996 0.29386718749999996 0.4151703125 0.2940765625 0.4443734375 0.292125 0.5145390625 0.2619515625 0.5418453125 0.25372812499999997 0.54058125 0.24926875 0.536915625 0.24634218749999998 0.53059375 0.24508749999999999 0.519721875 0.2478046875 0.4910234375 0.261115625 0.47319843749999996 0.2664109375 0.454740625 0.267875 0.4529703125 0.26515625 0.5015171875 0.2401390625 0.50505625 0.225296875 0.4996203125 0.22452968750000002 0.490265625 0.2270390625
3 0.5154234375 0.355540625 0.5678890625 0.3431359375 0.5745890625000001 0.3352609375 0.572440625 0.33372812500000004 0.5597984375 0.333240625 0.528825 0.3372125 0.445259375 0.341184375 0.4151703125 0.3557484375 0.41390625 0.357490625 0.4151703125 0.364459375 0.417446875 0.3662015625 0.43274375000000004 0.3664109375 0.5154234375 0.355540625
3 0.5575218750000001 0.3731015625 0.564728125 0.3701734375 0.5687734375 0.36418125 0.56611875 0.36271718750000004 0.5585328125 0.3617421875 0.5270546875 0.36418125 0.495575 0.368640625 0.451075 0.371359375 0.4255375 0.379790625 0.41163125 0.39121875 0.41163125 0.394146875 0.41390625 0.39512187499999996 0.4529703125 0.394146875 0.49608125000000003 0.386271875 0.5575218750000001 0.3731015625
1 0.5562578125 0.4201390625 0.6144125 0.40947812499999997 0.6187109375000001 0.40648125 0.6187109375000001 0.4026484375 0.6165609375 0.3999296875 0.6101140625 0.3987453125 0.5843234374999999 0.3984671875 0.539190625 0.4008359375 0.426928125 0.4006265625 0.41390625 0.4023 0.411125 0.4040421875 0.4034140625 0.41986093750000003 0.40366562500000003 0.4243203125 0.4096078125 0.42878125 0.43501874999999995 0.43024375 0.4764859375 0.4275953125 0.5562578125 0.4201390625
2 0.5946906249999999 0.43400625000000004 0.58445 0.43107968750000003 0.5639703125 0.4301734375 0.47281874999999995 0.434634375 0.4432359375 0.433728125 0.40227500000000005 0.434634375 0.396334375 0.43756093749999997 0.39279375 0.45365781250000003 0.393046875 0.45721249999999997 0.394184375 0.45930312500000003 0.4426046875 0.45811875 0.5994937499999999 0.4381875 0.5946906249999999 0.43400625000000004
2 0.5625796875 0.45937343750000004 0.5544875 0.4581875 0.50278125 0.460278125 0.4704171875 0.46320625 0.42085937500000004 0.46439062499999995 0.4020234375 0.4638328125 0.403034375 0.469478125 0.40063281249999994 0.4803484375 0.399746875 0.4880140625 0.5410874999999999 0.4706625 0.5630843750000001 0.465575 0.565234375 0.46264843750000006 0.5625796875 0.45937343750000004
2 0.540834375 0.4922640625 0.3929203125 0.49345 0.389759375 0.49393750000000003 0.3876109375 0.4964453125 0.3920359375 0.5154703125 0.3943109375 0.5184671875 0.418584375 0.517490625 0.540328125 0.5021609375 0.5546140625 0.4956796875 0.540834375 0.4922640625
2 0.573071875 0.5164453124999999 0.5640953125 0.513240625 0.5342609375 0.5128921875 0.39051874999999997 0.5218125 0.39721875 0.539721875 0.4010109375 0.5516375 0.4721875 0.5389546875 0.5685203125 0.5243203125 0.5737046875 0.5189546875 0.573071875 0.5164453124999999
1 0.5855875 0.5650171875 0.5878640625 0.560209375 0.586725 0.5563765625 0.5824265625 0.55254375 0.5646015625 0.5498265625000001 0.51719375 0.54926875 0.48862187500000004 0.5477359374999999 0.4293296875 0.55073125 0.40935468750000004 0.553728125 0.401896875 0.5608359375 0.4012640625 0.5673874999999999 0.413653125 0.5813234375 0.41580312499999994 0.5831359375 0.4195953125 0.584878125 0.42616875 0.5855046875000001 0.578634375 0.566759375 0.5855875 0.5650171875
3 0.5706703125 0.6248078125000001 0.566878125 0.6158890625 0.5590390625 0.6098265625 0.5345125000000001 0.6027171874999999 0.4788875 0.5959578125 0.4348921875 0.5873875 0.4168140625 0.585575 0.4135265625 0.5877359375 0.414790625 0.612334375 0.417446875 0.6158890625 0.4251578125 0.61909375 0.4756 0.6212546875 0.5513281250000001 0.6212546875 0.5706703125 0.6248078125000001
3 0.6059421875 0.6543546874999999 0.6084703124999999 0.65115 0.6032875 0.6454359375000001 0.58394375 0.64188125 0.48432343749999995 0.6326125 0.41441249999999996 0.6236937499999999 0.4170671875 0.6572125 0.4189640625 0.659721875 0.424778125 0.66041875 0.4759796875 0.65581875 0.6001265625000001 0.6568640625 0.6059421875 0.6543546874999999
4 0.545765625 0.722090625 0.5671296875 0.7210453125 0.5729453125 0.7192328125 0.5748421875 0.7167250000000001 0.5748421875 0.71351875 0.5716812499999999 0.7103140625 0.5179515625 0.705365625 0.506953125 0.7021609375 0.5075859375 0.69533125 0.510240625 0.6917765625000001 0.5154234375 0.6896859375 0.5283187500000001 0.690034375 0.550315625 0.6935890625 0.574209375 0.6946343749999999 0.577496875 0.6935890625 0.577496875 0.6882234375 0.574209375 0.683971875 0.5619468750000001 0.6807671875 0.4203546875 0.6618125 0.4176984375 0.662578125 0.41580312499999994 0.6654359375000001 0.41833125000000004 0.7082234374999999 0.4189640625 0.7114281250000001 0.4228828125 0.716028125 0.427434375 0.7178390625 0.4506953125 0.71958125 0.545765625 0.722090625
4 0.5206062499999999 0.794146875 0.5594187500000001 0.8172828125 0.57105 0.8204874999999999 0.5735781249999999 0.8194421875 0.5735781249999999 0.8137281249999999 0.5690265625 0.8055046875 0.5594187500000001 0.795540625 0.5432359375 0.7852265625 0.5108718750000001 0.7724046875 0.483059375 0.7581187500000001 0.48495625000000003 0.7524046875 0.4992421875 0.7545640625 0.5360296875 0.7684328125000001 0.5573953125 0.778396875 0.5664984375000001 0.7780484375000001 0.5702906249999999 0.77630625 0.569659375 0.7716375 0.5594187500000001 0.76236875 0.5276859375 0.745296875 0.4920359375 0.7338671875 0.45651093749999994 0.7249484374999999 0.4409609375 0.7242515625 0.4326171875 0.725296875 0.42414687500000003 0.7296171874999999 0.41441249999999996 0.743484375 0.41340000000000005 0.7531703125 0.41377968750000005 0.7581187500000001 0.4151703125 0.768084375 0.42414687500000003 0.774146875 0.48432343749999995 0.7809062499999999 0.5206062499999999 0.794146875
4 0.330846875 0.31756093750000003 0.3400765625 0.320975 0.35170625 0.32139375000000003 0.3633375 0.320975 0.369659375 0.3179796875 0.374209375 0.31115 0.374209375 0.303484375 0.3781296875 0.2987453125 0.37737031249999997 0.2935890625 0.369659375 0.287178125 0.3370421875 0.281603125 0.3059421875 0.281603125 0.27180781249999997 0.2731015625 0.2322375 0.27052187499999997 0.2221234375 0.2731015625 0.2221234375 0.2756796875 0.2804046875 0.288084375 0.29355312499999997 0.2931703125 0.29355312499999997 0.2991640625 0.28495625 0.30257812500000003 0.278003125 0.303484375 0.22667500000000002 0.29965156249999997 0.21820468750000002 0.2991640625 0.2159296875 0.3013234375 0.21744687499999998 0.303903125 0.221365625 0.30515625 0.330846875 0.31756093750000003
3 0.269153125 0.3766546875 0.30278125 0.3777703125 0.3389375 0.3813234375 0.3673828125 0.37846718749999997 0.375853125 0.3745640625 0.379140625 0.3670390625 0.37775 0.35888437500000003 0.37395625 0.3570734375 0.3571421875 0.355609375 0.3254109375 0.3549125 0.28988593749999997 0.35602812500000003 0.2443734375 0.359721875 0.23931718750000003 0.362090625 0.2426046875 0.37024375 0.24715625000000002 0.372753125 0.256890625 0.3752609375 0.269153125 0.3766546875
1 0.1632109375 0.3868984375 0.273325 0.405784375 0.34943124999999997 0.41602812499999997 0.3633375 0.415609375 0.371175 0.4126125 0.375853125 0.40878125 0.375853125 0.40278749999999997 0.3820484375 0.38864062499999996 0.35802812500000003 0.3818125 0.3237671875 0.384390625 0.281921875 0.383065625 0.2268015625 0.3796515625 0.1601765625 0.372753125 0.15069531249999998 0.373240625 0.1484203125 0.3749828125 0.1484203125 0.37749062499999997 0.153096875 0.3822296875 0.1632109375 0.3868984375
2 0.18267968750000002 0.42801406249999996 0.2509484375 0.4382578125 0.313021875 0.4438328125 0.3378 0.44898906250000004 0.366625 0.4498265625 0.37281875000000003 0.4485015625 0.3750953125 0.44599374999999997 0.3782546875 0.42501718750000006 0.3689 0.421184375 0.3595453125 0.41944218749999995 0.30758593749999996 0.42069687499999997 0.1834390625 0.41860625 0.1795203125 0.41860625 0.176359375 0.41944218749999995 0.1748421875 0.42285781250000004 0.17800312499999998 0.426271875 0.18267968750000002 0.42801406249999996
2 0.3179515625 0.48884999999999995 0.3443734375 0.49017343750000003 0.355246875 0.4884328125 0.36295781250000003 0.48418124999999995 0.37067031250000004 0.4717765625 0.3676359375 0.455540625 0.3606828125 0.4537984375 0.22010156250000001 0.4529609375 0.17041718749999998 0.45463437500000003 0.16422187500000002 0.45463437500000003 0.140328125 0.4554 0.1611890625 0.464459375 0.2286984375 0.4794421875 0.3179515625 0.48884999999999995
2 0.1920359375 0.5395125000000001 0.3566375 0.5356796875 0.36826875000000003 0.5331015625 0.37446250000000003 0.5301046875 0.37446250000000003 0.5193734375 0.36826875000000003 0.5018812500000001 0.3620734375 0.49414687500000004 0.3581546875 0.49330937500000005 0.34576562499999997 0.4949828125 0.314665625 0.49630625000000006 0.20075781250000002 0.51400625 0.1920359375 0.5155406250000001 0.1843234375 0.51811875 0.1788875 0.5249484375 0.181921875 0.5356796875 0.1920359375 0.5395125000000001
2 0.34399531250000004 0.578328125 0.3587859375 0.5765859375 0.3734515625 0.5705921875 0.36725625 0.54369375 0.3618203125 0.5419515625 0.3462703125 0.540696875 0.2656125 0.5471078125 0.1996203125 0.556934375 0.19494375 0.55909375 0.19418437500000002 0.5659234375 0.20113750000000002 0.5710796874999999 0.30050625000000003 0.5735890625 0.34399531250000004 0.578328125
1 0.1968390625 0.6326828124999999 0.217825 0.6317765625 0.2806578125 0.6236937499999999 0.36295781250000003 0.6155406250000001 0.37610625 0.612125 0.3838171875 0.607875 0.3854609375 0.6027171874999999 0.371428125 0.5873171875 0.36055625 0.57958125 0.34273125000000004 0.58 0.31163124999999997 0.58515625 0.19443749999999999 0.6137984375000001 0.1898859375 0.6155406250000001 0.1882421875 0.61811875 0.1898859375 0.626690625 0.1929203125 0.630940625 0.1968390625 0.6326828124999999
3 0.21517031250000002 0.6570734375 0.2912765625 0.6494078125 0.323009375 0.6514984375 0.3618203125 0.647178125 0.3726921875 0.6433453124999999 0.37496874999999996 0.6377703125 0.371175 0.623275 0.3618203125 0.6133796874999999 0.352465625 0.612125 0.33628281250000003 0.6129609375 0.31061875 0.623275 0.2532234375 0.6326828124999999 0.20113750000000002 0.6433453124999999 0.1988625 0.6459234375 0.198103125 0.6489203125 0.201896875 0.6540765625 0.20973437499999997 0.6570734375 0.21517031250000002 0.6570734375
3 0.25006249999999997 0.6927531250000001 0.3723140625 0.6799296874999999 0.382553125 0.6770734375 0.385840625 0.6717078125 0.382553125 0.662090625 0.377496875 0.6538671875000001 0.374209375 0.6524734375000001 0.342478125 0.656028125 0.232490625 0.6749125 0.2299625 0.6774218750000001 0.2312265625 0.6870390625 0.23514531249999998 0.6902437499999999 0.242225 0.6924046875000001 0.25006249999999997 0.6927531250000001
4 0.36346406249999996 0.8246687500000001 0.3757265625 0.8218125000000001 0.3815421875 0.8189546875 0.3854609375 0.8100343750000001 0.38280625 0.7961671875 0.3757265625 0.7882921875 0.3640953125 0.785784375 0.352465625 0.785784375 0.3259171875 0.7882921875 0.2677625 0.788640625 0.25284375 0.7926124999999999 0.2509484375 0.7943546875 0.25284375 0.7975609375 0.25739531250000003 0.7986765625000001 0.33628281250000003 0.799721875 0.3433625 0.8011156250000001 0.3433625 0.803971875 0.3381796875 0.8068296875 0.3117578125 0.8054359375000001 0.2556265625 0.8054359375000001 0.2522125 0.8071781250000001 0.2534765625 0.8100343750000001 0.25739531250000003 0.8114984375000001 0.35056875 0.8257140625 0.36346406249999996 0.8246687500000001
4 0.303034375 0.778396875 0.3142859375 0.775121875 0.3423515625 0.7760281250000001 0.36169375000000004 0.778396875 0.3692796875 0.7765859374999999 0.3806578125 0.7575609375 0.3854609375 0.73679375 0.38495625 0.7284328125 0.37901406249999997 0.7260625 0.3623265625 0.727246875 0.30948125000000004 0.7379796875 0.2781296875 0.7397218750000001 0.2604296875 0.7448078125 0.25499375 0.7478046875000001 0.25335 0.751915625 0.25663749999999996 0.7575609375 0.2609359375 0.7596515625 0.2792671875 0.7566546875 0.2878640625 0.7563765625000001 0.2938046875 0.7602781249999999 0.2933 0.7638328125 0.2878640625 0.7679437499999999 0.265234375 0.778396875 0.264221875 0.7819515625 0.27496875 0.7866906250000001 0.284703125 0.78696875 0.29279375 0.784878125 0.303034375 0.778396875
4 0.3037921875 0.70418125 0.311884375 0.70418125 0.3140328125 0.705365625 0.3140328125 0.709546875 0.310871875 0.71254375 0.28280625000000004 0.7175609374999999 0.2709234375 0.7220203125 0.27256562500000003 0.7271078125 0.2790140625 0.7306625 0.37446250000000003 0.723484375 0.3868515625 0.7208359375 0.39279375 0.717003125 0.39279375 0.71254375 0.3878640625 0.706271875 0.39115 0.70090625 0.3884953125 0.6899656249999999 0.383059375 0.683971875 0.37446250000000003 0.682509375 0.346903125 0.685784375 0.2632109375 0.70090625 0.2601765625 0.70418125 0.264475 0.70926875 0.2687734375 0.7101734375000001 0.274715625 0.7101734375000001 0.3037921875 0.70418125
