4 0.7856453125 0.560303125 0.7927531250000001 0.576990625 0.7952609374999999 0.589128125 0.7985359375 0.5940578125 0.8008359374999999 0.5936781250000001 0.802509375 0.58950625 0.802509375 0.5788875 0.7954703125 0.5467765625000001 0.76878125 0.4692796875 0.7627171875000001 0.4681421875 0.7317078125 0.49380468750000006 0.7325437499999999 0.506321875 0.7410453125 0.530846875 0.764390625 0.5716812499999999 0.784390625 0.5910234375 0.7891984375 0.5906453125 0.7900343750000001 0.5838171875 0.7879437499999999 0.5796453125000001 0.784390625 0.5743359375 0.77630625 0.5678890625 0.7683625000000001 0.5551203124999999 0.7679437499999999 0.5505687499999999 0.7698265625 0.546396875 0.772334375 0.546396875 0.7793734375 0.5520859375 0.7856453125 0.560303125
4 0.76236875 0.6395703125 0.7638328125 0.627434375 0.7613234375 0.612009375 0.7401390625000001 0.5560046875 0.7359578124999999 0.5360296875 0.7315671874999999 0.5318578125 0.7284328125 0.5219968749999999 0.7290593750000001 0.50505625 0.7280140625 0.5012640625 0.7261328125000001 0.49974687500000003 0.7052968749999999 0.5132749999999999 0.69115 0.517446875 0.6896859375 0.5204796875000001 0.68926875 0.530340625 0.6984671875 0.551453125 0.6999296875 0.565865625 0.7136578124999999 0.5938046875 0.7250875 0.6262953125 0.731359375 0.63615625 0.73679375 0.6410875 0.74466875 0.6410875 0.7405578125 0.6232609375 0.7301046875 0.6002531249999999 0.7286406249999999 0.5945640625 0.7286406249999999 0.588875 0.7301046875 0.585840625 0.732821875 0.5843234374999999 0.744459375 0.609734375 0.76236875 0.6395703125
4 0.70885 0.63995 0.711359375 0.6395703125 0.712821875 0.6323640625 0.7111500000000001 0.6187109375000001 0.70320625 0.5922875000000001 0.69073125 0.569659375 0.6873875 0.5594187500000001 0.68655 0.5409609375 0.6882234375 0.528825 0.687178125 0.5223765625000001 0.6805578125 0.5182046875 0.672821875 0.5182046875 0.66655 0.52616875 0.6540765625 0.52503125 0.649059375 0.5295828124999999 0.6463421874999999 0.5367890625 0.6461328125 0.541340625 0.6484328125000001 0.549178125 0.653240625 0.5575218750000001 0.6657140625 0.6101140625 0.672821875 0.629709375 0.682578125 0.6498109375000001 0.68885 0.653096875 0.6898953125 0.6490515625 0.6807671875 0.6067 0.6817421875 0.599115625 0.684459375 0.59608125 0.6863421875 0.59608125 0.704459375 0.63615625 0.70885 0.63995
3 0.62041875 0.54943125 0.6208359375 0.5570171875 0.6322640625 0.611125 0.649546875 0.6806578125 0.6539375 0.6896328125 0.657490625 0.6896328125 0.65958125 0.681415625 0.6446 0.5479140625000001 0.6374906250000001 0.5404546875 0.6324734375000001 0.5407078125 0.6316375 0.545259375 0.62975625 0.546396875 0.6250875 0.5446265625 0.6223 0.5445 0.6210453125 0.5448796875 0.62041875 0.54943125
3 0.5944953125 0.5565109374999999 0.59345 0.5640953125 0.6024390625 0.5882421875 0.6084328125 0.62604375 0.6264109375 0.690265625 0.63115 0.6970921875 0.6338671875 0.6989890625 0.637003125 0.6982296875 0.637421875 0.692540625 0.63533125 0.673325 0.6218125 0.6108718750000001 0.6161671875 0.5549937500000001 0.6128218750000001 0.550821875 0.6062015625 0.5493046875 0.6028578125 0.551959375 0.6003484375 0.553096875 0.5959578125 0.55385625 0.5944953125 0.5565109374999999
1 0.5736578125 0.6589125 0.5828578125 0.7003796875 0.595609375 0.7294562499999999 0.6030656249999999 0.7348921875000001 0.6071078125 0.7326171875 0.607875 0.730340625 0.6060625 0.6772437499999999 0.6013234375 0.6250312499999999 0.59860625 0.6123890624999999 0.5935890625 0.5992421875 0.5850875 0.5643484375 0.5698265625000001 0.5584078124999999 0.5666203125 0.558028125 0.5663421875 0.5815421875 0.5736578125 0.6589125
2 0.54466875 0.63274375 0.5551921875 0.693678125 0.56090625 0.7029078125 0.565365625 0.7034140625 0.5683625 0.7001265625 0.569546875 0.6887484374999999 0.5635546875 0.6278125 0.5626484375 0.5575218750000001 0.5468296875 0.5549937500000001 0.541671875 0.5537296875 0.5344953125 0.55271875 0.54466875 0.63274375
2 0.52466875 0.6673828125 0.530034375 0.7011375 0.5324734375 0.7055625 0.5357484375 0.704425 0.5375609375 0.6978515625 0.5399296875 0.6555 0.5324734375 0.5639703125 0.530034375 0.5601765624999999 0.5240421875 0.556384375 0.5150515625 0.554234375 0.512334375 0.555878125 0.510521875 0.5651078125 0.52466875 0.6673828125
2 0.487246875 0.5829328125 0.48515625 0.6161828125000001 0.4896859375 0.739696875 0.4917765625 0.761946875 0.4977703125 0.7642218749999999 0.502578125 0.7609359375 0.5062015625 0.7304671875000001 0.5091984375 0.575853125 0.5121953125 0.56055625 0.49539999999999995 0.55726875 0.49017343750000003 0.5570171875 0.48397187500000005 0.5579015625 0.487246875 0.5829328125
2 0.4514984375 0.5687734375 0.44794375000000003 0.6731984375 0.45066249999999997 0.682553125 0.456028125 0.686346875 0.46654999999999996 0.682553125 0.469546875 0.6776234375 0.4812546875 0.5633375 0.47853593749999995 0.5513281250000001 0.462090625 0.553603125 0.45630625 0.5551203124999999 0.4539375 0.55726875 0.4514984375 0.5687734375
1 0.4036234375 0.6592921875 0.395540625 0.694690625 0.3952609375 0.7251578125 0.4018125 0.7246515625 0.4159578125 0.7034140625 0.4471078125 0.585840625 0.4522640625 0.54829375 0.425853125 0.5557515625 0.41986093750000003 0.558028125 0.41742187499999994 0.5613140624999999 0.4036234375 0.6592921875
3 0.3731703125 0.6337546875 0.3624390625 0.67281875 0.36613281249999996 0.6750953125 0.3731703125 0.6740828125 0.3781875 0.66826875 0.39115 0.6374203125 0.4101734375 0.5766125 0.4161671875 0.5529703125000001 0.41317031249999997 0.548040625 0.4021609375 0.543109375 0.3896859375 0.543109375 0.38418125000000003 0.5662453125 0.3731703125 0.6337546875
3 0.34139375 0.567509375 0.3359578125 0.5766125 0.3166546875 0.689128125 0.32418125 0.6900125 0.33066249999999997 0.686346875 0.3516375 0.6255375 0.3654359375 0.5797718749999999 0.3703828125 0.540834375 0.3631359375 0.5321109374999999 0.3528921875 0.52945625 0.3498265625 0.5321109374999999 0.3484328125 0.5353984374999999 0.34564531249999997 0.5520859375 0.34139375 0.567509375
4 0.28940781250000003 0.63059375 0.278396875 0.636915625 0.2794421875 0.6418453125 0.2821609375 0.644121875 0.29595781250000003 0.64058125 0.31191562500000003 0.6142859374999999 0.32466875 0.576990625 0.3464109375 0.538053125 0.347178125 0.5326171875 0.34515625 0.5275593749999999 0.3224390625 0.5126421875 0.3094078125 0.5072062500000001 0.298396875 0.505815625 0.29595781250000003 0.5089765625 0.29345 0.5362828125 0.2854359375 0.572565625 0.2771421875 0.5983562499999999 0.2724046875 0.6101140625 0.268640625 0.6151703125 0.2759578125 0.6165609375 0.2834140625 0.6137796875 0.2980484375 0.5854609375 0.3014640625 0.5817953124999999 0.30320625 0.585209375 0.2964453125 0.6201015625 0.28940781250000003 0.63059375
4 0.23623750000000002 0.5560046875 0.22669062499999998 0.5704171875 0.23644531249999998 0.57496875 0.25170781249999996 0.56283125 0.2754 0.5367890625 0.28188124999999997 0.5326171875 0.280209375 0.5235140625 0.283971875 0.5151703125 0.28418125 0.5046781250000001 0.27999999999999997 0.4944375 0.270034375 0.48609375000000005 0.25351875 0.481921875 0.2450171875 0.4826796875 0.2370734375 0.4906453125 0.21644531250000001 0.5284453124999999 0.20020937499999997 0.550315625 0.19916406250000002 0.5575218750000001 0.2012546875 0.5613140624999999 0.20585312500000003 0.56283125 0.225853125 0.551453125 0.22836249999999997 0.555246875 0.230453125 0.544753125 0.233309375 0.5402015625 0.23581875000000002 0.537546875 0.239790625 0.541340625 0.23623750000000002 0.5560046875
4 0.2731015625 0.316434375 0.26975625000000003 0.342478125 0.263484375 0.4433625 0.2649484375 0.44867187499999994 0.298328125 0.4520859375 0.303275 0.44905156249999995 0.3010453125 0.399115625 0.30250937499999997 0.3462703125 0.297490625 0.32882500000000003 0.287665625 0.31719375 0.2862015625 0.3179515625 0.2862015625 0.320859375 0.29059218750000004 0.33944375 0.2889203125 0.344753125 0.28473906250000003 0.3451328125 0.28209062500000004 0.342478125 0.280278125 0.3279390625 0.2787453125 0.321996875 0.27435468749999997 0.3134 0.2731015625 0.316434375
4 0.327178125 0.3771171875 0.3261328125 0.3759796875 0.31944218750000003 0.3393171875 0.316096875 0.3309734375 0.31024375000000004 0.3286984375 0.30738750000000004 0.338559375 0.30696875 0.3518328125 0.31087031249999997 0.3964609375 0.3061328125 0.4523390625 0.30738750000000004 0.45651093749999994 0.3213234375 0.4690265625 0.34278749999999997 0.47458906250000005 0.35254375 0.4715546875 0.3535890625 0.4629578125 0.352753125 0.43754687499999995 0.3498265625 0.41605625 0.3419515625 0.386978125 0.336096875 0.343109375 0.327178125 0.3204796875 0.32299687499999996 0.3189640625 0.322578125 0.3249046875 0.3227875 0.3309734375 0.32780468749999997 0.36877343749999997 0.327178125 0.3771171875
3 0.41177656249999994 0.3011375 0.388084375 0.32831875 0.382996875 0.3446265625 0.37303125000000004 0.393046875 0.3535890625 0.46485468750000003 0.35414687499999997 0.47357812499999996 0.35595781249999997 0.4773703125 0.3649484375 0.48280625 0.3805578125 0.48445 0.386271875 0.474715625 0.3877359375 0.4099875 0.39344999999999997 0.391909375 0.3937984375 0.3778765625 0.399790625 0.337546875 0.4046 0.3233875 0.41554062500000005 0.3073328125 0.418396875 0.3037921875 0.425575 0.2950703125 0.41177656249999994 0.3011375
3 0.41421562500000003 0.34058125 0.4062015625 0.3570171875 0.382996875 0.47357812499999996 0.38397187499999996 0.483059375 0.3979796875 0.49165625 0.40822343749999995 0.49077187499999997 0.413728125 0.487990625 0.41986093750000003 0.36257968749999997 0.42000000000000004 0.3551203125 0.4181875 0.3428578125 0.41421562500000003 0.34058125
1 0.44892031250000003 0.3259171875 0.4399296875 0.3356515625 0.432125 0.357521875 0.42222968749999995 0.4135265625 0.41533125000000004 0.4750953125 0.41442500000000004 0.49519531250000004 0.42285781250000004 0.502275 0.43275312499999996 0.50391875 0.4429265625 0.4984828125 0.44564531250000006 0.49355312500000004 0.45073125 0.42503124999999997 0.451359375 0.39987343750000004 0.45763125000000004 0.34715625 0.45825781250000003 0.3433625 0.4684328125 0.31719375 0.44892031250000003 0.3259171875
2 0.487665625 0.330215625 0.48132343750000006 0.330215625 0.4777 0.33249062500000004 0.474425 0.3384328125 0.46871093750000004 0.354740625 0.45672499999999994 0.42060624999999996 0.448640625 0.491403125 0.450453125 0.5060687500000001 0.4522640625 0.5115046875 0.472334375 0.518078125 0.477421875 0.5103671875 0.47951249999999995 0.45979843750000005 0.49121875 0.3500625 0.49121875 0.34171874999999996 0.490034375 0.334134375 0.487665625 0.330215625
2 0.4915671875 0.3453859375 0.4782578125 0.5060687500000001 0.47972187499999996 0.5211125 0.48188125 0.5237671875000001 0.491915625 0.5283187500000001 0.5167937499999999 0.5302156250000001 0.5167937499999999 0.49241406249999997 0.5149828125 0.4740828125 0.5138671875 0.4381796875 0.508153125 0.38394375 0.5005578125000001 0.3453859375 0.49951249999999997 0.3434890625 0.4973515625 0.34083437499999997 0.4915671875 0.3453859375
2 0.5445296875000001 0.328571875 0.529059375 0.45954531249999997 0.5212546875 0.49329999999999996 0.5194421874999999 0.5128953125 0.5194421874999999 0.5314796875 0.544390625 0.535778125 0.5536578125 0.530846875 0.5560968749999999 0.5237671875000001 0.5566546875 0.4084703125 0.5514984375 0.36169375000000004 0.5506624999999999 0.3523390625 0.5488500000000001 0.34045468749999996 0.5445296875000001 0.328571875
2 0.5707312499999999 0.377496875 0.5668296875000001 0.38836875000000004 0.56236875 0.429709375 0.5584671875 0.5233875 0.5677359375 0.5293296875 0.5773515625 0.5276859375 0.5836234375 0.5211125 0.5845296875 0.5085968750000001 0.5782578125 0.3796453125 0.5773515625 0.3753484375 0.5740765624999999 0.374209375 0.5707312499999999 0.377496875
1 0.5947734375 0.3566375 0.5917765625 0.46712968750000006 0.587875 0.498103125 0.5896859375 0.5117578125 0.59205625 0.5188375 0.60041875 0.5198484375 0.60975625 0.5165609375 0.61484375 0.5089765625 0.6163765625 0.4959546875 0.61121875 0.44146718749999997 0.60885 0.3833125 0.60236875 0.3386859375 0.60041875 0.3245265625 0.5993734374999999 0.3175734375 0.5947734375 0.3566375
3 0.6308703125 0.33122656250000004 0.6257843750000001 0.34058125 0.6206968749999999 0.4967125 0.6234140625 0.5037921875 0.633309375 0.5054359374999999 0.6423 0.5011375 0.6468296875 0.49013906250000006 0.638815625 0.35676406250000003 0.637421875 0.344121875 0.6351218750000001 0.3318578125 0.6308703125 0.33122656250000004
3 0.66320625 0.3179515625 0.65958125 0.31858437500000003 0.656028125 0.3228828125 0.6500343749999999 0.3490515625 0.6457843750000001 0.46662499999999996 0.6487812500000001 0.48836874999999996 0.6524046875 0.49329999999999996 0.658396875 0.4943109375 0.6712890625 0.4900125 0.6742859375 0.48394375 0.6710109375 0.3359046875 0.669546875 0.3228828125 0.6677359375 0.3195953125 0.66320625 0.3179515625
4 0.6889890624999999 0.3453859375 0.6835546875 0.41390625 0.6752609374999999 0.45651093749999994 0.6740062499999999 0.47104999999999997 0.6767937500000001 0.4810359375 0.6842515625 0.4764859375 0.6905218750000001 0.4764859375 0.6957484375 0.473325 0.70599375 0.47104999999999997 0.71351875 0.465234375 0.7137984375 0.4592921875 0.70926875 0.4244 0.7089890624999999 0.40758593750000005 0.7117765625 0.3767390625 0.7114984375 0.3386859375 0.709546875 0.323640625 0.7067593750000001 0.331353125 0.7027875 0.373578125 0.700278125 0.3785078125 0.6987453125 0.3781296875 0.70041875 0.3322375 0.7007671875 0.326421875 0.7005578125 0.3204796875 0.6889890624999999 0.3453859375
4 0.719025 0.4179515625 0.7147734375 0.46017656249999994 0.719025 0.4633375 0.74745625 0.44424843750000004 0.7489890625 0.43527187500000003 0.743275 0.412515625 0.743971875 0.36131406250000003 0.7414640625 0.353603125 0.7412546875 0.344121875 0.74 0.3409609375 0.737003125 0.34273125000000004 0.734215625 0.3581546875 0.7280140625 0.370796875 0.72188125 0.342225 0.7204875000000001 0.3353984375 0.7162375 0.3340078125 0.719025 0.4179515625
