4 0.43475 0.768059375 0.43703281250000003 0.7630796875 0.43652499999999994 0.760084375 0.43430625 0.756321875 0.42796406249999996 0.755103125 0.4156625 0.7545796874999999 0.408434375 0.7525953125 0.400253125 0.7421453125 0.38801562500000003 0.7411359375 0.38395625 0.73465625 0.3753328125 0.7369203125 0.356753125 0.7468828125 0.3440078125 0.7593171875 0.33950468749999996 0.7707765625 0.37305 0.760084375 0.38300625 0.76729375 0.3898546875 0.7750265625 0.392390625 0.7824109375 0.39346875 0.7849875 0.39258125 0.7892375 0.40754531250000003 0.7804953125 0.42568124999999996 0.774015625 0.43475 0.768059375
4 0.294103125 0.74085625 0.2902984375 0.742946875 0.29086875 0.745315625 0.2968296875 0.74771875 0.31097031249999996 0.74771875 0.3681671875 0.7351796875 0.3942921875 0.73009375 0.42695 0.728596875 0.44489531250000003 0.723196875 0.44977812500000003 0.719609375 0.45034843750000003 0.71574375 0.44977812500000003 0.7121562499999999 0.44001250000000003 0.7037625000000001 0.4459734375 0.6974921875 0.445403125 0.6918140625 0.4307546875 0.681365625 0.42308124999999996 0.6786484374999999 0.4062140625 0.6810515625 0.380659375 0.6894109375 0.3501578125 0.69599375 0.32130625 0.7034828125 0.30012656249999997 0.7154296875 0.285415625 0.728875 0.285415625 0.7315921875 0.289790625 0.7348656250000001 0.2946734375 0.7345531249999999 0.332784375 0.7127484374999999 0.3507296875 0.7094734375 0.35783125 0.709753125 0.3599875 0.7110421875 0.35719687499999997 0.7133406250000001 0.354090625 0.7150125 0.3436265625 0.7237890625000001 0.3278375 0.731278125 0.311540625 0.7354578125 0.294103125 0.74085625
4 0.2685484375 0.6955421875 0.269309375 0.6984671875 0.2738109375 0.699721875 0.2851609375 0.6984671875 0.377425 0.678753125 0.418959375 0.6795546875 0.4344953125 0.6779171875000001 0.4401390625 0.675409375 0.44089999999999996 0.6733546875 0.43481249999999994 0.6675375 0.43975937500000006 0.663984375 0.43823749999999995 0.6600484375 0.42992968749999994 0.6509234375 0.4329734375 0.6413796875 0.43481249999999994 0.6299546874999999 0.43259375 0.6282828125 0.42650625 0.6268546875000001 0.4102734375 0.6264375 0.37057656250000004 0.637653125 0.31312656250000004 0.6448968749999999 0.289346875 0.6540234375 0.26474375 0.667746875 0.257578125 0.6706375 0.255675 0.675409375 0.257196875 0.6760359375 0.2613828125 0.6760359375 0.27685468750000003 0.6712640624999999 0.29955625 0.662975 0.3146484375 0.6587953125 0.33544687500000003 0.6573671875 0.3501578125 0.6586203125 0.3516796875 0.661303125 0.3505390625 0.66419375 0.3176921875 0.6762453125000001 0.28744375 0.68620625 0.27159218749999997 0.6903515625 0.2685484375 0.6955421875
3 0.371528125 0.602646875 0.3062140625 0.61818125 0.24578281249999998 0.6313484375 0.2414078125 0.63434375 0.2424859375 0.6370250000000001 0.24578281249999998 0.6388359375 0.2523140625 0.639115625 0.3034875 0.635528125 0.380215625 0.6280734375 0.4177546875 0.625984375 0.42916875 0.62358125 0.43081875 0.616996875 0.43519375 0.6113203125 0.43519375 0.6080453125 0.4329734375 0.6053296875 0.4226375 0.60115 0.421053125 0.595471875 0.41991093749999997 0.5942875 0.41502812499999997 0.5912921875 0.408496875 0.5907 0.40088749999999995 0.591884375 0.371528125 0.602646875
3 0.328471875 0.5745390625 0.2653765625 0.583803125 0.25447031249999996 0.587390625 0.25282187500000003 0.59160625 0.255040625 0.594565625 0.26265 0.5972828125 0.2822453125 0.5957859375 0.3094484375 0.592790625 0.3442609375 0.59160625 0.3894734375 0.594565625 0.41559999999999997 0.593975 0.4259359375 0.5921984375 0.43081875 0.5907 0.434115625 0.58589375 0.436271875 0.57903125 0.43519375 0.5763499999999999 0.4194046875 0.570671875 0.4178828125 0.5671546875 0.4166765625 0.5649953125 0.412871875 0.563496875 0.4025359375 0.563496875 0.371528125 0.569453125 0.328471875 0.5745390625
1 0.28300625 0.544896875 0.2487 0.549390625 0.243246875 0.5550671875 0.24489531250000002 0.556565625 0.2634109375 0.559246875 0.39454687499999996 0.56516875 0.42967656249999997 0.563915625 0.44483125 0.56060625 0.446734375 0.5552078125000001 0.443690625 0.54918125 0.4361453125 0.5464640625 0.43430625 0.5440265625 0.43265624999999996 0.54249375 0.42504687499999994 0.5404046874999999 0.41521875 0.5395328125 0.3755234375 0.540125 0.28300625 0.544896875
2 0.278440625 0.5207937499999999 0.2771078125 0.5225359375 0.2811671875 0.5248 0.31699375 0.531765625 0.372353125 0.536015625 0.3836390625 0.5357359374999999 0.4322125 0.5372343749999999 0.43715937499999996 0.536746875 0.43944218749999997 0.5339953125 0.4398859375 0.5315218749999999 0.4366515625 0.521003125 0.435828125 0.5177984375 0.41585312500000005 0.5177984375 0.38865 0.519053125 0.290234375 0.519053125 0.278440625 0.5207937499999999
2 0.31553593750000003 0.5031703125 0.302790625 0.5049109374999999 0.30691250000000003 0.50790625 0.32821875 0.511878125 0.43658906249999996 0.5173453125 0.438428125 0.51410625 0.43772968749999996 0.5008015625 0.43753906249999996 0.49843281250000004 0.43798281250000004 0.496690625 0.4216234375 0.497421875 0.40031718749999995 0.4999296875 0.31553593750000003 0.5031703125
2 0.29778125 0.48962031250000004 0.300253125 0.49049062499999996 0.32454062499999997 0.49272031250000003 0.3903609375 0.4941140625 0.41147812500000003 0.49585468749999995 0.4391890625 0.4972484375 0.439821875 0.49324218750000004 0.43823749999999995 0.486171875 0.431325 0.4799375 0.429740625 0.47854374999999993 0.306278125 0.48477812499999995 0.29778125 0.48686875 0.2965125 0.488053125 0.29778125 0.48962031250000004
2 0.27951875 0.47460781250000006 0.27951875 0.47683749999999997 0.28135625000000003 0.477846875 0.2999359375 0.478090625 0.36569375000000004 0.47533906249999996 0.395625 0.4750953125 0.4318953125 0.47659375 0.432340625 0.47234375 0.4364609375 0.465865625 0.43601718749999996 0.4629046875 0.43373437499999995 0.460396875 0.4283453125 0.4569484375 0.4259984375 0.455415625 0.3974640625 0.4574015625 0.31762812500000004 0.465378125 0.284971875 0.47136875 0.27951875 0.47460781250000006
1 0.2356375 0.44134375 0.2361453125 0.44402656250000005 0.24216875 0.449425 0.2492078125 0.450609375 0.3009515625 0.45360468750000005 0.3766015625 0.45419687499999994 0.41414062500000004 0.45360468750000005 0.4201015625 0.449425 0.42175 0.44642968749999995 0.43157968750000003 0.4419359375 0.43157968750000003 0.43925468749999996 0.42612500000000003 0.4335765625 0.41578906250000003 0.43026875000000003 0.40608750000000005 0.42897968750000004 0.4027265625 0.4284921875 0.3939765625 0.4284921875 0.296575 0.4347609375 0.23995000000000002 0.43716406250000006 0.2356375 0.44134375
3 0.24914375 0.4047375 0.2459734375 0.40623437500000004 0.245021875 0.4082203125 0.24825624999999998 0.41045 0.275459375 0.417171875 0.339378125 0.42490468750000004 0.379771875 0.42814375 0.38566875 0.430128125 0.395625 0.43187031249999996 0.4033609375 0.43113906249999995 0.406975 0.42964062500000005 0.4105890625 0.42417343750000003 0.41376093750000004 0.421909375 0.423271875 0.41818125000000006 0.42695 0.4149421875 0.42555468750000003 0.410971875 0.4196578125 0.4037265625 0.4151546875 0.4012546875 0.40786249999999996 0.40024375 0.4038046875 0.40024375 0.3747625 0.4014984375 0.33804687499999997 0.4042140625 0.2622703125 0.4037265625 0.24914375 0.4047375
3 0.2422328125 0.3648546875 0.23297343750000002 0.366353125 0.231325 0.3696625 0.2324671875 0.371159375 0.24388125 0.374434375 0.2770453125 0.378334375 0.3461640625 0.3905953125 0.3837671875 0.40195 0.39625937499999997 0.40431875 0.404946875 0.40404062500000004 0.40824375 0.40313437499999993 0.413696875 0.3986421875 0.4185796875 0.3902828125 0.4185796875 0.38669375 0.4142046875 0.37920625 0.413696875 0.37203125 0.4035515625 0.36767656249999997 0.3979078125 0.367571875 0.38275156250000003 0.3695921875 0.3622703125 0.36990625 0.2701328125 0.36534374999999997 0.2422328125 0.3648546875
4 0.3278375 0.3414140625 0.320228125 0.3411 0.3011421875 0.338140625 0.2766640625 0.3306515625 0.25764062499999996 0.3217 0.23912499999999998 0.3177984375 0.246734375 0.32438125 0.26309375 0.332740625 0.2766640625 0.340821875 0.2908046875 0.3468125 0.304946875 0.3504 0.3501578125 0.3572625 0.35719687499999997 0.3590390625 0.376284375 0.3662140625 0.39099531249999997 0.369209375 0.400190625 0.370115625 0.40456562500000004 0.3698015625 0.4116671875 0.36893125000000004 0.4149015625 0.36743281250000004 0.41712187500000003 0.363253125 0.41655 0.3468125 0.4192765625 0.34200624999999996 0.424159375 0.33664218749999997 0.424159375 0.3330546875 0.4192765625 0.3285609375 0.42308124999999996 0.322884375 0.4149015625 0.31720625 0.400190625 0.31480312499999996 0.384971875 0.3166140625 0.3588453125 0.3177984375 0.31477499999999997 0.3106234375 0.2657578125 0.2974578125 0.25275781249999996 0.2929984375 0.2494609375 0.2941828125 0.2494609375 0.296865625 0.2538359375 0.3037625 0.30336093750000004 0.321978125 0.313253125 0.32504374999999996 0.3261890625 0.3302328125 0.3331015625 0.33232343750000004 0.33715937500000004 0.335596875 0.33544687500000003 0.3396375 0.3278375 0.3414140625
4 0.266075 0.261371875 0.30088750000000003 0.2832109375 0.3923265625 0.3175890625 0.4070390625 0.3199578125 0.4168671875 0.3196796875 0.4211796875 0.3175890625 0.42447656250000004 0.3119125 0.424984375 0.3091953125 0.43100781250000003 0.30741874999999996 0.43316406250000006 0.302334375 0.43316406250000006 0.29815468749999996 0.431515625 0.2924765625 0.4391890625 0.2888890625 0.4418515625 0.2810875 0.4418515625 0.2778125 0.42828125000000006 0.26973125 0.3700703125 0.25896875 0.319975 0.2455234375 0.2954984375 0.2404390625 0.286746875 0.23984687500000001 0.2829421875 0.24103124999999997 0.28135625000000003 0.243434375 0.2818640625 0.24583750000000001 0.3281546875 0.264959375 0.34121718749999996 0.27154375000000003 0.3499046875 0.2781265625 0.350475 0.2828984375 0.34825625 0.2840828125 0.345021875 0.2840828125 0.2949265625 0.2664578125 0.269371875 0.2580984375 0.2644265625 0.257784375 0.266075 0.261371875
4 0.362396875 0.2299890625 0.3591625 0.2308953125 0.325428125 0.222221875 0.342803125 0.2464296875 0.3547875 0.2547890625 0.37818593749999996 0.2568796875 0.39289843750000003 0.2547890625 0.4 0.25179375 0.4048828125 0.247021875 0.407609375 0.24252812499999998 0.4211796875 0.24103124999999997 0.4266328125 0.23925468749999998 0.42828125000000006 0.2368515625 0.42828125000000006 0.2311734375 0.42555468750000003 0.2260890625 0.4114140625 0.21772968750000002 0.3771078125 0.20156718749999997 0.37691875 0.203134375 0.3771078125 0.20456249999999998 0.3776796875 0.21055312499999998 0.37545937500000004 0.21772968750000002 0.36785 0.2273078125 0.362396875 0.2299890625
4 0.632846875 0.2709859375 0.64476875 0.271578125 0.6643625 0.2745734375 0.669309375 0.2745734375 0.6708937500000001 0.2724828125 0.669309375 0.26649218750000003 0.6464171875 0.25245625 0.6219406249999999 0.2404734375 0.608878125 0.23660781250000001 0.6017750000000001 0.23660781250000001 0.5979703125 0.2449671875 0.5920093750000001 0.24705625000000003 0.587128125 0.2479625 0.583259375 0.2521421875 0.5740640625 0.252734375 0.57786875 0.2584109375 0.5794546875 0.26321875 0.5707671875 0.2676765625 0.574571875 0.2724828125 0.5849078125 0.2781609375 0.6083062499999999 0.285928125 0.6366515625 0.29160624999999996 0.6542171875 0.2938 0.649778125 0.2896546875 0.6460375 0.2865546875 0.6311984374999999 0.2784390625 0.6279015625000001 0.27398125 0.628471875 0.271578125 0.632846875 0.2709859375
4 0.628090625 0.2917453125 0.617628125 0.2892375 0.5940390625 0.2852671875 0.5097015625 0.268059375 0.5024093749999999 0.268546875 0.49289843749999995 0.2702890625 0.487 0.27206562500000003 0.4842734375 0.2742953125 0.4842734375 0.2755484375 0.48655625 0.27854375 0.47660156249999996 0.2822703125 0.47025937500000003 0.291221875 0.4724796875 0.29595937499999997 0.4842734375 0.3051890625 0.4933421875 0.30717500000000003 0.564553125 0.306165625 0.6190234375 0.3066875 0.6339890625 0.3051890625 0.638046875 0.30320468749999996 0.636715625 0.2989546875 0.63215 0.2982234375 0.5990484375 0.29721406250000004 0.5913125 0.296203125 0.58998125 0.295228125 0.59086875 0.2929640625 0.5940390625 0.2922328125 0.61350625 0.293034375 0.6194671875 0.293975 0.628090625 0.295471875 0.6317062499999999 0.29498437499999997 0.6325937500000001 0.29421875000000003 0.628090625 0.2917453125
4 0.6088140625 0.313375 0.6042484375 0.31260937499999997 0.5861125 0.31260937499999997 0.5466703125000001 0.3156046875 0.539378125 0.3153609375 0.5062781249999999 0.30989218749999997 0.4913125 0.30888125 0.47951875 0.3106234375 0.47089375 0.3151171875 0.4663921875 0.32232656249999997 0.476790625 0.3265765625 0.4659484375 0.34151875 0.46727968750000004 0.34475781250000004 0.4727328125 0.35224687499999996 0.48091249999999997 0.3559734375 0.49587812500000006 0.35621718750000003 0.5253015624999999 0.35224687499999996 0.5480031249999999 0.34824062499999997 0.5788203125 0.34674375 0.6042484375 0.3437484375 0.622384375 0.3387671875 0.62916875 0.334309375 0.632340625 0.329815625 0.6318953125 0.3228484375 0.621053125 0.33155625 0.601078125 0.335528125 0.5729234375 0.3365375 0.5620796875 0.33580625 0.558909375 0.33354218750000003 0.558909375 0.33082500000000004 0.5616359375 0.3285609375 0.5675328125 0.3265765625 0.6046921875 0.320340625 0.60741875 0.31985312499999996 0.6097015625 0.319365625 0.611034375 0.3175890625 0.611034375 0.3153609375 0.6088140625 0.313375
3 0.6469875 0.36398437499999997 0.64305625 0.361859375 0.5301203125 0.3586203125 0.47260625 0.354684375 0.46740624999999997 0.36004843750000004 0.461509375 0.3708109375 0.47653749999999995 0.3758265625 0.4739375 0.38122656250000003 0.474571875 0.38589375000000004 0.47850312500000003 0.3890984375 0.490234375 0.391640625 0.5216234375 0.390909375 0.635003125 0.37753437500000003 0.639821875 0.376559375 0.6469875 0.3740515625 0.6495875 0.37046250000000003 0.6495875 0.3665265625 0.6469875 0.36398437499999997
3 0.6514265625 0.3882625 0.552821875 0.3886453125 0.5259984375 0.3882625 0.4979078125 0.38540625 0.4822453125 0.38613749999999997 0.47051406250000005 0.39042187500000003 0.46854843749999997 0.3954375 0.47178125 0.399025 0.48750781249999997 0.4058515625 0.4790109375 0.41588281250000003 0.4855421875 0.419121875 0.5149015625 0.421978125 0.576284375 0.415534375 0.6474953125 0.409334375 0.6546609375 0.4087078125 0.6585921875 0.4080109375 0.6690546875 0.40261250000000004 0.6742546875000001 0.39616875 0.6514265625 0.3882625
1 0.6469875 0.41957500000000003 0.57786875 0.4168578125 0.5228921875 0.41417656249999996 0.494609375 0.4109015625 0.4913765625 0.413584375 0.4701328125 0.4228484375 0.470640625 0.4249390625 0.494103125 0.43838437499999994 0.509321875 0.441971875 0.539759375 0.4390109375 0.58605 0.43660781249999997 0.6710203124999999 0.428665625 0.6816734375 0.4260890625 0.6896 0.42417343750000003 0.697653125 0.4225359375 0.697653125 0.42135156250000005 0.6954343749999999 0.41985312500000005 0.6469875 0.41957500000000003
2 0.6418515625000001 0.44810156250000005 0.5721625 0.44364375 0.5248578125 0.44364375 0.4872546875 0.44033437500000006 0.47964531250000003 0.4421453125 0.47368437500000005 0.4501921875 0.4720359375 0.4570875 0.47533281250000003 0.4690359375 0.48947343749999994 0.4773953125 0.49816093749999996 0.4777078125 0.5036140625 0.4762109375 0.5112234375 0.46635312500000003 0.5199109375 0.46454218750000004 0.6151546875 0.4612671875 0.6440078125 0.458271875 0.6565624999999999 0.4540921875 0.659796875 0.45231562500000005 0.6625234375 0.447509375 0.660875 0.446325 0.655484375 0.447509375 0.6418515625000001 0.44810156250000005
2 0.6663921875 0.47192656250000004 0.5214328125 0.4697671875 0.49467343750000003 0.46687500000000004 0.472415625 0.4686875 0.4620171875 0.470846875 0.46068437500000003 0.4973875 0.49923906249999994 0.49665625 0.5599234375 0.49090937500000004 0.5939125 0.48589374999999996 0.6504125000000001 0.48021562500000003 0.6585921875 0.47945000000000004 0.6670890625 0.477290625 0.6689921875 0.4755140625 0.6689921875 0.47297031250000005 0.6663921875 0.47192656250000004
2 0.6538359375 0.51118125 0.6264421875 0.5068625 0.55783125 0.502578125 0.522575 0.5011140625 0.46252343749999997 0.5004187499999999 0.45986093749999996 0.517625 0.4677234375 0.5273078124999999 0.4762203125 0.5283875 0.572225 0.5237203125 0.6107796875 0.5201328125 0.64996875 0.51835625 0.65256875 0.5180078124999999 0.6565000000000001 0.516928125 0.6577671875 0.5151171875 0.6571343749999999 0.513340625 0.6538359375 0.51118125
2 0.5881421875 0.5344828125000001 0.4772984375 0.5277609375 0.4709578125 0.532428125 0.47254218750000004 0.551340625 0.47907343750000003 0.553884375 0.4921375 0.5535 0.524159375 0.549215625 0.5665828125 0.5484843749999999 0.6051359374999999 0.545628125 0.6057703125 0.545628125 0.6097015625 0.5438171875 0.6103359375 0.53988125 0.6077359375 0.5366421875 0.5881421875 0.5344828125000001
1 0.6201015625 0.5671890625 0.5346234375 0.55343125 0.4960046875 0.5561125 0.4720359375 0.56419375 0.46823125 0.5659703125 0.46823125 0.5689656249999999 0.47964531250000003 0.5779515625 0.48998125000000003 0.5818187499999999 0.514521875 0.5827234375 0.551490625 0.58213125 0.6750796875 0.5836296875 0.693215625 0.582828125 0.7019656249999999 0.5822015625 0.7109703125 0.5803203124999999 0.7104625 0.57823125 0.6201015625 0.5671890625
3 0.5071656250000001 0.568721875 0.5001265625 0.5696265625 0.491946875 0.5717171875 0.500634375 0.58279375 0.5017125 0.5848828125 0.5012046875 0.5860671875000001 0.494103125 0.587565625 0.47780625 0.59355625 0.476728125 0.60073125 0.4837671875 0.6045984375 0.49955625000000003 0.60759375 0.5355109375 0.6096828125 0.5877609374999999 0.61508125 0.62473125 0.6165453125 0.64654375 0.616265625 0.6568796875 0.6135843750000001 0.6611921875 0.61149375 0.6655671875 0.6036921875 0.66391875 0.599234375 0.65954375 0.59501875 0.656309375 0.5932421875 0.6448953125 0.5890625 0.621496875 0.58328125 0.6105890625 0.5803906249999999 0.5577671875 0.5743984375 0.5447046875 0.569940625 0.5311343749999999 0.5684437499999999 0.5071656250000001 0.568721875
3 0.6500953125 0.6238937499999999 0.6386171875 0.6206203125 0.5336078125 0.6053640625 0.4987953125 0.60236875 0.491121875 0.603865625 0.48681093750000004 0.60595625 0.48459062499999994 0.61313125 0.48573281250000006 0.6179375 0.4726703125 0.6218046875 0.471528125 0.6251125 0.4726703125 0.628109375 0.48243437499999997 0.6358765625 0.49169375000000004 0.63824375 0.5112875 0.6385578125 0.5292328125 0.6358765625 0.552125 0.6361546875 0.60653125 0.633159375 0.6387437499999999 0.632984375 0.6457203125000001 0.63288125 0.647875 0.6325671875000001 0.6506031250000001 0.6310687500000001 0.6522515624999999 0.6266109375 0.6500953125 0.6238937499999999
4 0.6409640624999999 0.6576109375 0.6382375 0.65635625 0.6201015625 0.6513765625 0.5987953125 0.6484156249999999 0.5679140625 0.6454203125 0.5212421875000001 0.6376875 0.5035515625 0.6366765625 0.49219999999999997 0.6379312500000001 0.48719062500000004 0.6416578125 0.48173750000000004 0.649390625 0.48173750000000004 0.6586203125 0.4885859375 0.6651 0.4844640625 0.6698359375 0.48129375 0.6757921875 0.48313281249999995 0.6807734375 0.49581406250000004 0.6852671875 0.5157890625 0.6860328124999999 0.5539 0.6802859375 0.6251109375 0.683525 0.6409640624999999 0.685021875 0.6422953125 0.6822703125 0.6414078125 0.677534375 0.639125 0.676559375 0.6205453125 0.67331875 0.58744375 0.6705671875 0.5715921875000001 0.6648546875 0.5701968749999999 0.6628359374999999 0.5701968749999999 0.6603625 0.5738109375 0.6578546875 0.5774890625 0.65635625 0.5851609375 0.65538125 0.602853125 0.65538125 0.621053125 0.6567390625 0.6259984375000001 0.6573671875 0.632340625 0.6593515625 0.63868125 0.6603625 0.6409640624999999 0.6593515625 0.6409640624999999 0.6576109375
4 0.64483125 0.69355625 0.63215 0.6910828125 0.597653125 0.6880875 0.54914375 0.687078125 0.5246671875 0.6876 0.501078125 0.6895859375 0.49061562500000006 0.69258125 0.48744375 0.6950546875 0.4838296875 0.699546875 0.4838296875 0.703796875 0.48522499999999996 0.7077671875 0.4942921875 0.7155 0.5033609375 0.716753125 0.501521875 0.722709375 0.501965625 0.7246953125 0.5092578125 0.7282124999999999 0.5178828125 0.727934375 0.5360171874999999 0.7257046875000001 0.555040625 0.7202375 0.58135625 0.7147328125 0.6017750000000001 0.71149375 0.6452765625 0.71003125 0.65345625 0.709265625 0.65345625 0.7067921875 0.6516796874999999 0.7052937499999999 0.6471140625 0.703796875 0.6339890625 0.7042843750000001 0.5990484375 0.703796875 0.5876984375000001 0.7022984375 0.5772984375 0.700034375 0.5876984375000001 0.69731875 0.595878125 0.6970734375000001 0.6381109375 0.69811875 0.6435 0.69829375 0.649396875 0.700034375 0.6666453125 0.7142453125 0.657578125 0.7008015624999999 0.64483125 0.69355625
4 0.5983515625 0.714525 0.58738125 0.717659375 0.580215625 0.72243125 0.5768546875 0.730303125 0.5889031250000001 0.73385625 0.58135625 0.7411 0.583259375 0.7421453125 0.5942296875 0.7452796875 0.591565625 0.7487984375 0.594990625 0.7504703125 0.603678125 0.757296875 0.6112234375 0.76043125 0.620671875 0.75896875 0.6391890625000001 0.7533609375 0.6474953125 0.7483796875000001 0.658465625 0.7438171875 0.6675328125 0.738628125 0.6675328125 0.7375828125 0.65694375 0.73531875 0.6565624999999999 0.7344828125 0.6573234375 0.7330203125 0.6675328125 0.7272031250000001 0.649778125 0.7274125 0.6455921874999999 0.7263671875 0.64483125 0.7247296875 0.646353125 0.7197484375000001 0.652440625 0.7149421874999999 0.65694375 0.7122609375 0.6596062500000001 0.7105890625 0.6490171874999999 0.709753125 0.6255546875 0.7103796874999999 0.5983515625 0.714525
