4 0.31268281249999996 0.7556953125 0.3374765625 0.748903125 0.3934046875 0.7390796875000001 0.45060312500000005 0.7324625 0.466328125 0.732253125 0.48027968750000005 0.7280046875 0.477996875 0.7075234375 0.4740640625 0.7032734375 0.473303125 0.6956109374999999 0.46791406249999995 0.6917453124999999 0.4740640625 0.6853703125 0.47019687499999996 0.67854375 0.4585921875 0.6742953125 0.44147187499999996 0.6725875 0.42675937499999994 0.6768375 0.41819843749999996 0.6819578125 0.3824984375 0.696446875 0.3467984375 0.70498125 0.3103359375 0.7233015625 0.30646874999999996 0.7271328125000001 0.30646874999999996 0.7339609375 0.318071875 0.7348312499999999 0.33050156249999996 0.7271328125000001 0.3592265625 0.715221875 0.379390625 0.7101015625 0.3948640625 0.7103796874999999 0.3987953125 0.71435 0.325046875 0.7399515625 0.3072296875 0.7480328125 0.30646874999999996 0.752734375 0.31268281249999996 0.7556953125
3 0.40577031249999995 0.6287359375 0.43874375 0.622675 0.44261249999999996 0.6106234374999999 0.43424218750000004 0.605990625 0.439378125 0.5974578125 0.4336078125 0.5917796875 0.41870624999999995 0.58753125 0.3825625 0.5958203125 0.379771875 0.5964828125 0.2958140625 0.6106234374999999 0.2518078125 0.631209375 0.3578953125 0.63155625 0.40577031249999995 0.6287359375
3 0.273875 0.5769765625 0.2774890625 0.58881875 0.40773593750000003 0.5969703125 0.4216234375 0.596690625 0.432403125 0.5912921875 0.43512968750000003 0.5851265625 0.4391890625 0.5838734375 0.4396328125 0.5779515625 0.4329109375 0.5749906250000001 0.4329109375 0.573284375 0.4346859375 0.57251875 0.43436874999999997 0.5716828125 0.4252375 0.564646875 0.4135703125 0.5619296874999999 0.3940390625 0.5667015625 0.3916296875 0.5670499999999999 0.37045 0.5695578125 0.364171875 0.5670843750000001 0.3327203125 0.566353125 0.273875 0.5769765625
4 0.3336078125 0.6570875 0.3512359375 0.65750625 0.35719687499999997 0.6634625 0.3336078125 0.6735625 0.306278125 0.681575 0.2853515625 0.688540625 0.2905515625 0.69306875 0.30779999999999996 0.69616875 0.3257453125 0.6922671874999999 0.3672796875 0.678265625 0.39353125 0.6788921875 0.400634375 0.6766281249999999 0.4062140625 0.678265625 0.41407812499999996 0.677046875 0.42422343749999997 0.678265625 0.44629062499999994 0.677846875 0.45117343749999994 0.6766281249999999 0.45751406250000004 0.672309375 0.4533921875 0.6651343749999999 0.45903593750000005 0.6550328125 0.45903593750000005 0.647440625 0.45155312500000006 0.641484375 0.445909375 0.6400203125 0.44400781250000004 0.636328125 0.4481296875 0.6332640625 0.45003125 0.625009375 0.44743125 0.6182515625 0.43652499999999994 0.61556875 0.42460312499999997 0.6167890625 0.4103359375 0.619053125 0.3979703125 0.6256359375 0.3859859375 0.6309640625 0.38605 0.631 0.320165625 0.6447578125 0.2703875 0.6743640625 0.2913125 0.6768375 0.3336078125 0.6570875
1 0.3974640625 0.5359812500000001 0.3790734375 0.5385234375 0.36848437500000003 0.5376875 0.34045625 0.5381750000000001 0.306340625 0.53793125 0.266771875 0.5364328125 0.2604953125 0.5411359375 0.27400156249999996 0.5505046874999999 0.3081171875 0.56011875 0.318453125 0.5616156250000001 0.3490171875 0.5630796874999999 0.3687375 0.5655515624999999 0.3902984375 0.5653078125000001 0.399746875 0.5685125 0.41953125 0.56778125 0.4320859375 0.5621031249999999 0.438490625 0.54966875 0.43056406249999996 0.5450359375 0.4296125 0.541796875 0.4164875 0.5375125 0.40469218749999997 0.5359812500000001 0.3974640625 0.5359812500000001
2 0.29670312499999996 0.5137234375 0.3053265625 0.5219437499999999 0.3873171875 0.5365375 0.39816093750000003 0.5398468750000001 0.41014531249999997 0.5406828124999999 0.41610625 0.5398468750000001 0.42175 0.5359453125 0.42726718750000003 0.526296875 0.41610625 0.5168234375 0.3966390625 0.5151859375 0.374953125 0.5151859375 0.326315625 0.51125 0.29670312499999996 0.5137234375
2 0.2953703125 0.493521875 0.3205453125 0.5025078125 0.3564359375 0.5078015625 0.371275 0.5083593750000001 0.3982875 0.512921875 0.4201015625 0.5149421875 0.4242859375 0.51264375 0.4266328125 0.49780625 0.42299218749999995 0.49408124999999997 0.4164875 0.4946703125 0.3892203125 0.4929640625 0.38034218750000004 0.494078125 0.3736203125 0.4929640625 0.36214375 0.49209375 0.3005703125 0.48279375 0.2951171875 0.48679843749999996 0.2953703125 0.493521875
2 0.3648703125 0.471890625 0.31097031249999996 0.46983593749999997 0.29524374999999997 0.4671546875 0.294165625 0.4757921875 0.321115625 0.481365625 0.3794546875 0.48606718750000005 0.38998125 0.48979375 0.3996828125 0.49122187500000003 0.41953125 0.49185 0.4254921875 0.48812187500000004 0.427775 0.4791015625 0.42511093750000006 0.47251875 0.425175 0.47251875 0.4161703125 0.4710546875 0.4135703125 0.471890625 0.40044375 0.470671875 0.3648703125 0.471890625
2 0.3895375 0.46837343750000004 0.397653125 0.4690703125 0.4166765625 0.4690703125 0.42041874999999995 0.46785156250000004 0.42536406250000003 0.460675 0.42504687499999994 0.45775 0.4228921875 0.456565625 0.4194671875 0.4490078125 0.411034375 0.44695156249999995 0.398225 0.44629062499999994 0.381103125 0.448171875 0.30215625 0.450575 0.2896640625 0.45416249999999997 0.2897265625 0.45416249999999997 0.285034375 0.4563921875 0.29435625 0.460153125 0.370196875 0.463915625 0.3895375 0.46837343750000004
1 0.39740000000000003 0.41786874999999996 0.3442609375 0.4156046875 0.3278375 0.41396718750000006 0.307609375 0.41476875 0.2814203125 0.41396718750000006 0.269815625 0.4156046875 0.266075 0.4211421875 0.27089375000000004 0.4273421875 0.3581484375 0.438 0.40120468750000005 0.445628125 0.41877031249999996 0.44479218749999994 0.4318953125 0.438209375 0.434115625 0.4361546875 0.434115625 0.43535312499999995 0.4318953125 0.423825 0.42213124999999996 0.41971406250000004 0.4079265625 0.420759375 0.39740000000000003 0.41786874999999996
3 0.396575 0.38638125 0.38046875 0.38801874999999997 0.2955609375 0.3848484375 0.27127500000000004 0.3865546875 0.2829421875 0.39592499999999997 0.3603046875 0.4081859375 0.371909375 0.4108328125 0.38046875 0.4110421875 0.3992390625 0.41619687499999997 0.40405781249999995 0.4211078125 0.41642343750000005 0.4208984375 0.433290625 0.41288749999999996 0.4329109375 0.41024062499999997 0.43100781250000003 0.40856875 0.43887187499999997 0.4060953125 0.4418515625 0.4034484375 0.44077343750000003 0.400975 0.436271875 0.3985015625 0.43398906249999997 0.3927546875 0.41756562500000005 0.387390625 0.396575 0.38638125
3 0.293278125 0.34535 0.27799687500000003 0.339915625 0.26005 0.3401953125 0.2703875 0.35078437500000004 0.3027265625 0.36631874999999997 0.3279015625 0.3757234375 0.3507921875 0.38063437499999997 0.37818593749999996 0.38334999999999997 0.4118578125 0.39421875 0.41591562499999996 0.393975 0.4239703125 0.39519375 0.4401390625 0.3905265625 0.441090625 0.388784375 0.43475 0.379903125 0.4361453125 0.3784046875 0.4460375 0.37544374999999997 0.44692499999999996 0.37248281250000004 0.441090625 0.3633578125 0.4249203125 0.3557296875 0.401521875 0.3539875 0.3530125 0.35423125 0.32606250000000003 0.351759375 0.293278125 0.34535
4 0.421559375 0.305990625 0.3984140625 0.3063046875 0.35903593749999996 0.3003828125 0.3272671875 0.2894109375 0.31591562500000003 0.2894109375 0.29866875 0.286171875 0.293278125 0.2894109375 0.3013953125 0.297109375 0.312365625 0.29857187500000004 0.33316406249999997 0.30808125 0.367659375 0.3187390625 0.369815625 0.32525312500000003 0.36119218750000004 0.3282125 0.3396328125 0.32466093749999997 0.31433125 0.3140015625 0.2949265625 0.30393593750000003 0.288965625 0.3027515625 0.2835765625 0.304528125 0.284146875 0.31132031250000003 0.2938484375 0.31933125 0.3234625 0.3350046875 0.3956875 0.3521765625 0.41350625 0.36224375000000003 0.4398859375 0.3663875 0.4512359375 0.3601875 0.44800312499999995 0.3509921875 0.4495875 0.34064843749999996 0.4544703125 0.3338203125 0.45554843749999996 0.329396875 0.4614453125 0.3237546875 0.4603671875 0.3222921875 0.45497812499999996 0.31665 0.4592890625 0.310728125 0.4355734375 0.3042140625 0.421559375 0.305990625
4 0.37862968750000003 0.2611640625 0.39740000000000003 0.26826875 0.401965625 0.271125 0.39289843750000003 0.2735984375 0.349525 0.2651 0.3353203125 0.258690625 0.3088140625 0.251584375 0.3094484375 0.2576109375 0.31851562499999997 0.26687500000000003 0.35669062500000004 0.2824796875 0.40646875 0.29421875000000003 0.427140625 0.303796875 0.44140781249999994 0.30950937500000003 0.45694375000000004 0.3070015625 0.46987968750000003 0.302403125 0.47178125 0.2952984375 0.47438125 0.2910140625 0.47958125 0.2860328125 0.477615625 0.2824796875 0.47374687499999996 0.279659375 0.48021562500000003 0.27290156250000003 0.482815625 0.2679203125 0.48928281250000005 0.2651 0.4821171875 0.2583421875 0.47178125 0.25405781250000004 0.460178125 0.2554859375 0.4472421875 0.251584375 0.42650625 0.25015624999999997 0.4097015625 0.25088750000000004 0.3857953125 0.24625625 0.3392515625 0.2334734375 0.33918906249999997 0.2334734375 0.319784375 0.2334734375 0.33012031249999996 0.24413125 0.34438749999999996 0.251584375 0.37862968750000003 0.2611640625
4 0.463728125 0.1793109375 0.45091875000000003 0.172275 0.44089999999999996 0.1703234375 0.4362078125 0.174190625 0.43589062500000003 0.17878750000000002 0.45415312500000005 0.18669375 0.46708906250000004 0.197353125 0.4655046875 0.2068265625 0.458465625 0.2044578125 0.4487640625 0.19498437500000002 0.44121718750000005 0.18523125000000001 0.43043750000000003 0.181678125 0.4196578125 0.183734375 0.4185796875 0.192615625 0.43424218750000004 0.220759375 0.4407109375 0.2263671875 0.44178750000000006 0.23702499999999999 0.4444515625 0.245315625 0.45523125000000003 0.2547890625 0.47197187500000004 0.25715781249999997 0.481103125 0.2595265625 0.4827515625 0.2559734375 0.5043124999999999 0.24886875000000003 0.5112875 0.24294687499999998 0.510209375 0.24148437500000003 0.5166765625 0.240578125 0.5231453125 0.2364328125 0.523715625 0.23465625 0.533925 0.23465625 0.535003125 0.228109375 0.532340625 0.22044531250000002 0.5140140625 0.2101015625 0.49296093750000003 0.200034375 0.48484531249999996 0.193034375 0.463728125 0.1793109375
4 0.5745078125 0.2495296875 0.5609390624999999 0.24420000000000003 0.544134375 0.24064843749999998 0.5259984375 0.239603125 0.5111609374999999 0.2438515625 0.5085609375 0.25060937499999997 0.513696875 0.25060937499999997 0.51350625 0.25245625 0.4968921875 0.26408906249999997 0.495625 0.272275 0.5104625 0.2840125 0.5266328125 0.28791406249999996 0.5486359375000001 0.284709375 0.5868109375 0.281853125 0.617184375 0.282584375 0.654090625 0.280459375 0.675396875 0.273703125 0.679328125 0.268025 0.6708937500000001 0.2633921875 0.650221875 0.266596875 0.6068484375 0.268025 0.6003796875 0.265865625 0.6062125 0.2623140625 0.6605578125 0.2626953125 0.670259375 0.25949218749999997 0.667659375 0.254859375 0.6605578125 0.25343125 0.6379203125 0.2538140625 0.6017125 0.25060937499999997 0.5745078125 0.2495296875
4 0.48002500000000003 0.3218046875 0.48452812500000003 0.3306515625 0.4878890625 0.3320796875 0.48750781249999997 0.3351796875 0.4859859375 0.3368171875 0.500190625 0.3403 0.5103359375000001 0.33949843749999997 0.524159375 0.3351796875 0.5638546875 0.3308609375 0.5882046875 0.3332984375 0.6057703125 0.3320796875 0.6259984375000001 0.32713281250000004 0.6514265625 0.31933125 0.6603046875 0.314525 0.6607484375 0.3094734375 0.6544078125 0.30762812500000003 0.6207359375 0.31769375 0.5818015625 0.3230234375 0.575459375 0.318321875 0.57698125 0.313375 0.5885859375 0.3096828125 0.6087515625 0.3094734375 0.6289796875 0.30741874999999996 0.6473046874999999 0.3016375 0.66005 0.294253125 0.6653140625 0.28909843749999997 0.6653140625 0.2856140625 0.658528125 0.2843953125 0.6447046875 0.2888890625 0.639821875 0.2929984375 0.6177546875 0.2975265625 0.591565625 0.29919843749999997 0.57431875 0.2993734375 0.55783125 0.29731874999999997 0.53690625 0.291153125 0.5207984375 0.2872515625 0.506975 0.28683437500000003 0.489346875 0.2934171875 0.48484531249999996 0.29919843749999997 0.48465468749999996 0.302090625 0.48452812500000003 0.3020546875 0.4897265625 0.305746875 0.487128125 0.30905625 0.48262499999999997 0.31069375 0.48002500000000003 0.3218046875
3 0.46785 0.3561484375 0.47051406250000005 0.3580984375 0.46829375000000006 0.3623125 0.4772984375 0.3674671875 0.48040625 0.3709515625 0.500190625 0.3729015625 0.5163609375 0.369453125 0.5338625 0.3667359375 0.583259375 0.3645078125 0.611096875 0.3655171875 0.6268234374999999 0.36206875 0.6488265625 0.35465 0.6398859375 0.3504703125 0.6155999999999999 0.3502265625 0.581040625 0.347509375 0.5455296875 0.3437828125 0.515915625 0.340090625 0.5055796875 0.3359109375 0.49118593749999995 0.3324625 0.484971875 0.333890625 0.48490781250000003 0.33392499999999997 0.46962656249999996 0.338871875 0.47051406250000005 0.34256406250000004 0.46246093750000006 0.34824062499999997 0.46785 0.3561484375
3 0.5076734375 0.4047375 0.5228921875 0.4012546875 0.5620171875 0.400278125 0.6042484375 0.4012546875 0.6258078125 0.4025078125 0.64825625 0.400521875 0.6608109375 0.3877046875 0.6464171875 0.3845 0.626696875 0.378090625 0.5948 0.3778125 0.5655671875 0.3795546875 0.546734375 0.3726578125 0.52650625 0.3726578125 0.4905515625 0.3664921875 0.477996875 0.3657265625 0.46360156249999995 0.370184375 0.45732343750000004 0.37635 0.45643593750000006 0.378996875 0.46499687500000003 0.3884359375 0.4681046875 0.390909375 0.4694359375 0.399303125 0.4842734375 0.40323906249999997 0.5076734375 0.4047375
1 0.5164875 0.4017765625 0.48909375 0.39609843749999996 0.4738109375 0.3965859375 0.45764062499999997 0.40055781250000005 0.4522515625 0.405746875 0.45497812499999996 0.4089515625 0.45497812499999996 0.41880937500000004 0.46480625 0.4261921875 0.48547812500000004 0.43040781250000004 0.5065953125 0.42890937500000004 0.5147109375000001 0.4257046875 0.5843375 0.4247296875 0.6292328125 0.42128125 0.6687375 0.41361875000000003 0.6746984375 0.4103796875 0.674571875 0.4104140625 0.639125 0.4030296875 0.5951171875 0.4008015625 0.538046875 0.40055781250000005 0.5164875 0.4017765625
2 0.4535828125 0.4406125 0.45732343750000004 0.44918125 0.46918125 0.4580640625 0.48484531249999996 0.460153125 0.5025999999999999 0.45983906250000006 0.51610625 0.4566 0.52955 0.4568796875 0.564615625 0.45896875000000004 0.598034375 0.45332656250000003 0.62656875 0.44594218750000003 0.624984375 0.4406125 0.6190234375 0.441796875 0.564615625 0.436746875 0.5333546874999999 0.4361546875 0.5079265625 0.431696875 0.5079906249999999 0.43173125 0.48915625 0.42964062500000005 0.47514218750000003 0.4303375 0.468675 0.4299546875 0.4535828125 0.4406125
2 0.47691875 0.4594921875 0.4739375 0.461128125 0.46721562499999997 0.46032812500000003 0.45897343749999997 0.46154687499999997 0.45409062499999997 0.4646109375 0.4481296875 0.4697671875 0.448509375 0.4886796875 0.4507296875 0.490734375 0.4709578125 0.49157031250000005 0.5034875000000001 0.491153125 0.5207359375 0.488053125 0.5488265625000001 0.4856140625 0.5689921874999999 0.4856140625 0.6041859374999999 0.4829328125 0.6188328125 0.480878125 0.6377296875 0.47321562500000003 0.6180718749999999 0.4681296875 0.5555484374999999 0.46523906249999997 0.515853125 0.46523906249999997 0.50126875 0.4605015625 0.47691875 0.4594921875
2 0.46341093750000006 0.52553125 0.48135625 0.525775 0.5038046875 0.5245203125 0.512809375 0.520096875 0.5500953125 0.5181125 0.5805953125000001 0.51786875 0.6305015625 0.5151515625 0.6389984375 0.512678125 0.6403296875 0.5097171875 0.636334375 0.5067578125 0.6044390625 0.503796875 0.58826875 0.5008359375 0.5455921874999999 0.49864218749999994 0.5186437500000001 0.4988859375 0.5042484375 0.4951578125 0.485415625 0.49418281249999996 0.4557390625 0.4946703125 0.44901718749999997 0.495925 0.446734375 0.5005921875 0.446734375 0.510971875 0.45034843750000003 0.5225703125 0.46341093750000006 0.52553125
2 0.4642359375 0.5295375 0.45377343750000004 0.535284375 0.45485156250000003 0.5377562499999999 0.4496515625 0.5418671875000001 0.45263125000000004 0.5500875 0.46683593749999996 0.55604375 0.4746984375 0.55604375 0.49118593749999995 0.55113125 0.505390625 0.5536046875 0.5218765624999999 0.55113125 0.57691875 0.5451406249999999 0.6012046875 0.5414484374999999 0.618453125 0.5377562499999999 0.620671875 0.536328125 0.60386875 0.52358125 0.58478125 0.5227453125 0.5305015625 0.5272734375 0.515915625 0.5272734375 0.5078 0.5259484375000001 0.5027265625 0.5258093749999999 0.502790625 0.5258453125 0.48522499999999996 0.526053125 0.4739375 0.5272734375 0.4713375 0.5284921875 0.4642359375 0.5295375
1 0.4709578125 0.557784375 0.451046875 0.566596875 0.445403125 0.5758625 0.45180781249999996 0.583246875 0.46563125000000005 0.5884015625 0.4847171875 0.5898296875 0.5098281250000001 0.5865546875 0.5326562499999999 0.5857187500000001 0.5592265624999999 0.5869734375 0.582434375 0.5871828125 0.6071015625 0.58491875 0.6112234375 0.5793453125 0.6235890625 0.5808078125 0.6546609375 0.5768718749999999 0.6629046875 0.574225 0.663284375 0.5717515625 0.6422953125 0.5660046875 0.61350625 0.5618953125 0.5659484375 0.5585859375 0.5273296875 0.557540625 0.5015859375 0.5544765625 0.4996828125 0.5525953125 0.4909328125 0.55113125 0.471275 0.5561125 0.4709578125 0.557784375
3 0.6051359374999999 0.6133046875 0.647178125 0.60529375 0.669309375 0.595228125 0.6374765625000001 0.5925812500000001 0.5960046875 0.5908046875 0.5690546875 0.58784375 0.522828125 0.5843953125 0.5196578125 0.5851265625 0.5055796875 0.5821671875 0.4842734375 0.5804953125 0.4711484375 0.5831765625 0.46480625 0.588121875 0.466265625 0.59265 0.4516796875 0.6022984375 0.450221875 0.6057812499999999 0.45434374999999994 0.61215625 0.461065625 0.616684375 0.4713375 0.6192968750000001 0.48300625 0.61166875 0.4982875 0.61069375 0.518009375 0.613896875 0.5279015625000001 0.6166140625 0.6051359374999999 0.6133046875
3 0.536778125 0.6182171875 0.5318953125 0.61671875 0.5259984375 0.61623125 0.5233359375 0.617240625 0.51255625 0.6152562500000001 0.5031078124999999 0.6118078125 0.4968296875 0.6110421875000001 0.48605 0.6115640625000001 0.481546875 0.6122953125 0.47165468749999995 0.6196796875 0.47349375 0.621665625 0.46537656250000003 0.6258453125 0.45732343750000004 0.637965625 0.46448906250000005 0.6480671874999999 0.47482499999999994 0.6517593749999999 0.481990625 0.652003125 0.48693749999999997 0.6438875000000001 0.5008874999999999 0.6428765624999999 0.514775 0.6448625 0.5300578125000001 0.64461875 0.5983515625 0.638940625 0.60735625 0.638940625 0.616296875 0.6376875 0.628915625 0.6376875 0.6414718749999999 0.6350046875 0.6450859375 0.6330203125 0.6410265625 0.630825 0.6410265625 0.630790625 0.6203546875 0.6278296875 0.5996828125 0.622153125 0.5570062499999999 0.622153125 0.536778125 0.6182171875
4 0.529803125 0.64820625 0.50646875 0.6430515625 0.4948 0.6435390625 0.48801562499999995 0.6447578125 0.48040625 0.6529078125 0.475903125 0.660815625 0.476790625 0.66401875 0.4709578125 0.6677109375 0.472353125 0.6729015625 0.476790625 0.677325 0.48218125 0.6795546875 0.4835765625 0.6822703125 0.476790625 0.68425625 0.474571875 0.6906656250000001 0.4772359375 0.6950890625 0.48579531249999997 0.69829375 0.501078125 0.700034375 0.5105265625000001 0.700278125 0.541915625 0.690421875 0.5594796875 0.6896546875 0.5859859375 0.6931375 0.6142671875 0.6946015625 0.6308812500000001 0.6960984375 0.650665625 0.6938703125 0.64483125 0.6879484375 0.6183265625 0.6822703125 0.58909375 0.6802859375 0.57565 0.6778125 0.569815625 0.6726578125 0.5711484375 0.6682 0.5801515625 0.6654828125 0.5989859375 0.6682 0.617375 0.6743640625 0.6272671875 0.67635 0.638490625 0.6753750000000001 0.6474953125 0.67561875 0.6528859375 0.671159375 0.64388125 0.6652390625 0.624159375 0.6588296875 0.61693125 0.6585859375 0.6052625 0.65586875 0.6032968750000001 0.6533265625 0.5927078125 0.6516890625 0.5711484375 0.6526640625 0.5590359375 0.654371875 0.5504749999999999 0.653884375 0.529803125 0.64820625
4 0.4994921875 0.7227796875 0.4968921875 0.725984375 0.5059609375 0.7330890625 0.4968921875 0.7380359375000001 0.498225 0.741240625 0.5046921875 0.7462203125 0.524096875 0.7490765625 0.5512359375 0.745140625 0.56740625 0.7415890625 0.6003796875 0.7447921875 0.61915 0.7415890625 0.6417875000000001 0.743015625 0.6553578124999999 0.743015625 0.6625234375 0.7398125 0.656690625 0.732009375 0.6340515625 0.7295375 0.6126828125 0.7291531250000001 0.6055796875 0.7295375 0.6140140625 0.7234765624999999 0.6359546875000001 0.7252531249999999 0.64565625 0.7291531250000001 0.6605578125 0.7309296875 0.671528125 0.7277609375 0.651490625 0.7171015625 0.5965125 0.70644375 0.5745078125 0.7053640624999999 0.533671875 0.6977015625 0.5224484375 0.696690625 0.504565625 0.701184375 0.49175625 0.7099968750000001 0.49175625 0.713896875 0.496259375 0.713896875 0.49175625 0.7192265625 0.4994921875 0.7227796875
