4 0.6442609375 0.23410000000000003 0.587571875 0.23984687500000001 0.5513 0.244828125 0.524540625 0.250540625 0.5181359375000001 0.2530484375 0.5213703125 0.2607453125 0.5277109375 0.26523906249999996 0.5389984375 0.2839421875 0.5444515625 0.2901421875 0.5471781250000001 0.291153125 0.55263125 0.29188437500000003 0.5716546874999999 0.2871828125 0.5807234375 0.28018125 0.59346875 0.27446875 0.609765625 0.268478125 0.6324671875 0.2537796875 0.6587828124999999 0.2430859375 0.6175015625 0.25353593750000003 0.58345 0.2669796875 0.57349375 0.26997499999999997 0.568040625 0.27021875 0.5739375 0.263253125 0.5730500000000001 0.2610234375 0.5598609375 0.2562875 0.557196875 0.2545453125 0.558528125 0.25353593750000003 0.6147750000000001 0.2433296875 0.636525 0.240334375 0.662396875 0.23859218750000002 0.6442609375 0.23410000000000003
4 0.6501578125 0.263253125 0.642865625 0.262765625 0.5916296875 0.285440625 0.5762203125 0.29066562500000004 0.5471781250000001 0.2936609375 0.5471781250000001 0.30808125 0.5499046875 0.31184218750000003 0.5481296875 0.3170671875 0.5490171875 0.32427656250000003 0.5562453125 0.332740625 0.5594171875 0.3342390625 0.57438125 0.3337515625 0.607990625 0.3290140625 0.6506031250000001 0.30658281249999997 0.663728125 0.303865625 0.6759671875000001 0.2969 0.6904874999999999 0.286903125 0.7013953125 0.2777078125 0.7064046875 0.2669796875 0.6746359375 0.28192343750000004 0.6369687500000001 0.2973875 0.621559375 0.2983625 0.6175015625 0.29714375 0.620228125 0.29487968750000004 0.621559375 0.29414843749999997 0.6447046875 0.281678125 0.6537734375 0.2724828125 0.652440625 0.2669796875 0.6501578125 0.263253125
4 0.6752687500000001 0.3449671875 0.691565625 0.340996875 0.6974640625 0.3354921875 0.6974640625 0.331765625 0.689790625 0.326053125 0.5582125 0.3330203125 0.5537093750000001 0.3375125 0.5523140625 0.343225 0.5544078125 0.3504359375 0.5564359375000001 0.354928125 0.5587187499999999 0.3564265625 0.5641093749999999 0.3569140625 0.58909375 0.355171875 0.6752687500000001 0.3449671875
3 0.6228281250000001 0.380459375 0.6808500000000001 0.3774640625 0.700825 0.37272656249999997 0.706721875 0.369 0.7053265625 0.3645078125 0.697653125 0.3610234375 0.660875 0.358271875 0.5634109375 0.3558 0.5579578125 0.35802812500000003 0.555675 0.36151093749999996 0.5529484375 0.36924375 0.553075 0.37544374999999997 0.5533921875 0.37920625 0.5543437499999999 0.3829328125 0.55611875 0.38418593749999996 0.5588453125 0.384953125 0.6228281250000001 0.380459375
3 0.6068484375 0.41086718749999995 0.6485734375 0.40811562500000004 0.6902984375 0.41309687500000003 0.688459375 0.4041453125 0.68300625 0.3996515625 0.6648703125 0.3921625 0.6299296875 0.390178125 0.594609375 0.389446875 0.5773625 0.38620625 0.564615625 0.3859625 0.5569437500000001 0.3881921875 0.5483203125 0.39515781250000004 0.5451484375 0.40313437499999993 0.5542171875 0.412853125 0.5551046875 0.4138625 0.5551046875 0.41508124999999996 0.5587187499999999 0.4160921875 0.564615625 0.41584843749999995 0.6068484375 0.41086718749999995
1 0.579328125 0.4476484375 0.6851609375 0.4416234375 0.6957515625 0.43848906249999997 0.7040578125 0.434134375 0.7040578125 0.43166093749999995 0.6984140625 0.429571875 0.6579578125000001 0.42107343750000004 0.60386875 0.41835625 0.5604312499999999 0.41981875 0.55174375 0.42128125 0.54648125 0.42500937499999997 0.5418515625 0.43009375 0.54039375 0.4330890625 0.5407734375000001 0.43765312500000003 0.5438171875 0.4430515625 0.5498421875 0.4449328125 0.579328125 0.4476484375
2 0.5608109375 0.47641875 0.5785671875 0.47349375 0.6844 0.46541249999999995 0.688965625 0.4626953125 0.6866828125 0.460640625 0.6712109374999999 0.45771562499999996 0.5902984375 0.4537796875 0.5774250000000001 0.4508875 0.5453390625 0.44796250000000004 0.5426765625 0.44963437500000003 0.541915625 0.4517234375 0.54305625 0.46583125000000003 0.54305625 0.4678859375 0.5434375 0.469975 0.5457203125000001 0.4728671875 0.550221875 0.475375 0.5608109375 0.47641875
2 0.5835125 0.4973875 0.6594796875 0.49404375 0.67083125 0.49219843750000003 0.6738109375 0.4882625 0.6712109374999999 0.48575468749999995 0.6670265625 0.48387343749999995 0.585415625 0.481190625 0.5710203125 0.478475 0.5457203125000001 0.478475 0.5471140625 0.49251093749999997 0.547621875 0.496134375 0.5483828125 0.49885 0.55174375 0.500696875 0.5668984375 0.5000703125 0.5835125 0.4973875
2 0.643690625 0.5254609375 0.6739375 0.5242078125 0.6913125 0.5221171874999999 0.6864296875 0.51818125 0.6648703125 0.5146640625 0.5911859374999999 0.5069656250000001 0.5783125 0.504075 0.5617 0.5030296875 0.5548515625 0.5036578125 0.5495875 0.5065484375 0.54654375 0.511946875 0.5462265625 0.5182859375 0.5457828124999999 0.5216999999999999 0.545403125 0.524834375 0.5533921875 0.52504375 0.591565625 0.5237890625 0.643690625 0.5254609375
2 0.6791375000000001 0.5462906249999999 0.674571875 0.5432953125 0.5843375 0.5328109375000001 0.5711484375 0.529571875 0.5603046875000001 0.5280734375 0.547559375 0.5273421875000001 0.5433734375 0.5419359375 0.5420421875 0.5479625 0.5403296875 0.5542312500000001 0.66911875 0.5517593749999999 0.6791375000000001 0.5500171875000001 0.6791375000000001 0.5462906249999999
1 0.6790734375 0.58328125 0.706784375 0.57903125 0.6826890624999999 0.5693140624999999 0.570703125 0.5566 0.537159375 0.5591078125 0.5348765625 0.5638453125 0.5353203125 0.568059375 0.539378125 0.572309375 0.539378125 0.57903125 0.5426765625 0.5819578125 0.5556125 0.5840468750000001 0.6459734375 0.5874953125 0.6790734375 0.58328125
3 0.61261875 0.6181125 0.71604375 0.62309375 0.720609375 0.620340625 0.721053125 0.6163359374999999 0.7196578125 0.6143500000000001 0.7101453125 0.6103796874999999 0.6679765625 0.60115 0.63348125 0.5946703125 0.575459375 0.5914312500000001 0.57089375 0.5866953125000001 0.562778125 0.5827234375 0.5568796875 0.5819578125 0.5495875 0.5834546875 0.5455296875 0.5894468749999999 0.5459734375 0.5954375 0.55263125 0.6053296875 0.555484375 0.60888125 0.5609390624999999 0.613375 0.5663921875 0.6163359374999999 0.5790734375000001 0.6173453125 0.61261875 0.6181125
3 0.6020921875 0.6504 0.6914390625 0.654128125 0.7046296875 0.6511312499999999 0.7059609375 0.648659375 0.7046296875 0.6454203125 0.6918828125 0.6361890625 0.6805953125 0.6342046875 0.64565625 0.6334375 0.5898546875 0.6277250000000001 0.556753125 0.6202375 0.5526953125 0.620515625 0.5504125 0.6227453125 0.5485734375 0.6287359375 0.5485734375 0.6334375 0.553075 0.6419718750000001 0.5544703125 0.6454203125 0.556309375 0.649390625 0.5585921875000001 0.6513765625 0.5640453125 0.6516546875 0.6020921875 0.6504
4 0.674128125 0.7621734375 0.67869375 0.7552078125 0.6764109375 0.7422500000000001 0.652821875 0.7243125 0.6274578125 0.7118421875000001 0.6024734375 0.70139375 0.5925171875 0.690178125 0.5729859375 0.6839421875 0.5607484375 0.6839421875 0.5512359375 0.686171875 0.54305625 0.695646875 0.541725 0.70188125 0.5339890625 0.712609375 0.5348765625 0.7233015625 0.5398859375 0.731034375 0.5693718750000001 0.736259375 0.6020296875 0.74820625 0.6274578125 0.760675 0.631959375 0.758446875 0.6337984375 0.754196875 0.6337984375 0.7507140625 0.6287890625 0.7442359374999999 0.6092578125 0.731521875 0.6043125 0.7290484375 0.599746875 0.7252875000000001 0.599746875 0.7233015625 0.6029171875 0.7225703125 0.60475625 0.7228140625 0.6065953125 0.7233015625 0.63785625 0.7342734375 0.65783125 0.7459765625 0.66734375 0.754684375 0.674128125 0.7621734375
4 0.6034875000000001 0.7947062500000001 0.60653125 0.7942875 0.6095125 0.7917796874999999 0.6095125 0.7853359375 0.5928984374999999 0.766875 0.578946875 0.754615625 0.5418515625 0.728875 0.5362078125 0.725775 0.532403125 0.72535625 0.5290421875 0.7303375 0.5169312500000001 0.7361546875 0.509384375 0.7411359375 0.49315156250000003 0.755659375 0.49048749999999997 0.7614765625000001 0.49048749999999997 0.7635671875 0.4927703125 0.7666671875 0.529803125 0.7807734375 0.5698796875000001 0.8011140625 0.57438125 0.80236875 0.5785671875 0.8021593749999999 0.5826890625 0.8007312499999999 0.5755234375 0.7901421875 0.5755234375 0.7872171875 0.5713375 0.7841171874999999 0.5448953125 0.7710203124999999 0.5346859375 0.7681296875 0.5396328125000001 0.7666671875 0.541534375 0.7647859375 0.5433734375 0.76085 0.544134375 0.7562875 0.54299375 0.7502609375 0.5487 0.7537796875 0.5494609374999999 0.75440625 0.575903125 0.772065625 0.5940390625 0.789725 0.5986046875000001 0.7932421875 0.6034875000000001 0.7947062500000001
4 0.421053125 0.7447921875 0.4668984375 0.742040625 0.474571875 0.7383140625 0.48046875 0.7325671875 0.485034375 0.7228484374999999 0.48865 0.7109015624999999 0.48319531250000003 0.706409375 0.475015625 0.7036921875 0.47368437500000005 0.7054343750000001 0.4591625 0.7091609375 0.4410265625 0.7104140625 0.3938484375 0.7106578125 0.36391874999999996 0.71264375 0.35757812499999997 0.7158828125000001 0.3539625 0.7198890625 0.3544078125 0.724625 0.35669062500000004 0.7263671875 0.3653140625 0.7260890625 0.38839531250000003 0.723615625 0.41065312499999995 0.723615625 0.41699374999999994 0.7266109375 0.41699374999999994 0.728596875 0.41382343749999995 0.72960625 0.400190625 0.7315921875 0.3616359375 0.7348312499999999 0.35986093750000003 0.73531875 0.357134375 0.7380703125 0.358021875 0.74054375 0.38478124999999996 0.7443046875 0.421053125 0.7447921875
4 0.3918203125 0.7074890625 0.40437500000000004 0.7077671875 0.44572031250000005 0.7062703124999999 0.45009531249999996 0.7050859375 0.45332968749999997 0.7020906250000001 0.472415625 0.6990937500000001 0.4909328125 0.69731875 0.5017750000000001 0.694321875 0.5050734375 0.67610625 0.502346875 0.6662140625 0.4930875 0.66321875 0.465884375 0.6611281250000001 0.452821875 0.66321875 0.4174375 0.665621875 0.372796875 0.6716125 0.36569375000000004 0.676384375 0.3651875 0.6805640625 0.3668359375 0.6841515625000001 0.370640625 0.6865546874999999 0.37825000000000003 0.6877390625 0.42447656250000004 0.6817828125000001 0.43538437500000005 0.6820625 0.43753906249999996 0.6838734375 0.4364609375 0.68686875 0.42885156249999995 0.6901421875 0.391059375 0.6953328125 0.3885859375 0.6967265625 0.3869375 0.6994078125 0.3869375 0.70268125 0.38966406249999996 0.7062703124999999 0.3918203125 0.7074890625
3 0.3568796875 0.6617203125 0.35903593749999996 0.664715625 0.3623328125 0.6662140625 0.36886562500000003 0.6662140625 0.39987343750000004 0.6602234375 0.43145156250000005 0.658725 0.496765625 0.6593171875 0.511096875 0.658725 0.5179453125 0.6545453125 0.5168671875 0.6377921875 0.5081796875 0.6279343749999999 0.48313281249999995 0.62194375 0.4542796875 0.6246609375000001 0.4129359375 0.633925 0.37298593750000003 0.6441656250000001 0.3672796875 0.645871875 0.361953125 0.648484375 0.35795781249999997 0.6518640625 0.35630937500000004 0.6572281249999999 0.3568796875 0.6617203125
3 0.36480625 0.615709375 0.43170624999999996 0.6219781249999999 0.5003171875 0.62675 0.5100828125 0.62406875 0.5188328125 0.6088125 0.5068484375 0.5971437500000001 0.4872546875 0.5911875 0.37184531249999997 0.595959375 0.3379828125 0.5965859375 0.33918906249999997 0.60431875 0.3479390625 0.6118078125 0.35174375 0.6133046875 0.36480625 0.615709375
1 0.4081171875 0.5907 0.487571875 0.596378125 0.5060875 0.5919187499999999 0.5109703125 0.5877390625000001 0.5115406250000001 0.583246875 0.50824375 0.569175 0.5044390625 0.5640890625 0.4989859375 0.5617203125 0.48979062500000003 0.5617203125 0.47285937499999997 0.5653078125000001 0.3727328125 0.5790671875 0.3357640625 0.585928125 0.3330375 0.5865203125 0.33189531250000004 0.5874265624999999 0.3324671875 0.58833125 0.336271875 0.5901078125 0.4081171875 0.5907
2 0.3448953125 0.5447921874999999 0.3731765625 0.5477531250000001 0.43252968750000004 0.5561484375 0.48478125 0.5615109375 0.5071015625 0.56631875 0.5152828125 0.5420765624999999 0.511984375 0.53939375 0.5060234375 0.5376171875 0.47875781249999994 0.5367124999999999 0.4292328125 0.5367124999999999 0.374825 0.5343093750000001 0.353265625 0.5374078124999999 0.3487 0.5384890625 0.34438749999999996 0.5399859375 0.343246875 0.541484375 0.343246875 0.54298125 0.3448953125 0.5447921874999999
2 0.48636718749999996 0.5323234375 0.5102734375 0.5338203125 0.5179453125 0.53173125 0.51953125 0.5263328125 0.520609375 0.5087078125 0.5114140625 0.4991296875 0.49067812499999997 0.49944218749999997 0.47108437500000006 0.50334375 0.39492656249999997 0.5063046875 0.368675 0.5122953125 0.3622703125 0.5137937499999999 0.3589734375 0.516196875 0.360621875 0.519784375 0.37856718749999996 0.5227453125 0.48636718749999996 0.5323234375
2 0.45497812499999996 0.4902828125 0.4859859375 0.49418281249999996 0.5066578125000001 0.49508906250000007 0.5186437500000001 0.48909843750000004 0.5207984375 0.475653125 0.5186437500000001 0.46248750000000005 0.5142671875 0.45799375 0.4979703125 0.45771562499999996 0.3716546875 0.4663875 0.3527578125 0.4712296875 0.3466703125 0.47293593749999996 0.3401390625 0.47593125000000003 0.3401390625 0.47774218749999997 0.3422953125 0.47983281250000004 0.45497812499999996 0.4902828125
2 0.3547234375 0.454128125 0.423271875 0.454440625 0.46360156249999995 0.4517234375 0.4897265625 0.454440625 0.5054531250000001 0.454128125 0.5142046875 0.45235156249999997 0.5163609375 0.4361890625 0.5071015625 0.4314171875 0.48319531250000003 0.4314171875 0.3546609375 0.4470921875 0.35142656250000004 0.44754375 0.34819218749999997 0.4487640625 0.3483203125 0.45039999999999997 0.3503484375 0.45235156249999997 0.3547234375 0.454128125
1 0.37045 0.4142453125 0.4613828125 0.4244171875 0.47495312500000003 0.4283171875 0.48915625 0.4280046875 0.5048828125 0.425321875 0.5092578125 0.41842499999999994 0.5054531250000001 0.40888125000000003 0.498921875 0.403796875 0.490234375 0.4062 0.47767968749999995 0.4076625 0.46410937499999994 0.4070703125 0.45047499999999996 0.40529374999999995 0.41781875 0.404075 0.388965625 0.40529374999999995 0.35415312499999996 0.40261250000000004 0.351996875 0.40261250000000004 0.3470515625 0.40289062500000006 0.3459734375 0.40498124999999996 0.34819218749999997 0.40856875 0.37045 0.4142453125
3 0.346734375 0.38108749999999997 0.351109375 0.38376875 0.3565 0.3858578125 0.3853515625 0.3900390625 0.4468609375 0.3954375 0.49207343750000004 0.3963421875 0.506721875 0.3936265625 0.5116671875 0.38645 0.506721875 0.3784046875 0.48440000000000005 0.3735984375 0.4512359375 0.3703234375 0.40716562500000003 0.36973124999999996 0.38972656250000004 0.37060312500000003 0.360240625 0.370115625 0.353265625 0.37001093749999997 0.3483828125 0.371821875 0.3461640625 0.37331875000000003 0.3450859375 0.37777812499999996 0.346734375 0.38108749999999997
3 0.3742546875 0.3482765625 0.40310781249999994 0.3572625 0.45535781249999996 0.368025 0.494546875 0.3731109375 0.5027265625 0.3731109375 0.509765625 0.368303125 0.5114140625 0.358759375 0.50653125 0.3465 0.5016484375 0.3459078125 0.458084375 0.347684375 0.40310781249999994 0.336328125 0.36880156249999996 0.33155625 0.3622703125 0.33155625 0.35523125 0.33392499999999997 0.35523125 0.336328125 0.35903593749999996 0.339915625 0.3742546875 0.3482765625
4 0.382434375 0.3101359375 0.43088125 0.3137234375 0.43633437500000005 0.317625 0.4292328125 0.32208281250000004 0.42435 0.32208281250000004 0.388459375 0.317903125 0.38300625 0.3197140625 0.38300625 0.322675 0.384590625 0.325078125 0.40913125 0.331975 0.5038046875 0.3456984375 0.5130625 0.3436078125 0.514140625 0.337025 0.5130625 0.328665625 0.5147109375000001 0.3182171875 0.5098281250000001 0.308359375 0.501078125 0.303865625 0.38135625 0.30236874999999996 0.3792015625 0.302646875 0.376475 0.303553125 0.376475 0.306234375 0.3775515625 0.3077328125 0.382434375 0.3101359375
4 0.3720984375 0.29160624999999996 0.4053265625 0.296690625 0.445021875 0.297596875 0.46791406249999995 0.29878125 0.501078125 0.303553125 0.5092578125 0.3020546875 0.5124921875 0.297875 0.5130625 0.2838390625 0.5092578125 0.2727625 0.503296875 0.263496875 0.494546875 0.2623125 0.46246093750000006 0.2661796875 0.452125 0.26440312499999996 0.41781875 0.262 0.367215625 0.2605015625 0.3644890625 0.2614078125 0.36391874999999996 0.26440312499999996 0.3661375 0.266771875 0.3742546875 0.2700796875 0.40037968749999997 0.273075 0.42435 0.2781609375 0.4303109375 0.2808421875 0.4259984375 0.2820265625 0.41781875 0.2820265625 0.3720984375 0.2808421875 0.36772343749999997 0.2808421875 0.36119218750000004 0.283246875 0.3634109375 0.2871125 0.3666453125 0.28979374999999996 0.3720984375 0.29160624999999996
4 0.4334171875 0.2567390625 0.47805937500000006 0.2567390625 0.49873124999999996 0.260328125 0.5031078124999999 0.24656875 0.5156 0.2388015625 0.5161703125 0.2337171875 0.5090671875 0.2280390625 0.49162968749999997 0.224765625 0.4481296875 0.2289453125 0.37520625 0.2307203125 0.36753281250000003 0.2337171875 0.3670265625 0.23612031249999998 0.3724796875 0.239115625 0.3800890625 0.2403 0.47216250000000004 0.23789687499999998 0.47178125 0.2397421875 0.4611921875 0.24597656250000002 0.44229531250000004 0.24367812500000002 0.421559375 0.24388749999999998 0.3833859375 0.24886875000000003 0.3773625 0.249878125 0.3713375 0.25074843750000003 0.376284375 0.2528390625 0.40348750000000005 0.25555625000000004 0.4334171875 0.2567390625
4 0.665884375 0.6893421875 0.672225 0.6883671875 0.675840625 0.6856140625 0.675396875 0.6833859375 0.672225 0.68164375 0.623715625 0.6793796875 0.6159796875 0.6773953125000001 0.6150921874999999 0.675409375 0.6159796875 0.6726578125 0.6305015625 0.670671875 0.6613187500000001 0.6724140625 0.6776796875 0.6724140625 0.686303125 0.66893125 0.68129375 0.665690625 0.55611875 0.6559734374999999 0.5579578125 0.66419375 0.561128125 0.6716828125000001 0.560684375 0.6806687499999999 0.561571875 0.6843609374999999 0.56474375 0.68686875 0.5746984375 0.6893421875 0.5937859375000001 0.6898640625 0.665884375 0.6893421875
