4 0.747021875 0.5459734375 0.7600484375 0.585859375 0.7662828125 0.5998734375 0.765378125 0.582625 0.7603625 0.5481296875 0.7479281249999999 0.5001265625 0.7458375 0.48452812500000003 0.7452453125 0.45326562499999995 0.742284375 0.4349390625 0.7345875000000001 0.424159375 0.7260187499999999 0.41984843749999995 0.7197843749999999 0.4133796875 0.7132703125 0.4133796875 0.7079421875 0.4257453125 0.7011499999999999 0.43386250000000004 0.6884015625 0.43544687499999996 0.683071875 0.4370953125 0.67951875 0.44140781249999994 0.678334375 0.44464218750000006 0.67805625 0.45542187500000003 0.680703125 0.464553125 0.7023343750000001 0.500696875 0.7085343749999999 0.53088125 0.717415625 0.556753125 0.7316265625 0.5783125 0.7411 0.5880156249999999 0.7452453125 0.58909375 0.747021875 0.5869375 0.747021875 0.5831328124999999 0.7446531249999999 0.572353125 0.731034375 0.5438171875 0.722153125 0.528725 0.7195046875 0.5216875 0.7180078125 0.511478125 0.718321875 0.5065953125 0.7200968750000001 0.5033609375 0.7218734375 0.5033609375 0.736084375 0.5216875 0.747021875 0.5459734375
4 0.697596875 0.5788203125 0.7032046875 0.5960687499999999 0.706165625 0.5993031249999999 0.71003125 0.5966390625 0.7129921875 0.5912484375 0.7132703125 0.5842109375 0.71149375 0.5707671875 0.690490625 0.5130625 0.6875312499999999 0.4996203125 0.6845703125 0.4591625 0.6816093750000001 0.45053906250000003 0.674190625 0.4462265625 0.6700453125 0.44140781249999994 0.6591078125000001 0.43436874999999997 0.6454890625 0.43113437499999996 0.6354234375 0.44679843750000003 0.6256359375 0.44464218750000006 0.6206203125 0.4462265625 0.6146984375 0.4516171875 0.6108328125 0.46131875000000006 0.610553125 0.46563125000000005 0.611425 0.4710203125 0.6200281249999999 0.485034375 0.6277250000000001 0.493659375 0.6318703125 0.4996203125 0.6377921875 0.5098281250000001 0.660571875 0.5820546875 0.6700453125 0.6046921875 0.676559375 0.615471875 0.6816093750000001 0.6192765625 0.6872171875 0.61870625 0.6889937500000001 0.614965625 0.68930625 0.6100828125 0.688121875 0.6003796875 0.680703125 0.5852890625 0.66826875 0.5643 0.6599796875 0.53735 0.6597000000000001 0.5281546875 0.663253125 0.520609375 0.6644375 0.520609375 0.665621875 0.5211796875 0.6845703125 0.5492078125 0.697596875 0.5788203125
3 0.5762453125 0.4809765625 0.57920625 0.4923265625 0.5898640625 0.508496875 0.6034828125 0.5381109375 0.6230234375 0.5764109375 0.6378265625 0.62435 0.6428421875 0.6351296875 0.6467078125 0.6346234374999999 0.6520374999999999 0.6270765625 0.6514453125 0.618453125 0.6295375 0.5214328125 0.6221171875 0.4761578125 0.6200625 0.4686109375 0.6171015625 0.4643 0.61355 0.463728125 0.6058515625 0.465884375 0.595471875 0.4669625 0.5910484375 0.4729234375 0.581609375 0.47343124999999997 0.5777078125 0.4745078125 0.5765234375 0.4755859375 0.5762453125 0.4809765625
3 0.54559375 0.49987343749999996 0.54845 0.509575 0.555171875 0.5186437500000001 0.5647859375000001 0.53868125 0.592859375 0.6253640625 0.5995812500000001 0.633734375 0.6042140625 0.633734375 0.6063390625 0.6279015625000001 0.6042140625 0.6072296875000001 0.5981890625 0.589790625 0.5924765625 0.5244140625 0.5882265624999999 0.4914390625 0.5807734375 0.4740015625 0.574015625 0.4707671875 0.5654828125 0.4707671875 0.5591078125 0.4746359375 0.555171875 0.48883906250000003 0.5504 0.4887765625 0.5473703125 0.490171875 0.54559375 0.4934046875 0.54559375 0.49987343749999996
1 0.5335078125 0.581546875 0.548903125 0.6214328124999999 0.5556953124999999 0.635446875 0.5595609375 0.6376031249999999 0.5654828125 0.636525 0.5684437499999999 0.630628125 0.5696265625 0.6112234375 0.56370625 0.581040625 0.5542312500000001 0.5211796875 0.5471265625 0.48941093750000003 0.53824375 0.47108437500000006 0.532009375 0.4629671875 0.5237203125 0.4629671875 0.518390625 0.4640453125 0.512609375 0.48839531249999996 0.5112859375000001 0.4974640625 0.5127828125 0.5174375 0.5335078125 0.581546875
2 0.4855796875 0.6087515625 0.487634375 0.6324671875 0.49770156249999997 0.6238421875 0.503621875 0.6055171875 0.51665 0.5537734375000001 0.5258453125 0.508496875 0.5273078124999999 0.485859375 0.51428125 0.4772359375 0.5083593750000001 0.47507968749999996 0.503621875 0.476728125 0.5012546875 0.478884375 0.499478125 0.4842734375 0.497909375 0.494103125 0.497421875 0.5020296875 0.4979796875 0.5370953125 0.4855796875 0.6087515625
2 0.460675 0.629296875 0.4636359375 0.627646875 0.47133437499999997 0.6168671875 0.48523125 0.5700062499999999 0.502125 0.50044375 0.5018109374999999 0.49182031249999997 0.5006265625 0.4885859375 0.4970734375 0.4837671875 0.49292968750000005 0.4805328125 0.4867296875 0.4794546875 0.4828625 0.47996249999999996 0.481678125 0.481040625 0.4760703125 0.5424859375 0.460675 0.629296875
2 0.4561484375 0.490171875 0.4517234375 0.5246671875 0.44134375 0.5898546875 0.4306859375 0.6405203125 0.4517234375 0.61521875 0.4697671875 0.54134375 0.4771859375 0.47774218749999997 0.472134375 0.4772359375 0.4616859375 0.47862968749999996 0.4591078125 0.4798984375 0.45792343750000003 0.481546875 0.4561484375 0.490171875
2 0.420725 0.57609375 0.42246562499999996 0.6164875000000001 0.4244515625 0.6281546875 0.42615781249999996 0.6322125 0.43061718750000005 0.63176875 0.4323234375 0.6294859374999999 0.435284375 0.6142671875 0.4471265625 0.541915625 0.4530484375 0.4942921875 0.45454531249999997 0.47634687500000006 0.4535359375 0.475015625 0.43824375 0.47368437500000005 0.4325671875 0.47545937499999996 0.4303734375 0.47964531250000003 0.42911875000000005 0.48351249999999996 0.42814375 0.48801562499999995 0.420725 0.57609375
1 0.390246875 0.5657578125 0.37122968749999996 0.6474953125 0.381609375 0.636715625 0.40898593749999995 0.582371875 0.4351453125 0.5199109375 0.4351453125 0.500190625 0.432184375 0.48402031250000005 0.4307203125 0.48085000000000006 0.42577499999999996 0.47907343750000003 0.41469843749999996 0.490171875 0.41194687500000005 0.49524375000000004 0.40999687500000004 0.503296875 0.390246875 0.5657578125
3 0.35276874999999996 0.6111609375 0.35130625000000004 0.6219406249999999 0.3530828125 0.6300578125 0.3584109375 0.633290625 0.361371875 0.6305640625 0.36401875 0.624096875 0.37349375 0.5939125 0.39244218750000004 0.5400125 0.40073125000000004 0.5201015625000001 0.40842968749999997 0.49207343750000004 0.4075578125 0.48668281249999995 0.4048765625 0.48021562500000003 0.401915625 0.47533281250000003 0.399546875 0.47317656250000006 0.388296875 0.47425468750000005 0.3829671875 0.4807234375 0.3795546875 0.48979062500000003 0.37617500000000004 0.5098281250000001 0.37112500000000004 0.538934375 0.35276874999999996 0.6111609375
3 0.331209375 0.59086875 0.324103125 0.6113500000000001 0.325009375 0.61781875 0.3323921875 0.621053125 0.3359453125 0.6172484375 0.36495937500000003 0.5294234375 0.3797625 0.49708281249999997 0.38303750000000003 0.484146875 0.38244531249999997 0.4792640625 0.379484375 0.47602968749999997 0.374746875 0.47387499999999994 0.372065625 0.4701328125 0.3676421875 0.4668984375 0.35607812499999997 0.46582187499999994 0.35224687499999996 0.4701328125 0.34907656249999997 0.48681093750000004 0.3481015625 0.49061562500000006 0.3466046875 0.5040578124999999 0.331209375 0.59086875
4 0.3049453125 0.5928984374999999 0.30459843750000004 0.60133125 0.3063734375 0.6104 0.3078015625 0.6136328125 0.3106234375 0.6149015624999999 0.31455937500000003 0.6090671875 0.3223609375 0.58129375 0.3344484375 0.527584375 0.3518640625 0.48941093750000003 0.354684375 0.473240625 0.3514796875 0.4616359375 0.34688281249999997 0.4584015625 0.3412046875 0.4584015625 0.3262625 0.45256875 0.31915781249999997 0.4487 0.3120515625 0.44736875 0.307453125 0.449334375 0.3039015625 0.46030468750000003 0.3035171875 0.48230781250000004 0.30212500000000003 0.5069125 0.300696875 0.5172484374999999 0.283978125 0.5592890625 0.27652343749999997 0.5805953125000001 0.2758265625 0.5909953125 0.277603125 0.5974640625000001 0.2815046875 0.598096875 0.28683437500000003 0.5916296875 0.3092296875 0.5411546875 0.3155 0.531515625 0.3177296875 0.5327843750000001 0.3134796875 0.5683578125000001 0.3049453125 0.5928984374999999
4 0.27331875 0.51350625 0.26642343749999997 0.5417875000000001 0.24346874999999998 0.6024734375 0.2459421875 0.6109703125 0.248659375 0.6105265625 0.25579999999999997 0.6015859375 0.26468125 0.5831328124999999 0.279240625 0.5431828125 0.28909843749999997 0.5081171875 0.2987109375 0.487 0.3034140625 0.46683593749999996 0.30268125 0.4542171875 0.300940625 0.44927031250000005 0.299478125 0.4470515625 0.2903515625 0.439378125 0.2851625 0.438934375 0.2822015625 0.44299375 0.278753125 0.4344953125 0.27331875 0.431325 0.26370625 0.43398906249999997 0.2617203125 0.43804687500000006 0.25851562499999997 0.4479390625 0.2550671875 0.466328125 0.25579999999999997 0.491059375 0.2466734375 0.531515625 0.2321140625 0.5889656249999999 0.229396875 0.6033609375 0.23580625 0.5988578125 0.241728125 0.5898546875 0.2535703125 0.5494609374999999 0.26395 0.52656875 0.2676421875 0.5085609375 0.2683734375 0.506784375 0.271090625 0.5072296875 0.27331875 0.51350625
4 0.219053125 0.5022828125000001 0.22002812500000002 0.504565625 0.219053125 0.51350625 0.21633593750000002 0.5225109375 0.20595625 0.5471781250000001 0.2076984375 0.5539625 0.21065781249999999 0.5539625 0.21657968749999998 0.5516796875 0.22643749999999999 0.5400125 0.23629375000000002 0.5036140625 0.2437125 0.48300625 0.24914687500000002 0.4735578125 0.2516203125 0.462778125 0.25555625000000004 0.439378125 0.2535703125 0.42910624999999997 0.251340625 0.42726718750000003 0.24569843750000003 0.42504687499999994 0.23434375 0.42726718750000003 0.229884375 0.4214328125 0.2222578125 0.41781875 0.21804218749999998 0.41781875 0.21459375 0.4205453125 0.21017031249999998 0.42999375000000006 0.20644374999999998 0.4501578125 0.205225 0.49239062499999997 0.1946015625 0.5274578125 0.1950890625 0.53690625 0.1970734375 0.5445156250000001 0.2022640625 0.5481296875 0.205225 0.5440703124999999 0.21208593750000002 0.512809375 0.21361875000000002 0.5076734375 0.21581406250000001 0.5022828125000001 0.219053125 0.5022828125000001
4 0.22054999999999997 0.2703234375 0.2200625 0.2720984375 0.21710156249999998 0.33633437499999996 0.212921875 0.3565625 0.20748906250000002 0.3722890625 0.20550312499999998 0.38306874999999996 0.2062703125 0.390234375 0.212434375 0.40285312500000003 0.2210734375 0.41407812499999996 0.22574062499999997 0.414521875 0.235353125 0.41046250000000006 0.23981249999999998 0.401903125 0.24326093750000002 0.382625 0.24103124999999997 0.33950468749999996 0.2457328125 0.28738125000000003 0.24326093750000002 0.28471718749999997 0.24005625 0.28693749999999996 0.2375828125 0.29143906249999996 0.23587656250000003 0.31027343749999997 0.23068593750000002 0.3457828125 0.23068593750000002 0.361953125 0.2291890625 0.364171875 0.2240328125 0.36284062499999997 0.2235109375 0.359734375 0.225984375 0.34128125 0.2232671875 0.3170578125 0.225496875 0.28693749999999996 0.2222921875 0.27349375 0.22180468750000001 0.2720984375 0.2213171875 0.2703234375 0.22054999999999997 0.2703234375
4 0.2531515625 0.2677234375 0.2521078125 0.268040625 0.251096875 0.2699421875 0.25088750000000004 0.273684375 0.25088750000000004 0.29765312499999996 0.2518984375 0.3242234375 0.251096875 0.35903593749999996 0.24883281249999997 0.3714015625 0.24514062499999997 0.3863671875 0.24451406250000002 0.3979703125 0.245315625 0.4035515625 0.24841562499999997 0.4114140625 0.25130625 0.4133171875 0.253953125 0.4129359375 0.2572625 0.40995625 0.25827187500000004 0.4133171875 0.26321875 0.418896875 0.2753390625 0.424159375 0.2798671875 0.42079843749999996 0.2831765625 0.40919531249999996 0.285440625 0.38744375 0.2798671875 0.34254843749999997 0.2778125 0.280025 0.276384375 0.2721625 0.2741203125 0.26918125000000004 0.27021875 0.2688015625 0.267746875 0.27178125 0.2669109375 0.281546875 0.2685828125 0.3092578125 0.2679546875 0.34407031250000003 0.26959218749999997 0.3537734375 0.2724828125 0.3620171875 0.2706375 0.3657578125 0.2679546875 0.3657578125 0.261790625 0.3620171875 0.2611640625 0.35903593749999996 0.2638453125 0.35003125 0.26363593750000003 0.3324671875 0.261371875 0.31001875 0.255834375 0.281928125 0.25541562500000003 0.27932812500000004 0.25416249999999996 0.2688015625 0.2531515625 0.2677234375
4 0.3094046875 0.3589734375 0.3084296875 0.36074843749999996 0.3066875 0.36074843749999996 0.3039703125 0.358528125 0.30226406250000004 0.344134375 0.29805000000000004 0.290234375 0.2958546875 0.2844 0.2938703125 0.28306875 0.291153125 0.28306875 0.28993437499999997 0.2848453125 0.2889234375 0.288459375 0.29066562500000004 0.384528125 0.289690625 0.4020921875 0.2879484375 0.41147812500000003 0.28819218750000003 0.41553593749999995 0.291640625 0.42092656249999993 0.2968296875 0.424984375 0.30226406250000004 0.42675937499999994 0.3076984375 0.426315625 0.3163359375 0.4303734375 0.3274125 0.4222578125 0.329884375 0.4146484375 0.3308953125 0.40564375 0.3306171875 0.3944203125 0.3220125 0.36569375000000004 0.320271875 0.3477484375 0.320271875 0.3135703125 0.3143859375 0.282434375 0.30522499999999997 0.2592265625 0.30498125 0.2718453125 0.30498125 0.2776796875 0.3086734375 0.33874375 0.3094046875 0.3589734375
3 0.3386625 0.269371875 0.33793125 0.27520625 0.33768750000000003 0.30304375 0.33841875 0.34483125000000003 0.3372 0.3726703125 0.332984375 0.40995625 0.332496875 0.4211796875 0.3344828125 0.43195937500000003 0.33793125 0.4355734375 0.3431203125 0.43912500000000004 0.351515625 0.43912500000000004 0.361859375 0.4220671875 0.361371875 0.40951250000000006 0.3556953125 0.3740015625 0.352734375 0.325046875 0.34855468749999996 0.282815625 0.3439921875 0.2686109375 0.3421109375 0.2662015625 0.3401609375 0.2666453125 0.3386625 0.269371875
3 0.36583125 0.28376718749999996 0.36534374999999997 0.28826874999999996 0.36534374999999997 0.3313890625 0.3633578125 0.403296875 0.35990937500000003 0.42301875000000005 0.3618953125 0.442803125 0.36705 0.4468609375 0.37767343750000004 0.44952500000000006 0.3858234375 0.44457812499999994 0.390978125 0.43519375 0.39296406250000004 0.4194671875 0.3912578125 0.4055171875 0.3867984375 0.390234375 0.380878125 0.360178125 0.371890625 0.2833234375 0.3707765625 0.27932812500000004 0.36729375000000003 0.28021562499999997 0.36583125 0.28376718749999996
1 0.3867984375 0.23151562499999997 0.3871125 0.2546609375 0.3933125 0.391059375 0.392128125 0.4266328125 0.39895468749999996 0.444959375 0.40961406250000004 0.4530125 0.41818125000000006 0.451934375 0.42500937499999997 0.4336078125 0.42706406250000006 0.42067187500000003 0.423825 0.4007609375 0.41790312500000004 0.3818640625 0.413165625 0.3559921875 0.40606093750000005 0.3107171875 0.400521875 0.25206093749999997 0.39895468749999996 0.2460375 0.39599375000000003 0.24172500000000002 0.3867984375 0.23151562499999997
2 0.42723750000000005 0.2707671875 0.42403281249999997 0.2662015625 0.41800781249999996 0.2662015625 0.416928125 0.273303125 0.4304421875 0.4298671875 0.4339953125 0.445403125 0.4535359375 0.4499046875 0.457784375 0.44667031250000006 0.4581328125 0.43956875 0.45496406250000004 0.40786249999999996 0.44312031249999995 0.346734375 0.4421453125 0.3405828125 0.43469218749999994 0.299175 0.42723750000000005 0.2707671875
2 0.4511671875 0.27178125 0.4490421875 0.2748890625 0.4468828125 0.2803421875 0.4468828125 0.2896640625 0.45200312499999995 0.3277109375 0.46307968749999995 0.44952500000000006 0.48143437499999997 0.451109375 0.4933828125 0.44800312499999995 0.49209375 0.41071718749999997 0.487390625 0.38046875 0.477603125 0.33081875 0.46259218750000003 0.278440625 0.4609546875 0.274128125 0.4562875 0.2710203125 0.4511671875 0.27178125
2 0.503378125 0.27178125 0.5008359375 0.26708906250000003 0.4965515625 0.2624609375 0.49272031250000003 0.2624609375 0.48930625 0.26556718749999997 0.48460468749999996 0.27178125 0.48418593750000005 0.27799687500000003 0.48460468749999996 0.28959999999999997 0.48972499999999997 0.388965625 0.497421875 0.44172500000000003 0.5029609374999999 0.4502859375 0.5204453124999999 0.4479390625 0.5323578125 0.4409640625 0.5340640624999999 0.4176921875 0.5164046875 0.312809375 0.5144546875 0.302790625 0.5132015625 0.2974 0.503378125 0.27178125
2 0.5452453125 0.26106562499999997 0.5388359375 0.2618890625 0.5345875 0.2657578125 0.5315921875 0.2703875 0.5311734375 0.28826874999999996 0.5324625000000001 0.4349390625 0.5375828125 0.4388078125 0.5541968749999999 0.4372859375 0.5644375 0.434178125 0.5686875 0.406975 0.5528390625 0.2799625 0.5512015625 0.2703875 0.5499484375 0.2657578125 0.5452453125 0.26106562499999997
1 0.598990625 0.1787578125 0.596134375 0.180025 0.5805296875 0.284146875 0.569871875 0.3760296875 0.567015625 0.4076734375 0.569871875 0.42707656250000003 0.5805296875 0.44648125 0.58833125 0.44717812500000004 0.597909375 0.44261249999999996 0.6039703125 0.4264421875 0.6060953125 0.40120468750000005 0.603621875 0.344325 0.6025421875 0.26214375 0.6039359375 0.193278125 0.6039703125 0.185859375 0.60219375 0.180659375 0.598990625 0.1787578125
3 0.6280734375 0.2124921875 0.622953125 0.2156 0.6182859374999999 0.22181406250000002 0.6140015625 0.2357640625 0.59355625 0.3770453125 0.59185 0.40653125 0.5931375 0.42130625000000005 0.5995125 0.429803125 0.6072093749999999 0.42669687500000003 0.615709375 0.43912500000000004 0.6246609375000001 0.44147187499999996 0.6336125 0.43601718749999996 0.6383140625 0.4313890625 0.6387328125 0.4166140625 0.635771875 0.38560625000000004 0.635771875 0.339759375 0.63416875 0.2599875 0.6344828125 0.22568125 0.631940625 0.2156 0.6280734375 0.2124921875
3 0.6435390625 0.2121109375 0.6414140625 0.216740625 0.6397078125 0.22530156250000002 0.6375828125 0.2951171875 0.6316265624999999 0.382815625 0.6320453125000001 0.40304375 0.6354578125 0.415471875 0.6384531250000001 0.41851562500000006 0.6418328125 0.4146484375 0.6580640625 0.4286625 0.6678515625 0.43252968750000004 0.6772203125 0.4286625 0.6823406249999999 0.4208625 0.680634375 0.3991125 0.6610234375 0.3052 0.6504359375 0.221559375 0.6491125 0.21597968750000002 0.6469515625 0.212871875 0.6435390625 0.2121109375
4 0.7159875 0.2305640625 0.7138625000000001 0.2331640625 0.7156390625 0.28300625 0.716684375 0.3431203125 0.7142109375000001 0.380025 0.716684375 0.38649374999999997 0.7344484375 0.39873125 0.742284375 0.4026640625 0.753640625 0.401965625 0.7607453125 0.3922640625 0.7671546874999999 0.379328125 0.7685828124999999 0.36125625 0.7668062499999999 0.3457203125 0.7607453125 0.32435 0.760396875 0.3146484375 0.7614765625000001 0.2849078125 0.7607453125 0.2610015625 0.75896875 0.25256875 0.7564953125 0.250665625 0.753640625 0.25256875 0.751515625 0.2577671875 0.749390625 0.275840625 0.7483109375 0.3133796875 0.7518640624999999 0.3424859375 0.749390625 0.3476859375 0.74510625 0.3476859375 0.741553125 0.34445156250000003 0.738384375 0.33475 0.7323234375000001 0.306278125 0.721909375 0.23868125 0.72096875 0.23252968749999997 0.7195406249999999 0.2299296875 0.7159875 0.2305640625
4 0.7636015625 0.5414078124999999 0.771403125 0.5698796875000001 0.776803125 0.5774250000000001 0.779240625 0.5725421875000001 0.779484375 0.563221875 0.777046875 0.526315625 0.7765593749999999 0.525871875 0.7743296875000001 0.5085609375 0.779240625 0.5018390625 0.8011843750000001 0.53519375 0.8036218749999999 0.5329734375 0.8028906250000001 0.5218765624999999 0.800209375 0.5040578124999999 0.7907 0.46899218749999994 0.7887500000000001 0.447621875 0.7921625 0.42853593749999996 0.79265 0.405896875 0.79191875 0.405896875 0.787775 0.3983515625 0.7802156250000001 0.3920734375 0.7757921875 0.39251718750000003 0.770428125 0.403678125 0.7643328125 0.41255625 0.7550671875 0.4112234375 0.74576875 0.4183265625 0.7443046875 0.43652499999999994 0.748728125 0.4605578125 0.7558 0.48186406249999997 0.7553124999999999 0.499175 0.7550671875 0.4982875 0.75653125 0.5098921875 0.7636015625 0.5414078124999999
