4 0.19351875000000002 0.5051828125 0.19818750000000002 0.51504375 0.20487812500000002 0.520859375 0.20884999999999998 0.519975 0.21205625 0.51504375 0.21477343750000003 0.5029078124999999 0.22202031249999998 0.5015171875 0.2254359375 0.4984828125 0.22794374999999997 0.4823015625 0.234634375 0.4737046875 0.23756093749999999 0.45979843750000005 0.23581875000000002 0.45082187500000004 0.22864062500000001 0.436915625 0.20243906250000002 0.41618281250000005 0.2108703125 0.4481671875 0.20982656249999998 0.451328125 0.1952609375 0.471428125 0.18139375 0.469659375 0.188084375 0.48495625000000003 0.19351875000000002 0.5051828125
4 0.2243203125 0.358659375 0.21958125 0.36940625 0.21735156249999998 0.3810359375 0.225784375 0.4151703125 0.23888437499999998 0.45423437499999997 0.2549828125 0.5135265625 0.2659234375 0.5212390625000001 0.27254375 0.5212390625000001 0.2775609375 0.5149171875 0.27999999999999997 0.4982296875 0.28745625 0.49696562499999997 0.2931015625 0.4929203125 0.29860625 0.47762343749999997 0.3005578125 0.46915312499999995 0.3005578125 0.46283124999999997 0.2975609375 0.4529703125 0.288640625 0.440328125 0.2777703125 0.43097343749999995 0.25205625 0.39544843749999997 0.2381875 0.381921875 0.2329609375 0.37383125 0.23121874999999997 0.37383125 0.230453125 0.3810359375 0.2326828125 0.38963281250000004 0.25372812499999997 0.4232609375 0.25400625 0.42958281249999997 0.257003125 0.438053125 0.25400625 0.4362828125 0.2522640625 0.43539843749999996 0.24041875 0.42237656250000005 0.22160312499999998 0.379771875 0.2213234375 0.3720609375 0.2243203125 0.358659375
4 0.2661328125 0.31858437500000003 0.26515625 0.33299687499999997 0.291915625 0.4188375 0.294146875 0.4579015625 0.2975609375 0.4704171875 0.3040421875 0.47496875000000005 0.310453125 0.46687812500000003 0.3218125 0.475853125 0.32508750000000003 0.47357812499999996 0.32975625000000003 0.45512031249999996 0.33121875 0.454740625 0.33372812500000004 0.45878593749999996 0.3362375 0.454740625 0.3450875 0.4573953125 0.34759531250000003 0.4448796875 0.34731718749999996 0.438053125 0.3401390625 0.412515625 0.3273171875 0.3917828125 0.3139375 0.3509484375 0.3020203125 0.3254109375 0.29484374999999996 0.3123890625 0.2898953125 0.3078375 0.283484375 0.3087234375 0.2822296875 0.311884375 0.28418125 0.3190890625 0.2935890625 0.3335015625 0.3023 0.35271875 0.3052265625 0.374715625 0.3047390625 0.3801515625 0.3027875 0.38280625 0.3000703125 0.3836921875 0.2857140625 0.3599234375 0.2742859375 0.33615625 0.26710781250000004 0.3176984375 0.2661328125 0.31858437500000003
3 0.3526828125 0.31605625000000004 0.332821875 0.27130156250000004 0.3289203125 0.270796875 0.32745625 0.286346875 0.329546875 0.3262953125 0.3354703125 0.3996203125 0.339303125 0.4115046875 0.3437625 0.4168140625 0.346759375 0.4232609375 0.3494078125 0.43249062499999996 0.3524046875 0.43198437500000003 0.3571421875 0.42490468750000004 0.3595125 0.4179515625 0.36529687499999997 0.4207328125 0.3687109375 0.4211125 0.371428125 0.42060624999999996 0.3726125 0.3887484375 0.3719859375 0.36940625 0.3526828125 0.31605625000000004
3 0.4021609375 0.40872343750000006 0.407178125 0.39949375 0.407178125 0.3903921875 0.4036234375 0.3801515625 0.397421875 0.3520859375 0.3822296875 0.2653609375 0.37867656250000004 0.2587859375 0.37686406250000004 0.2653609375 0.3756796875 0.284196875 0.376028125 0.40657343749999997 0.3789546875 0.4140328125 0.3828578125 0.4168140625 0.39442499999999997 0.41833125000000004 0.40069687500000006 0.4168140625 0.4021609375 0.40872343750000006
1 0.41345 0.245890625 0.4089890625 0.2604296875 0.4015328125 0.319215625 0.403065625 0.3623265625 0.4075265625 0.3978515625 0.412821875 0.42642187500000006 0.4229265625 0.43565156250000003 0.43156718749999995 0.4156765625 0.4333796875 0.41024062499999997 0.436028125 0.376359375 0.428571875 0.29279375 0.4193734375 0.2534765625 0.41345 0.245890625
2 0.454146875 0.2900125 0.45121874999999995 0.2938046875 0.44466875000000006 0.3089765625 0.4298265625 0.3833125 0.42829218750000003 0.4037921875 0.4298265625 0.409228125 0.4378390625 0.41833125000000004 0.44285781249999995 0.42161875000000004 0.45031406250000006 0.42161875000000004 0.45240468749999996 0.42047968750000003 0.454146875 0.41732031249999996 0.4550515625 0.41024062499999997 0.45686406249999995 0.30948125000000004 0.454146875 0.2900125
2 0.47345 0.29115 0.4708015625 0.2878640625 0.4678046875 0.2884953125 0.4654359375 0.29494375 0.45951250000000005 0.35638437500000003 0.45533124999999997 0.428065625 0.4770734375 0.43021562500000005 0.4794421875 0.43021562500000005 0.4814640625 0.4242734375 0.480278125 0.40164375 0.47616718750000003 0.3493046875 0.47345 0.29115
2 0.4956796875 0.2782546875 0.49386718749999997 0.28154218750000004 0.492125 0.2912765625 0.4882234375 0.3434890625 0.47818750000000004 0.4179515625 0.4926828125 0.42060624999999996 0.5007671874999999 0.4254109375 0.5031359375 0.4232609375 0.5043203125 0.304678125 0.501603125 0.2848296875 0.498328125 0.2788875 0.4956796875 0.2782546875
2 0.5331703125 0.34386875 0.5319859375 0.3024015625 0.5296171875 0.2964609375 0.523971875 0.2954484375 0.520975 0.2975984375 0.5174218749999999 0.31163124999999997 0.506759375 0.37838125 0.5061328125 0.4059421875 0.5061328125 0.42098593749999996 0.5073171875 0.4231359375 0.51533125 0.426928125 0.5233453124999999 0.4345125 0.5266203125 0.43388125000000005 0.5331703125 0.4290765625 0.5343546875 0.42098593749999996 0.5322640625 0.39949375 0.5331703125 0.34386875
1 0.5738671875 0.3611890625 0.58369375 0.27383125 0.582509375 0.2690265625 0.5726828125 0.283059375 0.5575609375 0.315296875 0.5385359375000001 0.36877343749999997 0.5352609375 0.3876109375 0.536725 0.4059421875 0.541184375 0.42831875 0.5432750000000001 0.4312265625 0.54655 0.4307203125 0.556934375 0.4226296875 0.5641109375 0.405309375 0.5738671875 0.3611890625
3 0.6037625 0.279771875 0.5939375 0.297471875 0.57581875 0.3734515625 0.56745625 0.4026546875 0.568084375 0.4188375 0.569546875 0.42414687500000003 0.571915625 0.425790625 0.576096875 0.423640625 0.58 0.425790625 0.5843906249999999 0.43173125 0.590034375 0.427434375 0.5972125 0.425790625 0.6007671875 0.4214921875 0.6022296875 0.4182046875 0.6049484374999999 0.3929203125 0.609059375 0.2834390625 0.6070390625 0.27914062500000003 0.6037625 0.279771875
3 0.6675265625 0.3029078125 0.6754 0.284703125 0.6557484375 0.300253125 0.6087109374999999 0.394690625 0.6026484375 0.42060624999999996 0.6040421874999999 0.4251578125 0.61121875 0.43287031249999997 0.6133093749999999 0.4426046875 0.616934375 0.449684375 0.621184375 0.45157968750000005 0.631846875 0.44386875000000003 0.6368640625 0.4477875 0.639721875 0.4484203125 0.6407671875000001 0.4477875 0.6429265625 0.4386859375 0.6582578125 0.35979843749999996 0.6675265625 0.3029078125
4 0.70090625 0.314159375 0.6910796875 0.3233875 0.678884375 0.3410875 0.6673171875 0.387990625 0.6586765625 0.41125156250000006 0.6459234375 0.43324843749999997 0.641184375 0.451075 0.64 0.4629578125 0.6423687499999999 0.47319843749999996 0.6459234375 0.47635937500000003 0.66139375 0.47104999999999997 0.6696859374999999 0.49152968750000003 0.68188125 0.4834390625 0.6836234375 0.4834390625 0.6896171875 0.4898859375 0.6946343749999999 0.48508281249999996 0.6979093749999999 0.479140625 0.6990937500000001 0.47054375000000004 0.7005578125 0.42895000000000005 0.704459375 0.41226250000000003 0.726759375 0.3400765625 0.72794375 0.33463906250000003 0.7270390625 0.3298359375 0.72466875 0.32768593749999997 0.7213937500000001 0.3298359375 0.7115671875 0.349684375 0.7029265625 0.37775 0.695540625 0.39393125 0.69254375 0.3965859375 0.6887109375 0.3965859375 0.6833453125 0.3922875 0.6821609375000001 0.39013906249999997 0.6889890624999999 0.3615671875 0.705365625 0.3212390625 0.70418125 0.3131484375 0.70090625 0.314159375
4 0.7703828125000001 0.37989843749999996 0.768640625 0.3718078125 0.763903125 0.368646875 0.7573515625 0.385334375 0.7285015625 0.4262953125 0.7207671875 0.440328125 0.7035546874999999 0.45651093749999994 0.695540625 0.47206093750000006 0.6928921875 0.48394375 0.6943546875 0.48723124999999995 0.6928921875 0.4931734375 0.703275 0.4996203125 0.7050171875 0.5098609374999999 0.711846875 0.5103671875 0.71484375 0.52225 0.7207671875 0.5189640625 0.7243203125 0.531353125 0.7308703125 0.532490625 0.74041875 0.5265484375 0.7466203124999999 0.513653125 0.75254375 0.4855875 0.7647390625 0.451075 0.7712890625 0.4268015625 0.7724734375 0.41605625 0.7689203124999999 0.4096078125 0.7677359375 0.4096078125 0.7650875 0.41226250000000003 0.754634375 0.4348921875 0.7493375 0.44247812499999994 0.7433453125 0.44677656250000003 0.7403484375 0.442225 0.74041875 0.439190625 0.747246875 0.42465156249999997 0.7656453125 0.39987343750000004 0.7701046875 0.387484375 0.7703828125000001 0.37989843749999996
4 0.787246875 0.4606828125 0.7875265625 0.455246875 0.7940765625 0.44500624999999994 0.8011843750000001 0.42781250000000004 0.8071781250000001 0.418584375 0.7928921875 0.42718125 0.7682234375 0.44715625000000003 0.7620203125 0.46017656249999994 0.7608359375 0.469784375 0.7608359375 0.47686406249999996 0.7623 0.4833125 0.765575 0.48647343750000005 0.77121875 0.488115625 0.7717765625 0.5021484375 0.773309375 0.506953125 0.7756796875 0.5107453125 0.781603125 0.508090625 0.7827875 0.5166875 0.7875265625 0.5302156250000001 0.796725 0.524778125 0.806271875 0.511884375 0.8145640625 0.48381718749999997 0.822578125 0.4704171875 0.8076656249999999 0.47775 0.8050875 0.4790140625 0.8003484375 0.4773703125 0.7973515625 0.46662499999999996 0.789059375 0.46384375 0.787246875 0.4606828125
4 0.7612546874999999 0.7040453125 0.7519859375 0.695575 0.750521875 0.685209375 0.7473171875 0.680784375 0.7430656250000001 0.680025 0.7420203125 0.66839375 0.737003125 0.6646015625 0.73024375 0.6664984375 0.72418125 0.6735781249999999 0.71811875 0.7001265625 0.7131015625 0.7512015625 0.714146875 0.7570171875 0.715609375 0.7576484375 0.717421875 0.7434890625 0.7220203125 0.72604375 0.725575 0.7188375 0.7298953125 0.7144125 0.73303125 0.755246875 0.73345 0.759671875 0.7430656250000001 0.744753125 0.7583968750000001 0.72604375 0.7616031249999999 0.713021875 0.7612546874999999 0.7040453125
4 0.7220203125 0.66611875 0.73345 0.6505687499999999 0.744459375 0.6254109375 0.7448078125 0.6027812499999999 0.7387453125000001 0.5936781250000001 0.7337984375 0.59494375 0.7291296875 0.5768640625 0.718815625 0.5704171875 0.709546875 0.5716812499999999 0.7063421875 0.577496875 0.6949125 0.6389375 0.6917078125 0.6455124999999999 0.68885 0.6584078124999999 0.6885015625 0.6887484374999999 0.69205625 0.7146656250000001 0.6974218750000001 0.7340078125 0.698815625 0.6855875 0.700278125 0.66940625 0.7020906250000001 0.6667515625 0.70599375 0.6667515625 0.7077359375000001 0.6713015625 0.70745625 0.7323640625000001 0.70878125 0.7479140625 0.7120562500000001 0.7592921875 0.712753125 0.7127687500000001 0.7137984375 0.703034375 0.7220203125 0.66611875
4 0.6740765625 0.641340625 0.6740765625 0.6553734375 0.671359375 0.6898859374999999 0.6722640625 0.6989890625 0.6752609374999999 0.6984828125 0.67909375 0.6920359375 0.68655 0.6321109375 0.7007671875 0.59608125 0.7037625000000001 0.5787609375 0.7037625000000001 0.5685203125 0.6945640625 0.54273125 0.6889203125 0.545890625 0.684459375 0.5518328125 0.6820906250000001 0.5501890625 0.680278125 0.5432359375 0.6770031249999999 0.5372953125000001 0.67345 0.5346390624999999 0.657421875 0.5389375000000001 0.65205625 0.585840625 0.654425 0.6068265625 0.6550515625 0.68445 0.656515625 0.6924140624999999 0.66515625 0.692540625 0.6668984375 0.6887484374999999 0.6660625 0.6477875 0.6687109375 0.6353984374999999 0.67254375 0.6337546875 0.6740765625 0.641340625
3 0.6540765625 0.5534765625 0.6547734375 0.5393171875 0.65303125 0.52895 0.6473171875 0.5173203125 0.6423 0.5140328125 0.6298265625 0.5179515625 0.6241109375 0.54058125 0.6184671875000001 0.63173125 0.6173515625 0.6699109375 0.62090625 0.6860937500000001 0.628084375 0.6892546875 0.632334375 0.6854609375 0.632334375 0.680278125 0.6337984375 0.64665 0.64090625 0.6109984374999999 0.650521875 0.57610625 0.6540765625 0.5534765625
3 0.6214640625000001 0.5007578125000001 0.6154 0.4988625 0.5950515625 0.5169406249999999 0.5914984375000001 0.5298359375 0.5889890624999999 0.5551203124999999 0.5896859375 0.6366625 0.59400625 0.6747156249999999 0.59679375 0.6747156249999999 0.6164453125 0.568646875 0.6264109375 0.532490625 0.6264109375 0.5195953125 0.6214640625000001 0.5007578125000001
1 0.5950515625 0.5206062499999999 0.593240625 0.49532187499999997 0.5825781250000001 0.47724374999999997 0.5786765625 0.47724374999999997 0.570453125 0.48432343749999995 0.565784375 0.4940578125 0.5633453125 0.51276875 0.5622296875 0.534134375 0.56975625 0.629203125 0.5729609375 0.70885 0.5750515625 0.713275 0.5772125 0.713275 0.580278125 0.7006328125 0.5854359375 0.659671875 0.5950515625 0.5206062499999999
2 0.5599296875 0.517825 0.5591640625000001 0.49974687500000003 0.554215625 0.4900125 0.5456453125 0.4848296875 0.5338671875000001 0.4829328125 0.5310109375 0.492540625 0.53351875 0.5553734375 0.529965625 0.601896875 0.5271078124999999 0.6737046875 0.5306625 0.7067 0.5342156250000001 0.7137796875 0.5385359375000001 0.7170671875 0.5417421874999999 0.7156765625 0.5381875 0.69949375 0.536725 0.665865625 0.54745625 0.6064468749999999 0.5599296875 0.517825
2 0.5271078124999999 0.5505687499999999 0.5278046875 0.49355312500000004 0.5257140625 0.4787609375 0.5156796875 0.4729453125 0.49463437499999996 0.4787609375 0.49038281250000004 0.48457656250000003 0.502509375 0.6087234375 0.5142156250000001 0.6977249999999999 0.5156796875 0.704425 0.5167937499999999 0.7109984375 0.52 0.701896875 0.523903125 0.651453125 0.5271078124999999 0.5505687499999999
2 0.48669062500000004 0.6213656249999999 0.4922640625 0.5165609375 0.4922640625 0.4785078125 0.4712890625 0.4700375 0.464459375 0.474715625 0.45972187499999995 0.4940578125 0.45797968750000007 0.5398234375000001 0.46745625 0.6656125 0.4682921875 0.6695328125 0.472125 0.673325 0.47637656249999993 0.673325 0.481115625 0.6656125 0.48669062500000004 0.6213656249999999
2 0.45156718749999997 0.6560046875000001 0.4545640625 0.5240203125 0.4575609375 0.48836874999999996 0.453309375 0.48053125 0.445575 0.47825468750000005 0.4344953125 0.485209375 0.43107968750000003 0.4968390625 0.4301734375 0.5388109375 0.443903125 0.6570171874999999 0.44473906249999995 0.6629578125 0.44606250000000003 0.666878125 0.44731718750000005 0.66611875 0.4498953125 0.6622 0.45156718749999997 0.6560046875000001
1 0.4249484375 0.4892546875 0.419790625 0.4767390625 0.41421562500000003 0.467509375 0.404390625 0.48217499999999996 0.3996515625 0.5001265625 0.398815625 0.5295828124999999 0.4018125 0.5948171875 0.40696875 0.6537296875 0.4124734375 0.6964609375 0.41505156249999997 0.6979765625 0.4184671875 0.68950625 0.4227875 0.63274375 0.42745625 0.5070796875 0.4249484375 0.4892546875
3 0.4000703125 0.685209375 0.398396875 0.65499375 0.3992328125 0.509103125 0.39581875 0.497471875 0.3915671875 0.49127656249999996 0.387246875 0.49355312500000004 0.3838328125 0.49974687500000003 0.377003125 0.4903921875 0.3675953125 0.515296875 0.382996875 0.6099875 0.38982656250000003 0.6713015625 0.3906625 0.6759796875 0.3936578125 0.68445 0.3962375 0.6876109375 0.3992328125 0.6876109375 0.4000703125 0.685209375
3 0.37121875000000004 0.6383062500000001 0.36836250000000004 0.56839375 0.3694078125 0.5179515625 0.3666203125 0.5115046875 0.3587453125 0.501896875 0.3526828125 0.502528125 0.34020937500000004 0.5193421875 0.34020937500000004 0.5251578125 0.3420203125 0.5432359375 0.346271875 0.55613125 0.3540765625 0.59494375 0.36160312499999997 0.6804046875 0.3619515625 0.6829328125 0.362996875 0.6862203124999999 0.36696875 0.687484375 0.3698265625 0.6796453125 0.37121875000000004 0.6383062500000001
4 0.34418125 0.54829375 0.342996875 0.534765625 0.34090625 0.528825 0.3370734375 0.5256640625 0.3233453125 0.518584375 0.320696875 0.5218703125 0.3138671875 0.538559375 0.31205625000000003 0.538559375 0.3040421875 0.5304671875 0.30076718750000003 0.5359046875 0.2972125 0.54829375 0.2972125 0.5590390625 0.299025 0.571428125 0.30912968749999997 0.611378125 0.313240625 0.6340078124999999 0.33052187499999997 0.6764859375000001 0.323065625 0.6302156250000001 0.3233453125 0.6231359375000001 0.32515625 0.6188374999999999 0.331428125 0.6199749999999999 0.33825781250000003 0.6706703125 0.340278125 0.6706703125 0.341184375 0.6259171875 0.33999999999999997 0.5967125 0.3435546875 0.5768640625 0.34418125 0.54829375
4 0.285853125 0.61555 0.28933749999999997 0.613275 0.2910796875 0.6141593750000001 0.2942859375 0.6259171875 0.3022296875 0.6699109375 0.3056453125 0.6973453125 0.30912968749999997 0.67939375 0.31115 0.64829375 0.30515625 0.616434375 0.3024390625 0.5796453125000001 0.2947734375 0.5643484375 0.28933749999999997 0.5567640625 0.284878125 0.5548671875 0.2799296875 0.555878125 0.27644531250000004 0.5625796875 0.27121875 0.5810359375 0.2675265625 0.5782546875000001 0.2618125 0.5778765625 0.25763125 0.581415625 0.2568640625 0.5998734375 0.261115625 0.6182046875 0.2789546875 0.6604296875 0.29059218750000004 0.6811625 0.2978390625 0.6882421875 0.30250937499999997 0.7024015625 0.30466875 0.7075859375 0.30320625 0.6910234375 0.28139375 0.6299625 0.28139375 0.6209859375 0.285853125 0.61555
4 0.28236875 0.7193421875 0.287178125 0.7328703125 0.28599375 0.746903125 0.29128906250000003 0.7366625 0.2936578125 0.7221234375 0.2931015625 0.708596875 0.2898265625 0.690771875 0.28209062500000004 0.671428125 0.27644531250000004 0.66283125 0.2722640625 0.6595453124999999 0.26871093749999997 0.6611890625 0.26696875000000003 0.6649812500000001 0.26515625 0.6762328125 0.258328125 0.6783812499999999 0.25533125 0.6826796875000001 0.2526828125 0.6929203125 0.24731718749999998 0.6973453125 0.2420203125 0.6967125000000001 0.2420203125 0.7064468749999999 0.2452265625 0.7204796875 0.258328125 0.7452593750000001 0.2670390625 0.7560046875 0.27205625 0.7522125 0.2696171875 0.7307203125 0.27052187499999997 0.7259171875 0.277909375 0.7166875 0.28236875 0.7193421875
