4 0.5051828125 0.80648125 0.51504375 0.8018124999999999 0.520859375 0.795121875 0.519975 0.79115 0.51504375 0.7879437499999999 0.5029078124999999 0.7852265625 0.5015171875 0.7779796875 0.4984828125 0.7745640625 0.4823015625 0.77205625 0.4737046875 0.765365625 0.45979843750000005 0.7624390625 0.45082187500000004 0.76418125 0.436915625 0.7713593750000001 0.41618281250000005 0.7975609375 0.4481671875 0.7891296875 0.451328125 0.7901734375 0.471428125 0.8047390625 0.469659375 0.81860625 0.48495625000000003 0.8119156249999999 0.5051828125 0.80648125
4 0.358659375 0.7756796875 0.36940625 0.78041875 0.3810359375 0.7826484375 0.4151703125 0.774215625 0.45423437499999997 0.761115625 0.5135265625 0.7450171875 0.5212390625000001 0.7340765625000001 0.5212390625000001 0.72745625 0.5149171875 0.7224390625 0.4982296875 0.72 0.49696562499999997 0.71254375 0.4929203125 0.7068984375 0.47762343749999997 0.70139375 0.46915312499999995 0.6994421875 0.46283124999999997 0.6994421875 0.4529703125 0.7024390625 0.440328125 0.711359375 0.43097343749999995 0.7222296874999999 0.39544843749999997 0.74794375 0.381921875 0.7618125 0.37383125 0.7670390625 0.37383125 0.76878125 0.3810359375 0.769546875 0.38963281250000004 0.7673171875 0.4232609375 0.7462718749999999 0.42958281249999997 0.74599375 0.438053125 0.742996875 0.4362828125 0.74599375 0.43539843749999996 0.7477359375 0.42237656250000005 0.75958125 0.379771875 0.778396875 0.3720609375 0.7786765625000001 0.358659375 0.7756796875
4 0.31858437500000003 0.7338671875 0.33299687499999997 0.73484375 0.4188375 0.708084375 0.4579015625 0.705853125 0.4704171875 0.7024390625 0.47496875000000005 0.6959578125 0.46687812500000003 0.689546875 0.475853125 0.6781875 0.47357812499999996 0.6749125 0.45512031249999996 0.67024375 0.454740625 0.66878125 0.45878593749999996 0.666271875 0.454740625 0.6637625 0.4573953125 0.6549125 0.4448796875 0.6524046875 0.438053125 0.6526828124999999 0.412515625 0.6598609375 0.3917828125 0.6726828125 0.3509484375 0.6860625 0.3254109375 0.6979796875 0.3123890625 0.70515625 0.3078375 0.7101046875 0.3087234375 0.716515625 0.311884375 0.7177703125 0.3190890625 0.7158187500000001 0.3335015625 0.7064109375000001 0.35271875 0.6977 0.374715625 0.6947734375 0.3801515625 0.6952609375 0.38280625 0.6972125 0.3836921875 0.6999296875 0.3599234375 0.7142859374999999 0.33615625 0.7257140625 0.3176984375 0.7328921875 0.31858437500000003 0.7338671875
3 0.31605625000000004 0.6473171875 0.27130156250000004 0.6671781250000001 0.270796875 0.6710796875 0.286346875 0.67254375 0.3262953125 0.670453125 0.3996203125 0.6645296875 0.4115046875 0.660696875 0.4168140625 0.6562375 0.4232609375 0.653240625 0.43249062499999996 0.6505921875 0.43198437500000003 0.6475953125 0.42490468750000004 0.6428578125 0.4179515625 0.6404875 0.4207328125 0.6347031249999999 0.4211125 0.6312890624999999 0.42060624999999996 0.628571875 0.3887484375 0.6273875 0.36940625 0.6280140624999999 0.31605625000000004 0.6473171875
3 0.40872343750000006 0.5978390625000001 0.39949375 0.592821875 0.3903921875 0.592821875 0.3801515625 0.5963765624999999 0.3520859375 0.602578125 0.2653609375 0.6177703125 0.2587859375 0.6213234375 0.2653609375 0.6231359375000001 0.284196875 0.6243203125 0.40657343749999997 0.623971875 0.4140328125 0.6210453125 0.4168140625 0.6171421875 0.41833125000000004 0.605575 0.4168140625 0.5993031249999999 0.40872343750000006 0.5978390625000001
1 0.245890625 0.58655 0.2604296875 0.5910109375 0.319215625 0.5984671875 0.3623265625 0.596934375 0.3978515625 0.5924734375 0.42642187500000006 0.587178125 0.43565156250000003 0.5770734375 0.4156765625 0.5684328125 0.41024062499999997 0.5666203125 0.376359375 0.563971875 0.29279375 0.571428125 0.2534765625 0.5806265625 0.245890625 0.58655
2 0.2900125 0.545853125 0.2938046875 0.54878125 0.3089765625 0.5553312499999999 0.3833125 0.5701734375 0.4037921875 0.5717078124999999 0.409228125 0.5701734375 0.41833125000000004 0.5621609375000001 0.42161875000000004 0.5571421875 0.42161875000000004 0.5496859374999999 0.42047968750000003 0.5475953125 0.41732031249999996 0.545853125 0.41024062499999997 0.5449484375 0.30948125000000004 0.5431359375 0.2900125 0.545853125
2 0.29115 0.5265500000000001 0.2878640625 0.5291984375000001 0.2884953125 0.5321953125000001 0.29494375 0.5345640625 0.35638437500000003 0.5404875 0.428065625 0.54466875 0.43021562500000005 0.5229265625 0.43021562500000005 0.5205578125 0.4242734375 0.5185359375 0.40164375 0.519721875 0.3493046875 0.5238328125 0.29115 0.5265500000000001
2 0.2782546875 0.5043203125 0.28154218750000004 0.5061328125 0.2912765625 0.5078750000000001 0.3434890625 0.5117765624999999 0.4179515625 0.5218125 0.42060624999999996 0.5073171875 0.4254109375 0.4992328125 0.4232609375 0.4968640625 0.304678125 0.4956796875 0.2848296875 0.49839687499999996 0.2788875 0.501671875 0.2782546875 0.5043203125
2 0.34386875 0.46682968750000003 0.3024015625 0.4680140625 0.2964609375 0.4703828125 0.2954484375 0.476028125 0.2975984375 0.47902500000000003 0.31163124999999997 0.482578125 0.37838125 0.493240625 0.4059421875 0.49386718749999997 0.42098593749999996 0.49386718749999997 0.4231359375 0.4926828125 0.426928125 0.48466875 0.4345125 0.47665468750000006 0.43388125000000005 0.47337968750000003 0.4290765625 0.46682968750000003 0.42098593749999996 0.46564531249999996 0.39949375 0.4677359375 0.34386875 0.46682968750000003
1 0.3611890625 0.4261328125 0.27383125 0.41630625 0.2690265625 0.417490625 0.283059375 0.42731718750000003 0.315296875 0.4424390625 0.36877343749999997 0.4614640625 0.3876109375 0.46473906249999997 0.4059421875 0.463275 0.42831875 0.458815625 0.4312265625 0.45672499999999994 0.4307203125 0.45345 0.4226296875 0.443065625 0.405309375 0.4358890625 0.3611890625 0.4261328125
3 0.279771875 0.3962375 0.297471875 0.4060625 0.3734515625 0.42418125 0.4026546875 0.43254374999999995 0.4188375 0.43191562499999997 0.42414687500000003 0.430453125 0.425790625 0.42808437499999996 0.423640625 0.423903125 0.425790625 0.42000000000000004 0.43173125 0.415609375 0.427434375 0.409965625 0.425790625 0.40278749999999997 0.4214921875 0.3992328125 0.4182046875 0.3977703125 0.3929203125 0.3950515625 0.2834390625 0.390940625 0.27914062500000003 0.3929609375 0.279771875 0.3962375
3 0.3029078125 0.33247343749999997 0.284703125 0.3246 0.300253125 0.3442515625 0.394690625 0.3912890625 0.42060624999999996 0.39735156250000003 0.4251578125 0.3959578125 0.43287031249999997 0.38878124999999997 0.4426046875 0.386690625 0.449684375 0.383065625 0.45157968750000005 0.378815625 0.44386875000000003 0.36815312499999997 0.4477875 0.3631359375 0.4484203125 0.360278125 0.4477875 0.3592328125 0.4386859375 0.3570734375 0.35979843749999996 0.3417421875 0.3029078125 0.33247343749999997
4 0.314159375 0.29909375 0.3233875 0.3089203125 0.3410875 0.321115625 0.387990625 0.3326828125 0.41125156250000006 0.3413234375 0.43324843749999997 0.3540765625 0.451075 0.35881562499999997 0.4629578125 0.36 0.47319843749999996 0.35763124999999996 0.47635937500000003 0.3540765625 0.47104999999999997 0.33860625 0.49152968750000003 0.3303140625 0.4834390625 0.31811875 0.4834390625 0.3163765625 0.4898859375 0.3103828125 0.48508281249999996 0.305365625 0.479140625 0.302090625 0.47054375000000004 0.30090625000000004 0.42895000000000005 0.2994421875 0.41226250000000003 0.295540625 0.3400765625 0.273240625 0.33463906250000003 0.27205625 0.3298359375 0.2729609375 0.32768593749999997 0.27533124999999997 0.3298359375 0.27860625 0.349684375 0.2884328125 0.37775 0.29707343750000004 0.39393125 0.30445937500000003 0.3965859375 0.30745625 0.3965859375 0.3112890625 0.3922875 0.3166546875 0.39013906249999997 0.3178390625 0.3615671875 0.3110109375 0.3212390625 0.294634375 0.3131484375 0.29581875 0.314159375 0.29909375
4 0.37989843749999996 0.22961718750000001 0.3718078125 0.23135937499999998 0.368646875 0.236096875 0.385334375 0.24264843749999998 0.4262953125 0.27149843749999997 0.440328125 0.2792328125 0.45651093749999994 0.2964453125 0.47206093750000006 0.30445937500000003 0.48394375 0.3071078125 0.48723124999999995 0.3056453125 0.4931734375 0.3071078125 0.4996203125 0.296725 0.5098609374999999 0.29498281249999997 0.5103671875 0.288153125 0.52225 0.28515625 0.5189640625 0.2792328125 0.531353125 0.2756796875 0.532490625 0.2691296875 0.5265484375 0.25958125 0.513653125 0.2533796875 0.4855875 0.24745625000000002 0.451075 0.23526093750000002 0.4268015625 0.2287109375 0.41605625 0.22752656249999997 0.4096078125 0.2310796875 0.4096078125 0.2322640625 0.41226250000000003 0.2349125 0.4348921875 0.24536562499999998 0.44247812499999994 0.2506625 0.44677656250000003 0.2566546875 0.442225 0.2596515625 0.439190625 0.25958125 0.42465156249999997 0.252753125 0.39987343750000004 0.2343546875 0.387484375 0.2298953125 0.37989843749999996 0.22961718750000001
4 0.4606828125 0.21275312500000002 0.455246875 0.2124734375 0.44500624999999994 0.2059234375 0.42781250000000004 0.198815625 0.418584375 0.192821875 0.42718125 0.20710781250000002 0.44715625000000003 0.23177656249999998 0.46017656249999994 0.23797968749999998 0.469784375 0.2391640625 0.47686406249999996 0.2391640625 0.4833125 0.23769999999999997 0.48647343750000005 0.23442500000000002 0.488115625 0.22878125 0.5021484375 0.2282234375 0.506953125 0.22669062499999998 0.5107453125 0.2243203125 0.508090625 0.218396875 0.5166875 0.21721249999999998 0.5302156250000001 0.2124734375 0.524778125 0.203275 0.511884375 0.193728125 0.48381718749999997 0.1854359375 0.4704171875 0.177421875 0.47775 0.192334375 0.4790140625 0.1949125 0.4773703125 0.1996515625 0.46662499999999996 0.2026484375 0.46384375 0.21094062500000002 0.4606828125 0.21275312500000002
4 0.7040453125 0.2387453125 0.695575 0.24801406250000002 0.685209375 0.249478125 0.680784375 0.2526828125 0.680025 0.256934375 0.66839375 0.2579796875 0.6646015625 0.262996875 0.6664984375 0.26975625000000003 0.6735781249999999 0.27581875 0.7001265625 0.28188124999999997 0.7512015625 0.2868984375 0.7570171875 0.285853125 0.7576484375 0.284390625 0.7434890625 0.282578125 0.72604375 0.2779796875 0.7188375 0.27442500000000003 0.7144125 0.2701046875 0.755246875 0.26696875000000003 0.759671875 0.26655 0.744753125 0.256934375 0.72604375 0.241603125 0.713021875 0.238396875 0.7040453125 0.2387453125
4 0.66611875 0.2779796875 0.6505687499999999 0.26655 0.6254109375 0.25554062499999997 0.6027812499999999 0.2551921875 0.5936781250000001 0.2612546875 0.59494375 0.2662015625 0.5768640625 0.2708703125 0.5704171875 0.281184375 0.5716812499999999 0.290453125 0.577496875 0.2936578125 0.6389375 0.3050875 0.6455124999999999 0.3082921875 0.6584078124999999 0.31115 0.6887484374999999 0.3114984375 0.7146656250000001 0.30794375 0.7340078125 0.30257812500000003 0.6855875 0.301184375 0.66940625 0.299721875 0.6667515625 0.29790937500000003 0.6667515625 0.29400624999999997 0.6713015625 0.29226406250000003 0.7323640625000001 0.29254375 0.7479140625 0.29121874999999997 0.7592921875 0.28794375 0.7127687500000001 0.287246875 0.703034375 0.2862015625 0.66611875 0.2779796875
4 0.641340625 0.3259234375 0.6553734375 0.3259234375 0.6898859374999999 0.328640625 0.6989890625 0.3277359375 0.6984828125 0.3247390625 0.6920359375 0.32090625 0.6321109375 0.31345 0.59608125 0.2992328125 0.5787609375 0.29623750000000004 0.5685203125 0.29623750000000004 0.54273125 0.30543593750000003 0.545890625 0.31107968750000003 0.5518328125 0.315540625 0.5501890625 0.317909375 0.5432359375 0.31972187500000004 0.5372953125000001 0.32299687499999996 0.5346390624999999 0.32655 0.5389375000000001 0.342578125 0.585840625 0.34794375 0.6068265625 0.345575 0.68445 0.3449484375 0.6924140624999999 0.343484375 0.692540625 0.33484375 0.6887484374999999 0.3331015625 0.6477875 0.3339375 0.6353984374999999 0.3312890625 0.6337546875 0.32745625 0.641340625 0.3259234375
3 0.5534765625 0.3459234375 0.5393171875 0.3452265625 0.52895 0.34696875 0.5173203125 0.3526828125 0.5140328125 0.3577 0.5179515625 0.3701734375 0.54058125 0.3758890625 0.63173125 0.38153281250000004 0.6699109375 0.3826484375 0.6860937500000001 0.37909375 0.6892546875 0.371915625 0.6854609375 0.367665625 0.680278125 0.367665625 0.64665 0.3662015625 0.6109984374999999 0.35909375 0.57610625 0.349478125 0.5534765625 0.3459234375
3 0.5007578125000001 0.37853593750000003 0.4988625 0.3846 0.5169406249999999 0.4049484375 0.5298359375 0.40850156249999997 0.5551203124999999 0.41101093750000006 0.6366625 0.4103140625 0.6747156249999999 0.40599375000000004 0.6747156249999999 0.40320625000000004 0.568646875 0.3835546875 0.532490625 0.3735890625 0.5195953125 0.3735890625 0.5007578125000001 0.37853593750000003
1 0.5206062499999999 0.4049484375 0.49532187499999997 0.40675937500000003 0.47724374999999997 0.41742187499999994 0.47724374999999997 0.4213234375 0.48432343749999995 0.42954687500000005 0.4940578125 0.43421562500000005 0.51276875 0.4366546875 0.534134375 0.4377703125 0.629203125 0.43024375 0.70885 0.4270390625 0.713275 0.4249484375 0.713275 0.4227875 0.7006328125 0.419721875 0.659671875 0.41456406250000005 0.5206062499999999 0.4049484375
2 0.517825 0.44007031249999995 0.49974687500000003 0.4408359375 0.4900125 0.445784375 0.4848296875 0.45435468749999997 0.4829328125 0.4661328125 0.492540625 0.46898906250000005 0.5553734375 0.46648125 0.601896875 0.470034375 0.6737046875 0.4728921875 0.7067 0.46933749999999996 0.7137796875 0.465784375 0.7170671875 0.4614640625 0.7156765625 0.45825781250000003 0.69949375 0.4618125 0.665865625 0.463275 0.6064468749999999 0.45254374999999997 0.517825 0.44007031249999995
2 0.5505687499999999 0.4728921875 0.49355312500000004 0.47219531249999996 0.4787609375 0.47428593750000003 0.4729453125 0.48432031249999996 0.4787609375 0.505365625 0.48457656250000003 0.5096171875 0.6087234375 0.497490625 0.6977249999999999 0.485784375 0.704425 0.48432031249999996 0.7109984375 0.48320625 0.701896875 0.48 0.651453125 0.476096875 0.5505687499999999 0.4728921875
2 0.6213656249999999 0.513309375 0.5165609375 0.5077359375 0.4785078125 0.5077359375 0.4700375 0.5287109375 0.474715625 0.535540625 0.4940578125 0.540278125 0.5398234375000001 0.5420203124999999 0.6656125 0.53254375 0.6695328125 0.5317078125 0.673325 0.527875 0.673325 0.5236234375000001 0.6656125 0.5188843750000001 0.6213656249999999 0.513309375
2 0.6560046875000001 0.5484328125 0.5240203125 0.5454359375 0.48836874999999996 0.5424390625 0.48053125 0.546690625 0.47825468750000005 0.554425 0.485209375 0.5655046875 0.4968390625 0.5689203125 0.5388109375 0.5698265625000001 0.6570171874999999 0.5560968749999999 0.6629578125 0.5552609375 0.666878125 0.5539375 0.66611875 0.5526828125 0.6622 0.5501046875 0.6560046875000001 0.5484328125
1 0.4892546875 0.5750515625 0.4767390625 0.580209375 0.467509375 0.585784375 0.48217499999999996 0.595609375 0.5001265625 0.6003484375 0.5295828124999999 0.601184375 0.5948171875 0.5981875 0.6537296875 0.59303125 0.6964609375 0.5875265625 0.6979765625 0.5849484375 0.68950625 0.5815328125 0.63274375 0.5772125 0.5070796875 0.57254375 0.4892546875 0.5750515625
3 0.685209375 0.5999296875 0.65499375 0.601603125 0.509103125 0.6007671875 0.497471875 0.60418125 0.49127656249999996 0.6084328125 0.49355312500000004 0.612753125 0.49974687500000003 0.6161671875 0.4903921875 0.622996875 0.515296875 0.6324046875 0.6099875 0.617003125 0.6713015625 0.6101734375000001 0.6759796875 0.6093375 0.68445 0.6063421875 0.6876109375 0.6037625 0.6876109375 0.6007671875 0.685209375 0.5999296875
3 0.6383062500000001 0.6287812500000001 0.56839375 0.6316375 0.5179515625 0.6305921875 0.5115046875 0.6333796875 0.501896875 0.6412546875 0.502528125 0.6473171875 0.5193421875 0.6597906250000001 0.5251578125 0.6597906250000001 0.5432359375 0.6579796875 0.55613125 0.653728125 0.59494375 0.6459234375 0.6804046875 0.638396875 0.6829328125 0.6380484375 0.6862203124999999 0.637003125 0.687484375 0.6330312499999999 0.6796453125 0.6301734375 0.6383062500000001 0.6287812500000001
4 0.54829375 0.65581875 0.534765625 0.657003125 0.528825 0.65909375 0.5256640625 0.6629265625 0.518584375 0.6766546875 0.5218703125 0.679303125 0.538559375 0.6861328125 0.538559375 0.68794375 0.5304671875 0.6959578125 0.5359046875 0.6992328125 0.54829375 0.7027875 0.5590390625 0.7027875 0.571428125 0.700975 0.611378125 0.6908703125 0.6340078124999999 0.6867593750000001 0.6764859375000001 0.669478125 0.6302156250000001 0.676934375 0.6231359375000001 0.6766546875 0.6188374999999999 0.67484375 0.6199749999999999 0.668571875 0.6706703125 0.6617421875 0.6706703125 0.659721875 0.6259171875 0.658815625 0.5967125 0.6599999999999999 0.5768640625 0.6564453125 0.54829375 0.65581875
4 0.61555 0.714146875 0.613275 0.7106625 0.6141593750000001 0.7089203125 0.6259171875 0.7057140625 0.6699109375 0.6977703125 0.6973453125 0.6943546875 0.67939375 0.6908703125 0.64829375 0.68885 0.616434375 0.69484375 0.5796453125000001 0.6975609375 0.5643484375 0.7052265625 0.5567640625 0.7106625 0.5548671875 0.715121875 0.555878125 0.7200703125000001 0.5625796875 0.7235546875 0.5810359375 0.72878125 0.5782546875000001 0.7324734375 0.5778765625 0.7381875 0.581415625 0.74236875 0.5998734375 0.7431359375000001 0.6182046875 0.738884375 0.6604296875 0.7210453125 0.6811625 0.7094078125000001 0.6882421875 0.7021609375 0.7024015625 0.697490625 0.7075859375 0.69533125 0.6910234375 0.69679375 0.6299625 0.71860625 0.6209859375 0.71860625 0.61555 0.714146875
4 0.7193421875 0.7176312499999999 0.7328703125 0.712821875 0.746903125 0.71400625 0.7366625 0.7087109375 0.7221234375 0.7063421875 0.708596875 0.7068984375 0.690771875 0.7101734375000001 0.671428125 0.717909375 0.66283125 0.7235546875 0.6595453124999999 0.7277359375 0.6611890625 0.7312890624999999 0.6649812500000001 0.73303125 0.6762328125 0.73484375 0.6783812499999999 0.741671875 0.6826796875000001 0.74466875 0.6929203125 0.7473171875 0.6973453125 0.7526828125 0.6967125000000001 0.7579796875 0.7064468749999999 0.7579796875 0.7204796875 0.7547734375 0.7452593750000001 0.741671875 0.7560046875 0.7329609375 0.7522125 0.72794375 0.7307203125 0.7303828125 0.7259171875 0.729478125 0.7166875 0.722090625 0.7193421875 0.7176312499999999
