4 0.5249843750000001 0.19185000000000002 0.52390625 0.189759375 0.47488906249999996 0.19923437500000002 0.4096390625 0.20337812500000002 0.392390625 0.2075234375 0.3918828125 0.2110765625 0.39778125000000003 0.215534375 0.3972734375 0.22054999999999997 0.3999359375 0.22587968749999998 0.396703125 0.2318 0.4010140625 0.2380359375 0.417184375 0.24691718749999997 0.4268859375 0.25047031249999996 0.43335468749999995 0.25047031249999996 0.44413437499999997 0.2492859375 0.515853125 0.2261921875 0.5255546875 0.219365625 0.529296875 0.21403750000000002 0.5294859375 0.20644374999999998 0.5233984375 0.2055375 0.5168046875 0.207628125 0.5112875 0.2130265625 0.501078125 0.21919218749999997 0.47856718750000005 0.22643749999999999 0.4714015625 0.2270640625 0.46702656249999996 0.22535625 0.46391875000000005 0.222953125 0.4613828125 0.2147328125 0.46512343749999996 0.21250468749999998 0.5131265625 0.20278593749999999 0.520671875 0.19954687499999998 0.52390625 0.1965859375 0.5249843750000001 0.19185000000000002
4 0.5546609375 0.2244171875 0.549778125 0.22204843749999997 0.5379203125 0.22173437499999998 0.527140625 0.223825 0.4738109375 0.242459375 0.45060312500000005 0.24869375 0.422575 0.25343125 0.42796406249999996 0.2593515625 0.4565625 0.2741546875 0.47431875 0.287775 0.47970781249999994 0.290421875 0.48186406249999997 0.28982968750000004 0.48566875 0.2874609375 0.48941093750000003 0.28213125 0.5190875 0.27147343749999997 0.5594796875 0.252525 0.572796875 0.24820625000000002 0.5746984375 0.242771875 0.573303125 0.2416578125 0.5670890625 0.24036875000000002 0.554090625 0.242459375 0.5174375 0.253709375 0.5107171875 0.2524203125 0.505390625 0.2490078125 0.5038046875 0.2466046875 0.5034875000000001 0.244896875 0.5098921875 0.24158906249999998 0.5525046875 0.22915312499999999 0.55516875 0.22765624999999998 0.5546609375 0.2244171875
4 0.6013953125 0.2762796875 0.5955609374999999 0.2742953125 0.5883953125 0.2740515625 0.5596703125 0.2762796875 0.50393125 0.28812187499999997 0.4724796875 0.29404375 0.47343124999999997 0.3066171875 0.4837671875 0.32365 0.49182031249999997 0.3327765625 0.49499062499999996 0.337965625 0.49315156250000003 0.34461875000000003 0.510209375 0.33820937500000003 0.523715625 0.33155625 0.5960046875 0.3049109375 0.6149015624999999 0.29355625 0.6153453125 0.28909843749999997 0.6112875 0.287390625 0.6018390625000001 0.28812187499999997 0.540203125 0.30905625 0.5357000000000001 0.3096140625 0.530246875 0.3084640625 0.5272671875 0.307140625 0.5253015624999999 0.30456249999999996 0.530246875 0.30160156250000003 0.533925 0.3001390625 0.5748890624999999 0.28812187499999997 0.5960046875 0.2807390625 0.6013953125 0.2770109375 0.6013953125 0.2762796875
3 0.654090625 0.332984375 0.6742546875000001 0.323615625 0.6729234374999999 0.3208984375 0.64914375 0.3213859375 0.5992390624999999 0.33075625 0.5305640625 0.34137968750000003 0.51344375 0.3421109375 0.4905515625 0.34656875 0.4968296875 0.3714734375 0.49727343749999997 0.3729703125 0.5008874999999999 0.375165625 0.5103359375000001 0.374434375 0.5444515625 0.3630796875 0.654090625 0.332984375
3 0.6681671875 0.3712984375 0.6735578125 0.3683390625 0.6746359375 0.36300937499999997 0.6681671875 0.361825 0.6433734375 0.3638796875 0.6002531249999999 0.369209375 0.554978125 0.3721703125 0.5209890625 0.3736671875 0.4983515625 0.373075 0.502853125 0.39731875 0.5040578124999999 0.4022640625 0.50481875 0.4075578125 0.5150921875 0.4065140625 0.5781234375000001 0.3932078125 0.6681671875 0.3712984375
1 0.593659375 0.428109375 0.6572609375 0.414803125 0.6798984375 0.40710625 0.6798984375 0.40383125 0.6755859375 0.4 0.6680406249999999 0.3985015625 0.5473046874999999 0.40856875 0.5014578125 0.40888125000000003 0.49067812499999997 0.412434375 0.48478125 0.41598750000000007 0.481546875 0.42427656249999995 0.48484531249999996 0.43699062499999997 0.485859375 0.44085625000000006 0.48636718749999996 0.441728125 0.48909375 0.44263281250000003 0.5041859375 0.442040625 0.593659375 0.428109375
2 0.6620171874999999 0.4351453125 0.641534375 0.433646875 0.5881421875 0.4354234375 0.5353203125 0.44016093749999996 0.5062140625 0.4443046875 0.48896562499999996 0.4452109375 0.48807812500000003 0.4619640625 0.48839531249999996 0.47015 0.66525 0.4419359375 0.6663281249999999 0.43779218750000004 0.6620171874999999 0.4351453125
2 0.6370328125 0.4665265625 0.6386171875 0.46297499999999997 0.635384375 0.46060625 0.6219406249999999 0.4588296875 0.5911859374999999 0.46119843749999995 0.4947375 0.47244843750000004 0.496321875 0.47687187499999995 0.49638593750000004 0.485196875 0.49581406250000004 0.49167500000000003 0.5281546875 0.48962031250000004 0.5863671874999999 0.47837031249999995 0.6348765625 0.4677109375 0.6370328125 0.4665265625
2 0.615028125 0.4974578125 0.6190875 0.494496875 0.6190875 0.4915359375 0.615915625 0.48833125 0.6033609375 0.48784375 0.5499046875 0.4915359375 0.52473125 0.49251093749999997 0.5000640625 0.49104843750000005 0.49239062499999997 0.49251093749999997 0.4887765625 0.494496875 0.49239062499999997 0.49843281250000004 0.49416562500000005 0.503378125 0.49372187500000003 0.5144890625 0.49372187500000003 0.515465625 0.4951171875 0.51745 0.5013953124999999 0.5179375 0.60735625 0.5004187499999999 0.615028125 0.4974578125
2 0.5216234375 0.544828125 0.60735625 0.5339609375000001 0.615471875 0.53124375 0.6176921875 0.5285265625 0.6172484375 0.524103125 0.6127453125 0.5211421875 0.593025 0.51818125 0.5507921875 0.5201671875 0.49372187500000003 0.5198890625 0.5000640625 0.5374078124999999 0.49778124999999995 0.5438515625 0.49733593750000005 0.544828125 0.498225 0.5468124999999999 0.5027265625 0.54754375 0.5072296875 0.5473 0.5216234375 0.544828125
1 0.5494609374999999 0.583315625 0.667153125 0.575409375 0.6783765625 0.573459375 0.6864296875 0.57021875 0.68915625 0.567259375 0.6873171874999999 0.5638109375 0.681928125 0.5603625 0.6635390625 0.5581328125 0.6253640625 0.5574015625000001 0.5719093749999999 0.5539531249999999 0.5305640625 0.5500171875000001 0.5000640625 0.544340625 0.49467343750000003 0.5539531249999999 0.4905515625 0.5735984375000001 0.49061562500000006 0.5769062500000001 0.49239062499999997 0.5815750000000001 0.4960046875 0.583315625 0.5000640625 0.5842906250000001 0.5494609374999999 0.583315625
3 0.5469875 0.6222218749999999 0.658021875 0.6192609375 0.6661374999999999 0.61720625 0.6698796875 0.613340625 0.6688015625 0.6089171875 0.6618265625 0.6056421875 0.6202921875 0.600034375 0.5594171875 0.5943921875 0.525428125 0.5866953125000001 0.5087515625 0.586415625 0.5044390625 0.5890625 0.49581406250000004 0.6112859375 0.49524375000000004 0.61246875 0.49581406250000004 0.61720625 0.49955625000000003 0.619853125 0.504946875 0.6216296875 0.5469875 0.6222218749999999
3 0.6596062500000001 0.67464375 0.6725421875 0.6742953125 0.676475 0.6700109375000001 0.673875 0.66468125 0.669309375 0.6622078124999999 0.5988578125 0.6373390624999999 0.5496515625 0.6234765624999999 0.51084375 0.602159375 0.49860468750000003 0.602159375 0.4960046875 0.6078375 0.49537031249999997 0.6192265625 0.4914390625 0.6373390624999999 0.4908046875 0.6387671874999999 0.490171875 0.6415890625 0.510209375 0.6462203125 0.6027265625 0.6614765625000001 0.6596062500000001 0.67464375
4 0.5613187500000001 0.7428421875 0.5807234375 0.748903125 0.58915625 0.7499484375 0.59169375 0.7496 0.5975265624999999 0.746778125 0.5975265624999999 0.7442703125000001 0.593659375 0.7385921875 0.5625875 0.7187046875 0.5400765625 0.706653125 0.536715625 0.7039703125 0.5344953125 0.69885 0.5374765625 0.6967953125 0.5520609375000001 0.69575 0.6007609375 0.721909375 0.6130625000000001 0.7240328125 0.6207984375 0.7233015625 0.62473125 0.721525 0.62473125 0.7187046875 0.61953125 0.716928125 0.590425 0.6952625 0.539315625 0.666109375 0.5057078125000001 0.6490421875 0.4979078125 0.6476484375 0.490171875 0.6476484375 0.484971875 0.6490421875 0.48306875 0.6525953125 0.48243437499999997 0.6611281250000001 0.47336718749999995 0.6760703125 0.4659484375 0.694078125 0.4643 0.698815625 0.46366562499999997 0.700940625 0.46556718750000003 0.7066171875 0.49467343750000003 0.709090625 0.5613187500000001 0.7428421875
4 0.5835765625 0.77690625 0.5824984375 0.77185625 0.5797718749999999 0.768303125 0.49353125000000003 0.7173812500000001 0.47197187500000004 0.709090625 0.462840625 0.70790625 0.45637343750000003 0.710275 0.45256875 0.716196875 0.45149062500000003 0.7242078125 0.44610000000000005 0.7339609375 0.43424218750000004 0.748484375 0.43157968750000003 0.7561828125 0.47305 0.7686171875000001 0.5172484374999999 0.785196875 0.54045625 0.7946703125 0.55174375 0.7943578125 0.5560562499999999 0.79258125 0.5560562499999999 0.7896203125000001 0.548509375 0.78133125 0.505009375 0.7582375 0.503296875 0.7524203125 0.5044390625 0.750540625 0.505834375 0.7490765625 0.5116046875 0.74886875 0.517375 0.7518281250000001 0.54045625 0.7615109375 0.5646796875 0.7736328125 0.5814203124999999 0.7783703125 0.5835765625 0.77690625
4 0.4318953125 0.8188093750000001 0.475015625 0.8170328124999999 0.523525 0.8176249999999999 0.5278375 0.81671875 0.5310718750000001 0.814071875 0.5315796875000001 0.81020625 0.5251109375 0.8078375 0.4890296875 0.8034140624999999 0.46043124999999996 0.8010453125 0.4577671875 0.8001390625000001 0.4577671875 0.793034375 0.4599234375 0.7912578124999999 0.4668984375 0.7894812499999999 0.4847171875 0.7927546875 0.533734375 0.8048765625 0.5440078125000001 0.80546875 0.549396875 0.802821875 0.5488265625000001 0.8010453125 0.5267593749999999 0.7912578124999999 0.49923906249999994 0.7803203125 0.47083125 0.7735984375 0.4596703125 0.772065625 0.4410265625 0.76583125 0.42967656249999997 0.7638453125 0.42238437500000003 0.7688953125 0.403296875 0.7886109375 0.3963859375 0.798084375 0.39416562499999996 0.8013234375 0.392009375 0.8051890625 0.392009375 0.81051875 0.4000640625 0.81525625 0.4318953125 0.8188093750000001
4 0.2603671875 0.755659375 0.269371875 0.7574015625 0.32999375 0.76158125 0.3381109375 0.7647859375 0.348446875 0.7709515625 0.3556125 0.776140625 0.35833906249999997 0.7793453125 0.362778125 0.7793453125 0.37089375 0.7778828125 0.37989843749999996 0.7724484375 0.3888390625 0.755415625 0.3888390625 0.7514796875 0.378503125 0.7450359375 0.37672812499999997 0.737653125 0.3681671875 0.7334734375 0.32777500000000004 0.726053125 0.2990484375 0.725078125 0.28509843749999997 0.725809375 0.2603671875 0.7216296875 0.2601140625 0.7252875000000001 0.26220625000000003 0.7275515625 0.2648703125 0.7299890625 0.2711484375 0.73270625 0.294103125 0.7371640625 0.32821875 0.7411 0.3357 0.7411703125 0.338490625 0.7423546875 0.33785625 0.745628125 0.3337984375 0.7478578125 0.3268859375 0.7482765625 0.3062140625 0.747265625 0.28104062500000004 0.747509375 0.268484375 0.7452109375 0.26309375 0.745315625 0.25770468750000003 0.747509375 0.2559296875 0.7492515625 0.2568171875 0.7527 0.2603671875 0.755659375
4 0.3076734375 0.7194359375 0.3540265625 0.7167890625 0.38744375 0.7173812500000001 0.3944828125 0.7167890625 0.398225 0.71410625 0.4025359375 0.70759375 0.4079265625 0.701671875 0.41439375 0.6892375000000001 0.41496562499999995 0.6783 0.39987343750000004 0.67325 0.390678125 0.6738421875 0.3222578125 0.6839078125 0.2791375 0.693103125 0.26778749999999996 0.6984328125 0.2683578125 0.7034484375 0.2705140625 0.704353125 0.275903125 0.705225 0.34565625 0.6949140625 0.3521875 0.694740625 0.35421718750000003 0.6972828125 0.3544703125 0.70024375 0.3539625 0.7032046875 0.2774890625 0.7111453125 0.274825 0.711459375 0.27267031249999996 0.7123296875 0.2720984375 0.7150125 0.27698125 0.717659375 0.3076734375 0.7194359375
3 0.30615156250000003 0.636225 0.380025 0.6376875 0.44521249999999996 0.6365031250000001 0.45383593749999995 0.635040625 0.455484375 0.6273421875 0.45440781250000006 0.602159375 0.4447046875 0.5944625 0.42365312499999996 0.5950546875 0.390234375 0.60334375 0.3298671875 0.6113546875 0.312175 0.616928125 0.30615156250000003 0.6187390625 0.30291718749999996 0.621421875 0.300253125 0.6285265625 0.30291718749999996 0.635040625 0.30615156250000003 0.636225
1 0.2876984375 0.5995468749999999 0.4487640625 0.6063046875 0.451996875 0.6048765625 0.4591 0.59495 0.457196875 0.5881921875 0.45009531249999996 0.5746781249999999 0.43779375 0.5665265625 0.4105890625 0.5672234375 0.28046875 0.5837343749999999 0.275459375 0.5853359375 0.2747625 0.58784375 0.27609374999999997 0.592790625 0.27869375 0.595646875 0.2876984375 0.5995468749999999
2 0.29638593750000003 0.5501921875 0.2989859375 0.5533953125 0.302853125 0.555171875 0.3895375 0.5650999999999999 0.42897968750000004 0.5633234375 0.43741250000000004 0.5619296874999999 0.44388125 0.554440625 0.44128125 0.5437828125 0.43284687499999996 0.5381046875 0.40894062499999995 0.5349 0.3746359375 0.5377562499999999 0.3135703125 0.540578125 0.308053125 0.5406125 0.305453125 0.5406125 0.29961875 0.54200625 0.2951171875 0.544165625 0.29638593750000003 0.5501921875
2 0.385478125 0.531765625 0.40431249999999996 0.531765625 0.42536406250000003 0.53058125 0.44312031249999995 0.527934375 0.448509375 0.5246609375 0.4512359375 0.520515625 0.45174375 0.5074890625 0.4495875 0.5027515625000001 0.44312031249999995 0.49714375000000005 0.42479374999999997 0.497421875 0.3725421875 0.5009750000000001 0.3190875 0.5055734375000001 0.3105265625 0.5066171875000001 0.308496875 0.5103796875 0.3088140625 0.5182515624999999 0.31268281249999996 0.5226046875 0.385478125 0.531765625
2 0.2985421875 0.47035937499999997 0.3172484375 0.4739109375 0.3592890625 0.4810171875 0.3929609375 0.48564999999999997 0.44660781250000003 0.48847031249999995 0.45180781249999996 0.48564999999999997 0.458909375 0.46931406249999996 0.458909375 0.457228125 0.45377343750000004 0.45510312500000005 0.44407031249999995 0.45510312500000005 0.40526249999999997 0.4568796875 0.3573875 0.4547203125 0.30741874999999996 0.45970000000000005 0.295053125 0.4614421875 0.29226406250000003 0.4626265625 0.29074218749999997 0.466075 0.2927078125 0.46823437500000004 0.2985421875 0.47035937499999997
2 0.2989859375 0.444584375 0.31255625 0.445315625 0.361065625 0.44423593749999996 0.4329109375 0.44848437499999994 0.45034843750000003 0.446359375 0.45554843749999996 0.4435390625 0.4594171875 0.439603125 0.458084375 0.426471875 0.445846875 0.42539218749999996 0.362396875 0.4239984375 0.2940390625 0.43106875 0.2892828125 0.43179999999999996 0.28738125000000003 0.432496875 0.28605 0.4342734375 0.288015625 0.439603125 0.2989859375 0.444584375
1 0.304121875 0.4080109375 0.42764687500000004 0.42159531250000004 0.453709375 0.4206203125 0.4591 0.419121875 0.4617625 0.4075234375 0.45865625000000004 0.3912578125 0.45415312500000005 0.38753125 0.4330375 0.3872859375 0.384528125 0.389028125 0.3157890625 0.38753125 0.2542796875 0.3905609375 0.24616406249999997 0.3912578125 0.2322765625 0.3934515625 0.2389984375 0.39665625000000004 0.24800312500000002 0.3986421875 0.304121875 0.4080109375
3 0.241534375 0.37185625 0.24927031249999998 0.3743296875 0.2868109375 0.3793109375 0.4097015625 0.3896203125 0.44464218750000006 0.390665625 0.44717812500000004 0.3903171875 0.45497812499999996 0.3736328125 0.451109375 0.36865156250000003 0.4452765625 0.3569140625 0.4303734375 0.3547890625 0.35795781249999997 0.35586875 0.2613828125 0.36015312499999996 0.2459734375 0.36098906249999996 0.23785625000000002 0.3638109375 0.23696875 0.3681296875 0.241534375 0.37185625
3 0.2699421875 0.344375 0.2738109375 0.34688281249999997 0.290615625 0.3504359375 0.3507921875 0.3571578125 0.43424218750000004 0.3578890625 0.44394375 0.3571578125 0.44908125 0.3514796875 0.44908125 0.3461515625 0.44394375 0.334796875 0.4329109375 0.3262625 0.366328125 0.3301640625 0.287825 0.3357015625 0.2816109375 0.335840625 0.27121093749999997 0.336571875 0.2679765625 0.33761718749999997 0.2679765625 0.3404734375 0.2699421875 0.344375
4 0.28040625 0.3022984375 0.28421093750000004 0.3043890625 0.2911859375 0.30644375 0.326759375 0.312365625 0.4248578125 0.32629687500000004 0.4329734375 0.3268890625 0.4405203125 0.3245203125 0.4405203125 0.3194703125 0.43887187499999997 0.31386250000000004 0.43024687500000003 0.2960984375 0.418959375 0.28571875 0.40602343750000003 0.28188749999999996 0.3914390625 0.2807390625 0.3532015625 0.28192343750000004 0.290678125 0.2789625 0.28744375 0.28164375 0.288521875 0.2857890625 0.290678125 0.28843593749999996 0.298225 0.2908046875 0.3418515625 0.2919890625 0.3609390625 0.2934171875 0.365440625 0.2952625 0.365821875 0.297109375 0.3617 0.3008015625 0.34565625 0.302646875 0.2921375 0.2967953125 0.2868734375 0.296378125 0.2831328125 0.2960984375 0.2788203125 0.2975625 0.2788203125 0.29965156249999997 0.28040625 0.3022984375
