4 0.44736875 0.190003125 0.445403125 0.19251093749999998 0.44996875000000003 0.1975265625 0.458465625 0.204353125 0.4643625 0.2129578125 0.48002500000000003 0.217625 0.4807234375 0.2244171875 0.4833234375 0.2280046875 0.497653125 0.2315921875 0.5133796875 0.2315921875 0.5211796875 0.229815625 0.5264421875 0.22406874999999998 0.5421046875 0.211878125 0.563665625 0.19143125 0.577996875 0.17742968750000002 0.583259375 0.17133437499999998 0.58389375 0.1688265625 0.568865625 0.17276249999999999 0.5237796875 0.195715625 0.5166140625 0.1975265625 0.5120484375000001 0.1975265625 0.5087515625 0.1960984375 0.508496875 0.1944625 0.5107171875 0.192859375 0.5786296875 0.15914375 0.5538359374999999 0.15914375 0.5029171875 0.1731109375 0.44736875 0.190003125
4 0.5614453125 0.23650312499999998 0.5610015625 0.23326406249999998 0.5496515625 0.2325328125 0.5228921875 0.2325328125 0.5156625 0.23302031250000002 0.524159375 0.2452109375 0.52650625 0.24845 0.5292328125 0.2514453125 0.5383 0.248971875 0.5505390625000001 0.24346874999999998 0.5614453125 0.23650312499999998
4 0.5374125000000001 0.2693140625 0.5388078125 0.2742953125 0.5388078125 0.2822703125 0.5719093749999999 0.26408906249999997 0.5791375000000001 0.2566359375 0.5845906249999999 0.2474046875 0.5814203124999999 0.24117031249999998 0.5700703125000001 0.24217968750000002 0.5555484374999999 0.24639531250000002 0.5285984375 0.2588640625 0.5242859375 0.261371875 0.521115625 0.2646109375 0.5287890625 0.26534375 0.53608125 0.267571875 0.5374125000000001 0.2693140625
4 0.6529484375 0.2688609375 0.6529484375 0.2652734375 0.6507921875 0.26318281250000003 0.6426125 0.263775 0.5403296875 0.2888890625 0.5098281250000001 0.2900734375 0.4940390625 0.2933828125 0.4885859375 0.296378125 0.48478125 0.3068265625 0.4896640625 0.3151859375 0.4885859375 0.32835312499999997 0.4940390625 0.33462187499999996 0.49841406250000003 0.335840625 0.5136328125 0.3367125 0.5266968750000001 0.3367125 0.541915625 0.33075625 0.559353125 0.3259484375 0.60126875 0.3208640625 0.6279015625000001 0.3128171875 0.6469875 0.30505 0.66220625 0.294565625 0.6638546875 0.29129218749999997 0.6617 0.2879828125 0.6573234375 0.2871125 0.648065625 0.2879828125 0.6398859375 0.2900734375 0.6072296875000001 0.3020546875 0.5759671875000001 0.3049109375 0.56563125 0.30456249999999996 0.574571875 0.3014625 0.576790625 0.3008359375 0.5909328125 0.2936609375 0.628471875 0.2820265625 0.648065625 0.2733546875 0.6529484375 0.2688609375
3 0.5960687499999999 0.348728125 0.6164875000000001 0.34402656249999997 0.65865625 0.3322890625 0.67045 0.32556562499999997 0.6772984375 0.3181125 0.6568796875 0.3190875 0.6147109375 0.3268203125 0.5339890625 0.3375484375 0.5199109375 0.3375484375 0.5026640625 0.3390109375 0.5039953125000001 0.343015625 0.50221875 0.34625625000000004 0.5026640625 0.35472031249999997 0.509321875 0.36565625 0.5112875 0.3686875 0.5135703125 0.369175 0.5194671875 0.3686875 0.5816109375 0.3539875 0.5960687499999999 0.348728125
3 0.536778125 0.3993375 0.5712109375 0.38937656249999997 0.6242859375 0.38066875 0.663284375 0.3709515625 0.6759671875000001 0.3624515625 0.684590625 0.35775 0.6664546875 0.35848125 0.603425 0.3677109375 0.5617 0.3709515625 0.5440078125000001 0.3709515625 0.5231453125 0.369453125 0.5168046875 0.37143906250000003 0.5163609375 0.37641874999999997 0.5131890625 0.3851265625 0.5136328125 0.39185 0.5151546875 0.3950890625 0.5168046875 0.397840625 0.51953125 0.4000703125 0.5227015625 0.4008359375 0.527203125 0.4008359375 0.536778125 0.3993375
1 0.6352562500000001 0.4116328125 0.6715921875 0.3986765625 0.6788203125 0.39442656249999997 0.6788203125 0.39171093749999997 0.668865625 0.39146562500000004 0.649334375 0.39268593749999997 0.6067218750000001 0.3979453125 0.560875 0.401915625 0.5250468749999999 0.4036578125 0.5187062499999999 0.40515468749999994 0.5132531250000001 0.40888125000000003 0.5132531250000001 0.41588281250000003 0.5098281250000001 0.42897968750000004 0.5096390625 0.4325671875 0.5096390625 0.43406406249999996 0.5350671874999999 0.43315937499999996 0.5681671875000001 0.42706406250000006 0.6352562500000001 0.4116328125
2 0.5667093750000001 0.4547203125 0.6492703125 0.4340296875 0.676475 0.42504375000000005 0.652440625 0.426053125 0.6297406249999999 0.4288046875 0.5943562499999999 0.4340296875 0.5635390625000001 0.436259375 0.5090671875 0.43824375 0.5092578125 0.452490625 0.5095125 0.45841093749999995 0.51090625 0.463915625 0.515915625 0.46541249999999995 0.525871875 0.46415937500000004 0.5667093750000001 0.4547203125
2 0.577996875 0.48220156249999996 0.6360812499999999 0.4774640625 0.653709375 0.47669843749999996 0.6555484375 0.47495624999999997 0.6551046875 0.47297031250000005 0.6478125 0.47049843750000003 0.6183890625 0.4660046875 0.5140781249999999 0.4662484375 0.5090671875 0.4654828125 0.506784375 0.47398125 0.50741875 0.4817484375 0.5081796875 0.48592812500000004 0.5090671875 0.4884015625 0.5122390625000001 0.48941093750000003 0.5349390625 0.4891671875 0.577996875 0.48220156249999996
2 0.626696875 0.5151859375 0.635384375 0.511878125 0.6326562499999999 0.5035171875 0.61090625 0.4987453125 0.5602406249999999 0.4951578125 0.50913125 0.4891671875 0.5069125 0.5026125 0.50646875 0.52291875 0.505834375 0.5283171875 0.5439437500000001 0.5202718749999999 0.6016484375 0.515778125 0.626696875 0.5151859375
2 0.5948640625 0.5469875 0.6530125 0.5552421875 0.6268859375 0.53695625 0.5889656249999999 0.52978125 0.50995625 0.520096875 0.5079906249999999 0.5240328125 0.506721875 0.534796875 0.5075453125 0.5415890625 0.509321875 0.5466390624999999 0.5132531250000001 0.5509578125 0.5164875 0.55130625 0.52695 0.5502265625 0.5948640625 0.5469875
1 0.5966390625 0.5994078125 0.6619531249999999 0.621525 0.6755234375 0.6242421874999999 0.683703125 0.6233375 0.68478125 0.6206546875 0.682625 0.6173453125 0.670640625 0.6101703125 0.655421875 0.603309375 0.6211156250000001 0.5814703125 0.573746875 0.5629390625 0.5454656250000001 0.5545796875 0.5253015624999999 0.551584375 0.5068484375 0.5465 0.5079265625 0.5578546875 0.515915625 0.5769062500000001 0.5182625 0.5820624999999999 0.5187703124999999 0.58328125 0.522575 0.5850578125 0.5503484375000001 0.5877749999999999 0.5966390625 0.5994078125
3 0.6285359374999999 0.6435046875 0.6486359375 0.64886875 0.6622703125 0.650365625 0.671528125 0.649459375 0.6774890625000001 0.6479625 0.678059375 0.6449671875 0.6764109375 0.6437828125 0.660621875 0.639915625 0.637221875 0.6303375 0.6024093749999999 0.6174859374999999 0.5653765625 0.602821875 0.5425484375 0.59265 0.5327203125 0.589690625 0.5284078125 0.589690625 0.518071875 0.5944625 0.5104 0.6016375 0.5100828125 0.6140718749999999 0.5109703125 0.6174859374999999 0.5142046875 0.619575 0.5714015625 0.62675 0.604565625 0.6345171875 0.6285359374999999 0.6435046875
3 0.5998734375 0.674921875 0.6325296875 0.6815046875 0.6504749999999999 0.6835953124999999 0.6565000000000001 0.6826890624999999 0.65865625 0.6794140625 0.6580843749999999 0.6743296875 0.65263125 0.67015 0.6330375 0.6626609375 0.6009515624999999 0.65489375 0.554153125 0.638140625 0.53348125 0.6280046875 0.5220671875 0.624103125 0.512809375 0.6226046875 0.5078625 0.6237890625 0.5035515625 0.6270984375 0.5029796875 0.634865625 0.5046296875 0.6423546875 0.5008250000000001 0.6518984375 0.5008250000000001 0.6533953125 0.5029796875 0.656078125 0.508434375 0.657296875 0.5470515625 0.6599796875 0.5998734375 0.674921875
4 0.6407109375 0.7158828125000001 0.644515625 0.7125734375 0.6422953125 0.7072093749999999 0.6379828125 0.702125 0.6270765625 0.6931734374999999 0.5993031249999999 0.6835953124999999 0.5558015625 0.6764187500000001 0.5372859375 0.6698359375 0.5181984374999999 0.660884375 0.498096875 0.6581671874999999 0.49207343750000004 0.6602578125 0.48776093749999994 0.674015625 0.48776093749999994 0.69045625 0.48287812499999994 0.6979453125 0.48287812499999994 0.7027171875 0.4844640625 0.7057125 0.48338593750000003 0.71198125 0.5356375 0.71379375 0.57698125 0.7308250000000001 0.6020296875 0.7385921875 0.6096390625 0.739184375 0.616740625 0.738 0.6211156250000001 0.73531875 0.6194671875 0.7299203125 0.6140140625 0.7263328125 0.6009515624999999 0.7194703125 0.5617625 0.7024375 0.558528125 0.7003484375 0.5558015625 0.6970390625 0.5568796875 0.6955421875 0.5587828125 0.6952281250000001 0.5617625 0.6952625 0.588459375 0.69495 0.6173109375 0.7051203125 0.634178125 0.7158828125000001 0.6407109375 0.7158828125000001
4 0.604565625 0.781575 0.598034375 0.7657609375 0.5500953125 0.7400203125 0.5305015625 0.7325671875 0.509321875 0.7194015625 0.49784375000000003 0.71045 0.4913125 0.708359375 0.48262499999999997 0.707140625 0.47228906249999997 0.7107281249999999 0.4695625 0.7146296875 0.4695625 0.725984375 0.45922656249999994 0.7361546875 0.45053906250000003 0.7499125 0.449396875 0.7561828125 0.44996875000000003 0.757959375 0.4565 0.7603625 0.475015625 0.7621734375 0.4913125 0.7660390625 0.50386875 0.7720312500000001 0.5261890625000001 0.7845703125 0.5457828124999999 0.793834375 0.56265 0.7980140625 0.56918125 0.7977359374999999 0.5816734375 0.79265 0.5838296875 0.7908390625 0.5294234375 0.7570875 0.5294234375 0.7552765625 0.5327203125 0.7531875 0.53519375 0.7531515625 0.537603125 0.7535000000000001 0.578946875 0.7738078125000001 0.5930875 0.78279375 0.5974640625000001 0.7932421875 0.604565625 0.781575
4 0.5405828125000001 0.8213859375 0.5305640625 0.8034484375 0.5060875 0.78899375 0.490234375 0.7807734375 0.47482499999999994 0.7685828124999999 0.4666453125 0.7598390625 0.4616359375 0.7586203125 0.4516796875 0.7593515625 0.44077343750000003 0.762346875 0.4140140625 0.7817828125 0.4076734375 0.7892375 0.4072296875 0.7932421875 0.4076734375 0.794740625 0.42764687500000004 0.8109375 0.44483125 0.813409375 0.46525 0.8191578125 0.48566875 0.8273765624999999 0.4947375 0.8283531249999999 0.5038046875 0.8263671875 0.5056437500000001 0.8236156250000001 0.5038046875 0.8198890625 0.500190625 0.8159171875 0.4947375 0.8116687499999999 0.47025937500000003 0.8024374999999999 0.4675328125 0.7987109375 0.4675328125 0.7964828125000001 0.47190937499999996 0.7922671875 0.47526875 0.7915015624999999 0.50653125 0.8024374999999999 0.521496875 0.813409375 0.533734375 0.8293625 0.5405828125000001 0.8213859375
4 0.3698796875 0.805015625 0.3927703125 0.8032046875000001 0.39873125 0.799025 0.3970828125 0.786171875 0.3922 0.7814 0.3850984375 0.7784046874999999 0.37856718749999996 0.778090625 0.3698796875 0.7688265624999999 0.36880156249999996 0.757471875 0.358465625 0.7544765625000001 0.3083703125 0.7491125000000001 0.28065937500000004 0.7479281249999999 0.2604953125 0.7571921875000001 0.2588453125 0.7607796875 0.2588453125 0.7631484375 0.26214375 0.765865625 0.267596875 0.7673281249999999 0.2735578125 0.7679546875 0.27951875 0.7673281249999999 0.2876984375 0.7634624999999999 0.311096875 0.762278125 0.3214328125 0.763740625 0.32251093750000004 0.76614375 0.31762812500000004 0.7706375000000001 0.311096875 0.7733187499999999 0.267596875 0.7724140625 0.2648703125 0.774225 0.263221875 0.776628125 0.263221875 0.784675 0.2640453125 0.7858578125 0.26594843749999997 0.7864859375 0.31058906249999996 0.7921625 0.337221875 0.794253125 0.35954375 0.802334375 0.3698796875 0.805015625
4 0.304121875 0.735771875 0.28395625 0.7334031249999999 0.27089375000000004 0.7345875000000001 0.27089375000000004 0.7363984375 0.27526875 0.7384890625 0.2904875 0.741484375 0.325871875 0.7459421875000001 0.3307546875 0.747753125 0.35903593749999996 0.752525 0.3710203125 0.75343125 0.37374687500000003 0.7528390625 0.3775515625 0.7501218749999999 0.3775515625 0.7468484375 0.39283437499999996 0.7399859375 0.4031703125 0.7268203125 0.4107796875 0.7190531250000001 0.39499062500000004 0.7199578125 0.376475 0.7175546875000001 0.32694999999999996 0.7160578125 0.3024734375 0.7202375 0.29486406249999997 0.7244171875000001 0.2937859375 0.7274125 0.2937859375 0.73009375 0.2959421875 0.732496875 0.300825 0.7330890625 0.3111609375 0.732184375 0.323715625 0.7283171875 0.34216875 0.728596875 0.368928125 0.7308953125000001 0.3720984375 0.7315921875 0.37431875 0.7334031249999999 0.37431875 0.7351796875 0.3710203125 0.7366765625 0.304121875 0.735771875
4 0.40653125 0.697665625 0.412871875 0.684709375 0.41972031249999997 0.667259375 0.41154062500000005 0.6692437499999999 0.3956875 0.6692437499999999 0.36842031249999996 0.6717515625 0.3407734375 0.6767328125 0.323525 0.6839421875 0.32035468749999996 0.6881921875 0.3226375 0.6921984375 0.326253125 0.6941828125 0.33170625 0.6941828125 0.3462265625 0.6921984375 0.3715921875 0.685196875 0.3875078125 0.6827234375 0.3934046875 0.6824796875 0.3934046875 0.684465625 0.3866203125 0.69094375 0.380215625 0.6926859375000001 0.36569375000000004 0.6949140625 0.33170625 0.6981546875 0.297209375 0.702646875 0.29676562500000003 0.703378125 0.2977171875 0.7043890625 0.304946875 0.706896875 0.314521875 0.7074890625 0.3172484375 0.7076984375 0.41065312499999995 0.7111109375 0.41382343749999995 0.706896875 0.41014531249999997 0.7011499999999999 0.40653125 0.697665625
3 0.358909375 0.6597703125 0.39251718750000003 0.6624875 0.41972031249999997 0.6653781249999999 0.44089999999999996 0.6691046875 0.46093906249999994 0.6691046875 0.46512343749999996 0.6670499999999999 0.4669625 0.660815625 0.46512343749999996 0.6456640625000001 0.4605578125 0.639428125 0.4507296875 0.636328125 0.4401390625 0.638175 0.42124218750000003 0.6392203125 0.4088140625 0.6425640625 0.38801562500000003 0.6437828125 0.3751421875 0.6456640625000001 0.332846875 0.645871875 0.3173109375 0.6504359375 0.295053125 0.6504359375 0.292009375 0.650853125 0.2901078125 0.6523156250000001 0.2901078125 0.6554156250000001 0.2953703125 0.65750625 0.358909375 0.6597703125
3 0.30507343750000004 0.6282125 0.32206718749999996 0.6292578125 0.409765625 0.6323921875 0.4346859375 0.6344484375 0.4487 0.638384375 0.45814843749999995 0.6390109374999999 0.466075 0.637965625 0.4710203125 0.633403125 0.473240625 0.6273765625000001 0.470640625 0.617625 0.45326562499999995 0.6024734375 0.4381109375 0.6022640625 0.3455296875 0.6056078125 0.326253125 0.6120171875 0.2965125 0.620759375 0.2873171875 0.622675 0.285415625 0.6259484375000001 0.2861765625 0.6273765625000001 0.2888390625 0.62863125 0.30507343750000004 0.6282125
1 0.29638593750000003 0.5948109374999999 0.3027265625 0.5960640625 0.3208625 0.5970390625 0.33633437499999996 0.600278125 0.45060312500000005 0.6062703125 0.4642359375 0.604771875 0.4755234375 0.600278125 0.47824999999999995 0.5948109374999999 0.47374687499999996 0.5843609375 0.46556718750000003 0.57464375 0.44832031250000004 0.571646875 0.425175 0.571403125 0.40799062499999994 0.575375 0.39980937499999997 0.5743640625 0.34039375 0.581365625 0.309765625 0.577778125 0.2987953125 0.578509375 0.29188281250000003 0.5805984375000001 0.2909328125 0.5843609375 0.294103125 0.59306875 0.29638593750000003 0.5948109374999999
2 0.41604374999999993 0.5631828125 0.459796875 0.56353125 0.47285937499999997 0.5621031249999999 0.474128125 0.5610234375 0.47482499999999994 0.55276875 0.47805937500000006 0.5401953125000001 0.47285937499999997 0.5373390625 0.451934375 0.5341 0.427775 0.5376875 0.32213125 0.542771875 0.314140625 0.54249375 0.306975 0.5416578125 0.31350625 0.5466734375 0.345465625 0.5602921875 0.41604374999999993 0.5631828125
2 0.28909375000000004 0.525321875 0.29765312499999996 0.5273078124999999 0.3085609375 0.5273078124999999 0.3348765625 0.5285609375 0.4518703125 0.530059375 0.46823125 0.529815625 0.4781859375 0.5285609375 0.48091249999999997 0.5270640625 0.48091249999999997 0.51361875 0.47907343750000003 0.4946703125 0.47368437500000005 0.4944265625 0.45098281250000005 0.496690625 0.399303125 0.5031703125 0.312871875 0.51246875 0.3035515625 0.51361875 0.284084375 0.5156046875 0.28135625000000003 0.5175890625 0.2822453125 0.5213515625 0.28909375000000004 0.525321875
2 0.2631578125 0.46757187499999997 0.2631578125 0.47185625 0.2677234375 0.476175 0.2729859375 0.47833437500000003 0.28864999999999996 0.4804953125 0.306278125 0.4804953125 0.429740625 0.48875 0.4617 0.4919546875 0.47869375 0.49125781249999995 0.48002500000000003 0.4822703125 0.47609375 0.46614374999999997 0.47869375 0.4557296875 0.42511093750000006 0.45788906249999994 0.385921875 0.4585859375 0.3190875 0.45600781250000005 0.304946875 0.4564609375 0.28605 0.45823749999999996 0.2684203125 0.461825 0.2637921875 0.46506406250000004 0.2631578125 0.46757187499999997
2 0.45973437500000003 0.45162031249999995 0.46785 0.4507140625 0.47387499999999994 0.44862343750000006 0.47545937499999996 0.44535 0.47602968749999997 0.4268203125 0.4694984375 0.42500937499999997 0.45206093750000004 0.4244171875 0.40748281249999996 0.4282828125 0.35903593749999996 0.4330890625 0.3285984375 0.44040468749999995 0.32473125 0.4411359375 0.314965625 0.4435390625 0.371528125 0.44771875000000005 0.445021875 0.45012187499999995 0.45973437500000003 0.45162031249999995
1 0.30830625 0.41720625 0.3474953125 0.422953125 0.39194687500000003 0.42044531249999995 0.41154062500000005 0.42152500000000004 0.4578953125 0.42187343750000006 0.46899218749999994 0.42009687500000004 0.476790625 0.415778125 0.48142031249999995 0.40323906249999997 0.476790625 0.3953328125 0.46569374999999996 0.39104843749999996 0.44679843750000003 0.3917453125 0.416740625 0.3960640625 0.3958140625 0.39568125 0.35142656250000004 0.4039359375 0.31483906250000004 0.4075234375 0.29004375 0.405746875 0.28744375 0.4053984375 0.27825 0.4035875 0.28218125 0.4075234375 0.288078125 0.4104140625 0.30830625 0.41720625
3 0.325871875 0.37850937500000004 0.3362078125 0.37850937500000004 0.3710203125 0.38418593749999996 0.45155312500000006 0.389271875 0.45700624999999995 0.387775 0.46353906250000004 0.38272343750000004 0.470640625 0.371334375 0.464615625 0.362975 0.452125 0.36238281250000004 0.429803125 0.364159375 0.4118578125 0.3671546875 0.374825 0.37015 0.3661375 0.37015 0.331325 0.3650640625 0.301775 0.366771875 0.2959421875 0.36774687500000003 0.2959421875 0.37164687500000004 0.299175 0.3743296875 0.3144578125 0.3776390625 0.325871875 0.37850937500000004
3 0.2974640625 0.357715625 0.42124218750000003 0.35869062500000004 0.4507296875 0.3601875 0.45707031249999996 0.35795937499999997 0.4616359375 0.35472031249999997 0.46569374999999996 0.3465 0.458909375 0.3385234375 0.44121718750000005 0.33204531249999997 0.4244140625 0.3325328125 0.40583437499999997 0.3377921875 0.38725468749999997 0.3392546875 0.3731765625 0.34249375 0.34736875 0.3457328125 0.301903125 0.3504359375 0.2965125 0.3507140625 0.2928984375 0.3514796875 0.292009375 0.3549640625 0.29518125 0.357471875 0.2974640625 0.357715625
4 0.3226375 0.28875 0.323525 0.2862765625 0.326696875 0.284290625 0.3348765625 0.28254999999999997 0.373875 0.2812953125 0.3770453125 0.28178281250000003 0.3811671875 0.2815390625 0.3820546875 0.276803125 0.37748906249999997 0.2638453125 0.363475 0.266596875 0.352125 0.266596875 0.318071875 0.26882656250000003 0.2999359375 0.271334375 0.29226406250000003 0.27380781249999997 0.28135625000000003 0.28328125000000004 0.28135625000000003 0.28676406249999997 0.28909375000000004 0.2925109375 0.2999359375 0.298990625 0.31312656250000004 0.3034484375 0.390234375 0.3057125 0.38839531250000003 0.30073125 0.38611249999999997 0.2987109375 0.378884375 0.2967265625 0.3770453125 0.295228125 0.3761578125 0.2917453125 0.377996875 0.28875 0.3751421875 0.2893765625 0.37298593750000003 0.289759375 0.352125 0.2925109375 0.3289796875 0.2910140625 0.3239703125 0.290246875 0.3226375 0.28875
4 0.3836390625 0.26123281249999997 0.40944843750000004 0.2649953125 0.4298671875 0.263496875 0.4362078125 0.2605015625 0.437603125 0.25653125 0.42669687500000003 0.2438171875 0.43081875 0.23284531249999998 0.427140625 0.22762031249999998 0.42079843749999996 0.22786562500000002 0.42219375000000003 0.2211421875 0.41445781249999997 0.21741562499999997 0.40177500000000005 0.217659375 0.37729843750000003 0.222396875 0.362778125 0.22859687499999998 0.344134375 0.23134843749999998 0.31604375 0.23260156250000003 0.3147109375 0.23410000000000003 0.3164875 0.23709531250000002 0.3201015625 0.23883593749999998 0.3495875 0.23883593749999998 0.3655046875 0.23807031250000002 0.3722890625 0.2390796875 0.38046875 0.24305156249999998 0.3809125 0.24555937499999997 0.37951875 0.24977343749999997 0.36322187499999997 0.2520375 0.3181359375 0.25060937499999997 0.3101453125 0.250540625 0.300634375 0.25179375 0.2933421875 0.2547546875 0.3092578125 0.25677500000000003 0.3836390625 0.26123281249999997
