4 0.814071875 0.5225109375 0.8212125 0.5287890625 0.8278656249999999 0.5368421875 0.83058125 0.5355109375 0.8308249999999999 0.5327843750000001 0.8278656249999999 0.5157265625 0.8239296875000001 0.5090046874999999 0.799025 0.48655625 0.785684375 0.46994218749999994 0.7787875 0.45871874999999995 0.7745734375 0.4568796875 0.7671890625 0.45871874999999995 0.7627312500000001 0.464553125 0.7602921874999999 0.47533281250000003 0.756321875 0.479834375 0.7553468750000001 0.498225 0.7528734375 0.50044375 0.7486937499999999 0.5107796875 0.7486937499999999 0.5346234375 0.754859375 0.5462906249999999 0.7627312500000001 0.548509375 0.7815046875 0.5494609374999999 0.7923375 0.5539 0.8249046874999999 0.588521875 0.8249046874999999 0.575459375 0.8199937500000001 0.561128125 0.8093703124999999 0.54134375 0.7982578124999999 0.5283453125 0.79958125 0.5228921875 0.8002437499999999 0.518896875 0.8066531250000001 0.521559375 0.814071875 0.5225109375
4 0.7719609375 0.6499046875000001 0.76060625 0.5996203125 0.7490078125 0.5515531250000001 0.7438515625 0.495434375 0.73939375 0.48509843750000003 0.725809375 0.47970781249999994 0.71866875 0.4855421875 0.715465625 0.4935953125 0.710275 0.49182031249999997 0.6994421875 0.4935953125 0.695715625 0.496321875 0.6932421875 0.5017125 0.6922671874999999 0.5120484375000001 0.6937656249999999 0.5263796875 0.7038656249999999 0.5547234375000001 0.70954375 0.5641093749999999 0.716928125 0.5928984374999999 0.7305125 0.631959375 0.7416234375 0.658021875 0.745803125 0.666075 0.7485203125 0.6571343749999999 0.7500171875 0.644515625 0.7425984375 0.6202921875 0.7369203125 0.605896875 0.7314875 0.5951171875 0.73075625 0.579834375 0.732984375 0.576284375 0.7349703125 0.576728125 0.7364328125 0.577171875 0.76085 0.6418515625000001 0.7719609375 0.6499046875000001
4 0.7134796875 0.6764109375 0.715221875 0.6772984375 0.7137234375 0.6521874999999999 0.6972140625 0.5811671875 0.6967265625 0.5201015625000001 0.6959593749999999 0.5129359375 0.6937656249999999 0.511096875 0.686834375 0.5160437499999999 0.6781953125 0.5079906249999999 0.6720312500000001 0.50393125 0.6636359374999999 0.5151546875 0.65896875 0.5160437499999999 0.6466390625 0.5124921875 0.643678125 0.5147109375000001 0.6414484375 0.522384375 0.6421796875 0.5385546875 0.6441656250000001 0.5528859374999999 0.6528031249999999 0.576284375 0.6611984375 0.603234375 0.6685828125 0.644515625 0.6772203125 0.671909375 0.6880875 0.6979703125000001 0.6996859375 0.7164234375 0.6979453125 0.7011421875 0.68115625 0.6458468749999999 0.6784390625000001 0.632403125 0.67854375 0.6087515625 0.6833859375 0.605453125 0.6851265625 0.605453125 0.7060953125 0.666075 0.7134796875 0.6764109375
3 0.6129578125 0.5353203125 0.6129578125 0.54476875 0.6154296875 0.5609390624999999 0.6287703125 0.62561875 0.6450359375 0.6911859375 0.6568796875 0.7114140625 0.6527000000000001 0.67951875 0.647996875 0.6363984375 0.647996875 0.5951171875 0.647021875 0.538490625 0.64625625 0.535828125 0.6438171875 0.5339890625 0.6411 0.5348765625 0.638628125 0.5339890625 0.631209375 0.5285984375 0.6275171875 0.5335453125 0.6220828125 0.5263796875 0.6206203125 0.5259359375 0.617171875 0.5268234374999999 0.6129578125 0.5353203125
3 0.589028125 0.5421046875 0.588053125 0.5501578125 0.5840828124999999 0.5551046875 0.5835953125 0.564553125 0.5915015625 0.6018390625000001 0.5994078125 0.6602406249999999 0.6127140625 0.714584375 0.6201328125 0.728915625 0.61665 0.7105265625 0.6144546875 0.6835765625 0.61198125 0.6305640625 0.61246875 0.5955609374999999 0.6146984375 0.5641093749999999 0.6144546875 0.5452125 0.6045625 0.538934375 0.5996515625 0.5381109375 0.5955421875 0.53735 0.5912578125 0.537159375 0.589028125 0.5421046875
1 0.5525953125 0.5603671875 0.5538484375 0.5864296875 0.565690625 0.68300625 0.5684078125 0.7229546874999999 0.570846875 0.7350671875 0.57331875 0.7363984375 0.579240625 0.7270140625 0.5839421875 0.7036140625 0.5841859375 0.65605625 0.5829328125 0.5953703124999999 0.5812265625 0.56303125 0.578753125 0.5414718749999999 0.5760359375 0.5392515625 0.565446875 0.5329734375 0.5619640625 0.5334171875 0.55555625 0.542865625 0.5545796875 0.5446421875 0.5535 0.5496515625 0.5525953125 0.5603671875
2 0.5263328125 0.545021875 0.5258453125 0.5467984375 0.5258453125 0.557578125 0.5280734375 0.5665828125 0.5312781249999999 0.5953078125 0.5344828125000001 0.6370953125 0.5354578125 0.6761578125 0.5401609374999999 0.681546875 0.5431203124999999 0.6797718749999999 0.545071875 0.674825 0.5460812500000001 0.6366515625 0.5495296875 0.55085625 0.5492859375 0.545909375 0.54705625 0.5414078124999999 0.532009375 0.5436265625 0.5305125 0.544134375 0.5268203125 0.5436265625 0.5263328125 0.545021875
2 0.5149781250000001 0.6591 0.52486875 0.6824343749999999 0.5258453125 0.6043125 0.5251125 0.5616359375 0.52535625 0.5490171875 0.5075937500000001 0.545021875 0.5046328124999999 0.545021875 0.5068265625 0.5764750000000001 0.5149781250000001 0.6591
2 0.48439531249999995 0.5836390625 0.4915359375 0.6577671875 0.4962375 0.6743812499999999 0.49770156249999997 0.6774890625000001 0.50090625 0.6779328125 0.502646875 0.6743812499999999 0.502646875 0.5863031249999999 0.503865625 0.5490171875 0.501915625 0.5472421875 0.4987109375 0.5467984375 0.48512656249999997 0.5472421875 0.48143437499999997 0.5472421875 0.478475 0.5472421875 0.48439531249999995 0.5836390625
2 0.45799375 0.557578125 0.46711875 0.6797718749999999 0.4703234375 0.6873812499999999 0.474015625 0.6873812499999999 0.4767328125 0.6833234375 0.4799375 0.6694359375000001 0.4819234375 0.5953078125 0.48241093749999997 0.5539625 0.48143437499999997 0.5467984375 0.47945000000000004 0.545021875 0.47056718750000004 0.5409640625 0.46192968749999996 0.5405203125 0.4602234375 0.5405203125 0.45848125 0.5418515625 0.45799375 0.557578125
1 0.42960624999999997 0.5638546875 0.4256703125 0.6420421875 0.42048125000000003 0.706721875 0.42222187499999997 0.7228921875000001 0.4264015625 0.7313890625 0.42960624999999997 0.733228125 0.43207968750000003 0.7318328125 0.4365375 0.720609375 0.444653125 0.68826875 0.4540578125 0.6218140625 0.45750624999999995 0.5908046875 0.4564953125 0.5701328125 0.4543015625 0.5544078125 0.45033124999999996 0.5485734375 0.44737031250000003 0.5467984375 0.44440937500000005 0.5485734375 0.43577187500000003 0.5504125 0.43430937500000005 0.54996875 0.4311046875 0.55263125 0.42960624999999997 0.5638546875
3 0.39355625 0.6747625 0.39404374999999997 0.7057078125 0.3962734375 0.7133796875 0.399234375 0.71604375 0.40069687500000006 0.71604375 0.4041796875 0.704375 0.4110765625 0.670703125 0.4194703125 0.6109703125 0.4246609375 0.5822453125 0.4246609375 0.5700703125000001 0.42389374999999996 0.560684375 0.42169999999999996 0.5512359375 0.4187390625 0.5471781250000001 0.41403749999999995 0.5512359375 0.3984328125 0.55345625 0.3950546875 0.5557390625 0.39404374999999997 0.5588453125 0.39355625 0.6747625
3 0.36004843750000004 0.5445156250000001 0.35116718750000003 0.6771078125 0.35116718750000003 0.7051359374999999 0.354128125 0.71699375 0.3576796875 0.7148390625000001 0.3831421875 0.613 0.3985375 0.5547875 0.397665625 0.5418515625 0.394984375 0.53430625 0.38996875000000003 0.533228125 0.384046875 0.5348124999999999 0.3772203125 0.5391250000000001 0.3665625 0.54128125 0.365378125 0.54128125 0.360640625 0.5396953124999999 0.36004843750000004 0.5445156250000001
4 0.318321875 0.6841468749999999 0.318321875 0.688965625 0.3191921875 0.6949265625 0.322465625 0.697590625 0.324834375 0.697590625 0.327203125 0.693278125 0.3354921875 0.6717187499999999 0.340821875 0.6350671875 0.34820625 0.5935953125 0.36004843750000004 0.558021875 0.3651 0.5326562499999999 0.3651 0.5251109375 0.36360156250000003 0.5207984375 0.35977031249999997 0.5213703125 0.3491125 0.52999375 0.34674375 0.5267593749999999 0.3461515625 0.5207984375 0.3396375 0.51001875 0.334309375 0.5073562500000001 0.3301640625 0.5095125 0.3233375 0.5186437500000001 0.32096874999999997 0.5138234374999999 0.31623125 0.5121749999999999 0.3132703125 0.5138234374999999 0.311215625 0.5170578124999999 0.30853437499999997 0.5267593749999999 0.30735 0.5358906250000001 0.30825468749999996 0.56391875 0.3058859375 0.5914390625 0.2884015625 0.64476875 0.2824796875 0.66525 0.28188749999999996 0.6712109374999999 0.28338593749999996 0.6755234375 0.285440625 0.6766015624999999 0.28930625 0.6760296875 0.2993734375 0.66309375 0.3203765625 0.6113500000000001 0.3257046875 0.6032968750000001 0.327203125 0.60221875 0.3270296875 0.6050734375 0.3268890625 0.6086875 0.32748125 0.63995 0.318321875 0.6841468749999999
4 0.2510625 0.630690625 0.25130625 0.638871875 0.2531515625 0.6411546875 0.267015625 0.6279640625 0.2874609375 0.5794546875 0.3081859375 0.5466078125 0.3135140625 0.536334375 0.314978125 0.527203125 0.312921875 0.5164234375000001 0.30905625 0.5088781250000001 0.306409375 0.5078 0.30195 0.5029171875 0.29279062499999997 0.500253125 0.2865546875 0.48674687499999997 0.27708125 0.48782500000000006 0.26997499999999997 0.48674687499999997 0.26614375 0.491059375 0.262 0.5018390625 0.2531171875 0.5433734375 0.24305156249999998 0.56651875 0.22765624999999998 0.612365625 0.21581406250000001 0.6425484375 0.22142187500000002 0.6441343749999999 0.2306171875 0.6344328124999999 0.242459375 0.6166765625 0.25430156249999997 0.595625 0.2614078125 0.585921875 0.26523906249999996 0.5826890625 0.2646109375 0.5857953124999999 0.2640546875 0.587571875 0.2590390625 0.6096390625 0.2510625 0.630690625
4 0.1944265625 0.572796875 0.193521875 0.5797718749999999 0.193834375 0.584084375 0.1979796875 0.5803421875 0.22372031250000002 0.548509375 0.24977343749999997 0.5264421875 0.25837656249999996 0.5156625 0.2613375 0.5059609375 0.2595609375 0.4827515625 0.2560078125 0.47197187500000004 0.24681250000000002 0.46765937500000004 0.2403 0.45903593750000005 0.235284375 0.4579578125 0.2302328125 0.4488265625 0.22312812499999998 0.4488265625 0.219575 0.45256875 0.213653125 0.46442656250000003 0.19885 0.50646875 0.1870078125 0.5366515625 0.1843609375 0.54743125 0.184046875 0.5566265625 0.184953125 0.5603671875 0.1890984375 0.5592890625 0.208325 0.5296765625 0.21128593750000002 0.5264421875 0.21424531249999998 0.52479375 0.21347968750000001 0.5314515625 0.212190625 0.5344953125 0.1994421875 0.5603671875 0.1944265625 0.572796875
4 0.21226093750000002 0.37298593750000003 0.20546875 0.388078125 0.20487656250000003 0.39942968749999996 0.20546875 0.4053265625 0.20929999999999999 0.41559999999999997 0.2125734375 0.4166765625 0.2161265625 0.41395 0.2211421875 0.42365312499999996 0.2244171875 0.4263796875 0.22915312499999999 0.439315625 0.233890625 0.439821875 0.240996875 0.43715937499999996 0.2457328125 0.4301203125 0.2492859375 0.41991093749999997 0.2528390625 0.390234375 0.25579999999999997 0.33582812500000003 0.25579999999999997 0.2964484375 0.254615625 0.2711484375 0.2528390625 0.2668359375 0.24956406250000002 0.2668359375 0.2483796875 0.2679140625 0.247509375 0.2711484375 0.2466046875 0.31693125 0.24601250000000002 0.3239703125 0.24305156249999998 0.326125 0.241275 0.3255546875 0.241275 0.2711484375 0.2406828125 0.2711484375 0.2244171875 0.340646875 0.21226093750000002 0.37298593750000003
4 0.257575 0.3888390625 0.24810156249999998 0.4211796875 0.24691718749999997 0.43519375 0.24810156249999998 0.451934375 0.2528390625 0.4599875 0.2590390625 0.458909375 0.2655515625 0.4513640625 0.2679203125 0.45783125 0.27652343749999997 0.4686109375 0.2800765625 0.4686109375 0.28686875 0.4616359375 0.2933828125 0.4513640625 0.29487968750000004 0.43735 0.2921984375 0.40824375 0.2933828125 0.3662015625 0.2910140625 0.332784375 0.28450000000000003 0.3107171875 0.28213125 0.31230156249999996 0.2827234375 0.33227656250000004 0.2815390625 0.3424859375 0.2797625 0.34895312500000003 0.276803125 0.349525 0.27621093750000003 0.344134375 0.27593125 0.32415937499999997 0.2726234375 0.3104 0.270603125 0.3053265625 0.265865625 0.3392515625 0.257575 0.3888390625
4 0.299478125 0.380659375 0.299721875 0.413 0.29355625 0.45206093750000004 0.292546875 0.4718453125 0.294775 0.48440000000000005 0.299478125 0.4862390625 0.30268125 0.48579531249999997 0.3058859375 0.48306875 0.31132031250000003 0.475903125 0.316753125 0.4862390625 0.3253921875 0.48979062500000003 0.338696875 0.48262499999999997 0.3406828125 0.47362031250000003 0.3416578125 0.44312031249999995 0.338453125 0.41255625 0.3330203125 0.33392499999999997 0.32957187499999996 0.325428125 0.3273421875 0.325428125 0.32486875 0.327646875 0.32340625 0.33170625 0.3191921875 0.377996875 0.3155 0.377996875 0.305503125 0.3330375 0.3041453125 0.328090625 0.30268125 0.3222578125 0.299478125 0.380659375
3 0.33988125 0.317121875 0.34402656249999997 0.3289796875 0.34608125 0.3516171875 0.3475796875 0.39258125 0.34608125 0.43785625 0.338384375 0.47343124999999997 0.3375125 0.48579531249999997 0.338696875 0.49118593749999995 0.34225 0.498225 0.35350000000000004 0.5046921875 0.35586875 0.5008874999999999 0.36680625 0.497653125 0.370671875 0.4939125 0.373040625 0.47717187499999997 0.370671875 0.4529484375 0.3665265625 0.4200375 0.3635671875 0.3618265625 0.3579234375 0.337603125 0.35081875 0.3214328125 0.34402656249999997 0.31547187499999996 0.34252812499999996 0.314965625 0.3404734375 0.314965625 0.33988125 0.317121875
3 0.37349375 0.3762203125 0.3717171875 0.44349999999999995 0.3674671875 0.4842109375 0.36924375 0.5010140625 0.3745734375 0.5107171875 0.3795546875 0.5126828125 0.3855796875 0.5120484375000001 0.39160625 0.5036140625 0.4004875 0.5068484375 0.402646875 0.5055796875 0.40546875 0.5010140625 0.4062 0.4835765625 0.40404062500000004 0.45060312500000005 0.39871093750000003 0.3988578125 0.39021249999999996 0.361953125 0.37805625 0.31953125 0.3766984375 0.31344375 0.3731453125 0.31344375 0.37349375 0.3762203125
1 0.4104140625 0.2977171875 0.409334375 0.3009515625 0.40863750000000004 0.309321875 0.4029265625 0.40957499999999997 0.40222968750000004 0.47488906249999996 0.404353125 0.5072296875 0.4111109375 0.5169312500000001 0.416440625 0.518896875 0.4242421875 0.517628125 0.4335078125 0.5072296875 0.43598125000000004 0.493659375 0.43598125000000004 0.4684203125 0.4299546875 0.43481249999999994 0.42601875 0.3908046875 0.41550000000000004 0.306340625 0.4146640625 0.2977171875 0.4132359375 0.29638593750000003 0.4104140625 0.2977171875
2 0.4345875 0.32079843750000003 0.439325 0.3472421875 0.44200625000000004 0.3957515625 0.440821875 0.47387499999999994 0.4396375 0.49866875000000005 0.44200625000000004 0.5132531250000001 0.4458375 0.517565625 0.4597703125 0.5207984375 0.46450781250000006 0.5164875 0.46656250000000005 0.51001875 0.46569062499999997 0.48738125 0.46273125000000004 0.45611875 0.460640625 0.40221875 0.4570875 0.360178125 0.44792812499999995 0.326759375 0.44134375 0.3190234375 0.43814062500000006 0.3170578125 0.43577187500000003 0.3181359375 0.4345875 0.32079843750000003
2 0.47412031250000003 0.4208625 0.4684078125 0.498478125 0.46948749999999995 0.5172484374999999 0.473040625 0.52568125 0.4872515625 0.52828125 0.5053640625 0.52568125 0.5003828125 0.4577671875 0.4954375 0.4157265625 0.4872515625 0.351046875 0.48150468750000003 0.33094531250000003 0.47979843750000006 0.32777500000000004 0.4776734375 0.32904218749999997 0.47412031250000003 0.4208625
2 0.5266109375 0.3064046875 0.5241374999999999 0.3070390625 0.52128125 0.31090625 0.5198890625 0.3244765625 0.5149078125 0.393721875 0.50815 0.5081796875 0.5099265625 0.52695 0.523440625 0.526315625 0.54225 0.5172484374999999 0.5433296875 0.5069125 0.5425984374999999 0.47970781249999994 0.538 0.4422328125 0.530025 0.3202921875 0.5294671875 0.3122390625 0.5287703125000001 0.3096390625 0.5266109375 0.3064046875
2 0.5705671875 0.2970203125 0.5693140624999999 0.2970203125 0.5654828125 0.30012656249999997 0.5637749999999999 0.30475625 0.55653125 0.3435640625 0.5526640625 0.4142046875 0.5509578125 0.45611875 0.5467078125 0.48636718749999996 0.54754375 0.5057703124999999 0.5492515625000001 0.5127453125 0.5611984375 0.5135703125 0.5710203125 0.5081171875 0.572275 0.5003171875 0.572275 0.48947343749999994 0.56973125 0.45535781249999996 0.568025 0.3792640625 0.5719953125 0.31889687499999997 0.5731453125 0.30786250000000004 0.5731453125 0.30164843750000003 0.5705671875 0.2970203125
1 0.58948125 0.2922 0.5869734375 0.2979703125 0.5855453125000001 0.314140625 0.5798671875 0.4312625 0.5756187500000001 0.4739375 0.5759671875000001 0.4913765625 0.5805984375000001 0.5043124999999999 0.5898296875 0.5140140625 0.5972828125 0.5133796875 0.603309375 0.5017125 0.60759375 0.48300625 0.6072453125 0.47260625 0.6036921875 0.44610000000000005 0.6008359375000001 0.36911875 0.5969 0.3026 0.59550625 0.295434375 0.5944265625 0.292834375 0.58948125 0.2922
3 0.61476875 0.3209890625 0.602403125 0.48243437499999997 0.60710625 0.4925171875 0.612225 0.495625 0.616475 0.49486406250000003 0.62243125 0.501078125 0.624590625 0.5018390625 0.6347968749999999 0.4979703125 0.6377921875 0.4801515625 0.6352484375 0.43512968750000003 0.6352484375 0.370703125 0.6297109375 0.34121718749999996 0.6202375 0.3157265625 0.6177640625 0.31090625 0.61476875 0.3055171875 0.61476875 0.3209890625
3 0.64315625 0.3216234375 0.6378265625 0.4179453125 0.632496875 0.467153125 0.6342734375 0.48395625000000003 0.6449328125 0.49169375000000004 0.6488328125 0.490425 0.6545109375 0.4923265625 0.664471875 0.48655625 0.6669453125 0.47488906249999996 0.6626953125 0.44774843750000004 0.6573671875 0.403740625 0.654859375 0.3248578125 0.6502609374999999 0.303234375 0.6488328125 0.29961875 0.6459765625 0.2925171875 0.64315625 0.3216234375
4 0.67951875 0.31604375 0.677359375 0.31800937500000004 0.677359375 0.3329109375 0.6745390625 0.4001265625 0.66990625 0.418896875 0.6660046875 0.4383 0.6660046875 0.45580156250000003 0.6667015625 0.4661375 0.6716828125000001 0.47647500000000004 0.6766625000000001 0.47907343750000003 0.6826890624999999 0.478440625 0.689446875 0.47520625 0.6919546875 0.46873750000000003 0.699059375 0.48034218749999996 0.7043890625 0.48034218749999996 0.7079421875 0.46873750000000003 0.7086375 0.45383593749999995 0.7026125000000001 0.4053265625 0.7054343750000001 0.38395625 0.7075578124999999 0.3548515625 0.7072093749999999 0.3348125 0.7043890625 0.3244765625 0.7008359375000001 0.320609375 0.6972828125 0.32251093750000004 0.6958546875 0.3289796875 0.6958546875 0.367153125 0.6937296875000001 0.3762203125 0.690875 0.3800890625 0.68801875 0.3820546875 0.6862421875 0.37818593749999996 0.685196875 0.3736203125 0.6826890624999999 0.33094531250000003 0.6823406249999999 0.3283453125 0.6809125 0.31927656249999997 0.67951875 0.31604375
4 0.7186 0.3066578125 0.7164406249999999 0.31312656250000004 0.71361875 0.3299296875 0.71361875 0.38877656250000003 0.709334375 0.43278437500000005 0.7121906250000001 0.45085625 0.7228484374999999 0.46188906249999995 0.7274812500000001 0.46188906249999995 0.7292578125 0.45472343750000005 0.7356328125 0.45472343750000005 0.7370609375 0.450221875 0.7413093749999999 0.45409062499999997 0.747021875 0.45409062499999997 0.7509234375 0.45149062500000003 0.754128125 0.4398859375 0.7519671875 0.4146484375 0.74771875 0.3790734375 0.7406125 0.3059609375 0.7384890625 0.3020921875 0.73598125 0.2994921875 0.7317312499999999 0.2994921875 0.7292578125 0.3014578125 0.728178125 0.3091953125 0.7306515625000001 0.329296875 0.731034375 0.340265625 0.7299546875 0.34736875 0.725321875 0.350603125 0.7239296875 0.34736875 0.722153125 0.33316406249999997 0.72358125 0.3130625 0.7242765624999999 0.3072921875 0.724625 0.303425 0.7186 0.3066578125
4 0.748903125 0.30424843749999997 0.746534375 0.30475625 0.74535 0.307990625 0.74535 0.315028125 0.74918125 0.3807859375 0.7548234375 0.429803125 0.7610234375 0.44058281250000003 0.7654828124999999 0.44546562500000003 0.7690359375 0.443309375 0.773771875 0.4303734375 0.7796937500000001 0.4222578125 0.789759375 0.41959375000000004 0.7918140625000001 0.4088140625 0.7986421874999999 0.402346875 0.7974578125 0.3920734375 0.7933125000000001 0.37862968750000003 0.787390625 0.37000625 0.7770109374999999 0.344134375 0.7613375 0.294546875 0.7613375 0.2999359375 0.7628 0.3166140625 0.771090625 0.37000625 0.7690359375 0.37539687499999996 0.7654828124999999 0.37862968750000003 0.7610234375 0.3726703125 0.7535000000000001 0.3254921875 0.75245625 0.319340625 0.7500875 0.30691250000000003 0.748903125 0.30424843749999997
