4 0.19185000000000002 0.475015625 0.189759375 0.47609375 0.19923437500000002 0.5251109375 0.20337812500000002 0.5903609375000001 0.2075234375 0.607609375 0.2110765625 0.6081171875 0.215534375 0.60221875 0.22054999999999997 0.6027265625 0.22587968749999998 0.6000640625 0.2318 0.6032968750000001 0.2380359375 0.5989859375 0.24691718749999997 0.5828156250000001 0.25047031249999996 0.5731140625 0.25047031249999996 0.5666453125 0.2492859375 0.555865625 0.2261921875 0.484146875 0.219365625 0.4744453125 0.21403750000000002 0.470703125 0.20644374999999998 0.47051406250000005 0.2055375 0.47660156249999996 0.207628125 0.48319531250000003 0.2130265625 0.4887125 0.21919218749999997 0.498921875 0.22643749999999999 0.5214328125 0.2270640625 0.5285984375 0.22535625 0.5329734375 0.222953125 0.53608125 0.2147328125 0.5386171875 0.21250468749999998 0.5348765625 0.20278593749999999 0.4868734375 0.19954687499999998 0.479328125 0.1965859375 0.47609375 0.19185000000000002 0.475015625
4 0.2244171875 0.4453390625 0.22204843749999997 0.450221875 0.22173437499999998 0.4620796875 0.223825 0.47285937499999997 0.242459375 0.5261890625000001 0.24869375 0.549396875 0.25343125 0.5774250000000001 0.2593515625 0.5720359375 0.2741546875 0.5434375 0.287775 0.52568125 0.290421875 0.5202921875000001 0.28982968750000004 0.5181359375000001 0.2874609375 0.51433125 0.28213125 0.5105890625 0.27147343749999997 0.48091249999999997 0.252525 0.4405203125 0.24820625000000002 0.427203125 0.242771875 0.42530156249999995 0.2416578125 0.42669687500000003 0.24036875000000002 0.4329109375 0.242459375 0.445909375 0.253709375 0.48256249999999995 0.2524203125 0.48928281250000005 0.2490078125 0.494609375 0.2466046875 0.4961953125 0.244896875 0.49651249999999997 0.24158906249999998 0.49010781249999996 0.22915312499999999 0.44749531249999996 0.22765624999999998 0.44483125 0.2244171875 0.4453390625
4 0.2762796875 0.3986046875 0.2742953125 0.4044390625 0.2740515625 0.4116046875 0.2762796875 0.44032968749999996 0.28812187499999997 0.49606874999999995 0.29404375 0.5275203125 0.3066171875 0.52656875 0.32365 0.5162328125 0.3327765625 0.5081796875 0.337965625 0.505009375 0.34461875000000003 0.5068484375 0.33820937500000003 0.48979062500000003 0.33155625 0.476284375 0.3049109375 0.40399531250000004 0.29355625 0.3850984375 0.28909843749999997 0.3846546875 0.287390625 0.3887125 0.28812187499999997 0.39816093750000003 0.30905625 0.459796875 0.3096140625 0.4643 0.3084640625 0.469753125 0.307140625 0.4727328125 0.30456249999999996 0.4746984375 0.30160156250000003 0.469753125 0.3001390625 0.466075 0.28812187499999997 0.42511093750000006 0.2807390625 0.40399531250000004 0.2770109375 0.3986046875 0.2762796875 0.3986046875
3 0.332984375 0.345909375 0.323615625 0.3257453125 0.3208984375 0.3270765625 0.3213859375 0.35085625 0.33075625 0.4007609375 0.34137968750000003 0.4694359375 0.3421109375 0.48655625 0.34656875 0.5094484375 0.3714734375 0.5031703125 0.3729703125 0.5027265625 0.375165625 0.4991125 0.374434375 0.4896640625 0.3630796875 0.45554843749999996 0.332984375 0.345909375
3 0.3712984375 0.33183281249999996 0.3683390625 0.3264421875 0.36300937499999997 0.3253640625 0.361825 0.33183281249999996 0.3638796875 0.3566265625 0.369209375 0.399746875 0.3721703125 0.445021875 0.3736671875 0.4790109375 0.373075 0.5016484375 0.39731875 0.497146875 0.4022640625 0.4959421875 0.4075578125 0.49518125 0.4065140625 0.48490781250000003 0.3932078125 0.42187656249999994 0.3712984375 0.33183281249999996
1 0.428109375 0.406340625 0.414803125 0.3427390625 0.40710625 0.3201015625 0.40383125 0.3201015625 0.4 0.3244140625 0.3985015625 0.331959375 0.40856875 0.45269531250000006 0.40888125000000003 0.4985421875 0.412434375 0.509321875 0.41598750000000007 0.5152187500000001 0.42427656249999995 0.518453125 0.43699062499999997 0.5151546875 0.44085625000000006 0.514140625 0.441728125 0.5136328125 0.44263281250000003 0.51090625 0.442040625 0.49581406250000004 0.428109375 0.406340625
2 0.4351453125 0.3379828125 0.433646875 0.358465625 0.4354234375 0.4118578125 0.44016093749999996 0.4646796875 0.4443046875 0.49378593750000005 0.4452109375 0.511034375 0.4619640625 0.511921875 0.47015 0.5116046875 0.4419359375 0.33475 0.43779218750000004 0.333671875 0.4351453125 0.3379828125
2 0.4665265625 0.3629671875 0.46297499999999997 0.3613828125 0.46060625 0.364615625 0.4588296875 0.378059375 0.46119843749999995 0.4088140625 0.47244843750000004 0.5052625 0.47687187499999995 0.503678125 0.485196875 0.5036140625 0.49167500000000003 0.5041859375 0.48962031250000004 0.4718453125 0.47837031249999995 0.41363281250000006 0.4677109375 0.3651234375 0.4665265625 0.3629671875
2 0.4974578125 0.384971875 0.494496875 0.3809125 0.4915359375 0.3809125 0.48833125 0.384084375 0.48784375 0.3966390625 0.4915359375 0.45009531249999996 0.49251093749999997 0.47526875 0.49104843750000005 0.4999359375 0.49251093749999997 0.507609375 0.494496875 0.5112234375 0.49843281250000004 0.507609375 0.503378125 0.505834375 0.5144890625 0.5062781249999999 0.515465625 0.5062781249999999 0.51745 0.5048828125 0.5179375 0.49860468750000003 0.5004187499999999 0.39264375 0.4974578125 0.384971875
2 0.544828125 0.4783765625 0.5339609375000001 0.39264375 0.53124375 0.384528125 0.5285265625 0.3823078125 0.524103125 0.38275156250000003 0.5211421875 0.38725468749999997 0.51818125 0.406975 0.5201671875 0.44920781249999997 0.5198890625 0.5062781249999999 0.5374078124999999 0.4999359375 0.5438515625 0.50221875 0.544828125 0.5026640625 0.5468124999999999 0.5017750000000001 0.54754375 0.49727343749999997 0.5473 0.4927703125 0.544828125 0.4783765625
1 0.583315625 0.45053906250000003 0.575409375 0.332846875 0.573459375 0.3216234375 0.57021875 0.3135703125 0.567259375 0.31084375 0.5638109375 0.31268281249999996 0.5603625 0.318071875 0.5581328125 0.3364609375 0.5574015625000001 0.3746359375 0.5539531249999999 0.428090625 0.5500171875000001 0.4694359375 0.544340625 0.4999359375 0.5539531249999999 0.5053265625 0.5735984375000001 0.5094484375 0.5769062500000001 0.509384375 0.5815750000000001 0.507609375 0.583315625 0.5039953125000001 0.5842906250000001 0.4999359375 0.583315625 0.45053906250000003
3 0.6222218749999999 0.4530125 0.6192609375 0.341978125 0.61720625 0.3338625 0.613340625 0.33012031249999996 0.6089171875 0.3311984375 0.6056421875 0.3381734375 0.600034375 0.3797078125 0.5943921875 0.44058281250000003 0.5866953125000001 0.474571875 0.586415625 0.4912484375 0.5890625 0.49556093749999997 0.6112859375 0.5041859375 0.61246875 0.50475625 0.61720625 0.5041859375 0.619853125 0.50044375 0.6216296875 0.495053125 0.6222218749999999 0.4530125
3 0.67464375 0.34039375 0.6742953125 0.3274578125 0.6700109375000001 0.323525 0.66468125 0.326125 0.6622078124999999 0.330690625 0.6373390624999999 0.40114218749999997 0.6234765624999999 0.45034843750000003 0.602159375 0.48915625 0.602159375 0.5013953124999999 0.6078375 0.5039953125000001 0.6192265625 0.5046296875 0.6373390624999999 0.5085609375 0.6387671874999999 0.5091953124999999 0.6415890625 0.5098281250000001 0.6462203125 0.48979062500000003 0.6614765625000001 0.3972734375 0.67464375 0.34039375
4 0.7428421875 0.43868124999999997 0.748903125 0.4192765625 0.7499484375 0.41084375 0.7496 0.40830625 0.746778125 0.40247343750000003 0.7442703125000001 0.40247343750000003 0.7385921875 0.406340625 0.7187046875 0.43741250000000004 0.706653125 0.4599234375 0.7039703125 0.463284375 0.69885 0.4655046875 0.6967953125 0.46252343749999997 0.69575 0.4479390625 0.721909375 0.3992390625 0.7240328125 0.3869375 0.7233015625 0.3792015625 0.721525 0.37526875 0.7187046875 0.37526875 0.716928125 0.38046875 0.6952625 0.40957499999999997 0.666109375 0.46068437500000003 0.6490421875 0.4942921875 0.6476484375 0.5020921875 0.6476484375 0.5098281250000001 0.6490421875 0.515028125 0.6525953125 0.5169312500000001 0.6611281250000001 0.517565625 0.6760703125 0.5266328125 0.694078125 0.5340515625 0.698815625 0.5357000000000001 0.700940625 0.536334375 0.7066171875 0.5344328125 0.709090625 0.5053265625 0.7428421875 0.43868124999999997
4 0.77690625 0.41642343750000005 0.77185625 0.41750156250000003 0.768303125 0.42022812500000006 0.7173812500000001 0.50646875 0.709090625 0.528028125 0.70790625 0.537159375 0.710275 0.5436265625 0.716196875 0.54743125 0.7242078125 0.548509375 0.7339609375 0.5539 0.748484375 0.5657578125 0.7561828125 0.5684203125 0.7686171875000001 0.52695 0.785196875 0.4827515625 0.7946703125 0.45954375000000003 0.7943578125 0.44825625 0.79258125 0.44394375 0.7896203125000001 0.44394375 0.78133125 0.45149062500000003 0.7582375 0.49499062499999996 0.7524203125 0.49670312499999997 0.750540625 0.49556093749999997 0.7490765625 0.49416562500000005 0.74886875 0.48839531249999996 0.7518281250000001 0.48262499999999997 0.7615109375 0.45954375000000003 0.7736328125 0.43532031250000003 0.7783703125 0.4185796875 0.77690625 0.41642343750000005
4 0.8188093750000001 0.5681046875 0.8170328124999999 0.5249843750000001 0.8176249999999999 0.47647500000000004 0.81671875 0.47216250000000004 0.814071875 0.468928125 0.81020625 0.4684203125 0.8078375 0.47488906249999996 0.8034140624999999 0.5109703125 0.8010453125 0.53956875 0.8001390625000001 0.5422328125 0.793034375 0.5422328125 0.7912578124999999 0.5400765625 0.7894812499999999 0.5331015625 0.7927546875 0.5152828125 0.8048765625 0.466265625 0.80546875 0.4559921875 0.802821875 0.45060312500000005 0.8010453125 0.45117343749999994 0.7912578124999999 0.473240625 0.7803203125 0.5007609375000001 0.7735984375 0.52916875 0.772065625 0.5403296875 0.76583125 0.5589734375 0.7638453125 0.5703234375 0.7688953125 0.577615625 0.7886109375 0.596703125 0.798084375 0.6036140624999999 0.8013234375 0.6058343749999999 0.8051890625 0.607990625 0.81051875 0.607990625 0.81525625 0.5999359375 0.8188093750000001 0.5681046875
4 0.755659375 0.7396328125 0.7574015625 0.730628125 0.76158125 0.6700062499999999 0.7647859375 0.6618890625 0.7709515625 0.6515531250000001 0.776140625 0.6443875 0.7793453125 0.6416609375 0.7793453125 0.637221875 0.7778828125 0.62910625 0.7724484375 0.6201015625 0.755415625 0.6111609375 0.7514796875 0.6111609375 0.7450359375 0.621496875 0.737653125 0.623271875 0.7334734375 0.6318328125 0.726053125 0.672225 0.725078125 0.7009515625 0.725809375 0.7149015624999999 0.7216296875 0.7396328125 0.7252875000000001 0.7398859375 0.7275515625 0.73779375 0.7299890625 0.7351296875 0.73270625 0.7288515624999999 0.7371640625 0.705896875 0.7411 0.67178125 0.7411703125 0.6643 0.7423546875 0.661509375 0.745628125 0.66214375 0.7478578125 0.6662015625000001 0.7482765625 0.6731140625 0.747265625 0.6937859375000001 0.747509375 0.7189593750000001 0.7452109375 0.731515625 0.745315625 0.73690625 0.747509375 0.7422953125 0.7492515625 0.7440703125 0.7527 0.7431828125 0.755659375 0.7396328125
4 0.7194359375 0.6923265625 0.7167890625 0.6459734375 0.7173812500000001 0.61255625 0.7167890625 0.6055171875 0.71410625 0.6017750000000001 0.70759375 0.5974640625000001 0.701671875 0.5920734375000001 0.6892375000000001 0.58560625 0.6783 0.585034375 0.67325 0.6001265625000001 0.6738421875 0.609321875 0.6839078125 0.6777421875 0.693103125 0.7208625 0.6984328125 0.7322124999999999 0.7034484375 0.7316421875 0.704353125 0.7294859375 0.705225 0.7240968750000001 0.6949140625 0.65434375 0.694740625 0.6478125 0.6972828125 0.6457828125 0.70024375 0.6455296875000001 0.7032046875 0.6460375 0.7111453125 0.7225109375 0.711459375 0.725175 0.7123296875 0.7273296874999999 0.7150125 0.7279015625 0.717659375 0.72301875 0.7194359375 0.6923265625
3 0.636225 0.6938484375 0.6376875 0.6199749999999999 0.6365031250000001 0.5547875 0.635040625 0.5461640625 0.6273421875 0.5445156250000001 0.602159375 0.5455921874999999 0.5944625 0.5552953125 0.5950546875 0.576346875 0.60334375 0.609765625 0.6113546875 0.6701328125 0.616928125 0.687825 0.6187390625 0.6938484375 0.621421875 0.6970828124999999 0.6285265625 0.699746875 0.635040625 0.6970828124999999 0.636225 0.6938484375
1 0.5995468749999999 0.7123015625 0.6063046875 0.5512359375 0.6048765625 0.5480031249999999 0.59495 0.5408999999999999 0.5881921875 0.542803125 0.5746781249999999 0.5499046875 0.5665265625 0.56220625 0.5672234375 0.5894109375000001 0.5837343749999999 0.71953125 0.5853359375 0.724540625 0.58784375 0.7252375 0.592790625 0.72390625 0.595646875 0.72130625 0.5995468749999999 0.7123015625
2 0.5501921875 0.7036140625 0.5533953125 0.7010140625 0.555171875 0.6971468749999999 0.5650999999999999 0.6104625 0.5633234375 0.5710203125 0.5619296874999999 0.5625875 0.554440625 0.55611875 0.5437828125 0.5587187499999999 0.5381046875 0.567153125 0.5349 0.591059375 0.5377562499999999 0.6253640625 0.540578125 0.6864296875 0.5406125 0.691946875 0.5406125 0.694546875 0.54200625 0.7003796875 0.544165625 0.7048828125 0.5501921875 0.7036140625
2 0.531765625 0.614521875 0.531765625 0.5956875 0.53058125 0.5746359375 0.527934375 0.5568796875 0.5246609375 0.551490625 0.520515625 0.5487640625 0.5074890625 0.54825625 0.5027515625000001 0.5504125 0.49714375000000005 0.5568796875 0.497421875 0.57520625 0.5009750000000001 0.6274578125 0.5055734375000001 0.6809125 0.5066171875000001 0.6894734375 0.5103796875 0.691503125 0.5182515624999999 0.6911859375 0.5226046875 0.6873171874999999 0.531765625 0.614521875
2 0.47035937499999997 0.7014578124999999 0.4739109375 0.6827515625 0.4810171875 0.6407109375 0.48564999999999997 0.6070390625 0.48847031249999995 0.5533921875 0.48564999999999997 0.5481921875 0.46931406249999996 0.541090625 0.457228125 0.541090625 0.45510312500000005 0.5462265625 0.45510312500000005 0.5559296875 0.4568796875 0.5947375 0.4547203125 0.6426125 0.45970000000000005 0.69258125 0.4614421875 0.704946875 0.4626265625 0.7077359375000001 0.466075 0.7092578125 0.46823437500000004 0.7072921875 0.47035937499999997 0.7014578124999999
2 0.444584375 0.7010140625 0.445315625 0.68744375 0.44423593749999996 0.638934375 0.44848437499999994 0.5670890625 0.446359375 0.5496515625 0.4435390625 0.5444515625 0.439603125 0.5405828125000001 0.426471875 0.541915625 0.42539218749999996 0.554153125 0.4239984375 0.6376031249999999 0.43106875 0.7059609375 0.43179999999999996 0.7107171875 0.432496875 0.7126187500000001 0.4342734375 0.71395 0.439603125 0.711984375 0.444584375 0.7010140625
1 0.4080109375 0.695878125 0.42159531250000004 0.572353125 0.4206203125 0.5462906249999999 0.419121875 0.5408999999999999 0.4075234375 0.5382374999999999 0.3912578125 0.54134375 0.38753125 0.545846875 0.3872859375 0.5669625 0.389028125 0.615471875 0.38753125 0.6842109375 0.3905609375 0.7457203125 0.3912578125 0.7538359375 0.3934515625 0.7677234375 0.39665625000000004 0.7610015625 0.3986421875 0.751996875 0.4080109375 0.695878125
3 0.37185625 0.758465625 0.3743296875 0.7507296875 0.3793109375 0.7131890624999999 0.3896203125 0.5902984375 0.390665625 0.5553578124999999 0.3903171875 0.552821875 0.3736328125 0.545021875 0.36865156250000003 0.5488906250000001 0.3569140625 0.5547234375000001 0.3547890625 0.5696265625 0.35586875 0.6420421875 0.36015312499999996 0.7386171874999999 0.36098906249999996 0.7540265625 0.3638109375 0.76214375 0.3681296875 0.7630312499999999 0.37185625 0.758465625
3 0.344375 0.7300578125 0.34688281249999997 0.7261890625 0.3504359375 0.709384375 0.3571578125 0.6492078125 0.3578890625 0.5657578125 0.3571578125 0.5560562499999999 0.3514796875 0.55091875 0.3461515625 0.55091875 0.334796875 0.5560562499999999 0.3262625 0.5670890625 0.3301640625 0.633671875 0.3357015625 0.712175 0.335840625 0.7183890625 0.336571875 0.7287890625 0.33761718749999997 0.7320234375 0.3404734375 0.7320234375 0.344375 0.7300578125
4 0.3022984375 0.71959375 0.3043890625 0.7157890625000001 0.30644375 0.7088140625 0.312365625 0.673240625 0.32629687500000004 0.5751421875 0.3268890625 0.5670265624999999 0.3245203125 0.5594796875 0.3194703125 0.5594796875 0.31386250000000004 0.561128125 0.2960984375 0.569753125 0.28571875 0.581040625 0.28188749999999996 0.5939765625 0.2807390625 0.6085609375 0.28192343750000004 0.6467984375 0.2789625 0.709321875 0.28164375 0.71255625 0.2857890625 0.711478125 0.28843593749999996 0.709321875 0.2908046875 0.701775 0.2919890625 0.6581484375 0.2934171875 0.6390609375 0.2952625 0.634559375 0.297109375 0.634178125 0.3008015625 0.6383 0.302646875 0.65434375 0.2967953125 0.7078625 0.296378125 0.7131265625000001 0.2960984375 0.7168671875 0.2975625 0.7211796875 0.29965156249999997 0.7211796875 0.3022984375 0.71959375
