4 0.74346875 0.5835765625 0.7428765625 0.6316421875 0.7477875 0.6473046874999999 0.75391875 0.6383640625 0.7576109375 0.609321875 0.758203125 0.609321875 0.7747828125 0.55345625 0.7791015625 0.5422328125 0.7846046875 0.5355109375 0.7901421875 0.5221312499999999 0.7917453125 0.5120484375000001 0.791984375 0.50538125 0.788296875 0.49752656249999994 0.7821671875 0.49974687500000003 0.775409375 0.47856718750000005 0.7717515625 0.471275 0.758934375 0.47438125 0.7516890625 0.49067812499999997 0.7483796875000001 0.5478125 0.74346875 0.5835765625
4 0.722221875 0.46005 0.7118781249999999 0.46651875 0.70741875 0.476790625 0.7068265625000001 0.5020921875 0.7082203125000001 0.5248578125 0.70735 0.5566265625 0.7060953125 0.56829375 0.7078015625 0.5845906249999999 0.7107625 0.6001265625000001 0.7158828125000001 0.61255625 0.718878125 0.60475625 0.7201328124999999 0.588459375 0.7184609375 0.5721625 0.721003125 0.5582125 0.7265406249999999 0.5667718749999999 0.7299546875 0.5853515625 0.7342046875 0.614078125 0.7350749999999999 0.628090625 0.7397765625 0.6327203124999999 0.74315625 0.61953125 0.74103125 0.5675328125 0.7401953125 0.5675328125 0.7406125 0.5496515625 0.74918125 0.5096390625 0.7501218749999999 0.48465468749999996 0.7499828125 0.4844640625 0.7457328125 0.469753125 0.7391156249999999 0.4660109375 0.7331937500000001 0.4724796875 0.722221875 0.46005
4 0.684046875 0.469753125 0.6793109375 0.4643625 0.673528125 0.4613828125 0.6651 0.469753125 0.6599796875 0.478440625 0.6603625 0.5031703125 0.661546875 0.5204187499999999 0.6653781249999999 0.5333546874999999 0.6651 0.5581484375 0.671890625 0.6061515625 0.67544375 0.6115406250000001 0.6804953125 0.591565625 0.6804953125 0.5738109375 0.6828624999999999 0.5635390625000001 0.6872859375 0.5641093749999999 0.6920234375 0.5904874999999999 0.6929296875000001 0.603425 0.6967609375 0.5953703124999999 0.6964828125 0.5748890624999999 0.6970734375000001 0.5581484375 0.69885 0.54039375 0.7053640624999999 0.5064046875 0.7056421875 0.49169375000000004 0.7056421875 0.4913125 0.7047015625 0.4773625 0.696865625 0.45700624999999995 0.6917453124999999 0.45586562500000005 0.684046875 0.469753125
3 0.6375828125 0.46702656249999996 0.634134375 0.47019687499999996 0.634865625 0.4809765625 0.634865625 0.4939765625 0.6316609375 0.5088140625 0.6311734375 0.5155359374999999 0.642040625 0.5717187499999999 0.647440625 0.6058343749999999 0.6563218749999999 0.607609375 0.6607796875 0.60221875 0.662521875 0.5820546875 0.6607796875 0.5551046875 0.6598046875 0.5285984375 0.66011875 0.4764109375 0.6600484375 0.47647500000000004 0.6566 0.4643625 0.6457328125 0.4562453125 0.6407875 0.45897343749999997 0.6375828125 0.46702656249999996
3 0.609753125 0.46569374999999996 0.606025 0.47197187500000004 0.60334375 0.51915 0.604075 0.53081875 0.609996875 0.5739375 0.6208296875 0.6278374999999999 0.6262624999999999 0.6278374999999999 0.6270296875 0.5681046875 0.6282484375 0.5353203125 0.6299890625 0.5168671875 0.63295 0.5025359375 0.6349 0.485921875 0.6335421875 0.47083125 0.6334375 0.470640625 0.6282484375 0.45897343749999997 0.6230578125 0.4540265625 0.61689375 0.45669062499999996 0.609753125 0.46569374999999996
1 0.5759671875000001 0.4631578125 0.572134375 0.5014578125 0.5747828125 0.5634109375 0.5789265625 0.59955625 0.58753125 0.63995 0.5931375 0.65345625 0.5970046875 0.645909375 0.5996515625 0.609765625 0.60024375 0.5688015625 0.6026125 0.5202921875000001 0.6047015625000001 0.5041218749999999 0.60529375 0.47774218749999997 0.60529375 0.47285937499999997 0.5999656250000001 0.45345625 0.5922671875 0.44483125 0.5818875 0.4469875 0.5759671875000001 0.4631578125
2 0.5504703125 0.4405203125 0.5466390624999999 0.44914375 0.5445484375 0.5062781249999999 0.5463250000000001 0.576346875 0.54869375 0.6000640625 0.5513765625 0.6173109375 0.5552078125000001 0.6237796875 0.5581671874999999 0.6194671875 0.5614421875 0.58605 0.5711953125 0.5052 0.57349375 0.47786875 0.5735625 0.47767968749999995 0.5723796875 0.4513 0.5703234375 0.4426765625 0.5581671874999999 0.43944218749999997 0.5504703125 0.4405203125
2 0.5111109375 0.4499046875 0.51020625 0.4914390625 0.5122953125 0.503296875 0.5137578125 0.5259359375 0.51999375 0.572796875 0.5232328125000001 0.59004375 0.526784375 0.5927703125 0.535075 0.59004375 0.5395328125 0.5792640625 0.5395328125 0.5577046875 0.5407171875000001 0.53779375 0.5398125 0.513 0.5419015625 0.50221875 0.5442703125 0.47685468750000004 0.5448625 0.4552953125 0.5448625 0.444515625 0.536259375 0.43589062500000003 0.5232328125000001 0.43538437500000005 0.5134796875000001 0.43969531249999994 0.5111109375 0.4499046875
2 0.4754796875 0.4416609375 0.47352812499999997 0.464615625 0.47425937500000004 0.490171875 0.47648906249999995 0.501903125 0.4767328125 0.5773625 0.4777078125 0.5921375 0.48066875 0.606975 0.486346875 0.6083062499999999 0.4905609375 0.5966390625 0.49648281250000004 0.5616359375 0.5031343749999999 0.529296875 0.5083249999999999 0.49061562500000006 0.5091609375 0.441978125 0.50905625 0.4416609375 0.504353125 0.437221875 0.4920234375 0.4349390625 0.48018124999999995 0.4349390625 0.4754796875 0.4416609375
2 0.44420000000000004 0.4745078125 0.44705625 0.5081796875 0.45200312499999995 0.5876984375000001 0.4594921875 0.6168046875 0.46339218750000005 0.6200375 0.4662140625 0.6090671875 0.4690703125 0.5573234375 0.4697671875 0.5230187500000001 0.47154375000000004 0.5036140625 0.47262343749999997 0.48294218750000006 0.471403125 0.44216875 0.47154375000000004 0.441534375 0.4648203125 0.438934375 0.44775312500000003 0.44413437499999997 0.44420000000000004 0.4512359375 0.44420000000000004 0.4745078125
1 0.41236562499999996 0.46791406249999995 0.40881249999999997 0.4983515625 0.407384375 0.5714015625 0.40595625 0.5921375 0.40808125000000006 0.6115406250000001 0.4116328125 0.6263796875 0.4159171875 0.6360812499999999 0.42302343750000004 0.6296125 0.43152187499999994 0.5998734375 0.438628125 0.55263125 0.4429125 0.5157890625 0.444340625 0.49638593750000004 0.441796875 0.47197187500000004 0.4421109375 0.4773625 0.44109999999999994 0.4629046875 0.43580625 0.445909375 0.429396875 0.4426765625 0.41731093750000003 0.4498421875 0.41236562499999996 0.46791406249999995
3 0.3808078125 0.4694984375 0.3799375 0.48459062499999994 0.3852671875 0.5444515625 0.387321875 0.583259375 0.38763437500000003 0.606975 0.38969062499999996 0.621496875 0.3988859375 0.6268859375 0.405678125 0.6177546875 0.40330937499999997 0.587 0.40745312499999997 0.5535828125 0.408359375 0.535828125 0.4089515625 0.49860468750000003 0.4115296875 0.475015625 0.41100624999999996 0.47545937499999996 0.406896875 0.462840625 0.39355625 0.4495875 0.3858578125 0.457134375 0.3808078125 0.4694984375
3 0.3548234375 0.47780625 0.35653125 0.49873124999999996 0.3532921875 0.5433734375 0.3571234375 0.6074828125 0.3554859375 0.6181984375 0.3621390625 0.6209890625 0.36691093750000003 0.6096390625 0.37934531250000003 0.5287890625 0.38258437500000003 0.514775 0.3798328125 0.47742500000000004 0.3796234375 0.47653749999999995 0.37467812500000003 0.46873750000000003 0.36680625 0.45973437500000003 0.357715625 0.46563125000000005 0.3548234375 0.47780625
4 0.3141421875 0.46531406249999996 0.3091609375 0.47824999999999995 0.3077328125 0.49638593750000004 0.31769375 0.5688015625 0.32406875 0.604375 0.32480000000000003 0.6173109375 0.326925 0.627646875 0.3340296875 0.6315796875 0.3386625 0.61864375 0.34434062499999996 0.5960046875 0.3478921875 0.5448953125 0.3528734375 0.5254921875 0.355346875 0.5112234375 0.35604375 0.4996203125 0.355346875 0.48605 0.3561484375 0.500634375 0.3549640625 0.47875781249999994 0.34228437500000003 0.46442656250000003 0.329084375 0.474128125 0.31999374999999997 0.4631578125 0.3141421875 0.46531406249999996
4 0.27697656249999997 0.48833281250000005 0.2753390625 0.48776093749999994 0.2723796875 0.484146875 0.26597031250000003 0.482371875 0.262521875 0.48776093749999994 0.2600484375 0.497146875 0.2593171875 0.5079265625 0.2607796875 0.5214328125 0.2645078125 0.5326562499999999 0.2679546875 0.5488265625000001 0.27635 0.571275 0.27931093749999997 0.5811671875 0.2817484375 0.5973359375 0.28547500000000003 0.6085609375 0.2901421875 0.6161703125 0.293834375 0.618453125 0.300278125 0.617565625 0.3039703125 0.6076734375 0.30644375 0.591946875 0.30741874999999996 0.5816109375 0.30693125 0.5807234375 0.3051890625 0.5488265625000001 0.3076625 0.517375 0.30693125 0.49524375000000004 0.30717500000000003 0.4949265625 0.3049109375 0.483259375 0.29829374999999997 0.47660156249999996 0.287775 0.47190937499999996 0.27697656249999997 0.48833281250000005
4 0.7613375 0.29150312500000003 0.7570875 0.2908046875 0.75245625 0.29277031249999996 0.743225 0.315409375 0.7389765625 0.3303109375 0.735040625 0.33677812500000004 0.73009375 0.3303109375 0.7325671875 0.31864375 0.7414484375 0.3018390625 0.7443046875 0.288903125 0.735771875 0.286303125 0.7314875 0.2940390625 0.7215609374999999 0.308940625 0.7137234375 0.3303109375 0.7070015625 0.3535828125 0.6991640625 0.3748890625 0.6952625 0.388521875 0.69616875 0.41877031249999996 0.7006265625 0.4257453125 0.70839375 0.4259984375 0.7144546875 0.42339843750000006 0.7190531250000001 0.42339843750000006 0.7197843749999999 0.42796406249999996 0.7226046875 0.4344328125 0.73009375 0.441534375 0.7372 0.43379843749999997 0.743225 0.42276406250000004 0.7430859375 0.42244843750000005 0.7446531249999999 0.4130625 0.75033125 0.3561828125 0.7609890625 0.312809375 0.7613375 0.29150312500000003
4 0.6952984375 0.35947968750000003 0.695890625 0.3448953125 0.70741875 0.29315156249999996 0.7103796874999999 0.2775515625 0.70741875 0.25865625 0.7032734375 0.2592265625 0.6955765625 0.2683578125 0.692615625 0.2840203125 0.692615625 0.2899171875 0.6876 0.30989218749999997 0.6795890625000001 0.329296875 0.6748515625 0.331959375 0.6712984375 0.32117968750000003 0.6722046875000001 0.3088140625 0.6712984375 0.2904875 0.6789968749999999 0.25434375 0.6760359375 0.25167968749999997 0.670115625 0.2559921875 0.6674671875 0.2624609375 0.6624171875 0.278059375 0.65294375 0.3222578125 0.6523515625 0.3422328125 0.649390625 0.3530125 0.64820625 0.361065625 0.645559375 0.3713375 0.6452453125 0.3966390625 0.64346875 0.40957499999999997 0.6452453125 0.4176921875 0.6491125 0.41984843749999995 0.6535359374999999 0.4176921875 0.663915625 0.41877031249999996 0.66893125 0.4176921875 0.6710203124999999 0.4214328125 0.6760359375 0.424159375 0.68491875 0.424159375 0.6908046875 0.422003125 0.694984375 0.408496875 0.6955765625 0.3982875 0.6938 0.3750796875 0.6952984375 0.35947968750000003
3 0.6516203125 0.2786296875 0.6512718750000001 0.2559921875 0.6459421875 0.2559921875 0.641309375 0.263728125 0.6345875000000001 0.2818640625 0.6306515625 0.30386875 0.6288750000000001 0.321940625 0.6225015625 0.3381109375 0.620725 0.3588453125 0.6203765625 0.37501562499999996 0.616440625 0.4105890625 0.6225015625 0.4183265625 0.6290484375000001 0.4216875 0.64346875 0.41445781249999997 0.6432953125 0.414521875 0.6452453125 0.3937859375 0.6445140625 0.376284375 0.647021875 0.32454062499999997 0.6516203125 0.2786296875
3 0.6187734375 0.27894687500000004 0.616684375 0.2481921875 0.6122609375 0.24388125 0.6069312499999999 0.2487640625 0.6016015625 0.2762203125 0.5950890625 0.34305625 0.5906296875 0.371084375 0.5900390625 0.3850984375 0.5918140625 0.39695625 0.5953671875000001 0.40126875 0.5977359375 0.4088140625 0.6012890625 0.41585312500000005 0.6075234375 0.41636093750000003 0.6155 0.40830625 0.6152562500000001 0.408496875 0.616684375 0.4050734375 0.619053125 0.3850984375 0.621421875 0.35009531250000003 0.6187734375 0.27894687500000004
1 0.5858234375 0.249525 0.5818531250000001 0.245909375 0.5781609375000001 0.24863593750000001 0.5719953125 0.25085625 0.5710203125 0.26252343749999996 0.5697671875 0.299809375 0.5631140625 0.3375390625 0.5626265625 0.3771078125 0.5640890625 0.38877656250000003 0.5628703125000001 0.4148390625 0.56631875 0.419784375 0.5710203125 0.42067187500000003 0.5784046875 0.4237796875 0.5828625 0.4233359375 0.5853359375 0.41750156250000003 0.5850578125 0.41705781249999996 0.58801875 0.405390625 0.58753125 0.38516093749999997 0.588784375 0.3146484375 0.5858234375 0.249525
2 0.5569484375 0.3324671875 0.55325625 0.29873125 0.5492859375 0.27362031249999996 0.5463250000000001 0.27362031249999996 0.5411703125 0.275396875 0.5394281249999999 0.28211718750000003 0.5419015625 0.32213125 0.5409265624999999 0.35263125 0.537965625 0.39980937499999997 0.5376875 0.4146484375 0.5441312500000001 0.41731093750000003 0.5535 0.41731093750000003 0.5621390625 0.41014531249999997 0.5621390625 0.411034375 0.5633578124999999 0.398921875 0.5638453125 0.3868109375 0.5591781250000001 0.3674703125 0.5569484375 0.3324671875
2 0.5335078125 0.30951249999999997 0.5288046875 0.2794546875 0.5251125 0.276728125 0.5202015624999999 0.275840625 0.5179734375 0.2790109375 0.5196796875 0.289346875 0.5206890625 0.30500937499999997 0.5191921875000001 0.3333546875 0.5187046875 0.3553578125 0.5162312499999999 0.3939765625 0.5169625 0.4088140625 0.5194359375000001 0.41376093750000004 0.5256015625 0.41376093750000004 0.5344828125000001 0.41147812500000003 0.5344828125000001 0.411034375 0.5367124999999999 0.384084375 0.5357359374999999 0.376475 0.5352484375000001 0.3427390625 0.5335078125 0.30951249999999997
2 0.4987109375 0.26823125000000003 0.49550625000000004 0.2885859375 0.49453125 0.3005703125 0.49550625000000004 0.3153453125 0.49501875 0.3481296875 0.49574999999999997 0.38046875 0.49501875 0.4105890625 0.4984671875 0.412809375 0.5078375 0.41553593749999995 0.514525 0.411921875 0.5157437500000001 0.404946875 0.5130265625 0.3014578125 0.510796875 0.27362031249999996 0.5043890625 0.26594843749999997 0.4987109375 0.26823125000000003
2 0.4903171875 0.3487640625 0.49254687500000005 0.324984375 0.49279062500000004 0.3020921875 0.4900734375 0.2805328125 0.48686875 0.263475 0.4831765625 0.258528125 0.47997187500000005 0.26296718750000003 0.4752703125 0.2890296875 0.47307499999999997 0.31058906249999996 0.47133437499999997 0.3209265625 0.47283125000000004 0.3568796875 0.47405156249999997 0.3685484375 0.4735625 0.379771875 0.471090625 0.39010781250000004 0.470846875 0.4036140625 0.47206562500000004 0.4152828125 0.47701093749999995 0.41705781249999996 0.48491875 0.4152828125 0.49355625 0.41135 0.49355625 0.40044375 0.49230156249999996 0.38966406249999996 0.49254687500000005 0.37171875 0.4903171875 0.3487640625
1 0.46910468749999995 0.32301875 0.459003125 0.278059375 0.451096875 0.250665625 0.4474046875 0.24172500000000002 0.441971875 0.2394421875 0.43852343749999995 0.24394375 0.43702500000000005 0.25605625 0.43629375000000004 0.29784375 0.4402640625 0.35669062500000004 0.4461859375 0.3818640625 0.4446875 0.40069687500000006 0.4483796875 0.4177546875 0.45604374999999997 0.41870624999999995 0.46516875 0.41642343750000005 0.46861718750000003 0.40741875 0.46861718750000003 0.40748281249999996 0.4695921875 0.3966390625 0.4688609375 0.3616359375 0.47035937499999997 0.34369062499999997 0.46910468749999995 0.32301875
3 0.42580937499999993 0.31870625 0.41051875000000004 0.2501578125 0.4058859375 0.2507921875 0.402334375 0.2624609375 0.395228125 0.26569375 0.39773593749999997 0.2792640625 0.4034140625 0.3005703125 0.40696562500000005 0.325175 0.40696562500000005 0.34521250000000003 0.4101703125 0.3587828125 0.411215625 0.37241562500000003 0.4115984375 0.396321875 0.41550000000000004 0.40342500000000003 0.42365 0.4105265625 0.4336125 0.4124921875 0.43573593749999995 0.4098921875 0.4385921875 0.40082500000000004 0.44604687500000006 0.3904875 0.44590781249999994 0.390425 0.446325 0.38218125000000003 0.443921875 0.37305 0.4396375 0.3665828125 0.42580937499999993 0.31870625
3 0.4025078125 0.3259984375 0.3962375 0.3094484375 0.376559375 0.2522515625 0.3686171875 0.24565625 0.3659 0.2537734375 0.3684078125 0.2696890625 0.369453125 0.288459375 0.372309375 0.3052625 0.3764890625 0.3229546875 0.3794140625 0.368040625 0.377290625 0.38611249999999997 0.381678125 0.41097031250000005 0.388296875 0.41591562499999996 0.397178125 0.41781875 0.4078375 0.41781875 0.4135140625 0.41395 0.41448906250000006 0.40557968750000006 0.4135140625 0.4042484375 0.410065625 0.373240625 0.4067578125 0.360240625 0.40606093750000005 0.34216875 0.4025078125 0.3259984375
4 0.3760015625 0.3325296875 0.3683390625 0.3053265625 0.3628 0.2781859375 0.35426718749999997 0.25491406250000004 0.3466046875 0.255675 0.3504359375 0.27273281250000003 0.3559734375 0.315409375 0.35214218750000004 0.32942343749999997 0.34319062499999997 0.33018437500000003 0.33465625 0.31001875 0.3338203125 0.29448281249999997 0.3287015625 0.2681046875 0.3222921875 0.257196875 0.31334062500000004 0.2634109375 0.315046875 0.2844 0.31974843750000004 0.315409375 0.3287015625 0.3558015625 0.3295375 0.3783125 0.32699375 0.402346875 0.33336875 0.4209890625 0.3500171875 0.428725 0.35555625 0.427203125 0.36151093749999996 0.41712187500000003 0.3662140625 0.41636093750000003 0.371334375 0.4209890625 0.38070312500000003 0.4248578125 0.3841171875 0.41636093750000003 0.38328125 0.41636093750000003 0.37986718750000004 0.40393125 0.3781609375 0.3868109375 0.3788578125 0.369753125 0.3760015625 0.3325296875
4 0.3167890625 0.35903593749999996 0.29867656249999996 0.3118578125 0.2826890625 0.28205468749999996 0.27450312499999996 0.2827515625 0.2731109375 0.2904875 0.2777078125 0.3072921875 0.2883671875 0.3351296875 0.2876703125 0.3487 0.2830375 0.35256875 0.27735937499999996 0.3396328125 0.2660046875 0.325428125 0.25391875 0.3137609375 0.24893749999999998 0.3150921875 0.24893749999999998 0.329296875 0.25249062499999997 0.3396328125 0.2638453125 0.36036718749999996 0.2702546875 0.377171875 0.27450312499999996 0.398478125 0.27593125 0.4114140625 0.281609375 0.4340515625 0.29226718749999997 0.44508593750000003 0.30188125 0.4444515625 0.30578125 0.43798281250000004 0.30898593750000003 0.42891562499999997 0.31574375 0.42568124999999996 0.3206890625 0.42695 0.3340640625 0.4223203125 0.3327765625 0.42244843750000005 0.32810937500000004 0.40919531249999996 0.3285265625 0.3862390625 0.3228484375 0.377171875 0.3167890625 0.35903593749999996
