4 0.7544765625000001 0.5905515625 0.748240625 0.5501578125 0.7454890625 0.5433734375 0.7427374999999999 0.5442609375 0.7115984375 0.5651234374999999 0.707628125 0.5696890625 0.7066171875 0.5741921875 0.707871875 0.5828156250000001 0.7115984375 0.595053125 0.7198187500000001 0.6086875 0.72455625 0.624984375 0.73155625 0.6408375000000001 0.7400203125 0.65263125 0.7494953125 0.6721625 0.7527 0.6766640625 0.7562171875 0.677171875 0.758446875 0.6753328125 0.7597 0.6703234375 0.759178125 0.6644265625 0.752978125 0.6521874999999999 0.7457328125 0.63176875 0.7444796874999999 0.624096875 0.7447578125 0.6227015625 0.7464999999999999 0.6222578125 0.747475 0.6231453124999999 0.7629390625 0.66220625 0.7679203125 0.6721625 0.7681640625 0.6617 0.7544765625000001 0.5905515625
4 0.7337171875 0.674571875 0.734309375 0.6696265625 0.7265406249999999 0.6511734375 0.708603125 0.60215625 0.7032046875 0.5667718749999999 0.6966218750000001 0.566265625 0.6897593750000001 0.5700703125000001 0.6819921875 0.56569375 0.6748171875 0.5689921874999999 0.66614375 0.5749531250000001 0.6640546875 0.5776796875 0.6652390625 0.5896640625 0.6735984375 0.6326562499999999 0.687078125 0.6620171874999999 0.693034375 0.6794546875 0.702890625 0.700696875 0.713375 0.7180718749999999 0.7187390625 0.7256812499999999 0.7277250000000001 0.731134375 0.722640625 0.7142671875 0.7115640625 0.685415625 0.6996171875 0.6516796874999999 0.6984328125 0.6467984375 0.700209375 0.6440703125 0.7022984375 0.6440703125 0.7031 0.6452125 0.704109375 0.6467984375 0.7199578125 0.672353125 0.7265406249999999 0.678884375 0.7315921875 0.6778062499999999 0.7337171875 0.674571875
4 0.6650640625 0.7418515625000001 0.6722390625 0.738046875 0.667746875 0.573684375 0.6665625000000001 0.5714640625 0.6602921875 0.569309375 0.6482765625 0.57089375 0.6446531249999999 0.5735578125 0.6447234374999999 0.595434375 0.6531171875 0.7157265625 0.657575 0.738046875 0.6650640625 0.7418515625000001
3 0.6288750000000001 0.7296125 0.6309640625 0.728471875 0.63605 0.7225109375 0.6396375 0.685478125 0.6425984375 0.5717187499999999 0.63841875 0.5679140625 0.628909375 0.5649968750000001 0.6225703125 0.5657578125 0.617240625 0.5705140625 0.6198890625 0.6735578125 0.62438125 0.7192140625000001 0.6288750000000001 0.7296125
3 0.5941484375 0.6714640625 0.59240625 0.7209265625 0.59616875 0.7259359375 0.5981546875 0.7268234375 0.6008703125 0.7240968750000001 0.6043890625 0.714140625 0.6096140625 0.6746359375 0.613096875 0.6120484375 0.6160921874999999 0.5857953124999999 0.6158484375 0.5748890624999999 0.6135843750000001 0.5685484375 0.608115625 0.56265 0.6008703125 0.558084375 0.5971437500000001 0.558084375 0.590178125 0.56265 0.5886796875 0.5639828125 0.5871828125 0.567153125 0.5871828125 0.5717187499999999 0.59265 0.6388078125 0.5941484375 0.6714640625
1 0.5731453125 0.726253125 0.577603125 0.7094484375000001 0.5818531250000001 0.6618265625 0.5848484375 0.6087515625 0.5855796875 0.58655625 0.5838390625 0.5629671875 0.5748875 0.5502859375 0.5711593749999999 0.549396875 0.5645078125 0.55003125 0.5611640625 0.5511734374999999 0.5604312499999999 0.55256875 0.5576796875000001 0.5861125 0.5626953125 0.699746875 0.5731453125 0.726253125
2 0.5304765625 0.5745078125 0.5334375 0.5899171875 0.5359453125 0.639821875 0.5372 0.7014578124999999 0.5351796875 0.7159796875 0.5394281249999999 0.7100828124999999 0.5456640625 0.68560625 0.549878125 0.6516171875000001 0.5508875 0.600825 0.553640625 0.5863031249999999 0.5561125 0.5532015625 0.5551375000000001 0.5504749999999999 0.553884375 0.54908125 0.5474046875 0.549525 0.5414140625 0.55174375 0.5376875 0.5532015625 0.5351796875 0.554090625 0.53295 0.5572609374999999 0.5304765625 0.566328125 0.5304765625 0.5745078125
2 0.5120515625000001 0.6024734375 0.5163015625 0.6963859375 0.5173109375 0.6972734375 0.519296875 0.6968296875 0.5225359375 0.6918203125 0.52553125 0.671909375 0.52553125 0.6283453125 0.5262625 0.5934046875 0.5287703125000001 0.5725421875000001 0.5280046875 0.5553578124999999 0.513096875 0.5565625 0.509578125 0.557134375 0.50735 0.5589734375 0.5070703125 0.5625875 0.5083249999999999 0.579834375 0.5120515625000001 0.6024734375
2 0.4905953125 0.6975265625 0.4941140625 0.69524375 0.49460156250000004 0.6875078125 0.498571875 0.6562453125000001 0.5055734375000001 0.5668984375 0.5045625 0.5605578125 0.502578125 0.558275 0.498084375 0.5555484374999999 0.49177968749999995 0.5543437499999999 0.48686875 0.553265625 0.4830375 0.5521874999999999 0.4871125 0.6889031250000001 0.4883671875 0.69435625 0.4905953125 0.6975265625
2 0.46374062499999996 0.701521875 0.46523906249999997 0.70741875 0.46945312499999997 0.7088140625 0.4714390625 0.70653125 0.473703125 0.699746875 0.474921875 0.680215625 0.47669843749999996 0.595434375 0.48018124999999995 0.5777421875 0.4821671875 0.56005 0.4834203125 0.554153125 0.47074218749999996 0.549778125 0.4628 0.5495875 0.45750624999999995 0.54914375 0.4607453125 0.6008875 0.4614765625 0.6761578125 0.46374062499999996 0.701521875
1 0.42744687499999995 0.6611921875 0.433925 0.70741875 0.43793125 0.7178828125 0.4419015625 0.712428125 0.44963437500000003 0.6947375 0.454371875 0.6325937500000001 0.4561125 0.5845281250000001 0.4531171875 0.5527578125 0.45162031249999995 0.54914375 0.4483796875 0.5455296875 0.44489687499999997 0.5450859375 0.43577187500000003 0.5492078125 0.43242812500000005 0.5523140625 0.427203125 0.5613828125 0.4257046875 0.568675 0.42594843750000005 0.60133125 0.42744687499999995 0.6611921875
3 0.3953328125 0.6227640625 0.39682968750000003 0.679390625 0.39592499999999997 0.7120484375 0.399234375 0.72130625 0.402821875 0.7261890625 0.40578125 0.7251109375 0.408778125 0.7207359375 0.41626562500000003 0.681546875 0.4225359375 0.5955609374999999 0.4270296875 0.57431875 0.4270296875 0.5607484375 0.42521718750000004 0.558528125 0.4216296875 0.558528125 0.40961406250000004 0.563728125 0.40431875 0.5667093750000001 0.39697031250000003 0.571971875 0.39592499999999997 0.5781234375000001 0.395646875 0.5863031249999999 0.3953328125 0.6227640625
3 0.36436718749999997 0.6581484375 0.3619640625 0.673875 0.36586562499999997 0.7239703125 0.3676421875 0.7239703125 0.3808078125 0.7104 0.38589375000000004 0.62219375 0.39185 0.5705140625 0.390665625 0.5667093750000001 0.388575 0.5650609375 0.3849875 0.5644890625000001 0.379903125 0.5655671875 0.3760015625 0.56829375 0.36924375 0.572859375 0.364646875 0.5770453125 0.36165156249999997 0.58135625 0.3607796875 0.58738125 0.36436718749999997 0.6581484375
4 0.32208281250000004 0.6818640625 0.3227796875 0.70044375 0.326228125 0.710209375 0.331696875 0.7149656249999999 0.3370953125 0.712365625 0.3464296875 0.6986687500000001 0.35646093749999996 0.596765625 0.35646093749999996 0.57520625 0.34622031249999996 0.5794546875 0.34103125 0.581103125 0.3299203125 0.5843375 0.3277609375 0.5863031249999999 0.3253921875 0.612871875 0.32208281250000004 0.6818640625
4 0.25255937500000003 0.70393125 0.258725 0.7100828124999999 0.26628281249999997 0.7129359375 0.27314531249999996 0.7091953125 0.2939046875 0.6726703125 0.30888125 0.6322765625 0.31981875 0.6132531250000001 0.32480000000000003 0.6064046875 0.3280390625 0.5973359375 0.3292921875 0.5850984375 0.32480000000000003 0.571971875 0.3048765625 0.5633484375 0.2926859375 0.561065625 0.2839421875 0.5633484375 0.28094687500000004 0.5669625 0.2779875 0.5787578124999999 0.2772203125 0.593278125 0.2700109375 0.6168671875 0.2550671875 0.6581484375 0.24434062499999998 0.6853515625 0.24434062499999998 0.688965625 0.2470921875 0.69258125 0.258028125 0.688965625 0.28645 0.6259359375 0.28843593749999996 0.6236531249999999 0.289690625 0.6236531249999999 0.290178125 0.6289796875 0.28993437499999997 0.6331640625 0.279971875 0.66265 0.2650296875 0.69258125 0.256809375 0.70215625 0.25255937500000003 0.70393125
4 0.2186 0.643246875 0.2263328125 0.6441343749999999 0.24949531249999998 0.6219406249999999 0.2676765625 0.591121875 0.282375 0.570259375 0.2836296875 0.56480625 0.2838734375 0.559353125 0.2781609375 0.5543437499999999 0.2629390625 0.53348125 0.25099218749999996 0.5230812499999999 0.2447578125 0.5221312499999999 0.243015625 0.523525 0.23953281249999997 0.5330375 0.2330546875 0.5557390625 0.224834375 0.5770453125 0.20815 0.6051359374999999 0.207384375 0.60741875 0.20689687499999998 0.6137609375 0.20815 0.6187703124999999 0.21114531250000002 0.6178828125 0.223825 0.60741875 0.2373046875 0.591121875 0.23779218750000003 0.5924546875 0.2330546875 0.611034375 0.22110781249999997 0.628725 0.21410625 0.634178125 0.2186 0.643246875
4 0.24705625000000003 0.3933421875 0.25155 0.4739375 0.2521421875 0.49733593750000005 0.25423125 0.5005703125000001 0.264715625 0.5087515625 0.2700796875 0.518515625 0.27725468750000004 0.5261250000000001 0.2826546875 0.5250468749999999 0.2874265625 0.5195937500000001 0.28833125000000004 0.5076734375 0.285021875 0.47824999999999995 0.2838390625 0.42821875 0.274259375 0.373240625 0.270671875 0.37374687500000003 0.268303125 0.379771875 0.268303125 0.3890296875 0.271890625 0.44832031250000004 0.2694875 0.45814843749999995 0.26649218750000003 0.45865625000000004 0.26589999999999997 0.45757812500000006 0.264715625 0.444515625 0.2576796875 0.3987953125 0.2564609375 0.3905515625 0.2551375 0.38522500000000004 0.2500515625 0.3835765625 0.2479625 0.38522500000000004 0.24705625000000003 0.3933421875
4 0.287565625 0.4146484375 0.2910484375 0.45047499999999996 0.2970390625 0.48807812500000003 0.2970390625 0.5008250000000001 0.29355625 0.527584375 0.2952984375 0.5329734375 0.30100937499999997 0.53525625 0.3070015625 0.53525625 0.31149375 0.53348125 0.3184609375 0.540265625 0.327934375 0.539378125 0.3314171875 0.5293593750000001 0.3308953125 0.47089375 0.3299203125 0.4427390625 0.3251828125 0.42187656249999994 0.3197140625 0.40735625000000003 0.3142109375 0.3951171875 0.31048437500000003 0.391503125 0.3087421875 0.3960046875 0.3094734375 0.4205453125 0.3094734375 0.47539687500000005 0.294775 0.40780000000000005 0.2942875 0.40557968750000006 0.29355625 0.40240937499999996 0.292546875 0.40240937499999996 0.288540625 0.40602343750000003 0.287565625 0.4146484375
3 0.3349703125 0.531959375 0.3409609375 0.5357640625 0.3505046875 0.5325296875000001 0.3690703125 0.51781875 0.3654828125 0.47209843749999997 0.3583078125 0.41116093749999993 0.34754375 0.3800890625 0.3415890625 0.37260624999999997 0.3382796875 0.37089375 0.3334734375 0.37089375 0.337653125 0.445403125 0.3370609375 0.48135625 0.3349703125 0.531959375
3 0.3762109375 0.3679765625 0.37175156249999997 0.3892203125 0.36903593749999997 0.43874375 0.37143906250000003 0.49207343750000004 0.3738421875 0.522575 0.3768375 0.5279640624999999 0.380425 0.5312625 0.3881921875 0.530690625 0.3941484375 0.522575 0.40254218750000004 0.5024093749999999 0.39773593749999997 0.4588453125 0.3962734375 0.3771078125 0.394009375 0.36734374999999997 0.3890984375 0.3614453125 0.3819234375 0.3614453125 0.37861406249999996 0.3625234375 0.3762109375 0.3679765625
1 0.4018453125 0.38655625 0.40107968749999995 0.4568171875 0.40139375 0.5177546875 0.4046671875 0.528090625 0.40975312500000005 0.529740625 0.42438125 0.5242859375 0.4330546875 0.5172484374999999 0.43277656249999996 0.5025359375 0.42859687500000004 0.4774890625 0.4187046875 0.39258125 0.412434375 0.3735578125 0.4055375 0.3578953125 0.40285624999999997 0.35174375 0.4019859375 0.3495875 0.4001734375 0.3495875 0.399790625 0.3553578125 0.4018453125 0.38655625
2 0.447475 0.3651875 0.4454890625 0.39327812500000003 0.4397421875 0.4381734375 0.43524843750000003 0.48490781250000003 0.43127812499999996 0.508053125 0.430025 0.522575 0.4507140625 0.528915625 0.45767968750000004 0.5253015624999999 0.45917812500000005 0.5171218750000001 0.458203125 0.4649328125 0.46043124999999996 0.391503125 0.45597343749999997 0.3653765625 0.45520781250000003 0.36246093749999997 0.4531875 0.360178125 0.44994843749999996 0.359734375 0.44820625 0.360621875 0.447475 0.3651875
2 0.46576093749999997 0.47336718749999995 0.46300937500000006 0.49061562500000006 0.46151093750000005 0.527775 0.467990625 0.533228125 0.47795156250000004 0.5359546875000001 0.48443125 0.5355109375 0.495646875 0.52916875 0.4991296875 0.5218765624999999 0.4983984375 0.5051359375 0.4943921875 0.47565 0.4946703125 0.4620171875 0.49240625 0.4244140625 0.4888890625 0.38129375 0.4867296875 0.37584062500000004 0.4826890625 0.3731140625 0.47823125 0.374953125 0.47596718750000006 0.38040625 0.46576093749999997 0.47336718749999995
2 0.51818125 0.3640453125 0.5076984375 0.4683578125 0.5027171874999999 0.49695625000000004 0.5029609374999999 0.5150921875 0.5044578125 0.5318328125 0.5159171875 0.5355109375 0.5316265625 0.534559375 0.540578125 0.5300578125000001 0.5421453125 0.5046921875 0.5385921875 0.46474374999999996 0.5378609375 0.42707656250000003 0.5361203125 0.407609375 0.5323578125 0.3776796875 0.526784375 0.3613828125 0.5253921874999999 0.3577046875 0.5246609375 0.3568171875 0.522640625 0.3568171875 0.5201671875 0.3581484375 0.51818125 0.3640453125
2 0.54364375 0.38085 0.5441312500000001 0.42618906250000005 0.5468828125 0.472415625 0.545384375 0.4896640625 0.5446187499999999 0.5100828125 0.5448625 0.5259359375 0.5508531249999999 0.52821875 0.5595609375 0.52910625 0.568059375 0.5259359375 0.5695234375 0.51781875 0.568790625 0.49150312500000004 0.5588296875000001 0.41984843749999995 0.5528390625 0.3694984375 0.5518640625 0.367215625 0.550365625 0.365821875 0.5473703125 0.366328125 0.545871875 0.36810468749999997 0.54364375 0.38085
1 0.590246875 0.3751421875 0.5851625 0.39854218750000003 0.575896875 0.47691875 0.5729015625 0.49270781250000006 0.5731796874999999 0.509575 0.5746781249999999 0.519340625 0.5791703125 0.5242234375 0.5881578125 0.5231453125 0.5956109374999999 0.5176921875 0.5971093749999999 0.49537031249999997 0.5968296875 0.45783125 0.5977015625 0.41591562499999996 0.5993375000000001 0.38566875 0.599790625 0.37729843750000003 0.5995125 0.3686109375 0.5977015625 0.365884375 0.5944265625 0.365884375 0.590246875 0.3751421875
3 0.6091609375 0.39499062500000004 0.59878125 0.46448906250000005 0.5964125 0.5085609375 0.5993734374999999 0.516740625 0.617625 0.527584375 0.6212125000000001 0.5248578125 0.6251125 0.5194671875 0.6265765625 0.47970781249999994 0.633159375 0.451934375 0.631975 0.4116671875 0.6352484375 0.39644843750000003 0.633228125 0.3836390625 0.6322890625 0.3746359375 0.6316609375 0.3528859375 0.6257046875000001 0.35345624999999997 0.621525 0.3604953125 0.6091609375 0.39499062500000004
3 0.6493203125 0.40716562500000003 0.6394640625 0.4512359375 0.6313828125 0.492009375 0.6277953125 0.5181359375000001 0.629571875 0.524159375 0.6337515625 0.5279640624999999 0.64723125 0.5290421875 0.655590625 0.524159375 0.6564953124999999 0.490425 0.6579937499999999 0.4604953125 0.6678515625 0.42022812500000006 0.673215625 0.381546875 0.673528125 0.3788203125 0.67234375 0.37609375 0.669940625 0.37609375 0.6642640625 0.381546875 0.6493203125 0.40716562500000003
4 0.6918140625 0.405896875 0.687634375 0.4532015625 0.6846390625 0.46030468750000003 0.681365625 0.46030468750000003 0.68018125 0.45922656249999994 0.68018125 0.4559296875 0.68645 0.405896875 0.684046875 0.39499062500000004 0.6819578125 0.39499062500000004 0.677778125 0.399365625 0.6747828124999999 0.406975 0.65775 0.5065953125 0.6574359375000001 0.52561875 0.66043125 0.53215 0.6664234375 0.535446875 0.6783703125 0.53430625 0.689446875 0.535446875 0.69421875 0.52999375 0.6963078125 0.51090625 0.7013578125000001 0.403234375 0.7019859375 0.3922640625 0.7008015624999999 0.390615625 0.6974921875 0.390615625 0.693034375 0.399365625 0.6918140625 0.405896875
4 0.7116687500000001 0.4085609375 0.7086375 0.43633437500000005 0.7077671875 0.46899218749999994 0.7059562500000001 0.490171875 0.69550625 0.5266328125 0.6972828125 0.53430625 0.7017765625 0.5348124999999999 0.7170328125000001 0.533734375 0.732253125 0.5358906250000001 0.7421453125 0.5261250000000001 0.7427374999999999 0.5152187500000001 0.7397421875 0.48313281249999995 0.7433296875 0.45206093750000004 0.7445140625 0.4112875 0.7427374999999999 0.4025359375 0.7406484375 0.39987343750000004 0.7370609375 0.39987343750000004 0.7349703125 0.40310781249999994 0.73465625 0.41071718749999997 0.733159375 0.4216234375 0.729571875 0.4401390625 0.7257046875000001 0.44394375 0.722709375 0.43633437500000005 0.7229890625000001 0.4281546875 0.7270640625 0.40348750000000005 0.7270640625 0.3968921875 0.7265765625 0.391121875 0.7218046874999999 0.39004374999999997 0.7173109375 0.3933421875 0.7116687500000001 0.4085609375
4 0.748415625 0.45472343750000005 0.749146875 0.4914390625 0.748415625 0.51001875 0.7506437499999999 0.5249843750000001 0.7529078124999999 0.5281546875 0.755625 0.52910625 0.7586203125 0.5327203125 0.76060625 0.537221875 0.765865625 0.5417875000000001 0.7735624999999999 0.5417875000000001 0.7788234375 0.5331640625 0.7812953125 0.52048125 0.7808078125 0.502790625 0.77756875 0.47964531250000003 0.7733187499999999 0.413 0.766840625 0.3948640625 0.76534375 0.3957515625 0.7623828125000001 0.4016484375 0.7623828125000001 0.40887812500000004 0.766840625 0.4637921875 0.7631140624999999 0.4583390625 0.76060625 0.44927031250000005 0.7572281249999999 0.41065312499999995 0.7561484375 0.40570781250000004 0.7551375 0.4020921875 0.7541625 0.40393125 0.7516546875000001 0.41521875 0.748415625 0.45472343750000005
