4 0.7664109375 0.5560046875 0.7738671874999999 0.56940625 0.7800703125 0.5759796875000001 0.7854359375 0.5759796875000001 0.7875265625 0.56725625 0.773240625 0.5295828124999999 0.744459375 0.47572656249999995 0.7372828124999999 0.4815421875 0.729546875 0.4810359375 0.720696875 0.4750953125 0.71679375 0.47458906250000005 0.7055046875000001 0.4848296875 0.702509375 0.4934265625 0.7019515625 0.503665625 0.71860625 0.5376734375 0.741184375 0.5920359375 0.7480140625 0.6045515625 0.7569343749999999 0.6077125 0.759303125 0.60505625 0.7598609374999999 0.5979765625 0.756028125 0.586725 0.7405578125 0.559165625 0.7331703125 0.5338812500000001 0.731359375 0.5198484375 0.7325437499999999 0.51719375 0.7381875 0.51719375 0.7631359375 0.541971875 0.7664109375 0.5560046875
1 0.565784375 0.5589125 0.5747734375 0.65284375 0.5799296875 0.669153125 0.5833453125 0.669153125 0.5875953125 0.6659921875 0.591428125 0.6365359374999999 0.5901734375000001 0.56826875 0.587178125 0.5332484375 0.5795125 0.49759843750000005 0.569965625 0.49873593749999995 0.5662015625000001 0.49911562500000006 0.5641109375 0.502275 0.565784375 0.5589125
2 0.5358890625 0.6455124999999999 0.5391640625 0.6481671875 0.543065625 0.64386875 0.550453125 0.6250312499999999 0.5581875000000001 0.5166875 0.553728125 0.4978515625 0.5508015625 0.49241406249999997 0.5390937499999999 0.49152968750000003 0.53533125 0.49127656249999996 0.5377 0.5484203125 0.5358890625 0.6455124999999999
2 0.508571875 0.6284453125 0.5103140625 0.6409609374999999 0.513309375 0.6423515625 0.5155406250000001 0.6400765625 0.5194421874999999 0.6270546875 0.523903125 0.5978515625 0.531359375 0.49013906250000006 0.5147734374999999 0.492540625 0.510521875 0.49329999999999996 0.509059375 0.4945640625 0.508571875 0.6284453125
2 0.48090625 0.50885 0.4856453125 0.633121875 0.4871078125 0.6390640624999999 0.4922640625 0.625284375 0.49804843749999994 0.5840703125 0.5038328125 0.49279375 0.48362343750000003 0.4943109375 0.48216093750000005 0.49532187499999997 0.480696875 0.49835624999999995 0.48090625 0.50885
2 0.45839687500000004 0.6379265625 0.460278125 0.6455124999999999 0.4631359375 0.6474078125 0.4646 0.6455124999999999 0.46752656249999996 0.6304671875000001 0.4782578125 0.500253125 0.47804843750000003 0.49532187499999997 0.474703125 0.49355312500000004 0.45679375 0.49494375 0.4542859375 0.49608125000000003 0.4522640625 0.501390625 0.45839687500000004 0.6379265625
4 0.226759375 0.29494375 0.2247390625 0.300884375 0.2172828125 0.34829374999999996 0.211915625 0.408596875 0.213728125 0.42047968750000003 0.21637656249999998 0.42591718749999996 0.2214640625 0.42642187500000006 0.2377703125 0.43830625 0.2464109375 0.4345125 0.25087031249999997 0.428065625 0.2558890625 0.39949375 0.2577 0.3639703125 0.257421875 0.3061953125 0.25296093750000004 0.2878640625 0.2485015625 0.2782546875 0.245784375 0.28204843749999997 0.2434140625 0.323009375 0.2401390625 0.339696875 0.233309375 0.34715625 0.23756093749999999 0.307459375 0.2377703125 0.29279375 0.23038281249999998 0.29165625 0.226759375 0.29494375
4 0.25345 0.2910234375 0.26327500000000004 0.3627046875 0.2552609375 0.433375 0.257909375 0.4495578125 0.26236875 0.45385625 0.26892031250000004 0.45549999999999996 0.2757484375 0.45170625 0.28285781249999997 0.458659375 0.29623750000000004 0.45271875 0.2992328125 0.4462703125 0.300696875 0.4322375 0.2935890625 0.3643484375 0.29240468750000004 0.32718125 0.287665625 0.283565625 0.27337968749999997 0.2597984375 0.2721953125 0.262453125 0.2804875 0.3093546875 0.2823 0.333628125 0.2787453125 0.35195937499999996 0.27337968749999997 0.34058125 0.26745625 0.31049375 0.25763125 0.27054374999999997 0.254634375 0.2695328125 0.2528921875 0.27218749999999997 0.25345 0.2910234375
4 0.3324046875 0.2884953125 0.32989531250000004 0.288875 0.32766562499999996 0.2965859375 0.3257140625 0.344121875 0.32320625000000003 0.3490515625 0.320975 0.3495578125 0.319790625 0.348671875 0.319303125 0.3432359375 0.3182578125 0.3059421875 0.31679375 0.2978515625 0.3145640625 0.294690625 0.312125 0.294690625 0.30912968749999997 0.2992421875 0.307875 0.3082171875 0.3049484375 0.388621875 0.30418124999999996 0.4362828125 0.3059234375 0.445259375 0.30884999999999996 0.44829375000000005 0.3398609375 0.45018906249999996 0.3413234375 0.43931718750000004 0.3405578125 0.4070796875 0.336028125 0.3011375 0.335609375 0.29557500000000003 0.33484375 0.29115 0.3324046875 0.2884953125
3 0.3543546875 0.282553125 0.3477359375 0.28862187499999997 0.34418125 0.3223765625 0.33999999999999997 0.43931718750000004 0.3417421875 0.445259375 0.3623 0.445259375 0.36912968749999997 0.44146718749999997 0.3619515625 0.29431093750000004 0.361115625 0.2910234375 0.35958125 0.286725 0.3543546875 0.282553125
3 0.3835546875 0.255246875 0.37282187499999997 0.2704171875 0.3684328125 0.28166875 0.36599375 0.2978515625 0.3657140625 0.3156765625 0.368084375 0.42237656250000005 0.37107968750000003 0.44500624999999994 0.377003125 0.45044218750000004 0.3829265625 0.4509484375 0.39303125 0.4445 0.3933796875 0.438559375 0.38090625 0.28280625000000004 0.3823 0.2695328125 0.3835546875 0.2633375 0.3847390625 0.256384375 0.3835546875 0.255246875
1 0.39205625 0.23034062500000002 0.38885000000000003 0.237546875 0.389546875 0.300884375 0.3945640625 0.3759796875 0.3945640625 0.44386875000000003 0.39811874999999997 0.45157968750000005 0.4213234375 0.4522125 0.42418125 0.4484203125 0.42452968750000003 0.44058125 0.4227171875 0.39860937500000004 0.4184671875 0.3656125 0.405296875 0.2931734375 0.3977703125 0.23615624999999998 0.397421875 0.2323640625 0.3959578125 0.23034062500000002 0.39205625 0.23034062500000002
2 0.4312890625 0.25044218749999997 0.42878125 0.2529703125 0.42808437499999996 0.2633375 0.425575 0.38242656249999996 0.42738750000000003 0.40758593750000005 0.42738750000000003 0.446396875 0.4305921875 0.45284375 0.43484375000000003 0.4548671875 0.446271875 0.4548671875 0.4516375 0.4534765625 0.45303125 0.42642187500000006 0.44766562499999996 0.3700375 0.443065625 0.30353906249999996 0.43735156249999996 0.2562578125 0.4366546875 0.2529703125 0.434146875 0.25044218749999997 0.4312890625 0.25044218749999997
2 0.4603484375 0.2214921875 0.45797968750000007 0.2366625 0.45261250000000003 0.300253125 0.45233437500000007 0.3579015625 0.45707343749999996 0.4128953125 0.45679375 0.44905156249999995 0.45797968750000007 0.45651093749999994 0.468084375 0.462453125 0.485575 0.46194687500000003 0.48884999999999995 0.458659375 0.4903140625 0.44576562500000005 0.4873875 0.3848296875 0.480209375 0.32503125 0.4745640625 0.299115625 0.4648078125 0.23021562499999998 0.464459375 0.2279390625 0.462996875 0.2226296875 0.4603484375 0.2214921875
2 0.5165859375 0.2322375 0.5096859375 0.23767343749999997 0.5024390624999999 0.2826796875 0.4926125 0.444121875 0.49386718749999997 0.45954531249999997 0.5126828125 0.4604296875 0.5234140625 0.45802812499999995 0.52599375 0.4518328125 0.527246875 0.435525 0.5264109375 0.374209375 0.5228578125000001 0.2451328125 0.522996875 0.23767343749999997 0.5208359375 0.231353125 0.5165859375 0.2322375
2 0.5415328125000001 0.2493046875 0.5398609375000001 0.254740625 0.532125 0.3175734375 0.5291296875 0.3989890625 0.5312890625 0.45335000000000003 0.5364453124999999 0.45878593749999996 0.5552609375 0.45651093749999994 0.5577703125 0.450315625 0.556934375 0.3764859375 0.5535187500000001 0.3237671875 0.5565156250000001 0.309734375 0.5531015625 0.30353906249999996 0.551359375 0.280278125 0.5539375 0.242225 0.550940625 0.24146718749999999 0.546690625 0.242225 0.5415328125000001 0.2493046875
1 0.591359375 0.2709234375 0.58599375 0.2715546875 0.5817421875 0.27610625 0.5756796875 0.30581562500000004 0.5639031250000001 0.412515625 0.5646 0.4409609375 0.5664109374999999 0.44677656250000003 0.5891984375 0.4532234375 0.5931703125000001 0.4481671875 0.5949125000000001 0.42616875 0.5999296875 0.28445 0.5991640625 0.278003125 0.5959578125 0.27218749999999997 0.591359375 0.2709234375
3 0.626271875 0.2737046875 0.6177703125 0.2776234375 0.615609375 0.282175 0.600975 0.3656125 0.5917078124999999 0.42642187500000006 0.5959578125 0.44386875000000003 0.6066906249999999 0.45284375 0.6205578125 0.45613125 0.6270390625 0.4484203125 0.6287812500000001 0.42958281249999997 0.6326828124999999 0.286725 0.632334375 0.28154218750000004 0.6305921875 0.27496875 0.626271875 0.2737046875
4 0.67581875 0.2824265625 0.6706624999999999 0.28862187499999997 0.662090625 0.353096875 0.6582578125 0.356890625 0.65351875 0.35385625 0.651846875 0.3499375 0.6595125000000001 0.3056890625 0.66041875 0.2824265625 0.6582578125 0.2801515625 0.65351875 0.28091093749999996 0.64926875 0.28862187499999997 0.6308703125 0.40657343749999997 0.6308703125 0.44159218750000007 0.635609375 0.448546875 0.6501046875000001 0.4570171875 0.66041875 0.4532234375 0.6664109375 0.4423515625 0.6796515624999999 0.29178281250000004 0.6792328125 0.2878640625 0.677909375 0.2831859375 0.67581875 0.2824265625
4 0.710034375 0.2723140625 0.70041875 0.281415625 0.670453125 0.407459375 0.6675953125 0.4398234375 0.6701046875000001 0.45018906249999996 0.6836234375 0.4579015625 0.69679375 0.454740625 0.7160968750000001 0.44310937499999997 0.720696875 0.43463906249999995 0.720696875 0.41466562500000004 0.7189546874999999 0.3854609375 0.7196515625 0.3648546875 0.723903125 0.352465625 0.72926875 0.3034140625 0.7306625 0.27496875 0.7296171874999999 0.2646015625 0.71254375 0.33249062500000004 0.7075265625 0.3428578125 0.70466875 0.342225 0.703275 0.3376734375 0.7036234375 0.33249062500000004 0.7160968750000001 0.2826796875 0.7160968750000001 0.27496875 0.7139375 0.2723140625 0.710034375 0.2723140625
4 0.731915625 0.28394375 0.727246875 0.28836875 0.7251562500000001 0.2962078125 0.722996875 0.3278125 0.7233453125 0.3757265625 0.7222999999999999 0.42098593749999996 0.7247390625000001 0.42616875 0.7290593750000001 0.428065625 0.7536578125 0.423009375 0.76188125 0.41719375000000003 0.7650875 0.3989890625 0.7661328125 0.3570171875 0.774703125 0.29165625 0.7728921875 0.28584062499999996 0.7703828125000001 0.28394375 0.76466875 0.28457656249999996 0.7622296875 0.2877375 0.7550515625 0.321365625 0.7526125 0.3278125 0.7465499999999999 0.33173125 0.7447390625 0.3311 0.742578125 0.3259171875 0.7418812499999999 0.29557500000000003 0.7415328125 0.2929203125 0.7379796875 0.28584062499999996 0.731915625 0.28394375
4 0.7164453125 0.6467765625 0.716028125 0.6321109375 0.7084328125 0.56611875 0.7046 0.5568906250000001 0.691915625 0.559165625 0.6901734375 0.5691531249999999 0.6935890625 0.5921624999999999 0.706271875 0.653603125 0.7075265625 0.655878125 0.7117765625 0.657521875 0.7164453125 0.6467765625
3 0.6605578125 0.6068265625 0.6631359375 0.5836921875 0.66139375 0.5706703125 0.65763125 0.5676359375 0.6503828125 0.5691531249999999 0.6466203125 0.5845765625 0.6427875000000001 0.651328125 0.6436234375 0.66055625 0.6487109375 0.66283125 0.654634375 0.6613140625 0.6558890625 0.66055625 0.6605578125 0.6360296875 0.6605578125 0.6068265625
3 0.62320625 0.5962078125 0.6226484375 0.571175 0.6196515625 0.5615671875 0.61351875 0.5615671875 0.604390625 0.5653609375 0.6029265625 0.578634375 0.604390625 0.6064468749999999 0.604390625 0.6378 0.6082234375 0.6522125 0.6152609375 0.6565109375 0.616725 0.6570171874999999 0.6220203125 0.634134375 0.62320625 0.5962078125
