4 0.8103828125 0.5089765625 0.8101046875 0.493046875 0.8036234375 0.4681421875 0.791915625 0.4495578125 0.7771421875 0.4109984375 0.771915625 0.413653125 0.757909375 0.4300890625 0.7533796875000001 0.4432359375 0.7441109375 0.446396875 0.74090625 0.4495578125 0.7401390625000001 0.453603125 0.7401390625000001 0.4581546875 0.7441109375 0.4699109375 0.7556093749999999 0.48950625 0.7768640625 0.5335015624999999 0.7826484375 0.5393171875 0.7906625 0.5420984375 0.7916375 0.5407078125 0.7913593750000001 0.5335015624999999 0.781115625 0.5161828125000001 0.7694078125 0.48950625 0.767875 0.4812890625 0.768153125 0.47724374999999997 0.7724046875 0.4699109375 0.7796515625 0.46308437500000005 0.7836234375 0.4640953125 0.8081531249999999 0.5098609374999999 0.8103828125 0.5089765625
4 0.7646 0.5515796875000001 0.7696859375 0.540834375 0.770034375 0.5367890625 0.7655046875 0.5184578125 0.748153125 0.48912812499999997 0.7394421875 0.48508281249999996 0.7377 0.48166875 0.7383968750000001 0.47345156250000003 0.7321953125 0.45802812499999995 0.72745625 0.45613125 0.7210453125 0.458659375 0.68926875 0.4812890625 0.6875265625 0.48508281249999996 0.686690625 0.4948171875 0.6898265625 0.5065734375 0.7324734375 0.574209375 0.740696875 0.5843234374999999 0.7627875000000001 0.5993671875000001 0.7666906250000001 0.591909375 0.7654359375 0.576990625 0.7408359375 0.54715625 0.7349125 0.5348921875 0.73581875 0.5307203125 0.7375609375 0.529203125 0.7407671875 0.528825 0.7564453125 0.545765625 0.7646 0.5515796875000001
3 0.6420203124999999 0.5581546875 0.6602781249999999 0.6365359374999999 0.6722640625 0.669784375 0.6753312499999999 0.6747156249999999 0.6852265625 0.6735781249999999 0.6885015625 0.669153125 0.6899656249999999 0.6622 0.6774218750000001 0.5477875 0.6710796875 0.5085968750000001 0.666271875 0.487484375 0.6648078125 0.486346875 0.6554703125 0.49127656249999996 0.6360281249999999 0.4929203125 0.626690625 0.5037921875 0.627875 0.5085968750000001 0.6342156250000001 0.5276859375 0.6420203124999999 0.5581546875
3 0.6342156250000001 0.643109375 0.6462015625 0.6615671875 0.6648078125 0.6790140625000001 0.666271875 0.6778765625000001 0.6666203125 0.671428125 0.6549125 0.6398234375 0.64139375 0.5973453125 0.63121875 0.5500625 0.6275953125 0.5407078125 0.623065625 0.511884375 0.6206968749999999 0.509228125 0.606271875 0.509228125 0.6050875 0.49936718750000003 0.6014640625000001 0.49393125 0.59909375 0.49393125 0.596096875 0.49507031250000005 0.590940625 0.5132749999999999 0.5910109375 0.5211125 0.6137984375000001 0.590896875 0.6342156250000001 0.643109375
1 0.543484375 0.5048046875 0.5480140625 0.5364093750000001 0.56090625 0.5951953125 0.5752609375 0.6365359374999999 0.5924046875 0.6795203125 0.6034843750000001 0.701896875 0.606759375 0.7045515625000001 0.6091984375 0.7040453125 0.608571875 0.6866 0.584878125 0.558659375 0.57679375 0.50050625 0.56926875 0.49127656249999996 0.5473874999999999 0.495575 0.545296875 0.49721875000000004 0.5437624999999999 0.49987343749999996 0.543484375 0.5048046875
2 0.5212546875 0.511378125 0.5195125 0.5298359375 0.522509375 0.5815421875 0.5285015625 0.617446875 0.5428578125 0.669784375 0.549478125 0.68280625 0.5549125 0.6860937500000001 0.5584671875 0.68394375 0.5597218749999999 0.680025 0.5545640625 0.643615625 0.545575 0.593553125 0.5423 0.50050625 0.539303125 0.497725 0.5289890625 0.49873593749999995 0.525784375 0.50050625 0.52369375 0.5031609375 0.5212546875 0.511378125
2 0.50878125 0.7101140625 0.512334375 0.7101140625 0.5152609375 0.7055625 0.5166546875 0.6748421875 0.5166546875 0.49329999999999996 0.5152609375 0.48546093749999997 0.512334375 0.4840703125 0.480278125 0.48495625000000003 0.47351875000000004 0.48546093749999997 0.49937343749999996 0.6845765625 0.50878125 0.7101140625
2 0.43721249999999995 0.6214921875 0.43721249999999995 0.6318578125000001 0.44264843750000005 0.6346390625 0.448640625 0.6302156250000001 0.45219531249999995 0.6204796875 0.4648078125 0.554109375 0.471428125 0.5268015625 0.47170781249999993 0.519215625 0.47115 0.5137796875 0.4678046875 0.5137796875 0.46153281249999994 0.5055625 0.4512890625 0.5017703124999999 0.44738749999999994 0.50391875 0.44564531250000006 0.50834375 0.44139375000000003 0.575853125 0.43721249999999995 0.6214921875
2 0.4101734375 0.655246875 0.410453125 0.66169375 0.4122640625 0.66283125 0.41679374999999996 0.66005 0.423065625 0.6491781249999999 0.44167187500000005 0.50278125 0.44020937499999996 0.4984828125 0.42515625 0.4940578125 0.41317031249999997 0.49949374999999996 0.4117078125 0.504425 0.4117078125 0.628571875 0.4101734375 0.655246875
1 0.3952609375 0.49759843750000005 0.3906625 0.504425 0.3901046875 0.5256640625 0.38885000000000003 0.5316062500000001 0.38620156250000004 0.5343875 0.3819515625 0.5343875 0.38111562499999996 0.5299625 0.3798609375 0.5299625 0.37686406250000004 0.5365359375 0.37205625000000003 0.569784375 0.36815312499999997 0.6149171875 0.35888437500000003 0.6921625 0.3573515625 0.7211125 0.36696875 0.7134 0.374215625 0.6959546875 0.391915625 0.6323640625 0.40418125 0.5691531249999999 0.40655 0.5409609375 0.40689843750000004 0.5060687500000001 0.40599375000000004 0.5017703124999999 0.3980484375 0.4944375 0.3952609375 0.49759843750000005
3 0.3446 0.551453125 0.342509375 0.5629578125 0.34550468749999996 0.584703125 0.3328921875 0.6543609375 0.3308015625 0.6831859375 0.339790625 0.67775 0.36139375 0.5911500000000001 0.3671078125 0.5433625 0.3751921875 0.5144124999999999 0.37581875 0.5046781250000001 0.3745640625 0.5008843749999999 0.371915625 0.500253125 0.3446 0.5188375 0.3446 0.551453125
4 0.2298953125 0.534134375 0.2324046875 0.535525 0.2324046875 0.5400765625 0.22160312499999998 0.5544875 0.1838328125 0.5936781250000001 0.1820203125 0.5975984375000001 0.1813234375 0.6067 0.1845296875 0.612515625 0.1903140625 0.61719375 0.2029265625 0.61061875 0.2273875 0.5910234375 0.2619515625 0.5348921875 0.2763765625 0.517825 0.27742187500000004 0.50278125 0.27205625 0.4917828125 0.2604875 0.48647343750000005 0.255121875 0.4721875 0.24432031250000003 0.4662453125 0.23888437499999998 0.4604296875 0.23421562499999998 0.4629578125 0.22885 0.471428125 0.21407656249999998 0.5060687500000001 0.1820203125 0.553096875 0.1668984375 0.5681421875 0.16007031249999998 0.5811625 0.1593734375 0.5877375 0.16292656249999998 0.59165625 0.16745625 0.593046875 0.1726828125 0.59165625 0.21804843749999997 0.549178125 0.2298953125 0.534134375
4 0.161184375 0.561440625 0.17797968749999998 0.5549937500000001 0.20648125 0.5103671875 0.208571875 0.48912812499999997 0.2031359375 0.47496875000000005 0.197421875 0.4689 0.19205624999999998 0.45157968750000005 0.183065625 0.44715625000000003 0.17073125 0.44715625000000003 0.1668296875 0.4493046875 0.16236875 0.455878125 0.15512187500000002 0.47926718749999997 0.138328125 0.5195953125 0.1371421875 0.5309734374999999 0.1392328125 0.533121875 0.14648125 0.5316062500000001 0.15874531249999999 0.5054359374999999 0.16292656249999998 0.50050625 0.1659234375 0.5059421875 0.16655 0.5108718750000001 0.17073125 0.514159375 0.1827171875 0.514159375 0.183971875 0.514665625 0.1557484375 0.5566375 0.161184375 0.561440625
4 0.31874531250000004 0.3648546875 0.30926875 0.3163078125 0.3049484375 0.30998749999999997 0.298884375 0.30998749999999997 0.29240468750000004 0.31858437500000003 0.29240468750000004 0.3445 0.2979796875 0.4307203125 0.30355468750000003 0.44184531250000003 0.31282187499999997 0.44538593750000005 0.322090625 0.445890625 0.33679375 0.44134062500000004 0.339303125 0.43678906250000005 0.3400703125 0.42869843750000003 0.3370734375 0.39279375 0.3365859375 0.3656125 0.33358906250000003 0.334765625 0.3210453125 0.2862203125 0.3185359375 0.283059375 0.315540625 0.283059375 0.31282187499999997 0.2848296875 0.3119859375 0.2878640625 0.311428125 0.29115 0.3200703125 0.362453125 0.31874531250000004 0.3648546875
3 0.3333796875 0.2745890625 0.332821875 0.290265625 0.3385359375 0.3474078125 0.350521875 0.44159218750000007 0.374215625 0.43893750000000004 0.382578125 0.4340078125 0.37630625 0.4051828125 0.3696859375 0.3823015625 0.36160312499999997 0.3426046875 0.35888437500000003 0.321365625 0.35198593749999996 0.30606875 0.342996875 0.27559999999999996 0.340278125 0.2729453125 0.337909375 0.27130156250000004 0.3333796875 0.2745890625
1 0.4196515625 0.20594218749999998 0.41024374999999996 0.21049375 0.40236875000000005 0.2209859375 0.3901046875 0.260809375 0.3882921875 0.3372953125 0.38794375 0.4443734375 0.3926125 0.45613125 0.4045296875 0.4678890625 0.412821875 0.4639703125 0.4218125 0.44171875 0.4196515625 0.44045468750000005 0.4210453125 0.43059375 0.42202031250000005 0.4040453125 0.4117078125 0.3051828125 0.41456406250000005 0.268015625 0.4149828125 0.22225 0.417490625 0.21314843749999998 0.42034843750000006 0.20796406250000002 0.4196515625 0.20594218749999998
2 0.45839687500000004 0.26637187500000004 0.453309375 0.2701640625 0.4514984375 0.27395625 0.44940781249999995 0.2848296875 0.4257140625 0.422503125 0.42334531249999996 0.44538593750000005 0.4284328125 0.452465625 0.440696875 0.45903906250000004 0.450034375 0.45461406249999997 0.4539375 0.4460171875 0.4627875 0.3017703125 0.4629265625 0.291403125 0.4604875 0.2673828125 0.45839687500000004 0.26637187500000004
2 0.46933749999999996 0.2924140625 0.456028125 0.46801562499999994 0.45707343749999996 0.47067031249999997 0.46320625 0.47458906250000005 0.4794421875 0.4700375 0.4945640625 0.46283124999999997 0.4952609375 0.4281921875 0.48878125 0.26890000000000003 0.4837625 0.2629578125 0.4801390625 0.24538593749999998 0.4786765625 0.240834375 0.4747734375 0.24601718749999998 0.46933749999999996 0.2924140625
2 0.5287109375 0.2581546875 0.5248078125 0.2633375 0.5222296875 0.27054374999999997 0.5042515625 0.3823015625 0.497421875 0.4423515625 0.498884375 0.454740625 0.50139375 0.4625796875 0.530521875 0.4723140625 0.53630625 0.469784375 0.538815625 0.4625796875 0.537003125 0.34171874999999996 0.5344953125 0.27054374999999997 0.53345 0.2627046875 0.5301734375 0.257521875 0.5287109375 0.2581546875
2 0.54745625 0.24235156249999998 0.5449484375 0.2671296875 0.5420906249999999 0.369659375 0.5420906249999999 0.44475312499999997 0.545296875 0.4676359375 0.5489203125000001 0.4715546875 0.5662015625000001 0.467003125 0.5655046875 0.455246875 0.56188125 0.43426093750000005 0.56188125 0.42718125 0.5673171875 0.40492968749999997 0.5597218749999999 0.3135265625 0.5562375 0.257521875 0.554703125 0.2481671875 0.5496171875 0.23514531249999998 0.54745625 0.24235156249999998
1 0.591359375 0.240328125 0.5889890624999999 0.2920359375 0.5793734374999999 0.36005 0.5712890625 0.40568906250000003 0.570940625 0.41441249999999996 0.5829265625 0.4455125 0.5889890624999999 0.45309687500000007 0.5946343749999999 0.45195937500000005 0.5985359375 0.44108749999999997 0.598884375 0.41061875 0.605784375 0.3948171875 0.60878125 0.3246515625 0.6081531250000001 0.2745890625 0.6054359375 0.2592921875 0.6081531250000001 0.240328125 0.6051562500000001 0.239190625 0.6033453125 0.23805312500000003 0.5943546875 0.2342609375 0.591359375 0.240328125
3 0.6531703125 0.26890000000000003 0.6501734375 0.2764859375 0.643275 0.3255375 0.6366546875 0.3978515625 0.6357484375 0.42945625 0.637003125 0.43324843749999997 0.6564453125 0.43539843749999996 0.660975 0.43274375000000004 0.6646 0.4207328125 0.66515625 0.3184578125 0.6621609375 0.29393125000000003 0.6646 0.278634375 0.6678046875 0.2695328125 0.6694078125 0.2623265625 0.65860625 0.26283124999999996 0.6531703125 0.26890000000000003
4 0.6919859374999999 0.33388125 0.6889890624999999 0.3328703125 0.6857140625 0.3279390625 0.68236875 0.267509375 0.676096875 0.292540625 0.665575 0.371428125 0.6659234374999999 0.4084703125 0.6676656249999999 0.41555 0.6698265625000001 0.4188375 0.679721875 0.42161875000000004 0.6905218750000001 0.419975 0.701603125 0.41125156250000006 0.705784375 0.40467812500000006 0.7082234374999999 0.35676406250000003 0.7133093749999999 0.3149171875 0.706690625 0.269659375 0.7027171875 0.2750953125 0.7001390625 0.28053125 0.6931703125 0.3323640625 0.6919859374999999 0.33388125
4 0.73811875 0.3437421875 0.734215625 0.3409609375 0.7339375 0.35018906250000004 0.7324046875 0.350821875 0.730940625 0.348546875 0.7282234375 0.33122656250000004 0.7228578125 0.2750953125 0.72041875 0.264221875 0.7120562500000001 0.2637171875 0.7108015625 0.270290625 0.714703125 0.31163124999999997 0.715609375 0.348040625 0.7192328125 0.3970921875 0.7551921875 0.38773749999999996 0.7582578125 0.3850828125 0.7612546874999999 0.379140625 0.7624390625 0.3704171875 0.756725 0.33552499999999996 0.74745625 0.3034140625 0.7396515625 0.270290625 0.7372124999999999 0.265865625 0.7324046875 0.265865625 0.7314984375 0.2729453125 0.732334375 0.2781296875 0.7333093749999999 0.28280625000000004 0.7420203125 0.3426046875 0.73811875 0.3437421875
4 0.2862015625 0.5078375 0.282578125 0.5295828124999999 0.279303125 0.64386875 0.28473906250000003 0.6499375 0.29128906250000003 0.6433625000000001 0.293728125 0.632996875 0.296725 0.5954484375 0.2981875 0.588875 0.302996875 0.588875 0.3066203125 0.59279375 0.3078046875 0.603034375 0.30543593750000003 0.6259171875 0.3027171875 0.6395703125 0.3024390625 0.656384375 0.3087109375 0.6613140625 0.314703125 0.6520859375 0.3386765625 0.51061875 0.3365859375 0.5067 0.335121875 0.5067 0.3273171875 0.5121359375 0.3201390625 0.5144124999999999 0.3084328125 0.5121359375 0.2942859375 0.5045515625 0.29128906250000003 0.501896875 0.28773593750000004 0.5035390625 0.2862015625 0.5078375
