4 0.8063390625 0.5379203125 0.80888125 0.5370953125 0.8093 0.5301203125 0.80121875 0.5091953124999999 0.791396875 0.45871874999999995 0.7841515625000001 0.4292328125 0.7807390625 0.42460312499999997 0.7704984375 0.4222578125 0.764959375 0.432340625 0.7547203125 0.4331015625 0.751759375 0.44476875 0.7449328125 0.45098281250000005 0.7411 0.46030468750000003 0.7402296875000001 0.468040625 0.74535 0.48979062500000003 0.761128125 0.5154093750000001 0.7807390625 0.5573234375 0.7888546875 0.56740625 0.781609375 0.5355734375 0.7739109375 0.5107171875 0.77349375 0.5045015625 0.77561875 0.500634375 0.77945 0.5013953124999999 0.7820265625 0.503740625 0.7828625 0.5060875 0.783734375 0.507609375 0.79780625 0.5285984375 0.8063390625 0.5379203125
4 0.7581671875 0.6012046875 0.759665625 0.6033609375 0.762034375 0.6017125 0.763496875 0.5990484375 0.76468125 0.591503125 0.7540234375 0.5435 0.746046875 0.49987343749999996 0.7398125 0.4696890625 0.73270625 0.461065625 0.7259140625 0.458909375 0.7182171875 0.46480625 0.71525625 0.47019687499999996 0.7084296875 0.4729234375 0.7022296875 0.479390625 0.6969000000000001 0.49067812499999997 0.69599375 0.5020296875 0.7010453125 0.5214328125 0.7170328125000001 0.5526953125 0.736571875 0.5990484375 0.7478234375 0.61521875 0.7507843750000001 0.6178828125 0.7528390625 0.6157265625 0.7528390625 0.609828125 0.736259375 0.5699421874999999 0.73270625 0.5516171875 0.7344828125 0.5478125 0.73598125 0.5478125 0.73744375 0.5494609374999999 0.7496 0.5731765625 0.7581671875 0.6012046875
4 0.7045984375 0.6286625 0.7078375 0.6324671875 0.7102062499999999 0.6329734375 0.71198125 0.6303109375 0.711703125 0.62219375 0.70073125 0.57045 0.69599375 0.492834375 0.693034375 0.49175625 0.6829671875 0.4923265625 0.673215625 0.4966390625 0.669940625 0.49499062499999996 0.6646109375 0.4987953125 0.6601874999999999 0.49556093749999997 0.6545453125 0.497146875 0.6504 0.5014578125 0.6507140625 0.5138874999999999 0.6554515624999999 0.5337984375 0.66255625 0.5559296875 0.6740859375 0.618453125 0.6805984375 0.6362078125 0.6838734375 0.6415984375 0.6892031249999999 0.6469875 0.69599375 0.648065625 0.6888890625 0.6394421875 0.6820968749999999 0.616296875 0.6776390625000001 0.5855421875 0.6776390625000001 0.5742546875000001 0.6788234375 0.5699421874999999 0.6836640625 0.5672796875 0.6853359375 0.5699421874999999 0.697178125 0.6092578125 0.7045984375 0.6286625
3 0.624103125 0.525871875 0.6528390625 0.658465625 0.6578546875 0.6692453125 0.65963125 0.668675 0.6611281250000001 0.6670890625 0.662 0.6611281250000001 0.6581671874999999 0.6190875 0.6531171875 0.5425484375 0.65015625 0.514521875 0.648971875 0.5097015625 0.6466046875 0.50481875 0.6418671875 0.5026640625 0.631209375 0.503740625 0.628840625 0.50913125 0.6270640625 0.510209375 0.6252875 0.51344375 0.624103125 0.5166765625 0.624103125 0.525871875
3 0.5968656250000001 0.5253015624999999 0.5968656250000001 0.5328468749999999 0.6122609375 0.633671875 0.61818125 0.6681671875 0.620271875 0.6703234375 0.6217343750000001 0.6681671875 0.62291875 0.6589734375 0.6244171875 0.618009375 0.6252875 0.5425484375 0.6211421875 0.521559375 0.61818125 0.5156 0.6140375 0.5118578125 0.6060609375 0.5129359375 0.603378125 0.52048125 0.5996515625 0.5209265624999999 0.59805 0.5220671875 0.597178125 0.5226375 0.5968656250000001 0.5253015624999999
1 0.564925 0.52739375 0.570846875 0.568865625 0.5882968749999999 0.65783125 0.597178125 0.68744375 0.6013234375 0.688015625 0.6036921875 0.6869375 0.6048765625 0.6809765624999999 0.6036921875 0.658909375 0.5977703125 0.6055171875 0.593346875 0.51173125 0.5912578125 0.508496875 0.5886109375 0.506340625 0.5709859374999999 0.5040578124999999 0.5672937499999999 0.503678125 0.5643328125 0.5112234375 0.564925 0.52739375
2 0.537721875 0.5132531250000001 0.5473 0.609575 0.5551375000000001 0.6523140625 0.5618953125 0.66525 0.56401875 0.6645531250000001 0.565446875 0.663284375 0.56826875 0.6555484375 0.5693484375 0.6315796875 0.5632875 0.5358906250000001 0.5625921875000001 0.5086875 0.5590390625 0.5054531250000001 0.542703125 0.498921875 0.5398468750000001 0.4983515625 0.5370250000000001 0.4977171875 0.537721875 0.5132531250000001
2 0.5143859375 0.5176921875 0.52504375 0.600696875 0.53009375 0.6227640625 0.533646875 0.6270765625 0.536015625 0.627646875 0.53956875 0.6249203125 0.54134375 0.617375 0.540753125 0.5990484375 0.5330890625 0.5014578125 0.5283171875 0.5009515625 0.514525 0.499809375 0.512921875 0.5009515625 0.5143859375 0.5176921875
2 0.4882625 0.518453125 0.4950546875 0.55783125 0.5024734375000001 0.6262531250000001 0.5086734374999999 0.6343687499999999 0.5113546875 0.6322125 0.5137234375 0.6273296875 0.5155000000000001 0.6138874999999999 0.516684375 0.58478125 0.5128171874999999 0.5157890625 0.51459375 0.5065953125 0.511946875 0.5044390625 0.50839375 0.505009375 0.4920234375 0.5034875000000001 0.4864859375 0.5044390625 0.4882625 0.518453125
2 0.4592125 0.5188328125 0.47460781250000006 0.6067218750000001 0.4793453125 0.6287890625 0.484675 0.6325937500000001 0.48822656249999996 0.6325937500000001 0.49087500000000006 0.6287890625 0.49177968749999995 0.61261875 0.489690625 0.557640625 0.4905953125 0.5097015625 0.490003125 0.505390625 0.48881874999999997 0.503740625 0.4793453125 0.50481875 0.46931406249999996 0.5092578125 0.46419375 0.5112875 0.4594921875 0.51344375 0.4592125 0.5188328125
1 0.4258796875 0.524603125 0.4251828125 0.548509375 0.4251828125 0.624159375 0.4180765625 0.6565000000000001 0.41665 0.6927703125 0.419121875 0.705009375 0.42340625000000004 0.6992390625 0.43228906250000004 0.6766015624999999 0.445071875 0.6370953125 0.4585859375 0.5711484375 0.4646109375 0.52650625 0.46353125000000006 0.5200375 0.46105937499999994 0.5142046875 0.45252499999999996 0.5090671875 0.43479687499999997 0.5092578125 0.42978125 0.5109703125 0.42695937500000003 0.5161703125 0.4258796875 0.524603125
3 0.3954375 0.6203546875 0.39045625 0.687 0.3911875 0.6979703125000001 0.391884375 0.6986046875 0.39474062499999996 0.6947375 0.40717499999999995 0.667596875 0.415325 0.6223203125000001 0.42100312500000003 0.5718453125 0.43026875000000003 0.5304375 0.43026875000000003 0.5259359375 0.4274125 0.5213703125 0.41428125 0.513 0.397909375 0.5162328125 0.39366093750000003 0.5188328125 0.39104843749999996 0.527140625 0.389759375 0.532403125 0.391884375 0.556309375 0.3954375 0.6203546875
3 0.35869062500000004 0.51610625 0.35621718750000003 0.6655046875 0.35869062500000004 0.674571875 0.36224375000000003 0.6765375 0.3657953125 0.6765375 0.36722343749999997 0.6739375 0.36865156250000003 0.6674703125 0.384290625 0.57565 0.392790625 0.541978125 0.395646875 0.519975 0.394565625 0.5142046875 0.3917453125 0.5109703125 0.384290625 0.5109703125 0.38000625 0.5090046874999999 0.3736328125 0.5090046874999999 0.366353125 0.507609375 0.362975 0.5077359375 0.36011875 0.5102734375 0.35869062500000004 0.51610625
4 0.32051562499999997 0.6414718749999999 0.3201328125 0.6479390625 0.32156093750000003 0.6537734375 0.3251125 0.655675 0.33612031249999996 0.6382375 0.34820625 0.5761578125 0.3563921875 0.5450859375 0.363496875 0.52695 0.364925 0.5024093749999999 0.3631484375 0.499809375 0.3549640625 0.4959421875 0.3443046875 0.501078125 0.3372 0.49784375000000003 0.3290140625 0.4959421875 0.3229890625 0.4985421875 0.3173109375 0.503678125 0.305921875 0.5024093749999999 0.3027515625 0.5056437500000001 0.305921875 0.52955 0.303796875 0.5735578125 0.29348593749999996 0.6253015625 0.2853359375 0.6459734375 0.28390781249999997 0.6537734375 0.2853359375 0.656309375 0.2881578125 0.658909375 0.29066562500000004 0.658909375 0.296690625 0.6505390625 0.31020625 0.6188328125 0.32156093750000003 0.58129375 0.324765625 0.576790625 0.32796875000000003 0.5761578125 0.3292234375 0.5772984375 0.329396875 0.57869375 0.3268890625 0.612365625 0.32051562499999997 0.6414718749999999
4 0.2539875 0.6181984375 0.247265625 0.6343687499999999 0.2490421875 0.6369687500000001 0.2650296875 0.617565625 0.27708125 0.579390625 0.2852671875 0.556753125 0.2977015625 0.539315625 0.305503125 0.5257453125 0.308359375 0.506975 0.30693125 0.5017750000000001 0.30090625000000004 0.4966390625 0.295925 0.49467343750000003 0.292371875 0.490171875 0.2845703125 0.48693749999999997 0.278509375 0.48630312499999995 0.27495625 0.479834375 0.26785156250000003 0.47660156249999996 0.2597 0.47850312500000003 0.2547203125 0.48173750000000004 0.2497390625 0.48953749999999996 0.2447578125 0.51084375 0.24120468750000001 0.5405828125000001 0.2202375 0.613696875 0.2202375 0.617565625 0.2237890625 0.618896875 0.22699375000000002 0.617565625 0.251515625 0.5729234375 0.2621734375 0.558084375 0.2636015625 0.558084375 0.26280000000000003 0.5618265625000001 0.2621734375 0.564553125 0.2597 0.585225 0.2539875 0.6181984375
4 0.1915359375 0.5651234374999999 0.18512656249999998 0.5720984375 0.19024687499999998 0.57520625 0.20007031249999999 0.5720984375 0.22521718750000003 0.5348124999999999 0.23416874999999998 0.5201015625000001 0.24270312500000002 0.51001875 0.2495296875 0.4999359375 0.25294374999999997 0.48826875000000003 0.25294374999999997 0.47970781249999994 0.24312031250000002 0.46341093750000006 0.23504062499999998 0.458021875 0.2290484375 0.455675 0.222675 0.44946093749999994 0.21072812500000002 0.4401390625 0.20689687499999998 0.4401390625 0.20306562499999997 0.4424859375 0.1974921875 0.45180781249999996 0.186415625 0.48674687499999997 0.177046875 0.5224484375 0.1672234375 0.551109375 0.1672234375 0.55345625 0.171090625 0.5558015625 0.1774640625 0.5503484375000001 0.19495 0.5301843749999999 0.1991984375 0.5270765625 0.2026125 0.5278375 0.2034140625 0.5294859375 0.20348281250000003 0.533290625 0.1970734375 0.5558015625 0.1915359375 0.5651234374999999
4 0.2273765625 0.31477499999999997 0.2256703125 0.3283453125 0.2217 0.3487 0.22110781249999997 0.35783125 0.221978125 0.36753281250000003 0.2175546875 0.3670265625 0.20867343749999998 0.36322187499999997 0.21340937499999998 0.35516875 0.217240625 0.3325296875 0.21577812500000002 0.2985421875 0.21518593749999998 0.2942296875 0.2128171875 0.291565625 0.21013593749999998 0.29264375 0.20867343749999998 0.29530781250000004 0.2018453125 0.3174375 0.190909375 0.3707671875 0.18645 0.3853515625 0.18645 0.3907421875 0.1882265625 0.39771718749999996 0.19031718749999998 0.40095156249999997 0.1941484375 0.40310781249999994 0.19860625 0.40310781249999994 0.204528125 0.4112234375 0.21428124999999998 0.42092656249999993 0.22079374999999998 0.424159375 0.2288046875 0.41819843749999996 0.2320453125 0.41388749999999996 0.23500468749999998 0.38966406249999996 0.23500468749999998 0.36429999999999996 0.2326359375 0.3427390625 0.23124375000000003 0.3233359375 0.2295375 0.31800937500000004 0.2273765625 0.31477499999999997
4 0.25182812499999996 0.30120468749999996 0.2490078125 0.311540625 0.24580312499999998 0.344515625 0.24082187500000002 0.37818593749999996 0.23479687500000002 0.40469218749999997 0.23514531249999998 0.42796406249999996 0.2376171875 0.438934375 0.24580312499999998 0.44413437499999997 0.2521765625 0.440265625 0.2674671875 0.44800312499999995 0.27600156249999996 0.44413437499999997 0.282375 0.4363984375 0.283803125 0.4208625 0.281678125 0.391121875 0.277778125 0.36131875 0.2710203125 0.3251109375 0.26711874999999996 0.30507343750000004 0.2649953125 0.3038046875 0.2621390625 0.3070390625 0.26321875 0.36651875 0.2660390625 0.38395625 0.2688953125 0.388521875 0.268546875 0.39499062500000004 0.2646109375 0.39365937500000003 0.261059375 0.389790625 0.2529078125 0.389790625 0.2514796875 0.385921875 0.2536046875 0.38072343750000004 0.2564609375 0.3561828125 0.255834375 0.3227640625 0.2561125 0.31604375 0.2557296875 0.3024734375 0.25182812499999996 0.30120468749999996
4 0.30076562500000004 0.33956875000000003 0.296865625 0.3382375 0.29258125 0.338934375 0.2894109375 0.34216875 0.28833125000000004 0.369309375 0.2886796875 0.4081171875 0.28620625 0.42878906250000004 0.2851265625 0.44889062500000004 0.286903125 0.4585921875 0.289759375 0.463728125 0.2936609375 0.4650609375 0.298990625 0.46246093750000006 0.30219375 0.45922656249999994 0.3053984375 0.46309374999999997 0.30856875 0.4643625 0.3185296875 0.46309374999999997 0.3235109375 0.4578953125 0.3323921875 0.45466093750000003 0.335040625 0.4469875 0.33629375 0.4391890625 0.3352140625 0.41261875000000003 0.33026875 0.361571875 0.3263328125 0.3447046875 0.32420781249999997 0.338934375 0.32030625 0.3331015625 0.3146296875 0.3298671875 0.30856875 0.3285359375 0.30362187500000004 0.331134375 0.3032390625 0.333734375 0.30717500000000003 0.3408375 0.31320156250000003 0.36480625 0.3178328125 0.40938437499999997 0.31745 0.417184375 0.3093 0.41521875 0.30289062499999997 0.41071718749999997 0.3018453125 0.4055171875 0.30219375 0.385478125 0.30456249999999996 0.3531390625 0.30431875 0.3473046875 0.3039703125 0.345403125 0.30076562500000004 0.33956875000000003
3 0.346534375 0.3229546875 0.3477875 0.3361453125 0.34608125 0.3570703125 0.3371296875 0.403678125 0.3303375 0.450221875 0.3337515625 0.461065625 0.33883593749999996 0.46499687500000003 0.346534375 0.4657578125 0.3550671875 0.461065625 0.36614375 0.45256875 0.3678515625 0.42847187499999995 0.3652734375 0.4005703125 0.3623125 0.3477484375 0.3554859375 0.3182625 0.354615625 0.3159796875 0.3473703125 0.3175015625 0.346534375 0.3229546875
3 0.379484375 0.3055171875 0.371821875 0.36607500000000004 0.3709515625 0.400190625 0.3632875 0.44908125 0.36370625 0.4599875 0.371821875 0.4739375 0.383315625 0.47159218750000004 0.3905609375 0.4599875 0.4008015625 0.45611875 0.4025078125 0.4258078125 0.39526249999999996 0.33265625 0.38672968750000003 0.3031703125 0.385475 0.302409375 0.3828984375 0.302409375 0.379484375 0.3055171875
1 0.405259375 0.2994296875 0.40383125 0.30202968750000003 0.399234375 0.33950468749999996 0.3953328125 0.411984375 0.394253125 0.45852812500000006 0.3985015625 0.47209843749999997 0.4027859375 0.4792015625 0.4063390625 0.4779328125 0.42514843750000003 0.47533281250000003 0.430128125 0.466265625 0.43155625000000003 0.45466093750000003 0.43155625000000003 0.4281546875 0.4294328125 0.3970828125 0.4287015625 0.3686109375 0.430128125 0.3511734375 0.42978125 0.3459734375 0.42159531250000004 0.3304375 0.4149078125 0.309384375 0.41166875 0.30202968750000003 0.40811562500000004 0.2994296875 0.405259375 0.2994296875
2 0.45555625 0.3313890625 0.4495296875 0.3320234375 0.44527968749999997 0.34819218749999997 0.43744375 0.4064046875 0.43497031249999996 0.4665828125 0.43817500000000004 0.472415625 0.4466734375 0.47691875 0.45875937499999997 0.47951875 0.4648203125 0.47691875 0.46694531250000004 0.47431875 0.467990625 0.41870624999999995 0.46516875 0.399303125 0.46374062499999996 0.346290625 0.46098906250000005 0.3372859375 0.45983906250000006 0.3346234375 0.45771562499999996 0.3320234375 0.45555625 0.3313890625
2 0.4944625 0.323209375 0.4900390625 0.323209375 0.48735625000000005 0.3242859375 0.4849875 0.3285984375 0.48352500000000004 0.3334171875 0.48056406249999994 0.352821875 0.47049843750000003 0.45149062500000003 0.47136875 0.47305 0.47314531249999997 0.4773625 0.478475 0.478440625 0.49327812499999996 0.47786875 0.5018812500000001 0.47520625 0.5098578125000001 0.4681671875 0.513409375 0.456309375 0.5098578125000001 0.42181406250000003 0.5042500000000001 0.37869375 0.5001734375 0.3407734375 0.49919843750000004 0.3355734375 0.4968296875 0.32694999999999996 0.4944625 0.323209375
2 0.5404734375 0.3188328125 0.5376171875 0.3188328125 0.5347609375 0.32206718749999996 0.5322890625000001 0.3285359375 0.5202015624999999 0.386746875 0.5141765625 0.452125 0.5148734375 0.46829375000000006 0.51738125 0.4772984375 0.5507484375 0.47539687500000005 0.5557296875 0.4695625 0.5557296875 0.4501578125 0.5521765624999999 0.3738109375 0.5459421875 0.32777500000000004 0.545071875 0.3240328125 0.5440265625 0.3214328125 0.5404734375 0.3188328125
2 0.5726234375 0.31141406250000003 0.569940625 0.31629687500000003 0.5684781250000001 0.3227640625 0.56224375 0.41921406250000004 0.557228125 0.44889062500000004 0.5584109374999999 0.4720359375 0.5607796875 0.47691875 0.5696625 0.475840625 0.5764546875 0.471528125 0.5809124999999999 0.471528125 0.5862421875 0.46721562499999997 0.5865203125 0.44996875000000003 0.5779515625 0.341090625 0.5776390625000001 0.318959375 0.5785437499999999 0.3092578125 0.57920625 0.3052625 0.5726234375 0.31141406250000003
1 0.599478125 0.2968296875 0.5929640625 0.337221875 0.5882265624999999 0.44286562500000004 0.5903859375 0.459353125 0.596203125 0.46873750000000003 0.609821875 0.47254218750000004 0.614559375 0.47089375 0.62048125 0.449334375 0.6190171875 0.40786249999999996 0.61428125 0.33671562499999996 0.6080453125 0.291946875 0.607175 0.29036093749999997 0.6030296875000001 0.2925171875 0.599478125 0.2968296875
3 0.6189125 0.2877609375 0.6159171875 0.30564375 0.61508125 0.3653765625 0.61508125 0.43601718749999996 0.6180765625 0.44996875000000003 0.621909375 0.4523140625 0.6304421875 0.46239687500000004 0.635528125 0.4639828125 0.6406484375 0.46011406250000003 0.64576875 0.43912500000000004 0.638940625 0.3979703125 0.6351093750000001 0.3172484375 0.6305468750000001 0.2958140625 0.629153125 0.29169375 0.623615625 0.28623906250000003 0.6189125 0.2877609375
3 0.6443046875 0.29346875 0.6453156250000001 0.2974 0.6463593750000001 0.3064046875 0.64576875 0.3209890625 0.6463593750000001 0.3894109375 0.6454890625 0.41097031250000005 0.64576875 0.43741250000000004 0.64754375 0.44438750000000005 0.651096875 0.44977812500000003 0.66353125 0.45466093750000003 0.671821875 0.44438750000000005 0.67300625 0.4331015625 0.660884375 0.3516796875 0.655834375 0.306975 0.6552421875000001 0.305896875 0.6493203125 0.29778125 0.6443046875 0.29346875
4 0.686834375 0.3068484375 0.6840124999999999 0.3094484375 0.682584375 0.3133171875 0.67903125 0.3340515625 0.67690625 0.3825625 0.6729703125000001 0.42073593750000005 0.6729703125000001 0.43367187500000004 0.6740515625 0.44140781249999994 0.68115625 0.451109375 0.68540625 0.451109375 0.6893421875 0.4472421875 0.695715625 0.448509375 0.697840625 0.44400781250000004 0.706721875 0.44660781250000003 0.711703125 0.4433734375 0.71525625 0.42910624999999997 0.7149078125 0.4116671875 0.70888125 0.3922640625 0.7045984375 0.3592890625 0.7039015625 0.324984375 0.706025 0.3062140625 0.70139375 0.3133171875 0.6996171875 0.319784375 0.6982234375 0.327584375 0.6953671875 0.3657578125 0.6932421875 0.3689921875 0.69111875 0.3689921875 0.689690625 0.3663921875 0.6882625 0.3605578125 0.686834375 0.3334171875 0.6902125 0.31477499999999997 0.6903859375 0.3100828125 0.689690625 0.3075453125 0.686834375 0.3068484375
4 0.726471875 0.283703125 0.723196875 0.2966390625 0.7175890625 0.3467984375 0.71313125 0.40285312500000003 0.7149078125 0.41414062500000004 0.7172765625 0.4238421875 0.72055 0.429803125 0.7258796875 0.434115625 0.7323921875 0.43519375 0.746290625 0.4201015625 0.7507484375 0.4201015625 0.752803125 0.41578906250000003 0.7554859375 0.39854218750000003 0.7498437499999999 0.36886562500000003 0.736225 0.28585937499999997 0.73385625 0.279390625 0.7320796875 0.2783125 0.7312093749999999 0.279390625 0.7314875 0.2842734375 0.7397765625 0.37051406249999996 0.7385921875 0.3720984375 0.7326718750000001 0.3720984375 0.730025 0.37698125 0.727934375 0.37698125 0.7270640625 0.3720984375 0.7308953125000001 0.363475 0.727934375 0.31173125 0.7293968750000001 0.2909953125 0.7294328125 0.2842734375 0.72765625 0.281546875 0.726471875 0.283703125
4 0.7624515625 0.291565625 0.75914375 0.3011421875 0.7553124999999999 0.36740625 0.7576796875 0.3927703125 0.760328125 0.4035515625 0.765378125 0.41001875 0.7736671875 0.41001875 0.7760359375 0.40462968750000006 0.7822359375 0.399746875 0.78491875 0.3927703125 0.7887500000000001 0.39327812500000003 0.7932078125 0.3857328125 0.7949843750000001 0.3690546875 0.7908390625 0.3453390625 0.78638125 0.33348125 0.7795890625 0.3259359375 0.77513125 0.31515468750000003 0.7718906249999999 0.2979078125 0.7698015625 0.29143906249999996 0.768025 0.291946875 0.7685828124999999 0.3035515625 0.7736671875 0.3474953125 0.7733546875 0.3577046875 0.7683390625000001 0.358275 0.7659703125 0.35611875 0.766840625 0.35231406249999997 0.7671546874999999 0.33348125 0.7659703125 0.3259359375 0.7647859375 0.31135 0.7651687500000001 0.2939125 0.7650640625 0.29143906249999996 0.7638796875 0.289790625 0.7624515625 0.291565625
