4 0.2464171875 0.6881578125 0.25244062500000003 0.6962375 0.3715921875 0.695646875 0.3835765625 0.69143125 0.386303125 0.68279375 0.38522500000000004 0.67561875 0.38795156249999996 0.6693140625 0.387571875 0.6624875 0.3857953125 0.6576796875 0.3835765625 0.6537796874999999 0.28509843749999997 0.66844375 0.2529484375 0.6777078125 0.2464171875 0.6881578125
3 0.34407031250000003 0.6252171875 0.2801515625 0.632184375 0.22980312500000002 0.63890625 0.22435 0.6438875000000001 0.22346249999999998 0.6513765625 0.22663281249999997 0.6540921875000001 0.239315625 0.655590625 0.32821875 0.6561125 0.37584062500000004 0.6543359375 0.3898546875 0.650853125 0.3908046875 0.645871875 0.3912484375 0.6222218749999999 0.3912484375 0.6212125000000001 0.3894109375 0.6189828125 0.3844640625 0.6189828125 0.3731140625 0.6202375 0.34407031250000003 0.6252171875
3 0.29086875 0.5911187499999999 0.242803125 0.5938343749999999 0.23506718750000002 0.5948453125000001 0.2310078125 0.6020546875 0.234178125 0.6067921875 0.23690625 0.6078015625 0.275903125 0.608778125 0.34121718749999996 0.6127828125 0.3888390625 0.6127828125 0.390678125 0.609021875 0.3947375 0.5888546875 0.3947375 0.586625 0.3924546875 0.5853703125 0.38795156249999996 0.5853703125 0.3566265625 0.5898640625 0.29086875 0.5911187499999999
1 0.2097015625 0.56395 0.21103437500000002 0.5659359375 0.221940625 0.5679203125 0.31851562499999997 0.575409375 0.352125 0.5788921874999999 0.3679765625 0.5791359375 0.3747625 0.580878125 0.39289843750000003 0.5818875 0.40247343750000003 0.5803906249999999 0.41242812500000003 0.5619640625 0.41154062500000005 0.5547203125 0.4105890625 0.55374375 0.3934046875 0.552734375 0.2609390625 0.5549640625000001 0.21103437500000002 0.55896875 0.2097015625 0.56395
2 0.23506718750000002 0.5270640625 0.23779374999999997 0.530825 0.2450859375 0.5340640624999999 0.3085609375 0.5407875 0.3548515625 0.543015625 0.3761578125 0.5477531250000001 0.38839531250000003 0.5497390625 0.4038046875 0.5507484375 0.40741875 0.5447578125 0.4112875 0.5312781249999999 0.411984375 0.529396875 0.41426718749999997 0.523825 0.370703125 0.5260890625 0.23779374999999997 0.5258453125 0.23506718750000002 0.5270640625
2 0.2657578125 0.5051546874999999 0.267659375 0.5078375 0.276346875 0.5097171875 0.3700703125 0.5149078125 0.3904875 0.51738125 0.41014531249999997 0.519053125 0.41274531249999996 0.5138625 0.4148390625 0.500696875 0.41502812499999997 0.49662187500000005 0.41502812499999997 0.4955765625 0.3477484375 0.49829375000000004 0.2672796875 0.4985015625 0.2657578125 0.5051546874999999
2 0.2528859375 0.469975 0.2494609375 0.4726921875 0.2494609375 0.474746875 0.255865625 0.47662812499999996 0.3072921875 0.48349062500000006 0.3617 0.4888890625 0.4164875 0.495715625 0.4146484375 0.477325 0.41426718749999997 0.473703125 0.4146484375 0.4708109375 0.3552953125 0.4724828125 0.29632187499999996 0.47039375000000005 0.2528859375 0.469975
2 0.263284375 0.4428078125 0.2644265625 0.44862343750000006 0.27044999999999997 0.451096875 0.32530156250000003 0.45419687499999994 0.37178125 0.4550328125 0.40310781249999994 0.4585859375 0.4178828125 0.457959375 0.4148390625 0.43904531249999995 0.408053125 0.43221875 0.40653125 0.4309640625 0.399746875 0.4303375 0.358528125 0.43678125 0.269371875 0.44029999999999997 0.263284375 0.4428078125
1 0.23291093749999997 0.4132015625 0.22656874999999999 0.41619687499999997 0.22568125 0.42142187499999995 0.22840781250000003 0.4246609375 0.23747656250000002 0.42615781249999996 0.3499046875 0.4274125 0.3644265625 0.4256703125 0.41071718749999997 0.42243125 0.41255625 0.41769375000000003 0.409321875 0.40247343750000003 0.40754531250000003 0.4012546875 0.4016484375 0.399234375 0.3894109375 0.399234375 0.30913124999999997 0.40546875 0.23291093749999997 0.4132015625
3 0.3209265625 0.3755828125 0.3018390625 0.37756875 0.24609999999999999 0.3805640625 0.23335468750000002 0.38255 0.2320234375 0.3865546875 0.23430625 0.388784375 0.24832031250000003 0.3922671875 0.3064046875 0.394253125 0.40120468750000005 0.394775 0.396765625 0.3754796875 0.39435625 0.371334375 0.3911859375 0.3680953125 0.387571875 0.3676078125 0.3689921875 0.36837343749999996 0.3209265625 0.3755828125
3 0.24159843749999999 0.342459375 0.22473125 0.3481359375 0.22041875000000002 0.3529078125 0.22041875000000002 0.3583078125 0.22530156250000002 0.3618953125 0.23018437500000002 0.363671875 0.2590359375 0.3642640625 0.3885859375 0.36398437499999997 0.3836390625 0.34005625 0.38313281250000003 0.3394640625 0.3820546875 0.337653125 0.374953125 0.3361546875 0.25960625 0.338871875 0.24159843749999999 0.342459375
4 0.4836390625 0.2361890625 0.45554843749999996 0.2268546875 0.4470515625 0.2268546875 0.4418515625 0.2275859375 0.437221875 0.23009374999999999 0.437221875 0.2354921875 0.4248578125 0.2483796875 0.4228921875 0.2545109375 0.4228921875 0.261303125 0.4274578125 0.26920937500000003 0.4320234375 0.274225 0.45098281250000005 0.2753046875 0.49733593750000005 0.272796875 0.539821875 0.272796875 0.5992390624999999 0.25987499999999997 0.6038046875 0.258446875 0.6044390625 0.2566359375 0.5933421875 0.2562875 0.541090625 0.2580984375 0.5286625 0.25701874999999996 0.52739375 0.2562875 0.528028125 0.254128125 0.533290625 0.2530484375 0.5889656249999999 0.2513765625 0.5933421875 0.251271875 0.6024734375 0.2509234375 0.5985421875 0.2483796875 0.576346875 0.24517656250000003 0.4836390625 0.2361890625
4 0.5285359374999999 0.30431875 0.5133171875 0.3022296875 0.506784375 0.29951249999999996 0.5062140625 0.29655156250000003 0.5116671875 0.29414843749999997 0.5590359375 0.293834375 0.5611921875 0.29264999999999997 0.5611921875 0.2905609375 0.5546609375 0.2857890625 0.55085625 0.2845703125 0.43874375 0.2753046875 0.42675937499999994 0.2786140625 0.41972031249999997 0.28488281249999997 0.41972031249999997 0.2905609375 0.41591562499999996 0.301915625 0.41750156250000003 0.31358437499999997 0.42187656249999994 0.3222578125 0.43056406249999996 0.324625 0.5528859374999999 0.316265625 0.558465625 0.3156734375 0.5611921875 0.31508125 0.560684375 0.3096828125 0.5525046875 0.30581718750000003 0.5285359374999999 0.30431875
3 0.5573234375 0.3239984375 0.495625 0.3309640625 0.4757140625 0.33173125 0.4298671875 0.3304765625 0.42669687500000003 0.33221875 0.4248578125 0.33820937500000003 0.426253125 0.3459078125 0.43215000000000003 0.3563921875 0.44394375 0.359875 0.4561828125 0.3593875 0.48928281250000005 0.353884375 0.5147109375000001 0.3464296875 0.5495875 0.338696875 0.6008875 0.331209375 0.60221875 0.32998906250000004 0.6026640624999999 0.327725 0.595434375 0.3220125 0.5822453125 0.32176875 0.5573234375 0.3239984375
3 0.58129375 0.361859375 0.5726703125 0.36060625 0.5526953125 0.36036250000000003 0.4629046875 0.3648546875 0.4433734375 0.3688265625 0.438428125 0.373075 0.43887187499999997 0.3817828125 0.440646875 0.3882625 0.44749531249999996 0.3967265625 0.461065625 0.3967265625 0.5831953125 0.377325 0.59169375 0.37481718750000004 0.5925812500000001 0.370846875 0.5908046875 0.3676078125 0.5866828125 0.36384531249999996 0.58129375 0.361859375
1 0.564553125 0.39780625000000003 0.5123015625 0.3969 0.4497140625 0.399303125 0.4453390625 0.405259375 0.445909375 0.4154296875 0.4518703125 0.42859687500000004 0.45897343749999997 0.43277656249999996 0.4801515625 0.4315921875 0.5182625 0.42410312499999997 0.63690625 0.40348281249999995 0.639125 0.4022984375 0.639125 0.3963078125 0.63475 0.394496875 0.62656875 0.394496875 0.564553125 0.39780625000000003
2 0.6303734375000001 0.4291890625 0.62656875 0.4291890625 0.6102734375 0.4315921875 0.5591 0.43636406250000004 0.5079265625 0.43726875 0.45351875 0.43636406250000004 0.44749531249999996 0.44744062500000004 0.4518703125 0.46565625 0.4660109375 0.46565625 0.523715625 0.45938749999999995 0.5700062499999999 0.45189843749999997 0.6325937500000001 0.4387671875 0.6352562500000001 0.43814062500000006 0.63690625 0.43577187500000003 0.63690625 0.43277656249999996 0.6352562500000001 0.43127812499999996 0.6303734375000001 0.4291890625
2 0.605896875 0.4767328125 0.5623328125 0.47074218749999996 0.469815625 0.4695578125 0.4469875 0.4710546875 0.4442609375 0.47941406249999996 0.4431828125 0.4970390625 0.4464171875 0.5066171875000001 0.47634687500000006 0.5075234375 0.49651249999999997 0.5042140625 0.508496875 0.5042140625 0.5552953125 0.4982578125 0.6031703125 0.48808749999999995 0.60481875 0.4874953125 0.61350625 0.48477812499999995 0.614078125 0.48241093749999997 0.612428125 0.479728125 0.605896875 0.4767328125
2 0.5952437500000001 0.5359109375 0.5451484375 0.5245562500000001 0.47165468749999995 0.5113890624999999 0.4455296875 0.5096140625000001 0.44286562500000004 0.51738125 0.4433734375 0.5383140625 0.44667031250000006 0.5502609374999999 0.4629671875 0.5508531249999999 0.49289843749999995 0.5460812500000001 0.5522515625 0.5526640625 0.6072296875000001 0.55391875 0.6185796875 0.55343125 0.630628125 0.5508531249999999 0.6197203124999999 0.544896875 0.6083062499999999 0.5398125 0.5952437500000001 0.5359109375
2 0.4956875 0.55896875 0.45034843750000003 0.5535 0.445846875 0.557471875 0.44039375 0.5719265625000001 0.44312031249999995 0.5793796875 0.44489531250000003 0.5814 0.453075 0.58261875 0.5057078125000001 0.5843609375 0.542865625 0.5848828125 0.6024093749999999 0.5876 0.615471875 0.588121875 0.6213703125000001 0.58735625 0.6013953125 0.5788921874999999 0.5555484374999999 0.569175 0.4956875 0.55896875
1 0.454534375 0.5841859375 0.4418515625 0.585440625 0.4318953125 0.5996515625 0.434115625 0.613096875 0.44140781249999994 0.6160921874999999 0.4899171875 0.6171015625 0.5774250000000001 0.61720625 0.5911859374999999 0.616475 0.6083062499999999 0.61508125 0.587 0.6068625 0.4835765625 0.5866953125000001 0.454534375 0.5841859375
3 0.4497140625 0.6189484375000001 0.435003125 0.62194375 0.42790156250000005 0.6323921875 0.4290421875 0.638384375 0.4366515625 0.64225 0.4605578125 0.6440609375 0.5651875000000001 0.6411359375 0.575396875 0.639846875 0.59175625 0.6344828125 0.5721625 0.63058125 0.47742500000000004 0.6183562499999999 0.4497140625 0.6189484375000001
3 0.5553578124999999 0.6630796875 0.45611875 0.6501921875 0.43779375 0.6491125 0.433228125 0.6512359375 0.4273296875 0.661303125 0.429296875 0.672065625 0.43455937499999997 0.6752703125 0.561128125 0.677290625 0.5717187499999999 0.6778125 0.576284375 0.67635 0.576284375 0.6706375 0.5729859375 0.668478125 0.5553578124999999 0.6630796875
4 0.5492703125 0.6966218750000001 0.522575 0.693034375 0.5187703124999999 0.69185 0.5166140625 0.6900390625 0.521496875 0.68735625 0.5596062500000001 0.6891671875000001 0.560178125 0.6882625 0.5579578125 0.6843609374999999 0.5492703125 0.6798671875 0.44749531249999996 0.66583125 0.4355109375 0.66614375 0.42955 0.6703234375 0.42682343749999996 0.679275 0.4257453125 0.69780625 0.42955 0.700521875 0.5554218750000001 0.706025 0.5617625 0.7062 0.5623328125 0.70498125 0.560178125 0.7008015624999999 0.5579578125 0.699025 0.5492703125 0.6966218750000001
4 0.5283453125 0.708359375 0.478440625 0.7011140625000001 0.436715625 0.6973874999999999 0.42853593749999996 0.6983625 0.42675937499999994 0.7003828125 0.4249203125 0.708359375 0.4258078125 0.7275171874999999 0.42175 0.7335078125 0.4178828125 0.7438171875 0.4237796875 0.7490421875 0.43735 0.751271875 0.4970203125 0.747196875 0.5260625 0.74845 0.5551046875 0.7506796875 0.5573875 0.7492156249999999 0.55783125 0.747196875 0.5555484374999999 0.74395625 0.52695 0.7332640625 0.51610625 0.726784375 0.5156625 0.7248 0.51655 0.7237890625000001 0.5228921875 0.7245203124999999 0.5523781249999999 0.731 0.5551046875 0.73075625 0.55783125 0.7282828125 0.55783125 0.72128125 0.5414718749999999 0.7123296875 0.5283453125 0.708359375
4 0.2162328125 0.28021562499999997 0.287128125 0.2872515625 0.31965781249999997 0.2942875 0.348446875 0.296621875 0.37672812499999997 0.2963078125 0.38313281250000003 0.290178125 0.3847171875 0.277290625 0.3937859375 0.2649953125 0.38313281250000003 0.25677500000000003 0.3457828125 0.2585515625 0.32289218750000004 0.2638109375 0.3218140625 0.26408906249999997 0.2162328125 0.267015625 0.20659531250000002 0.2719953125 0.20659531250000002 0.27756875000000003 0.2162328125 0.28021562499999997
4 0.34521250000000003 0.33612031249999996 0.3713375 0.33434375 0.3825625 0.3314171875 0.37989843749999996 0.32058593750000003 0.37989843749999996 0.3027171875 0.3740015625 0.298328125 0.34039375 0.297421875 0.31800937500000004 0.29888593750000003 0.31585312499999996 0.29919843749999997 0.31585312499999996 0.3065140625 0.3185796875 0.3287703125 0.3233359375 0.33462187499999996 0.34521250000000003 0.33612031249999996
