4 0.40944843750000004 0.7544765625000001 0.4498421875 0.748240625 0.4566265625 0.7454890625 0.4557390625 0.7427374999999999 0.43487656250000006 0.7115984375 0.4303109375 0.707628125 0.4258078125 0.7066171875 0.417184375 0.707871875 0.404946875 0.7115984375 0.3913125 0.7198187500000001 0.37501562499999996 0.72455625 0.3591625 0.73155625 0.34736875 0.7400203125 0.3278375 0.7494953125 0.3233359375 0.7527 0.322828125 0.7562171875 0.3246671875 0.758446875 0.3296765625 0.7597 0.3355734375 0.759178125 0.34781249999999997 0.752978125 0.36823125 0.7457328125 0.375903125 0.7444796874999999 0.37729843750000003 0.7447578125 0.3777421875 0.7464999999999999 0.3768546875 0.747475 0.33779375 0.7629390625 0.3278375 0.7679203125 0.3383 0.7681640625 0.40944843750000004 0.7544765625000001
4 0.325428125 0.7337171875 0.3303734375 0.734309375 0.3488265625 0.7265406249999999 0.39784375 0.708603125 0.433228125 0.7032046875 0.43373437499999995 0.6966218750000001 0.42992968749999994 0.6897593750000001 0.43430625 0.6819921875 0.43100781250000003 0.6748171875 0.42504687499999994 0.66614375 0.4223203125 0.6640546875 0.4103359375 0.6652390625 0.36734374999999997 0.6735984375 0.3379828125 0.687078125 0.3205453125 0.693034375 0.299303125 0.702890625 0.281928125 0.713375 0.27431875 0.7187390625 0.268865625 0.7277250000000001 0.2857328125 0.722640625 0.314584375 0.7115640625 0.3483203125 0.6996171875 0.3532015625 0.6984328125 0.3559296875 0.700209375 0.3559296875 0.7022984375 0.3547875 0.7031 0.3532015625 0.704109375 0.327646875 0.7199578125 0.321115625 0.7265406249999999 0.32219375 0.7315921875 0.325428125 0.7337171875
4 0.2581484375 0.6650640625 0.261953125 0.6722390625 0.426315625 0.667746875 0.42853593749999996 0.6665625000000001 0.430690625 0.6602921875 0.42910624999999997 0.6482765625 0.4264421875 0.6446531249999999 0.40456562500000004 0.6447234374999999 0.2842734375 0.6531171875 0.261953125 0.657575 0.2581484375 0.6650640625
3 0.2703875 0.6288750000000001 0.271528125 0.6309640625 0.2774890625 0.63605 0.314521875 0.6396375 0.42828125000000006 0.6425984375 0.4320859375 0.63841875 0.435003125 0.628909375 0.43424218750000004 0.6225703125 0.42948593749999997 0.617240625 0.3264421875 0.6198890625 0.2807859375 0.62438125 0.2703875 0.6288750000000001
3 0.3285359375 0.5941484375 0.2790734375 0.59240625 0.27406406250000004 0.59616875 0.2731765625 0.5981546875 0.275903125 0.6008703125 0.28585937499999997 0.6043890625 0.3253640625 0.6096140625 0.38795156249999996 0.613096875 0.4142046875 0.6160921874999999 0.42511093750000006 0.6158484375 0.43145156250000005 0.6135843750000001 0.43735 0.608115625 0.44191562500000003 0.6008703125 0.44191562500000003 0.5971437500000001 0.43735 0.590178125 0.43601718749999996 0.5886796875 0.43284687499999996 0.5871828125 0.42828125000000006 0.5871828125 0.36119218750000004 0.59265 0.3285359375 0.5941484375
1 0.273746875 0.5731453125 0.2905515625 0.577603125 0.3381734375 0.5818531250000001 0.3912484375 0.5848484375 0.41344375 0.5855796875 0.43703281250000003 0.5838390625 0.4497140625 0.5748875 0.45060312500000005 0.5711593749999999 0.44996875000000003 0.5645078125 0.4488265625 0.5611640625 0.44743125 0.5604312499999999 0.41388749999999996 0.5576796875000001 0.300253125 0.5626953125 0.273746875 0.5731453125
2 0.4254921875 0.5304765625 0.41008281249999995 0.5334375 0.360178125 0.5359453125 0.2985421875 0.5372 0.2840203125 0.5351796875 0.2899171875 0.5394281249999999 0.31439374999999997 0.5456640625 0.3483828125 0.549878125 0.399175 0.5508875 0.413696875 0.553640625 0.44679843750000003 0.5561125 0.44952500000000006 0.5551375000000001 0.45091875000000003 0.553884375 0.45047499999999996 0.5474046875 0.44825625 0.5414140625 0.44679843750000003 0.5376875 0.445909375 0.5351796875 0.4427390625 0.53295 0.43367187500000004 0.5304765625 0.4254921875 0.5304765625
2 0.3975265625 0.5120515625000001 0.3036140625 0.5163015625 0.3027265625 0.5173109375 0.3031703125 0.519296875 0.3081796875 0.5225359375 0.328090625 0.52553125 0.3716546875 0.52553125 0.40659531250000003 0.5262625 0.4274578125 0.5287703125000001 0.44464218750000006 0.5280046875 0.44343750000000004 0.513096875 0.44286562500000004 0.509578125 0.4410265625 0.50735 0.43741250000000004 0.5070703125 0.420165625 0.5083249999999999 0.3975265625 0.5120515625000001
2 0.3024734375 0.4905953125 0.30475625 0.4941140625 0.3124921875 0.49460156250000004 0.3437546875 0.498571875 0.4331015625 0.5055734375000001 0.43944218749999997 0.5045625 0.44172500000000003 0.502578125 0.4444515625 0.498084375 0.44565625000000003 0.49177968749999995 0.446734375 0.48686875 0.44781250000000006 0.4830375 0.311096875 0.4871125 0.30564375 0.4883671875 0.3024734375 0.4905953125
2 0.29847812500000004 0.46374062499999996 0.29258125 0.46523906249999997 0.2911859375 0.46945312499999997 0.29346875 0.4714390625 0.300253125 0.473703125 0.319784375 0.474921875 0.40456562500000004 0.47669843749999996 0.4222578125 0.48018124999999995 0.43994999999999995 0.4821671875 0.445846875 0.4834203125 0.450221875 0.47074218749999996 0.4504125 0.4628 0.45085625 0.45750624999999995 0.3991125 0.4607453125 0.3238421875 0.4614765625 0.29847812500000004 0.46374062499999996
1 0.33880781249999997 0.42744687499999995 0.29258125 0.433925 0.28211718750000003 0.43793125 0.287571875 0.4419015625 0.3052625 0.44963437500000003 0.36740625 0.454371875 0.415471875 0.4561125 0.4472421875 0.4531171875 0.45085625 0.45162031249999995 0.4544703125 0.4483796875 0.4549140625 0.44489687499999997 0.4507921875 0.43577187500000003 0.4476859375 0.43242812500000005 0.43861718749999995 0.427203125 0.431325 0.4257046875 0.39866875 0.42594843750000005 0.33880781249999997 0.42744687499999995
3 0.3772359375 0.3953328125 0.320609375 0.39682968750000003 0.2879515625 0.39592499999999997 0.27869375 0.399234375 0.2738109375 0.402821875 0.2748890625 0.40578125 0.2792640625 0.408778125 0.318453125 0.41626562500000003 0.4044390625 0.4225359375 0.42568124999999996 0.4270296875 0.43925156249999997 0.4270296875 0.44147187499999996 0.42521718750000004 0.44147187499999996 0.4216296875 0.436271875 0.40961406250000004 0.433290625 0.40431875 0.428028125 0.39697031250000003 0.42187656249999994 0.39592499999999997 0.413696875 0.395646875 0.3772359375 0.3953328125
3 0.3418515625 0.36436718749999997 0.326125 0.3619640625 0.2760296875 0.36586562499999997 0.2760296875 0.3676421875 0.28959999999999997 0.3808078125 0.37780625 0.38589375000000004 0.42948593749999997 0.39185 0.433290625 0.390665625 0.4349390625 0.388575 0.4355109375 0.3849875 0.4344328125 0.379903125 0.43170624999999996 0.3760015625 0.427140625 0.36924375 0.4229546875 0.364646875 0.41864375000000004 0.36165156249999997 0.41261875000000003 0.3607796875 0.3418515625 0.36436718749999997
4 0.3181359375 0.32208281250000004 0.29955625 0.3227796875 0.289790625 0.326228125 0.285034375 0.331696875 0.287634375 0.3370953125 0.30133125 0.3464296875 0.403234375 0.35646093749999996 0.42479374999999997 0.35646093749999996 0.4205453125 0.34622031249999996 0.418896875 0.34103125 0.4156625 0.3299203125 0.413696875 0.3277609375 0.387128125 0.3253921875 0.3181359375 0.32208281250000004
4 0.29606875 0.25255937500000003 0.2899171875 0.258725 0.2870640625 0.26628281249999997 0.2908046875 0.27314531249999996 0.3273296875 0.2939046875 0.36772343749999997 0.30888125 0.386746875 0.31981875 0.3935953125 0.32480000000000003 0.4026640625 0.3280390625 0.4149015625 0.3292921875 0.428028125 0.32480000000000003 0.4366515625 0.3048765625 0.438934375 0.2926859375 0.4366515625 0.2839421875 0.4330375 0.28094687500000004 0.42124218750000003 0.2779875 0.406721875 0.2772203125 0.38313281250000003 0.2700109375 0.3418515625 0.2550671875 0.3146484375 0.24434062499999998 0.31103437500000003 0.24434062499999998 0.30741874999999996 0.2470921875 0.31103437500000003 0.258028125 0.3740640625 0.28645 0.37634687499999997 0.28843593749999996 0.37634687499999997 0.289690625 0.3710203125 0.290178125 0.3668359375 0.28993437499999997 0.33735 0.279971875 0.30741874999999996 0.2650296875 0.29784375 0.256809375 0.29606875 0.25255937500000003
4 0.356753125 0.2186 0.35586562499999996 0.2263328125 0.378059375 0.24949531249999998 0.40887812500000004 0.2676765625 0.429740625 0.282375 0.43519375 0.2836296875 0.440646875 0.2838734375 0.44565625000000003 0.2781609375 0.46651875 0.2629390625 0.47691875 0.25099218749999996 0.47786875 0.2447578125 0.47647500000000004 0.243015625 0.4669625 0.23953281249999997 0.4442609375 0.2330546875 0.4229546875 0.224834375 0.3948640625 0.20815 0.39258125 0.207384375 0.3862390625 0.20689687499999998 0.38122968749999997 0.20815 0.3821171875 0.21114531250000002 0.39258125 0.223825 0.40887812500000004 0.2373046875 0.40754531250000003 0.23779218750000003 0.388965625 0.2330546875 0.371275 0.22110781249999997 0.365821875 0.21410625 0.356753125 0.2186
4 0.6066578125000001 0.24705625000000003 0.5260625 0.25155 0.5026640625 0.2521421875 0.4994296875 0.25423125 0.4912484375 0.264715625 0.48148437499999996 0.2700796875 0.47387499999999994 0.27725468750000004 0.47495312500000003 0.2826546875 0.48040625 0.2874265625 0.4923265625 0.28833125000000004 0.52175 0.285021875 0.57178125 0.2838390625 0.626759375 0.274259375 0.6262531250000001 0.270671875 0.620228125 0.268303125 0.6109703125 0.268303125 0.5516796875 0.271890625 0.5418515625 0.2694875 0.54134375 0.26649218750000003 0.5424218749999999 0.26589999999999997 0.555484375 0.264715625 0.6012046875 0.2576796875 0.6094484375 0.2564609375 0.6147750000000001 0.2551375 0.6164234375000001 0.2500515625 0.6147750000000001 0.2479625 0.6066578125000001 0.24705625000000003
4 0.5853515625 0.287565625 0.549525 0.2910484375 0.511921875 0.2970390625 0.499175 0.2970390625 0.472415625 0.29355625 0.46702656249999996 0.2952984375 0.46474374999999996 0.30100937499999997 0.46474374999999996 0.3070015625 0.46651875 0.31149375 0.45973437500000003 0.3184609375 0.460621875 0.327934375 0.470640625 0.3314171875 0.52910625 0.3308953125 0.5572609374999999 0.3299203125 0.5781234375000001 0.3251828125 0.5926437499999999 0.3197140625 0.6048828125 0.3142109375 0.6084968749999999 0.31048437500000003 0.6039953125 0.3087421875 0.5794546875 0.3094734375 0.524603125 0.3094734375 0.5922 0.294775 0.5944203124999999 0.2942875 0.597590625 0.29355625 0.597590625 0.292546875 0.5939765625 0.288540625 0.5853515625 0.287565625
3 0.468040625 0.3349703125 0.4642359375 0.3409609375 0.4674703125 0.3505046875 0.48218125 0.3690703125 0.5279015625000001 0.3654828125 0.5888390625000001 0.3583078125 0.6199109375 0.34754375 0.62739375 0.3415890625 0.62910625 0.3382796875 0.62910625 0.3334734375 0.554596875 0.337653125 0.5186437500000001 0.3370609375 0.468040625 0.3349703125
3 0.6320234375 0.3762109375 0.6107796875 0.37175156249999997 0.56125625 0.36903593749999997 0.5079265625 0.37143906250000003 0.47742500000000004 0.3738421875 0.4720359375 0.3768375 0.46873750000000003 0.380425 0.46930937500000003 0.3881921875 0.47742500000000004 0.3941484375 0.49759062500000006 0.40254218750000004 0.5411546875 0.39773593749999997 0.6228921875 0.3962734375 0.6326562499999999 0.394009375 0.6385546875 0.3890984375 0.6385546875 0.3819234375 0.6374765625000001 0.37861406249999996 0.6320234375 0.3762109375
1 0.61344375 0.4018453125 0.5431828125 0.40107968749999995 0.4822453125 0.40139375 0.47190937499999996 0.4046671875 0.47025937500000003 0.40975312500000005 0.4757140625 0.42438125 0.4827515625 0.4330546875 0.4974640625 0.43277656249999996 0.5225109375 0.42859687500000004 0.60741875 0.4187046875 0.6264421875 0.412434375 0.6421046875 0.4055375 0.64825625 0.40285624999999997 0.6504125000000001 0.4019859375 0.6504125000000001 0.4001734375 0.6446421875 0.399790625 0.61344375 0.4018453125
2 0.6348125 0.447475 0.6067218750000001 0.4454890625 0.5618265625000001 0.4397421875 0.5150921875 0.43524843750000003 0.491946875 0.43127812499999996 0.47742500000000004 0.430025 0.47108437500000006 0.4507140625 0.4746984375 0.45767968750000004 0.48287812499999994 0.45917812500000005 0.5350671874999999 0.458203125 0.6084968749999999 0.46043124999999996 0.6346234374999999 0.45597343749999997 0.6375390624999999 0.45520781250000003 0.639821875 0.4531875 0.640265625 0.44994843749999996 0.639378125 0.44820625 0.6348125 0.447475
2 0.5266328125 0.46576093749999997 0.509384375 0.46300937500000006 0.472225 0.46151093750000005 0.46677187499999995 0.467990625 0.4640453125 0.47795156250000004 0.46448906250000005 0.48443125 0.47083125 0.495646875 0.4781234375 0.4991296875 0.49486406250000003 0.4983984375 0.52435 0.4943921875 0.5379828125 0.4946703125 0.5755859375 0.49240625 0.61870625 0.4888890625 0.624159375 0.4867296875 0.6268859375 0.4826890625 0.625046875 0.47823125 0.61959375 0.47596718750000006 0.5266328125 0.46576093749999997
2 0.6359546875000001 0.51818125 0.5316421874999999 0.5076984375 0.50304375 0.5027171874999999 0.48490781250000003 0.5029609374999999 0.4681671875 0.5044578125 0.46448906250000005 0.5159171875 0.465440625 0.5316265625 0.46994218749999994 0.540578125 0.4953078125 0.5421453125 0.53525625 0.5385921875 0.5729234375 0.5378609375 0.592390625 0.5361203125 0.6223203125000001 0.5323578125 0.6386171875 0.526784375 0.6422953125 0.5253921874999999 0.6431828125 0.5246609375 0.6431828125 0.522640625 0.6418515625000001 0.5201671875 0.6359546875000001 0.51818125
2 0.61915 0.54364375 0.5738109375 0.5441312500000001 0.527584375 0.5468828125 0.5103359375000001 0.545384375 0.4899171875 0.5446187499999999 0.4740640625 0.5448625 0.47178125 0.5508531249999999 0.47089375 0.5595609375 0.4740640625 0.568059375 0.48218125 0.5695234375 0.508496875 0.568790625 0.5801515625 0.5588296875000001 0.6305015625 0.5528390625 0.6327843750000001 0.5518640625 0.634178125 0.550365625 0.633671875 0.5473703125 0.6318953125 0.545871875 0.61915 0.54364375
1 0.6248578124999999 0.590246875 0.6014578125 0.5851625 0.5230812499999999 0.575896875 0.5072921874999999 0.5729015625 0.490425 0.5731796874999999 0.480659375 0.5746781249999999 0.4757765625 0.5791703125 0.47685468750000004 0.5881578125 0.48230781250000004 0.5956109374999999 0.5046296875 0.5971093749999999 0.54216875 0.5968296875 0.584084375 0.5977015625 0.61433125 0.5993375000000001 0.6227015625 0.599790625 0.6313890625 0.5995125 0.634115625 0.5977015625 0.634115625 0.5944265625 0.6248578124999999 0.590246875
3 0.6050093750000001 0.6091609375 0.5355109375 0.59878125 0.4914390625 0.5964125 0.483259375 0.5993734374999999 0.472415625 0.617625 0.47514218750000003 0.6212125000000001 0.4805328125 0.6251125 0.5202921875000001 0.6265765625 0.548065625 0.633159375 0.5883328125 0.631975 0.6035515625000001 0.6352484375 0.6163609375 0.633228125 0.6253640625 0.6322890625 0.6471140625 0.6316609375 0.64654375 0.6257046875000001 0.6395046875 0.621525 0.6050093750000001 0.6091609375
3 0.592834375 0.6493203125 0.5487640625 0.6394640625 0.5079906249999999 0.6313828125 0.48186406249999997 0.6277953125 0.475840625 0.629571875 0.4720359375 0.6337515625 0.4709578125 0.64723125 0.475840625 0.655590625 0.509575 0.6564953124999999 0.5395046875 0.6579937499999999 0.5797718749999999 0.6678515625 0.618453125 0.673215625 0.6211796875 0.673528125 0.62390625 0.67234375 0.62390625 0.669940625 0.618453125 0.6642640625 0.592834375 0.6493203125
4 0.594103125 0.6918140625 0.5467984375 0.687634375 0.5396953124999999 0.6846390625 0.5396953124999999 0.681365625 0.5407734375000001 0.68018125 0.5440703124999999 0.68018125 0.594103125 0.68645 0.6050093750000001 0.684046875 0.6050093750000001 0.6819578125 0.600634375 0.677778125 0.593025 0.6747828124999999 0.4934046875 0.65775 0.47438125 0.6574359375000001 0.46785 0.66043125 0.464553125 0.6664234375 0.46569374999999996 0.6783703125 0.464553125 0.689446875 0.47000624999999996 0.69421875 0.48909375 0.6963078125 0.596765625 0.7013578125000001 0.6077359375 0.7019859375 0.609384375 0.7008015624999999 0.609384375 0.6974921875 0.600634375 0.693034375 0.594103125 0.6918140625
4 0.5914390625 0.7116687500000001 0.563665625 0.7086375 0.5310078125000001 0.7077671875 0.5098281250000001 0.7059562500000001 0.47336718749999995 0.69550625 0.46569374999999996 0.6972828125 0.46518750000000003 0.7017765625 0.466265625 0.7170328125000001 0.46410937499999994 0.732253125 0.47387499999999994 0.7421453125 0.48478125 0.7427374999999999 0.5168671875 0.7397421875 0.5479390625 0.7433296875 0.5887125 0.7445140625 0.5974640625000001 0.7427374999999999 0.6001265625000001 0.7406484375 0.6001265625000001 0.7370609375 0.5968921875000001 0.7349703125 0.5892828125 0.73465625 0.5783765625 0.733159375 0.5598609375 0.729571875 0.5560562499999999 0.7257046875000001 0.563665625 0.722709375 0.5718453125 0.7229890625000001 0.5965125 0.7270640625 0.6031078125 0.7270640625 0.608878125 0.7265765625 0.60995625 0.7218046874999999 0.6066578125000001 0.7173109375 0.5914390625 0.7116687500000001
4 0.5452765625 0.748415625 0.5085609375 0.749146875 0.48998125000000003 0.748415625 0.475015625 0.7506437499999999 0.4718453125 0.7529078124999999 0.47089375 0.755625 0.46727968750000004 0.7586203125 0.462778125 0.76060625 0.45821249999999997 0.765865625 0.45821249999999997 0.7735624999999999 0.46683593749999996 0.7788234375 0.47951875 0.7812953125 0.497209375 0.7808078125 0.5203546875 0.77756875 0.587 0.7733187499999999 0.6051359374999999 0.766840625 0.6042484375 0.76534375 0.5983515625 0.7623828125000001 0.591121875 0.7623828125000001 0.5362078125 0.766840625 0.5416609375 0.7631140624999999 0.5507296875 0.76060625 0.589346875 0.7572281249999999 0.5942921875 0.7561484375 0.5979078125 0.7551375 0.5960687499999999 0.7541625 0.58478125 0.7516546875000001 0.5452765625 0.748415625
