4 0.24831093750000002 0.509321875 0.2516203125 0.45218749999999996 0.25653125 0.41642343750000005 0.2571234375 0.3683578125 0.2522125 0.35269531249999997 0.24608124999999997 0.3616359375 0.24238906249999997 0.390678125 0.241796875 0.390678125 0.22521718750000003 0.44654375 0.2208984375 0.4577671875 0.21539531250000002 0.46448906250000005 0.2098578125 0.47786875 0.20825468749999998 0.4879515625 0.20801562499999998 0.49461875 0.21170312500000002 0.5024734375000001 0.21783281250000003 0.500253125 0.224590625 0.5214328125 0.2282484375 0.528725 0.241065625 0.52561875 0.24831093750000002 0.509321875
4 0.260884375 0.5339890625 0.26680625 0.5275203125 0.277778125 0.5399499999999999 0.28812187499999997 0.53348125 0.29258125 0.523209375 0.2931734375 0.4979078125 0.2917796875 0.47514218750000003 0.29264999999999997 0.4433734375 0.2939046875 0.43170624999999996 0.2921984375 0.415409375 0.2892375 0.39987343750000004 0.28411718750000003 0.38744375 0.281121875 0.39524375 0.2798671875 0.41154062500000005 0.2815390625 0.4278375 0.278996875 0.44178750000000006 0.273459375 0.433228125 0.2700453125 0.4146484375 0.2657953125 0.385921875 0.26492499999999997 0.371909375 0.2602234375 0.3672796875 0.25684375 0.38046875 0.25896875 0.4324671875 0.2598046875 0.4324671875 0.2593875 0.45034843750000003 0.25081875 0.49036093750000004 0.249878125 0.5153453125 0.2500171875 0.5155359374999999 0.2542671875 0.530246875 0.260884375 0.5339890625
4 0.303134375 0.54299375 0.30825468749999996 0.544134375 0.315953125 0.530246875 0.3206890625 0.5356375 0.326471875 0.5386171875 0.33490000000000003 0.530246875 0.3400203125 0.521559375 0.3396375 0.4968296875 0.338453125 0.47958125 0.33462187499999996 0.4666453125 0.33490000000000003 0.4418515625 0.32810937500000004 0.3938484375 0.32455625 0.388459375 0.3195046875 0.408434375 0.3195046875 0.42618906250000005 0.31713749999999996 0.4364609375 0.3127140625 0.43589062500000003 0.3079765625 0.40951250000000006 0.3070703125 0.396575 0.3032390625 0.40462968750000006 0.3035171875 0.42511093750000006 0.3029265625 0.4418515625 0.30115 0.45960625000000005 0.2946359375 0.4935953125 0.29435781250000004 0.50830625 0.29435781250000004 0.5086875 0.2952984375 0.5226375 0.303134375 0.54299375
3 0.35426718749999997 0.5437546875 0.3592125 0.5410265625 0.3624171875 0.5329734375 0.36586562499999997 0.529803125 0.365134375 0.5190234375 0.365134375 0.5060234375 0.3683390625 0.49118593749999995 0.3688265625 0.4844640625 0.35795937499999997 0.42828125000000006 0.352559375 0.39416562499999996 0.343678125 0.392390625 0.3392203125 0.39778125000000003 0.33747812499999996 0.4179453125 0.3392203125 0.44489531250000003 0.3401953125 0.4714015625 0.33988125 0.5235890624999999 0.33995156249999997 0.523525 0.34340000000000004 0.5356375 0.35426718749999997 0.5437546875
3 0.37694218749999997 0.5459734375 0.38310625 0.543309375 0.390246875 0.53430625 0.393975 0.528028125 0.39665625000000004 0.48085000000000006 0.39592499999999997 0.46918125 0.390003125 0.4260625 0.3791703125 0.3721625 0.3737375 0.3721625 0.3729703125 0.4318953125 0.37175156249999997 0.4646796875 0.37001093749999997 0.48313281249999995 0.36705 0.4974640625 0.3651 0.5140781249999999 0.3664578125 0.52916875 0.3665625 0.5293593750000001 0.37175156249999997 0.5410265625 0.37694218749999997 0.5459734375
1 0.40773281250000004 0.55516875 0.4181125 0.5530125 0.42403281249999997 0.5368421875 0.427865625 0.4985421875 0.42521718750000004 0.43658906249999996 0.42107343750000004 0.40044375 0.41246875000000005 0.36005 0.4068625 0.34654375000000004 0.4029953125 0.354090625 0.40034843750000004 0.390234375 0.39975625 0.4311984375 0.3973875 0.47970781249999994 0.39529843750000004 0.49587812500000006 0.39470625 0.5222578125 0.39470625 0.527140625 0.400034375 0.54654375 0.40773281250000004 0.55516875
2 0.42967656249999997 0.5573234375 0.44183281250000006 0.5605578125 0.4495296875 0.5594796875 0.4533609375 0.55085625 0.45545156249999996 0.49372187500000003 0.45367499999999994 0.42365312499999996 0.45130625 0.3999359375 0.44862343750000006 0.3826890625 0.44479218749999994 0.3762203125 0.44183281250000006 0.3805328125 0.43855781250000003 0.41395 0.4288046875 0.4948 0.42650625 0.5221312499999999 0.4264375 0.5223203125 0.42762031250000004 0.5487 0.42967656249999997 0.5573234375
2 0.47676718749999997 0.564615625 0.4865203125 0.5603046875000001 0.4888890625 0.5500953125 0.48979375 0.5085609375 0.48770468749999996 0.49670312499999997 0.4862421875 0.4740640625 0.48000625 0.427203125 0.47676718749999997 0.40995625 0.47321562500000003 0.4072296875 0.46492500000000003 0.40995625 0.46046718750000004 0.42073593750000005 0.46046718750000004 0.44229531250000004 0.45928281249999997 0.46220625000000004 0.46018749999999997 0.487 0.4580984375 0.49778124999999995 0.4557296875 0.5231453125 0.45513750000000003 0.5447046875 0.45513750000000003 0.555484375 0.46374062499999996 0.5641093749999999 0.47676718749999997 0.564615625
2 0.5079765625 0.5650609375 0.51981875 0.5650609375 0.5245203125 0.5583390625 0.526471875 0.535384375 0.525740625 0.5098281250000001 0.5235109375 0.498096875 0.5232671875 0.4226375 0.5222921875 0.40786249999999996 0.51933125 0.393025 0.513653125 0.39169375 0.5094390625 0.4033609375 0.5035171875 0.4383640625 0.49686562500000003 0.470703125 0.49167500000000003 0.509384375 0.4908390625 0.558021875 0.49094375 0.5583390625 0.495646875 0.562778125 0.5079765625 0.5650609375
2 0.552246875 0.555865625 0.5558 0.5487640625 0.5558 0.5254921875 0.5529437500000001 0.49182031249999997 0.547996875 0.4123015625 0.5405078125 0.3831953125 0.5366078125 0.3799625 0.5337859375 0.3909328125 0.5309296875 0.4426765625 0.5302328125 0.47698124999999997 0.52845625 0.49638593750000004 0.5273765625 0.5170578124999999 0.5285968750000001 0.55783125 0.52845625 0.558465625 0.5351796875 0.561065625 0.552246875 0.555865625
1 0.570603125 0.5573234375 0.5826890625 0.5501578125 0.587634375 0.5320859375 0.5911875 0.5016484375 0.592615625 0.4285984375 0.59404375 0.40786249999999996 0.5919187499999999 0.388459375 0.5883671875 0.3736203125 0.5840828124999999 0.36391874999999996 0.5769765625 0.3703875 0.5684781250000001 0.4001265625 0.5613718750000001 0.44736875 0.5570875 0.4842109375 0.5556593750000001 0.5036140625 0.558203125 0.528028125 0.5578890624999999 0.5226375 0.5589000000000001 0.5370953125 0.56419375 0.554090625 0.570603125 0.5573234375
3 0.6064437500000001 0.5504125 0.6141421874999999 0.542865625 0.6191921875 0.5305015625 0.6200625 0.5154093750000001 0.6147328125 0.45554843749999996 0.612678125 0.416740625 0.612365625 0.393025 0.610309375 0.378503125 0.6011140625 0.3731140625 0.594321875 0.3822453125 0.596690625 0.413 0.592546875 0.4464171875 0.5916406249999999 0.464171875 0.5910484375 0.5013953124999999 0.5884703124999999 0.5249843750000001 0.58899375 0.524540625 0.5931031250000001 0.537159375 0.6064437500000001 0.5504125
3 0.63319375 0.540265625 0.642284375 0.53436875 0.6451765625 0.52219375 0.64346875 0.50126875 0.6467078125 0.4566265625 0.6428765624999999 0.39251718750000003 0.6445140625 0.3818015625 0.6378609375 0.37901093750000003 0.6330890625000001 0.3903609375 0.6206546875 0.4712109375 0.617415625 0.48522499999999996 0.6201671875 0.522575 0.6203765625 0.5234625 0.625321875 0.5312625 0.63319375 0.540265625
4 0.670915625 0.525871875 0.68000625 0.5368421875 0.6858578125 0.5346859375 0.6908390625 0.52175 0.6922671874999999 0.5036140625 0.68230625 0.4311984375 0.67593125 0.395625 0.6752 0.3826890625 0.673075 0.372353125 0.6659703125 0.36842031249999996 0.6613374999999999 0.38135625 0.655659375 0.40399531250000004 0.6521078124999999 0.4551046875 0.6471265625 0.4745078125 0.6446531249999999 0.4887765625 0.64395625 0.5003796875 0.6446531249999999 0.51395 0.6438515625 0.499365625 0.6450359375 0.5212421875000001 0.657715625 0.5355734375 0.670915625 0.525871875
4 0.70170625 0.5233984375 0.712225 0.528090625 0.7230234375 0.5116671875 0.7246609375 0.5122390625000001 0.7276203125 0.515853125 0.7340296875 0.517628125 0.737478125 0.5122390625000001 0.7399515625 0.502853125 0.7406828125 0.49207343750000004 0.7392203125 0.47856718750000005 0.7354921875 0.46734375000000006 0.7320453125 0.45117343749999994 0.72365 0.428725 0.7206890625 0.4188328125 0.7182515625 0.4026640625 0.714525 0.3914390625 0.7098578125 0.3838296875 0.706165625 0.381546875 0.699721875 0.382434375 0.6960296875 0.3923265625 0.69355625 0.408053125 0.69258125 0.4183890625 0.69306875 0.4192765625 0.6948109375 0.45117343749999994 0.6923375 0.48262499999999997 0.69306875 0.50475625 0.692825 0.5050734375 0.6950890625 0.516740625 0.70170625 0.5233984375
4 0.24966875000000002 0.6438171875 0.23901093750000002 0.687190625 0.2386625 0.708496875 0.2429125 0.7091953125 0.24754375 0.7072296875 0.25677500000000003 0.684590625 0.2610234375 0.6696890625 0.264959375 0.663221875 0.26990625 0.6696890625 0.2674328125 0.68135625 0.2585515625 0.6981609375 0.2556953125 0.711096875 0.264228125 0.713696875 0.26851250000000004 0.7059609375 0.2784390625 0.691059375 0.2862765625 0.6696890625 0.2929984375 0.6464171875 0.3008359375 0.6251109375 0.3047375 0.611478125 0.30383125 0.5812296875 0.2993734375 0.5742546875000001 0.29160624999999996 0.5740015625 0.2855453125 0.5766015624999999 0.28094687500000004 0.5766015624999999 0.28021562499999997 0.5720359375 0.2773953125 0.5655671875 0.26990625 0.558465625 0.26280000000000003 0.5662015625000001 0.25677500000000003 0.5772359375 0.25691406250000004 0.5775515625 0.255346875 0.5869375 0.24966875000000002 0.6438171875
4 0.3044234375 0.6017125 0.30619999999999997 0.6249203125 0.30470156249999997 0.6405203125 0.304109375 0.6551046875 0.29258125 0.7068484374999999 0.2896203125 0.7224484375 0.29258125 0.74134375 0.2967265625 0.7407734375 0.3044234375 0.7316421875 0.307384375 0.7159796875 0.307384375 0.7100828124999999 0.3124 0.6901078125 0.3204109375 0.670703125 0.3251484375 0.6680406249999999 0.3287015625 0.6788203125 0.3277953125 0.6911859375 0.3287015625 0.7095125 0.321003125 0.74565625 0.3239640625 0.7483203125 0.329884375 0.7440078125 0.3325328125 0.7375390625 0.3375828125 0.721940625 0.34705625 0.6777421875 0.3476484375 0.6577671875 0.350609375 0.6469875 0.35179375 0.638934375 0.354440625 0.6286625 0.3547546875 0.6033609375 0.35653125 0.590425 0.3547546875 0.5823078125000001 0.3508875 0.5801515625 0.3464640625 0.5823078125000001 0.336084375 0.5812296875 0.33106874999999997 0.5823078125000001 0.3289796875 0.5785671875 0.3239640625 0.575840625 0.31508125 0.575840625 0.3091953125 0.577996875 0.305015625 0.591503125 0.3044234375 0.6017125
3 0.3554859375 0.623715625 0.35297812500000003 0.675459375 0.3483796875 0.7213703125 0.348728125 0.7440078125 0.3540578125 0.7440078125 0.35869062500000004 0.736271875 0.36541250000000003 0.7181359375 0.3693484375 0.69613125 0.37112500000000004 0.678059375 0.3774984375 0.6618890625 0.379275 0.6411546875 0.3796234375 0.624984375 0.38355937500000004 0.5894109375000001 0.3774984375 0.5816734375 0.3709515625 0.5783125 0.35653125 0.5855421875 0.3567046875 0.5854781250000001 0.3547546875 0.6062140625 0.3554859375 0.623715625
3 0.380946875 0.6149015624999999 0.378578125 0.6499046875000001 0.38122656250000003 0.721053125 0.383315625 0.7518078125 0.3877390625 0.75611875 0.39306874999999997 0.7512359375 0.3983984375 0.7237796875 0.40491093749999996 0.65694375 0.4093703125 0.628915625 0.4099609375 0.6149015624999999 0.4081859375 0.60304375 0.40463281249999994 0.5987312499999999 0.4022640625 0.5911859374999999 0.39871093750000003 0.584146875 0.3924765625 0.5836390625 0.3845 0.59169375 0.38474375 0.591503125 0.383315625 0.5949265625 0.380946875 0.6149015624999999
1 0.41246875000000005 0.6148390625 0.411215625 0.6853515625 0.41417656249999996 0.750475 0.418146875 0.754090625 0.4218390625 0.7513640625 0.4280046875 0.74914375 0.42897968750000004 0.7374765625 0.4302328125 0.7001906250000001 0.43688593750000004 0.6624609375 0.43737343749999996 0.6228921875 0.4359109375 0.6112234375 0.4371296875 0.5851609375 0.43368124999999996 0.580215625 0.42897968750000004 0.579328125 0.42159531250000004 0.5762203125 0.41713750000000005 0.5766640625 0.4146640625 0.5824984375 0.4149421875 0.5829421875 0.41198125 0.594609375 0.41246875000000005 0.6148390625
2 0.4361546875 0.6131890624999999 0.440821875 0.6325296875 0.4430515625 0.6675328125 0.44674375 0.70126875 0.4507140625 0.7263796874999999 0.45367499999999994 0.7263796874999999 0.4588296875 0.724603125 0.460571875 0.7178828125 0.4580984375 0.67786875 0.4590734375 0.6473687499999999 0.462034375 0.600190625 0.4623125 0.5853515625 0.45586874999999993 0.5826890625 0.4465 0.5826890625 0.4378609375 0.5898546875 0.4378609375 0.5889656249999999 0.43664218750000006 0.601078125 0.4361546875 0.6131890624999999
2 0.4642640625 0.623525 0.46475156249999994 0.6572609375 0.4664921875 0.6904874999999999 0.4711953125 0.7205453125 0.4748875 0.723271875 0.47979843750000006 0.7241593749999999 0.48202656250000003 0.7209890624999999 0.48032031249999996 0.710653125 0.47931093750000003 0.694990625 0.4808078125 0.6666453125 0.4812953125 0.6446421875 0.48376875 0.6060234375 0.4830375 0.5911859374999999 0.48056406249999994 0.5862390625 0.4743984375 0.5862390625 0.4655171875 0.588521875 0.4655171875 0.5889656249999999 0.4632875 0.615915625 0.4642640625 0.623525
2 0.48920312499999996 0.7263796874999999 0.49561093749999996 0.7340515625 0.5012890624999999 0.73176875 0.50449375 0.7114140625 0.50546875 0.6994296875 0.50449375 0.6846546874999999 0.5049812499999999 0.6518703125 0.5042500000000001 0.61953125 0.5049812499999999 0.5894109375000001 0.5015328125 0.5871906250000001 0.49216249999999995 0.5844640625 0.485475 0.588078125 0.48425624999999994 0.595053125 0.4869734375 0.6985421875 0.48920312499999996 0.7263796874999999
2 0.5076984375 0.6103359375 0.507453125 0.62828125 0.5096828125 0.6512359375 0.507453125 0.675015625 0.507209375 0.6979078125 0.5099265625 0.7194671875 0.51313125 0.736525 0.5168234375 0.741471875 0.520028125 0.7370328125000001 0.5247296875 0.7109703125 0.5269250000000001 0.6894109375 0.528665625 0.6790734375 0.52716875 0.6431203125 0.5259484375000001 0.6314515625 0.5264375 0.620228125 0.528909375 0.6098921875000001 0.529153125 0.5963859375 0.527934375 0.5847171875 0.5229890625 0.5829421875 0.5150812499999999 0.5847171875 0.5064437500000001 0.58865 0.5064437500000001 0.59955625 0.5076984375 0.6103359375
1 0.5311390625 0.6383640625 0.5296406250000001 0.656309375 0.5308953125 0.67698125 0.540996875 0.721940625 0.548903125 0.749334375 0.5525953125 0.758275 0.558028125 0.7605578125 0.5614765625 0.75605625 0.562975 0.74394375 0.56370625 0.70215625 0.5597359375 0.6433093750000001 0.5538140625 0.6181359375000001 0.5553125 0.5993031249999999 0.5516203125 0.5822453125 0.54395625 0.58129375 0.53483125 0.5835765625 0.5313828125 0.5925812500000001 0.5313828125 0.5925171875 0.5304078125 0.6033609375 0.5311390625 0.6383640625
3 0.556078125 0.62695 0.5603625 0.6334171875 0.5741906250000001 0.68129375 0.58948125 0.7498421875 0.5941140625 0.7492078125 0.597665625 0.7375390625 0.604771875 0.73430625 0.6022640625 0.7207359375 0.5965859375 0.6994296875 0.593034375 0.674825 0.593034375 0.6547875000000001 0.5898296875 0.6412171875 0.588784375 0.627584375 0.5884015625 0.603678125 0.5845 0.596575 0.5763499999999999 0.5894734374999999 0.5663875 0.5875078125 0.5642640625 0.5901078125 0.5614078124999999 0.599175 0.5539531249999999 0.6095125 0.5540921875 0.609575 0.5536749999999999 0.61781875 0.556078125 0.62695
3 0.5932421875 0.639759375 0.5939390625 0.65783125 0.5974921875 0.6740015625 0.6037625 0.6905515624999999 0.623440625 0.7477484375000001 0.6313828125 0.75434375 0.6341 0.7462265625 0.6315921875 0.7303109375 0.6305468750000001 0.711540625 0.627690625 0.6947375 0.6235109375000001 0.6770453125 0.6205859375 0.631959375 0.622709375 0.6138874999999999 0.618321875 0.5890296875 0.611703125 0.584084375 0.602821875 0.58218125 0.5921624999999999 0.58218125 0.5864859375 0.58605 0.5855109374999999 0.5944203124999999 0.5864859375 0.5957515625 0.589934375 0.626759375 0.5932421875 0.639759375
4 0.6218390625 0.6131890624999999 0.6211421875 0.630246875 0.6239984375 0.6674703125 0.6316609375 0.6946734375 0.6372 0.7218140625 0.6457328125 0.7450859375000001 0.6533953125 0.744325 0.6495640625 0.7272671875000001 0.6440265625 0.684590625 0.6478578125000001 0.6705765625 0.656809375 0.669815625 0.66534375 0.68998125 0.6661796875 0.7055171875 0.6712984375 0.7318953125000001 0.6777078125 0.742803125 0.686659375 0.7365890625 0.684953125 0.7156 0.6802515625 0.684590625 0.6712984375 0.6441984374999999 0.6704625 0.6216875 0.67300625 0.597653125 0.66663125 0.5790109375 0.6499828125 0.571275 0.64444375 0.572796875 0.6384890624999999 0.5828781249999999 0.6337859375 0.5836390625 0.628665625 0.5790109375 0.6192968750000001 0.5751421875 0.6158828125 0.5836390625 0.61671875 0.5836390625 0.6201328125 0.5960687499999999 0.6218390625 0.6131890624999999
4 0.6714734375 0.6137609375 0.6771515625 0.6228281250000001 0.6832109375 0.6409640624999999 0.7013234374999999 0.6881421875 0.7173109375 0.7179453125 0.7254968749999999 0.7172484375 0.7268890625 0.7095125 0.7222921875 0.6927078125 0.7116328125 0.6648703125 0.7123296875 0.6513 0.7169625 0.64743125 0.722640625 0.6603671875 0.7339953125 0.674571875 0.74608125 0.6862390625 0.7510625 0.6849078125 0.7510625 0.670703125 0.747509375 0.6603671875 0.7361546875 0.6396328125 0.7297453125 0.6228281250000001 0.7254968749999999 0.601521875 0.72406875 0.5885859375 0.718390625 0.5659484375 0.7077328125 0.5549140625 0.69811875 0.5555484374999999 0.69421875 0.5620171875 0.6910140625000001 0.5710843750000001 0.68425625 0.57431875 0.6793109375 0.5730500000000001 0.6659359375 0.5776796875 0.6672234375 0.5775515625 0.671890625 0.5908046875 0.6714734375 0.6137609375
