3 0.6327765624999999 0.53259375 0.6492515625 0.6299296875 0.6535703125000001 0.6474953125 0.65684375 0.65085625 0.6607453125 0.649396875 0.6623828125 0.6433734375 0.6611640624999999 0.6209265625 0.6539531249999999 0.5685484375 0.6517234375000001 0.5266328125 0.651515625 0.48915625 0.6500515625000001 0.48243437499999997 0.6383484375 0.4757140625 0.6303375 0.4738109375 0.62553125 0.47634687500000006 0.62291875 0.47869375 0.621909375 0.48395625000000003 0.621909375 0.4899171875 0.625809375 0.5075453125 0.6327765624999999 0.53259375
3 0.6158484375 0.6178828125 0.6199578125 0.6317062499999999 0.623440625 0.6369687500000001 0.6263328125000001 0.6365890624999999 0.628596875 0.6324671875 0.62796875 0.614140625 0.6230234375 0.536271875 0.6230234375 0.5029796875 0.6215953125 0.4872546875 0.6184953125 0.4838296875 0.6100656250000001 0.479390625 0.6024734375 0.479390625 0.598571875 0.484971875 0.595715625 0.48636718749999996 0.5936265625 0.48833281250000005 0.5932078125 0.49061562500000006 0.594253125 0.506721875 0.6031 0.5422328125 0.6158484375 0.6178828125
1 0.5995468749999999 0.6572609375 0.604284375 0.66480625 0.604284375 0.6292328125 0.6010093750000001 0.5909953125 0.5891671875 0.48801562499999995 0.5794140624999999 0.481546875 0.5705328125 0.47831250000000003 0.5610593749999999 0.483703125 0.560153125 0.485859375 0.5604671875 0.4944828125 0.5654828125 0.5225109375 0.5877046874999999 0.6179453125000001 0.5995468749999999 0.6572609375
2 0.5641234374999999 0.6565624999999999 0.5680953125 0.6565624999999999 0.5708109375 0.6538999999999999 0.5717875 0.6448953125 0.5695578125 0.593278125 0.5636359375 0.539821875 0.558446875 0.5105890625 0.5560078125000001 0.48681093750000004 0.5510625 0.4876984375 0.5353890625 0.487571875 0.5330546875 0.4872546875 0.53009375 0.48681093750000004 0.5347609375 0.5146484375 0.560675 0.6485093749999999 0.5641234374999999 0.6565624999999999
2 0.5143859375 0.5383640625 0.5189125 0.5668359374999999 0.531453125 0.6394421875 0.533125 0.644325 0.5370250000000001 0.6473046874999999 0.5386625 0.6450859375 0.5403 0.6390609375 0.532496875 0.551490625 0.5281781249999999 0.4885859375 0.51671875 0.49270781250000006 0.51125 0.495625 0.5067921875 0.49759062500000006 0.5078015625 0.506975 0.513375 0.5275203125 0.5143859375 0.5383640625
2 0.5014984375 0.6284078125 0.503553125 0.628725 0.50578125 0.62656875 0.5091953124999999 0.6187703124999999 0.50954375 0.5953703124999999 0.50595625 0.5426124999999999 0.505259375 0.4939765625 0.504075 0.49150312500000004 0.49327812499999996 0.48839531249999996 0.48540625000000004 0.49270781250000006 0.48401249999999996 0.494609375 0.48366406250000005 0.49803437500000003 0.4898296875 0.5578953125 0.497909375 0.6137609375 0.5014984375 0.6284078125
2 0.4643328125 0.57260625 0.4793796875 0.6393156249999999 0.48195781249999997 0.64216875 0.48418593750000005 0.6409 0.4848828125 0.6349390625 0.4800765625 0.5363984375 0.48143437499999997 0.5157890625 0.48195781249999997 0.4949265625 0.4795546875 0.49270781250000006 0.47648906249999995 0.4933421875 0.47049843750000003 0.4977171875 0.4673984375 0.49524375000000004 0.4605359375 0.4942921875 0.456078125 0.493025 0.45419687499999994 0.49270781250000006 0.456078125 0.518009375 0.4603625 0.55263125 0.4643328125 0.57260625
1 0.4271328125 0.6242859375 0.42960624999999997 0.6366515625 0.43228906250000004 0.64299375 0.43866250000000007 0.647875 0.441728125 0.6467343750000001 0.444828125 0.6396328125 0.44935625 0.61084375 0.45015625000000004 0.5520609375000001 0.454684375 0.5296125 0.4524203125 0.496259375 0.450784375 0.49327812499999996 0.4337171875 0.4914390625 0.4268546875 0.4979078125 0.4242421875 0.5022828125000001 0.42260468749999996 0.5078625 0.4218046875 0.52175 0.4220125 0.5816109375 0.4271328125 0.6242859375
3 0.3913625 0.65256875 0.394078125 0.6588453125 0.3970390625 0.6611281250000001 0.39899062500000004 0.6579578125000001 0.408359375 0.620671875 0.415778125 0.563221875 0.42096875 0.5344328125 0.42563593749999995 0.5299296874999999 0.42563593749999995 0.5151546875 0.423684375 0.5074828124999999 0.42020156249999996 0.5012046875 0.415290625 0.496259375 0.40985781250000003 0.49270781250000006 0.40296093749999995 0.49270781250000006 0.3957859375 0.4983515625 0.3923375 0.5012046875 0.3913625 0.5025359375 0.3891328125 0.5201015625000001 0.39035156249999997 0.646290625 0.3913625 0.65256875
3 0.35005156249999997 0.607990625 0.3428421875 0.6581484375 0.343678125 0.672353125 0.345315625 0.6746359375 0.3514796875 0.667153125 0.35684375 0.6581484375 0.364646875 0.6357 0.37429531250000003 0.5892828125 0.3934171875 0.51781875 0.39773593749999997 0.49759062500000006 0.384778125 0.4953078125 0.3802515625 0.49606874999999995 0.3652734375 0.49270781250000006 0.36360156250000003 0.4923265625 0.3580640625 0.4979703125 0.355171875 0.5166765625 0.3531171875 0.5713375 0.35005156249999997 0.607990625
4 0.2433296875 0.33145156249999996 0.24036875000000002 0.3229546875 0.23887187499999998 0.32606250000000003 0.23667656250000002 0.3570703125 0.2371640625 0.3809125 0.24036875000000002 0.4038046875 0.23887187499999998 0.45542187500000003 0.2411 0.46081093749999996 0.24803281250000003 0.468928125 0.25343125 0.47159218750000004 0.25715781249999997 0.468928125 0.2593515625 0.4657578125 0.27220468750000004 0.47159218750000004 0.284534375 0.470703125 0.2865203125 0.46081093749999996 0.2865203125 0.44286562500000004 0.2803203125 0.41325312500000005 0.2724484375 0.3818015625 0.2638109375 0.3426765625 0.26084999999999997 0.3355109375 0.25468437499999996 0.32473125 0.2499828125 0.320228125 0.24653437500000003 0.319340625 0.2447921875 0.320228125 0.24406093750000002 0.32206718749999996 0.24535 0.3239703125 0.246046875 0.3270140625 0.254928125 0.372796875 0.2578890625 0.393025 0.2497390625 0.3790734375 0.2433296875 0.33145156249999996
4 0.2876703125 0.325871875 0.29240625 0.3657578125 0.29240625 0.4051359375 0.291221875 0.43475 0.2888546875 0.46385468750000003 0.289446875 0.47089375 0.295646875 0.4816734375 0.30188125 0.48490781250000003 0.30808125 0.4843375 0.31163281249999997 0.47951875 0.32260468750000004 0.4816734375 0.336503125 0.48002500000000003 0.342425 0.47089375 0.34183281249999997 0.45091875000000003 0.336503125 0.4228921875 0.32971093749999997 0.399175 0.32675 0.36524999999999996 0.31933125 0.3226375 0.3149078125 0.3081171875 0.31313124999999997 0.3075453125 0.3098578125 0.3086234375 0.306025 0.3118578125 0.30425 0.321559375 0.30808125 0.3431203125 0.3137234375 0.3614453125 0.3149078125 0.37330312499999996 0.3137234375 0.381928125 0.3113546875 0.3835765625 0.30898593750000003 0.3835765625 0.304528125 0.3679140625 0.296378125 0.324603125 0.2950546875 0.31889687499999997 0.293278125 0.3129359375 0.291221875 0.312428125 0.2882625 0.3161703125 0.2876703125 0.325871875
3 0.37021875 0.42916875 0.3705328125 0.4712109375 0.3717171875 0.47609375 0.3788234375 0.48040625 0.3933125 0.47717187499999997 0.401009375 0.4701328125 0.41020625 0.4739375 0.409021875 0.4329734375 0.39895468749999996 0.404946875 0.39035156249999997 0.34134375 0.38310625 0.32289218750000004 0.38147031249999996 0.3192140625 0.3788234375 0.31274531250000004 0.3764546875 0.3278375 0.37258749999999996 0.3741921875 0.37021875 0.42916875
1 0.3995125 0.3840203125 0.401009375 0.4389984375 0.4027859375 0.4681046875 0.40515468749999994 0.4707671875 0.4175890625 0.47831250000000003 0.430303125 0.4707671875 0.43890624999999994 0.461065625 0.4365375 0.4088140625 0.4235109375 0.3349390625 0.42107343750000004 0.3079265625 0.4202375 0.3026 0.4146296875 0.3053265625 0.40602499999999997 0.2848453125 0.4039703125 0.2928984375 0.3995125 0.3840203125
2 0.440821875 0.3642359375 0.441728125 0.46341093750000006 0.45475468750000003 0.460178125 0.47042812500000003 0.46233281249999997 0.47074218749999996 0.43481249999999994 0.46924374999999996 0.3890296875 0.4633234375 0.33671562499999996 0.4549984375 0.28566875 0.452978125 0.2801515625 0.450609375 0.2801515625 0.44527968749999997 0.2844640625 0.440821875 0.2974 0.440821875 0.3642359375
2 0.4703234375 0.2613828125 0.4738765625 0.3111609375 0.4738765625 0.3959421875 0.47136875 0.4663921875 0.4898640625 0.458021875 0.49944218749999997 0.460621875 0.5079765625 0.460621875 0.5058515625 0.421115625 0.501915625 0.3875078125 0.4905609375 0.30539062499999997 0.4755140625 0.2585921875 0.4738765625 0.25491406250000004 0.47136875 0.24908125 0.4695921875 0.24908125 0.46854687500000003 0.2523140625 0.4703234375 0.2613828125
2 0.531696875 0.273303125 0.5291890625 0.2791375 0.5189125 0.359353125 0.5146296875 0.41046250000000006 0.5093 0.4499046875 0.5096484375 0.45960625000000005 0.5118078125000001 0.462840625 0.5206890625 0.4551046875 0.538453125 0.4557390625 0.542703125 0.45440781250000006 0.5441312500000001 0.44667031250000006 0.5430515625 0.40982812500000004 0.5451765625 0.3696890625 0.5423546875 0.3431828125 0.5401609374999999 0.2833234375 0.5402296875 0.275903125 0.5398468750000001 0.273303125 0.5373734375 0.2707671875 0.5345171875 0.2707671875 0.531696875 0.273303125
2 0.5655875 0.27235312500000003 0.552803125 0.3816734375 0.5471265625 0.42435 0.5414140625 0.45732343750000004 0.5542312500000001 0.4579578125 0.57234375 0.45409062499999997 0.57021875 0.4178828125 0.5741203125000001 0.3655046875 0.5797984375 0.3065953125 0.577603125 0.274128125 0.577325 0.26778749999999996 0.5769421875 0.26391875 0.5744687500000001 0.2620171875 0.5698359375 0.2620171875 0.5655875 0.27235312500000003
1 0.5840124999999999 0.3259359375 0.5808078125 0.40291718750000005 0.5762109375 0.4313890625 0.576559375 0.4488265625 0.5797625 0.4507921875 0.5879140625 0.4591625 0.596446875 0.4604953125 0.6032046875 0.4578953125 0.60888125 0.4488265625 0.608534375 0.437221875 0.6032046875 0.4035515625 0.604284375 0.3725421875 0.6032046875 0.357640625 0.6039015625 0.32079843750000003 0.6082890625 0.2710203125 0.6096140625 0.26385468749999996 0.6081859374999999 0.26125625 0.603553125 0.26258750000000003 0.5960984375 0.2787578125 0.5840124999999999 0.3259359375
3 0.609753125 0.2809125 0.609753125 0.3922 0.6058171875 0.43684218750000003 0.6062000000000001 0.44908125 0.612225 0.45878281249999997 0.6161265625000001 0.45554843749999996 0.6243125 0.4613828125 0.6306859375 0.45751406250000004 0.636015625 0.451046875 0.633890625 0.43164218749999994 0.6282125 0.31718437499999996 0.6204109375 0.290615625 0.6196796875 0.288078125 0.6168578124999999 0.2790109375 0.6143500000000001 0.27577656250000004 0.6111453124999999 0.2776796875 0.609753125 0.2809125
3 0.646115625 0.27171875 0.64461875 0.27444531250000004 0.6413796875 0.2873171875 0.6392890625 0.3013953125 0.6366421875 0.3299296875 0.63841875 0.4038046875 0.636328125 0.4383 0.636328125 0.45066562499999996 0.6401953125000001 0.45878281249999997 0.6455234375 0.464171875 0.6611984375 0.45821249999999997 0.668025 0.445846875 0.66711875 0.4398859375 0.6611984375 0.42048125000000003 0.6573671875 0.3849078125 0.65440625 0.31591562500000003 0.6576453124999999 0.2878890625 0.6576453124999999 0.2835765625 0.657053125 0.274953125 0.6540921875000001 0.270640625 0.650540625 0.2701328125 0.646115625 0.27171875
4 0.671578125 0.378884375 0.6622078124999999 0.432340625 0.6612328125 0.44895312499999995 0.6686171875 0.4547875 0.6888546875 0.45751406250000004 0.6977359375 0.45434374999999994 0.70735 0.446734375 0.7053984375 0.43861718749999995 0.70268125 0.39778125000000003 0.699721875 0.3771078125 0.701428125 0.3604953125 0.709578125 0.3052625 0.708359375 0.3020921875 0.7058859375 0.30253593749999996 0.6987109375 0.3074828125 0.6903515625 0.36810468749999997 0.68491875 0.378440625 0.684675 0.3622703125 0.6898296875 0.2998734375 0.6890984375 0.297590625 0.687078125 0.289790625 0.6817140625 0.2998734375 0.6757921875 0.339821875 0.671578125 0.378884375
4 0.7261578125 0.3120484375 0.722221875 0.32866249999999997 0.7145937499999999 0.38027968749999996 0.7094046875 0.4112875 0.70790625 0.431515625 0.7081500000000001 0.444515625 0.7108671875 0.45034843750000003 0.7175546875000001 0.4539625 0.7330890625 0.4485734375 0.7402296875000001 0.444959375 0.7461515624999999 0.4346234375 0.7461515624999999 0.418009375 0.7449328125 0.3968921875 0.7422156249999999 0.38300625 0.743190625 0.351553125 0.7417281250000001 0.3263796875 0.7372687499999999 0.3052625 0.7338203125 0.3703875 0.731940625 0.393025 0.7304765625 0.398478125 0.7268203125 0.39955625 0.725775 0.3903609375 0.7316609374999999 0.3168671875 0.7333328125 0.3096390625 0.734309375 0.304375 0.7352484375 0.3024734375 0.7339953125 0.30133125 0.7313484375 0.3026 0.7261578125 0.3120484375
4 0.7521078125 0.5816734375 0.7500875 0.5701968749999999 0.7409265625 0.5487 0.7352140625 0.5283453125 0.7382796875000001 0.5261250000000001 0.7462203125 0.54128125 0.7529078124999999 0.5657578125 0.758203125 0.5664546875 0.7594218749999999 0.5583390625 0.756984375 0.5338625 0.7531171875 0.50646875 0.7419359375 0.4591 0.7368515625 0.4583390625 0.724834375 0.46353906250000004 0.7175203125 0.46391875000000005 0.70693125 0.47019687499999996 0.699234375 0.47609375 0.6973874999999999 0.485034375 0.7051203125 0.507609375 0.7146640625 0.5257453125 0.72340625 0.5479390625 0.7242421875 0.5494609374999999 0.7348312499999999 0.5746359375 0.7447921875 0.58909375 0.7508874999999999 0.5879515625 0.7521078125 0.5816734375
4 0.791153125 0.5368421875 0.793590625 0.5261250000000001 0.7932078125 0.51610625 0.7889234375 0.49499062499999996 0.7836296875000001 0.459796875 0.7797625 0.4383640625 0.776315625 0.43018437499999995 0.7730406249999999 0.428725 0.761859375 0.432403125 0.7545453125 0.44058281250000003 0.745803125 0.45244062500000004 0.744584375 0.459796875 0.7480328125 0.472415625 0.7553468750000001 0.494609375 0.7629046875000001 0.5153453125 0.7651343749999999 0.5198484375 0.7720312500000001 0.5316421874999999 0.781190625 0.5383640625 0.7872859375 0.5394421875 0.791153125 0.5368421875
4 0.2951578125 0.49670312499999997 0.25245625 0.4851609375 0.24855468749999998 0.49004375 0.23660781250000001 0.5379828125 0.2256015625 0.57178125 0.22291875 0.5949265625 0.222675 0.60824375 0.2258453125 0.6117953125 0.23364687499999998 0.6002531249999999 0.243921875 0.5775515625 0.25440625 0.5522515625 0.2551375 0.5518078125 0.255625 0.560684375 0.25099218749999996 0.5797718749999999 0.2375828125 0.599365625 0.23218437500000003 0.6113500000000001 0.23462187499999998 0.6197843749999999 0.24050781250000003 0.6211156250000001 0.2531875 0.6144578125 0.2698015625 0.5859859375 0.2795546875 0.5651234374999999 0.2880875 0.5518078125 0.28833125000000004 0.5513640625 0.29885 0.5339890625 0.3049453125 0.5153453125 0.3049453125 0.5038046875 0.2951578125 0.49670312499999997
4 0.1972828125 0.475840625 0.1901421875 0.4961953125 0.17422500000000002 0.534115625 0.170184375 0.5451484375 0.1690359375 0.56220625 0.17251875 0.56918125 0.1795546875 0.5659484375 0.18951562500000002 0.5494609374999999 0.20007031249999999 0.5339890625 0.20358749999999998 0.5307546875 0.204771875 0.5382374999999999 0.19860625 0.551046875 0.1901078125 0.5643625 0.1848484375 0.575015625 0.18512656249999998 0.5830062500000001 0.191884375 0.5851609375 0.20181093749999998 0.5776796875 0.216196875 0.558528125 0.230825 0.5339890625 0.241065625 0.5115406250000001 0.246359375 0.49239062499999997 0.2483453125 0.4827515625 0.2323578125 0.477996875 0.206409375 0.46252343749999997 0.20337812500000002 0.4643625 0.1972828125 0.475840625
