4 0.24430468749999998 0.31268281249999996 0.251096875 0.3374765625 0.26092031250000003 0.3934046875 0.2675375 0.45060312500000005 0.267746875 0.466328125 0.2719953125 0.48027968750000005 0.2924765625 0.477996875 0.2967265625 0.4740640625 0.3043890625 0.473303125 0.30825468749999996 0.46791406249999995 0.3146296875 0.4740640625 0.32145625 0.47019687499999996 0.3257046875 0.4585921875 0.3274125 0.44147187499999996 0.3231625 0.42675937499999994 0.3180421875 0.41819843749999996 0.303553125 0.3824984375 0.29501875 0.3467984375 0.2766984375 0.3103359375 0.2728671875 0.30646874999999996 0.2660390625 0.30646874999999996 0.26516875 0.318071875 0.2728671875 0.33050156249999996 0.284778125 0.3592265625 0.2898984375 0.379390625 0.2896203125 0.3948640625 0.28565 0.3987953125 0.2600484375 0.325046875 0.25196718749999997 0.3072296875 0.247265625 0.30646874999999996 0.24430468749999998 0.31268281249999996
3 0.3712640625 0.40577031249999995 0.377325 0.43874375 0.38937656249999997 0.44261249999999996 0.394009375 0.43424218750000004 0.40254218750000004 0.439378125 0.4082203125 0.4336078125 0.41246875000000005 0.41870624999999995 0.4041796875 0.3825625 0.4035171875 0.379771875 0.38937656249999997 0.2958140625 0.36879062500000004 0.2518078125 0.36844375 0.3578953125 0.3712640625 0.40577031249999995
3 0.42302343750000004 0.273875 0.41118125 0.2774890625 0.4030296875 0.40773593750000003 0.40330937499999997 0.4216234375 0.4087078125 0.432403125 0.4148734375 0.43512968750000003 0.4161265625 0.4391890625 0.4220484375 0.4396328125 0.42500937499999997 0.4329109375 0.42671562500000004 0.4329109375 0.42748125000000003 0.4346859375 0.4283171875 0.43436874999999997 0.43535312499999995 0.4252375 0.4380703125 0.4135703125 0.43329843749999997 0.3940390625 0.43295000000000006 0.3916296875 0.4304421875 0.37045 0.43291562499999997 0.364171875 0.433646875 0.3327203125 0.42302343750000004 0.273875
4 0.3429125 0.3336078125 0.34249375 0.3512359375 0.3365375 0.35719687499999997 0.3264375 0.3336078125 0.318425 0.306278125 0.311459375 0.2853515625 0.30693125 0.2905515625 0.30383125 0.30779999999999996 0.3077328125 0.3257453125 0.321734375 0.3672796875 0.3211078125 0.39353125 0.323371875 0.400634375 0.321734375 0.4062140625 0.322953125 0.41407812499999996 0.321734375 0.42422343749999997 0.322153125 0.44629062499999994 0.323371875 0.45117343749999994 0.327690625 0.45751406250000004 0.334865625 0.4533921875 0.3449671875 0.45903593750000005 0.352559375 0.45903593750000005 0.358515625 0.45155312500000006 0.3599796875 0.445909375 0.363671875 0.44400781250000004 0.3667359375 0.4481296875 0.374990625 0.45003125 0.3817484375 0.44743125 0.38443125 0.43652499999999994 0.3832109375 0.42460312499999997 0.380946875 0.4103359375 0.3743640625 0.3979703125 0.36903593749999997 0.3859859375 0.369 0.38605 0.3552421875 0.320165625 0.32563593750000003 0.2703875 0.3231625 0.2913125 0.3429125 0.3336078125
1 0.46401875 0.3974640625 0.4614765625 0.3790734375 0.4623125 0.36848437500000003 0.461825 0.34045625 0.46206875 0.306340625 0.4635671875 0.266771875 0.4588640625 0.2604953125 0.4494953125 0.27400156249999996 0.43988125 0.3081171875 0.43838437499999994 0.318453125 0.4369203125 0.3490171875 0.43444843750000006 0.3687375 0.43469218749999994 0.3902984375 0.43148749999999997 0.399746875 0.43221875 0.41953125 0.437896875 0.4320859375 0.45033124999999996 0.438490625 0.45496406250000004 0.43056406249999996 0.458203125 0.4296125 0.46248750000000005 0.4164875 0.46401875 0.40469218749999997 0.46401875 0.3974640625
2 0.48627656249999995 0.29670312499999996 0.47805625 0.3053265625 0.4634625 0.3873171875 0.460153125 0.39816093750000003 0.45931718750000006 0.41014531249999997 0.460153125 0.41610625 0.4640546875 0.42175 0.473703125 0.42726718750000003 0.4831765625 0.41610625 0.48481406250000003 0.3966390625 0.48481406250000003 0.374953125 0.48875 0.326315625 0.48627656249999995 0.29670312499999996
2 0.506478125 0.2953703125 0.49749218749999996 0.3205453125 0.49219843750000003 0.3564359375 0.49164062499999994 0.371275 0.48707812500000003 0.3982875 0.4850578125 0.4201015625 0.48735625000000005 0.4242859375 0.50219375 0.4266328125 0.50591875 0.42299218749999995 0.5053296875 0.4164875 0.5070359375 0.3892203125 0.5059218750000001 0.38034218750000004 0.5070359375 0.3736203125 0.50790625 0.36214375 0.51720625 0.3005703125 0.5132015625 0.2951171875 0.506478125 0.2953703125
2 0.528109375 0.3648703125 0.5301640625 0.31097031249999996 0.5328453125 0.29524374999999997 0.5242078125 0.294165625 0.518634375 0.321115625 0.5139328125 0.3794546875 0.51020625 0.38998125 0.508778125 0.3996828125 0.50815 0.41953125 0.511878125 0.4254921875 0.5208984375 0.427775 0.52748125 0.42511093750000006 0.52748125 0.425175 0.5289453125 0.4161703125 0.528109375 0.4135703125 0.5293281249999999 0.40044375 0.528109375 0.3648703125
2 0.5316265625 0.3895375 0.5309296875 0.397653125 0.5309296875 0.4166765625 0.5321484375 0.42041874999999995 0.539325 0.42536406250000003 0.54225 0.42504687499999994 0.543434375 0.4228921875 0.5509921875 0.4194671875 0.5530484375 0.411034375 0.5537093750000001 0.398225 0.551828125 0.381103125 0.549425 0.30215625 0.5458375 0.2896640625 0.5458375 0.2897265625 0.5436078125 0.285034375 0.5398468750000001 0.29435625 0.536084375 0.370196875 0.5316265625 0.3895375
1 0.58213125 0.39740000000000003 0.5843953125 0.3442609375 0.5860328124999999 0.3278375 0.58523125 0.307609375 0.5860328124999999 0.2814203125 0.5843953125 0.269815625 0.5788578125 0.266075 0.5726578124999999 0.27089375000000004 0.562 0.3581484375 0.554371875 0.40120468750000005 0.5552078125000001 0.41877031249999996 0.561790625 0.4318953125 0.5638453125 0.434115625 0.564646875 0.434115625 0.576175 0.4318953125 0.5802859375 0.42213124999999996 0.579240625 0.4079265625 0.58213125 0.39740000000000003
3 0.61361875 0.396575 0.61198125 0.38046875 0.6151515625 0.2955609375 0.6134453125 0.27127500000000004 0.604075 0.2829421875 0.5918140625 0.3603046875 0.5891671875 0.371909375 0.5889578125 0.38046875 0.583803125 0.3992390625 0.5788921874999999 0.40405781249999995 0.5791015625 0.41642343750000005 0.5871125 0.433290625 0.5897593750000001 0.4329109375 0.5914312500000001 0.43100781250000003 0.5939046875 0.43887187499999997 0.5965515625 0.4418515625 0.5990249999999999 0.44077343750000003 0.6014984375 0.436271875 0.6072453125 0.43398906249999997 0.612609375 0.41756562500000005 0.61361875 0.396575
3 0.65465 0.293278125 0.6600843750000001 0.27799687500000003 0.6598046875 0.26005 0.649215625 0.2703875 0.63368125 0.3027265625 0.6242765625 0.3279015625 0.619365625 0.3507921875 0.61665 0.37818593749999996 0.6057812499999999 0.4118578125 0.606025 0.41591562499999996 0.60480625 0.4239703125 0.6094734374999999 0.4401390625 0.611215625 0.441090625 0.620096875 0.43475 0.6215953125 0.4361453125 0.62455625 0.4460375 0.6275171875 0.44692499999999996 0.6366421875 0.441090625 0.6442703125 0.4249203125 0.6460125 0.401521875 0.64576875 0.3530125 0.648240625 0.32606250000000003 0.65465 0.293278125
4 0.694009375 0.421559375 0.6936953124999999 0.3984140625 0.6996171875 0.35903593749999996 0.7105890625 0.3272671875 0.7105890625 0.31591562500000003 0.713828125 0.29866875 0.7105890625 0.293278125 0.702890625 0.3013953125 0.701428125 0.312365625 0.6919187499999999 0.33316406249999997 0.6812609375 0.367659375 0.6747468750000001 0.369815625 0.6717875 0.36119218750000004 0.6753390625 0.3396328125 0.6859984375 0.31433125 0.6960640625 0.2949265625 0.6972484375 0.288965625 0.695471875 0.2835765625 0.6886796875 0.284146875 0.6806687499999999 0.2938484375 0.6649953125 0.3234625 0.6478234375 0.3956875 0.63775625 0.41350625 0.6336125 0.4398859375 0.6398125 0.4512359375 0.6490078125000001 0.44800312499999995 0.6593515625 0.4495875 0.6661796875 0.4544703125 0.670603125 0.45554843749999996 0.6762453125000001 0.4614453125 0.6777078125 0.4603671875 0.68335 0.45497812499999996 0.689271875 0.4592890625 0.6957859375 0.4355734375 0.694009375 0.421559375
4 0.7388359375 0.37862968750000003 0.7317312499999999 0.39740000000000003 0.728875 0.401965625 0.7264015625 0.39289843750000003 0.7349 0.349525 0.7413093749999999 0.3353203125 0.748415625 0.3088140625 0.7423890625 0.3094484375 0.733125 0.31851562499999997 0.7175203125 0.35669062500000004 0.70578125 0.40646875 0.696203125 0.427140625 0.690490625 0.44140781249999994 0.6929984375 0.45694375000000004 0.697596875 0.46987968750000003 0.7047015625 0.47178125 0.7089859374999999 0.47438125 0.7139671875 0.47958125 0.7175203125 0.477615625 0.720340625 0.47374687499999996 0.7270984375 0.48021562500000003 0.7320796875 0.482815625 0.7349 0.48928281250000005 0.7416578125 0.4821171875 0.7459421875000001 0.47178125 0.7445140625 0.460178125 0.748415625 0.4472421875 0.7498437499999999 0.42650625 0.7491125000000001 0.4097015625 0.75374375 0.3857953125 0.7665265625 0.3392515625 0.7665265625 0.33918906249999997 0.7665265625 0.319784375 0.75586875 0.33012031249999996 0.748415625 0.34438749999999996 0.7388359375 0.37862968750000003
4 0.8206890625 0.463728125 0.827725 0.45091875000000003 0.8296765625000001 0.44089999999999996 0.8258093750000001 0.4362078125 0.8212125 0.43589062500000003 0.8133046875 0.45415312500000005 0.802646875 0.46708906250000004 0.7931734374999999 0.4655046875 0.7955421874999999 0.458465625 0.805015625 0.4487640625 0.81476875 0.44121718750000005 0.818321875 0.43043750000000003 0.816265625 0.4196578125 0.807384375 0.4185796875 0.779240625 0.43424218750000004 0.7736328125 0.4407109375 0.762975 0.44178750000000006 0.754684375 0.4444515625 0.7452109375 0.45523125000000003 0.7428421875 0.47197187500000004 0.7404734375 0.481103125 0.7440265625 0.4827515625 0.75113125 0.5043124999999999 0.757053125 0.5112875 0.758515625 0.510209375 0.7594218749999999 0.5166765625 0.7635671875 0.5231453125 0.76534375 0.523715625 0.76534375 0.533925 0.7718906249999999 0.535003125 0.7795546875 0.532340625 0.7898984375 0.5140140625 0.799965625 0.49296093750000003 0.8069656249999999 0.48484531249999996 0.8206890625 0.463728125
4 0.7504703125 0.5745078125 0.7558 0.5609390624999999 0.7593515625 0.544134375 0.760396875 0.5259984375 0.7561484375 0.5111609374999999 0.749390625 0.5085609375 0.749390625 0.513696875 0.74754375 0.51350625 0.7359109375 0.4968921875 0.7277250000000001 0.495625 0.7159875 0.5104625 0.7120859375 0.5266328125 0.715290625 0.5486359375000001 0.718146875 0.5868109375 0.717415625 0.617184375 0.7195406249999999 0.654090625 0.726296875 0.675396875 0.731975 0.679328125 0.7366078125 0.6708937500000001 0.7334031249999999 0.650221875 0.731975 0.6068484375 0.734134375 0.6003796875 0.7376859375 0.6062125 0.7373046875 0.6605578125 0.7405078125 0.670259375 0.745140625 0.667659375 0.74656875 0.6605578125 0.7461859375000001 0.6379203125 0.749390625 0.6017125 0.7504703125 0.5745078125
4 0.6781953125 0.48002500000000003 0.6693484375 0.48452812500000003 0.6679203125 0.4878890625 0.6648203125000001 0.48750781249999997 0.6631828125 0.4859859375 0.6597000000000001 0.500190625 0.6605015625 0.5103359375000001 0.6648203125000001 0.524159375 0.6691390625 0.5638546875 0.6667015625 0.5882046875 0.6679203125 0.6057703125 0.6728671875 0.6259984375000001 0.6806687499999999 0.6514265625 0.6854750000000001 0.6603046875 0.6905265625 0.6607484375 0.692371875 0.6544078125 0.68230625 0.6207359375 0.6769765624999999 0.5818015625 0.681678125 0.575459375 0.686625 0.57698125 0.6903171875 0.5885859375 0.6905265625 0.6087515625 0.69258125 0.6289796875 0.6983625 0.6473046874999999 0.705746875 0.66005 0.7109015624999999 0.6653140625 0.7143859375 0.6653140625 0.7156046875000001 0.658528125 0.7111109375 0.6447046875 0.7070015625 0.639821875 0.7024734375 0.6177546875 0.7008015624999999 0.591565625 0.7006265625 0.57431875 0.70268125 0.55783125 0.708846875 0.53690625 0.7127484374999999 0.5207984375 0.713165625 0.506975 0.7065828125 0.489346875 0.7008015624999999 0.48484531249999996 0.6979093749999999 0.48465468749999996 0.6979453125 0.48452812500000003 0.694253125 0.4897265625 0.69094375 0.487128125 0.68930625 0.48262499999999997 0.6781953125 0.48002500000000003
3 0.6438515625 0.46785 0.6419015625 0.47051406250000005 0.6376875 0.46829375000000006 0.6325328125 0.4772984375 0.6290484375000001 0.48040625 0.6270984375 0.500190625 0.6305468750000001 0.5163609375 0.6332640625 0.5338625 0.6354921874999999 0.583259375 0.6344828125 0.611096875 0.6379312500000001 0.6268234374999999 0.64535 0.6488265625 0.6495296875000001 0.6398859375 0.6497734375 0.6155999999999999 0.652490625 0.581040625 0.6562171875 0.5455296875 0.659909375 0.515915625 0.6640890625 0.5055796875 0.6675375 0.49118593749999995 0.666109375 0.484971875 0.666075 0.48490781250000003 0.6611281250000001 0.46962656249999996 0.6574359375000001 0.47051406250000005 0.6517593749999999 0.46246093750000006 0.6438515625 0.46785
3 0.5952625 0.5076734375 0.5987453125 0.5228921875 0.599721875 0.5620171875 0.5987453125 0.6042484375 0.5974921875 0.6258078125 0.599478125 0.64825625 0.6122953125 0.6608109375 0.6155 0.6464171875 0.621909375 0.626696875 0.6221875 0.5948 0.6204453125 0.5655671875 0.6273421875 0.546734375 0.6273421875 0.52650625 0.6335078125 0.4905515625 0.6342734375 0.477996875 0.629815625 0.46360156249999995 0.62365 0.45732343750000004 0.621003125 0.45643593750000006 0.6115640625000001 0.46499687500000003 0.609090625 0.4681046875 0.600696875 0.4694359375 0.5967609375 0.4842734375 0.5952625 0.5076734375
1 0.5982234375 0.5164875 0.6039015625 0.48909375 0.6034140625 0.4738109375 0.5994421875 0.45764062499999997 0.594253125 0.4522515625 0.5910484375 0.45497812499999996 0.581190625 0.45497812499999996 0.5738078125 0.46480625 0.5695921875 0.48547812500000004 0.571090625 0.5065953125 0.5742953125 0.5147109375000001 0.5752703125 0.5843375 0.57871875 0.6292328125 0.58638125 0.6687375 0.5896203125 0.6746984375 0.5895859375 0.674571875 0.5969703125 0.639125 0.5991984375 0.5951171875 0.5994421875 0.538046875 0.5982234375 0.5164875
2 0.5593874999999999 0.4535828125 0.55081875 0.45732343750000004 0.5419359375 0.46918125 0.5398468750000001 0.48484531249999996 0.5401609374999999 0.5025999999999999 0.5434 0.51610625 0.5431203124999999 0.52955 0.54103125 0.564615625 0.5466734375 0.598034375 0.5540578125 0.62656875 0.5593874999999999 0.624984375 0.558203125 0.6190234375 0.563253125 0.564615625 0.5638453125 0.5333546874999999 0.568303125 0.5079265625 0.56826875 0.5079906249999999 0.570359375 0.48915625 0.5696625 0.47514218750000003 0.5700453125 0.468675 0.5593874999999999 0.4535828125
2 0.5405078125 0.47691875 0.538871875 0.4739375 0.539671875 0.46721562499999997 0.538453125 0.45897343749999997 0.5353890625 0.45409062499999997 0.5302328125 0.4481296875 0.5113203125 0.448509375 0.509265625 0.4507296875 0.5084296875 0.4709578125 0.5088468749999999 0.5034875000000001 0.511946875 0.5207359375 0.5143859375 0.5488265625000001 0.5143859375 0.5689921874999999 0.5170671875 0.6041859374999999 0.519121875 0.6188328125 0.526784375 0.6377296875 0.5318703124999999 0.6180718749999999 0.5347609375 0.5555484374999999 0.5347609375 0.515853125 0.5394984375 0.50126875 0.5405078125 0.47691875
2 0.47446875000000005 0.46341093750000006 0.474225 0.48135625 0.4754796875 0.5038046875 0.479903125 0.512809375 0.4818875 0.5500953125 0.48213125 0.5805953125000001 0.4848484375 0.6305015625 0.487321875 0.6389984375 0.4902828125 0.6403296875 0.49324218750000004 0.636334375 0.49620312499999997 0.6044390625 0.49916406249999995 0.58826875 0.5013578125 0.5455921874999999 0.5011140625 0.5186437500000001 0.5048421875 0.5042484375 0.5058171875 0.485415625 0.5053296875 0.4557390625 0.504075 0.44901718749999997 0.4994078125 0.446734375 0.48902812500000004 0.446734375 0.47742968750000003 0.45034843750000003 0.47446875000000005 0.46341093750000006
2 0.4704625 0.4642359375 0.464715625 0.45377343750000004 0.46224375 0.45485156250000003 0.4581328125 0.4496515625 0.44991250000000005 0.45263125000000004 0.44395625 0.46683593749999996 0.44395625 0.4746984375 0.44886875000000004 0.49118593749999995 0.4463953125 0.505390625 0.44886875000000004 0.5218765624999999 0.454859375 0.57691875 0.4585515625 0.6012046875 0.46224375 0.618453125 0.463671875 0.620671875 0.47641875 0.60386875 0.4772546875 0.58478125 0.4727265625 0.5305015625 0.4727265625 0.515915625 0.47405156249999997 0.5078 0.47419062500000003 0.5027265625 0.4741546875 0.502790625 0.47394687500000005 0.48522499999999996 0.4727265625 0.4739375 0.47150781249999996 0.4713375 0.4704625 0.4642359375
1 0.44221562499999995 0.4709578125 0.433403125 0.451046875 0.42413749999999995 0.445403125 0.41675312499999995 0.45180781249999996 0.4115984375 0.46563125000000005 0.4101703125 0.4847171875 0.41344531250000005 0.5098281250000001 0.41428125 0.5326562499999999 0.41302656249999997 0.5592265624999999 0.41281718749999996 0.582434375 0.41508124999999996 0.6071015625 0.4206546875 0.6112234375 0.41919218750000004 0.6235890625 0.423128125 0.6546609375 0.42577499999999996 0.6629046875 0.4282484375 0.663284375 0.4339953125 0.6422953125 0.4381046875 0.61350625 0.4414140625 0.5659484375 0.442459375 0.5273296875 0.4455234375 0.5015859375 0.4474046875 0.4996828125 0.44886875000000004 0.4909328125 0.44388750000000005 0.471275 0.44221562499999995 0.4709578125
3 0.38669375 0.6051359374999999 0.39470625 0.647178125 0.40477187499999995 0.669309375 0.40741875 0.6374765625000001 0.40919531249999996 0.5960046875 0.41215624999999995 0.5690546875 0.4156046875 0.522828125 0.4148734375 0.5196578125 0.41783281250000004 0.5055796875 0.41950468750000003 0.4842734375 0.4168234375 0.4711484375 0.411878125 0.46480625 0.40735 0.466265625 0.3977015625 0.4516796875 0.39421875 0.450221875 0.38784375 0.45434374999999994 0.383315625 0.461065625 0.38070312500000003 0.4713375 0.38833125 0.48300625 0.38930625 0.4982875 0.386103125 0.518009375 0.3833859375 0.5279015625000001 0.38669375 0.6051359374999999
3 0.3817828125 0.536778125 0.38328125 0.5318953125 0.38376875 0.5259984375 0.382759375 0.5233359375 0.38474375 0.51255625 0.3881921875 0.5031078124999999 0.3889578125 0.4968296875 0.3884359375 0.48605 0.3877046875 0.481546875 0.3803203125 0.47165468749999995 0.378334375 0.47349375 0.3741546875 0.46537656250000003 0.362034375 0.45732343750000004 0.35193281249999997 0.46448906250000005 0.34824062499999997 0.47482499999999994 0.347996875 0.481990625 0.3561125 0.48693749999999997 0.3571234375 0.5008874999999999 0.3551375 0.514775 0.35538125 0.5300578125000001 0.361059375 0.5983515625 0.361059375 0.60735625 0.3623125 0.616296875 0.3623125 0.628915625 0.3649953125 0.6414718749999999 0.3669796875 0.6450859375 0.369175 0.6410265625 0.369209375 0.6410265625 0.3721703125 0.6203546875 0.377846875 0.5996828125 0.377846875 0.5570062499999999 0.3817828125 0.536778125
4 0.35179375 0.529803125 0.3569484375 0.50646875 0.35646093749999996 0.4948 0.3552421875 0.48801562499999995 0.34709218750000004 0.48040625 0.339184375 0.475903125 0.33598125 0.476790625 0.3322890625 0.4709578125 0.3270984375 0.472353125 0.322675 0.476790625 0.3204453125 0.48218125 0.3177296875 0.4835765625 0.31574375 0.476790625 0.309334375 0.474571875 0.3049109375 0.4772359375 0.30170625 0.48579531249999997 0.299965625 0.501078125 0.299721875 0.5105265625000001 0.309578125 0.541915625 0.3103453125 0.5594796875 0.3068625 0.5859859375 0.3053984375 0.6142671875 0.3039015625 0.6308812500000001 0.3061296875 0.650665625 0.3120515625 0.64483125 0.3177296875 0.6183265625 0.3197140625 0.58909375 0.32218749999999996 0.57565 0.3273421875 0.569815625 0.3318 0.5711484375 0.33451718750000003 0.5801515625 0.3318 0.5989859375 0.32563593750000003 0.617375 0.32365 0.6272671875 0.324625 0.638490625 0.32438125 0.6474953125 0.328840625 0.6528859375 0.3347609375 0.64388125 0.34117031249999996 0.624159375 0.3414140625 0.61693125 0.34413125 0.6052625 0.3466734375 0.6032968750000001 0.34831093750000003 0.5927078125 0.34733593749999997 0.5711484375 0.345628125 0.5590359375 0.34611562500000004 0.5504749999999999 0.35179375 0.529803125
4 0.2772203125 0.4994921875 0.274015625 0.4968921875 0.2669109375 0.5059609375 0.26196406250000004 0.4968921875 0.258759375 0.498225 0.2537796875 0.5046921875 0.2509234375 0.524096875 0.254859375 0.5512359375 0.2584109375 0.56740625 0.2552078125 0.6003796875 0.2584109375 0.61915 0.256984375 0.6417875000000001 0.256984375 0.6553578124999999 0.2601875 0.6625234375 0.26799062500000004 0.656690625 0.2704625 0.6340515625 0.27084687500000004 0.6126828125 0.2704625 0.6055796875 0.27652343749999997 0.6140140625 0.274746875 0.6359546875000001 0.27084687500000004 0.64565625 0.2690703125 0.6605578125 0.2722390625 0.671528125 0.2828984375 0.651490625 0.29355625 0.5965125 0.2946359375 0.5745078125 0.3022984375 0.533671875 0.303309375 0.5224484375 0.298815625 0.504565625 0.29000312500000003 0.49175625 0.286103125 0.49175625 0.286103125 0.496259375 0.2807734375 0.49175625 0.2772203125 0.4994921875
