4 0.820696875 0.5798984375 0.8240421874999999 0.5788875 0.82696875 0.5728187499999999 0.8278046874999999 0.567509375 0.826759375 0.559165625 0.7930312500000001 0.5122625000000001 0.7817421875 0.500253125 0.7761671875 0.4979765625 0.7709406249999999 0.5006328124999999 0.7698953125 0.515296875 0.7640421875000001 0.5190890625 0.7615328124999999 0.529709375 0.76090625 0.5384328125 0.756515625 0.545890625 0.7538671875 0.5637171875 0.7557484375 0.5840703125 0.7617421875 0.5920359375 0.785296875 0.601896875 0.7975609375 0.6140328125 0.809478125 0.6195953125 0.8157484374999999 0.6195953125 0.8194421875 0.6161828125000001 0.820278125 0.6098609374999999 0.8192328124999999 0.6037921875000001 0.8012546875 0.5887484374999999 0.7979796875 0.575853125 0.8015328125 0.5713015625 0.8038328124999999 0.5709234375000001 0.8149124999999999 0.5743359375 0.820696875 0.5798984375
4 0.7635546875 0.671934375 0.7737984375 0.6787609375 0.77581875 0.6787609375 0.778815625 0.6750953125 0.77958125 0.6701640624999999 0.778815625 0.66283125 0.7705921874999999 0.6442484375 0.7618125 0.617446875 0.7542859375 0.582553125 0.7490593750000001 0.533628125 0.7435546875 0.5213656249999999 0.7273171875 0.5240203125 0.7248078125 0.5304671875 0.7227875 0.53173125 0.7137984375 0.52718125 0.7073171874999999 0.5299625 0.7018125000000001 0.5376734375 0.7005578125 0.5499375 0.705575 0.5716812499999999 0.7098265625 0.58166875 0.7243203125 0.6442484375 0.7385359375 0.6750953125 0.74885 0.6922875000000001 0.753309375 0.6977249999999999 0.7565859374999999 0.6982296875 0.758328125 0.6896328125 0.7365859375 0.6228828125 0.735540625 0.6134000000000001 0.7378390625 0.6084703124999999 0.7405578125 0.6107453125 0.752334375 0.6460171875 0.7635546875 0.671934375
4 0.708084375 0.689128125 0.7150515625 0.703665625 0.718815625 0.7045515625000001 0.725296875 0.7 0.7260625 0.6973453125 0.7022999999999999 0.5911500000000001 0.7018125000000001 0.5657390625 0.69958125 0.5476609375 0.6975609375 0.54171875 0.6870390625 0.540834375 0.655540625 0.555878125 0.65254375 0.560809375 0.65205625 0.5699109375 0.653309375 0.5811625 0.6663421875 0.6188374999999999 0.67484375 0.6565109375 0.689059375 0.710871875 0.692821875 0.7218703125 0.7018125000000001 0.7281921875 0.7005578125 0.7096078125 0.6965859375 0.6859671875 0.689546875 0.6601765625 0.6860625 0.639696875 0.68655 0.62161875 0.6893374999999999 0.6211125 0.6912890625 0.634765625 0.708084375 0.689128125
3 0.63205625 0.6251578125 0.63630625 0.6678890625 0.645575 0.711378125 0.6623 0.742225 0.67254375 0.7490515624999999 0.6640421875 0.6855875 0.6572828125 0.6493046875 0.6500343749999999 0.5702906249999999 0.6443203125 0.5567640625 0.6370734375 0.5553734375 0.6285015625 0.5573953125 0.6250171875 0.565234375 0.62 0.565865625 0.6210453125 0.5934265625 0.63205625 0.6251578125
3 0.5870390624999999 0.5945640625 0.59679375 0.6262953125 0.600278125 0.655246875 0.6110109375 0.7183312500000001 0.622996875 0.7623265625 0.6257843750000001 0.7659921875 0.630521875 0.7654875 0.63024375 0.7546140625 0.6322640625 0.7309734375 0.6245296875 0.686978125 0.6187453125 0.6212390625 0.6195125 0.605815625 0.6177703125 0.5804046875 0.61351875 0.5677625 0.6007671875 0.5582812500000001 0.5908015625 0.5700375 0.58878125 0.5709234375000001 0.58599375 0.5781296874999999 0.5870390624999999 0.5945640625
1 0.55679375 0.6163078125 0.5637624999999999 0.6517062499999999 0.577003125 0.7437421875 0.58 0.7586593749999999 0.5870390624999999 0.7700375 0.592753125 0.7677625 0.59205625 0.660303125 0.582996875 0.5868515624999999 0.5782578125 0.566878125 0.5737984375 0.5623265625 0.562996875 0.5646015625 0.559303125 0.5731984375 0.5565156250000001 0.5823015625 0.5547734375 0.598609375 0.55679375 0.6163078125
2 0.5434140625 0.7203546875 0.5484328125 0.73716875 0.55345 0.7439953125 0.557421875 0.7439953125 0.5586765625 0.7394437500000001 0.55345 0.7049296875 0.5521953125 0.651959375 0.554215625 0.62831875 0.5531703125 0.5860937500000001 0.5517078125 0.577496875 0.5386765625 0.5716812499999999 0.531915625 0.5734515625000001 0.5301734375 0.5757265625 0.534703125 0.659165625 0.5434140625 0.7203546875
2 0.50794375 0.6332484375 0.5159578125000001 0.6959546875 0.526690625 0.72718125 0.5342156250000001 0.7335015625 0.531915625 0.7190890624999999 0.5289203125 0.6809109375 0.52794375 0.635525 0.523971875 0.5748421875 0.5077359375 0.5687734375 0.50418125 0.5680156249999999 0.50418125 0.5806578124999999 0.50794375 0.6332484375
2 0.49024375 0.706321875 0.49351874999999995 0.7204796875 0.497003125 0.7254109375 0.49951249999999997 0.72275625 0.5010453125 0.7027812499999999 0.49951249999999997 0.6537296875 0.5023 0.6051828125000001 0.500278125 0.5685203125 0.48418124999999995 0.5700375 0.47930312500000005 0.5699109375 0.4812546875 0.6079640625 0.49024375 0.706321875
2 0.45303125 0.609734375 0.460209375 0.660809375 0.4650171875 0.715296875 0.46717812500000006 0.72503125 0.472821875 0.7311 0.475540625 0.728825 0.4770734375 0.7223765625 0.47581875 0.6532234375 0.477909375 0.57105 0.47163750000000004 0.5677625 0.4650171875 0.5677625 0.456028125 0.5721875 0.4539375 0.5737046875 0.45184687500000004 0.581415625 0.45303125 0.609734375
1 0.41707343750000003 0.6128953125 0.4212546875 0.690771875 0.4191640625 0.7620734375 0.429965625 0.757775 0.4371421875 0.7429828125 0.44285781249999995 0.714159375 0.4491296875 0.6505687499999999 0.449478125 0.5965859375 0.4452265625 0.5699109375 0.43832812499999996 0.5590390625 0.43442499999999995 0.5573953125 0.4182578125 0.580278125 0.416725 0.5835656250000001 0.414634375 0.59608125 0.41707343750000003 0.6128953125
3 0.38794375 0.6906453124999999 0.38466875 0.736409375 0.3819515625 0.7543609375 0.396028125 0.7423515625 0.40383281249999997 0.7075859375 0.4098265625 0.6351453125 0.41763125 0.602528125 0.4191640625 0.58723125 0.416725 0.577496875 0.4116375 0.5687734375 0.40020937500000003 0.5557515625 0.385853125 0.5709234375000001 0.38313593749999997 0.5850828124999999 0.38313593749999997 0.58836875 0.38466875 0.6433625000000001 0.38794375 0.6906453124999999
3 0.3477359375 0.6176984375 0.336934375 0.6998734375 0.334215625 0.730340625 0.334215625 0.738053125 0.3354703125 0.7413406250000001 0.3414640625 0.7418453125 0.34954687500000003 0.735271875 0.3582578125 0.7048046875 0.3762375 0.6134000000000001 0.38466875 0.5900125 0.3861328125 0.579140625 0.3840421875 0.56826875 0.37024375 0.5518328125 0.3620203125 0.5565109374999999 0.3536578125 0.560303125 0.3498953125 0.56839375 0.3477359375 0.6176984375
4 0.2978390625 0.6945640625 0.302996875 0.7093546875000001 0.30655 0.7131484375 0.3108015625 0.7055625 0.3177 0.6989890625 0.3305921875 0.633121875 0.343484375 0.5901390625 0.34648124999999996 0.5764859375 0.345296875 0.57383125 0.3359578125 0.5721875 0.319790625 0.5493046875 0.3116375 0.54171875 0.30418124999999996 0.5450062499999999 0.3008359375 0.5504421875000001 0.297003125 0.5917828125 0.2936578125 0.6135265624999999 0.287665625 0.638559375 0.285296875 0.6428578125 0.2804875 0.6439953125 0.279303125 0.6897593750000001 0.27958125 0.7001265625 0.28139375 0.7027812499999999 0.285296875 0.704425 0.2882921875 0.70164375 0.2954703125 0.6815421875000001 0.2987453125 0.661946875 0.305365625 0.6359046875 0.3122640625 0.6232609375 0.314703125 0.6217453125 0.31379843749999997 0.6456390625 0.2978390625 0.6945640625
4 0.2156796875 0.59393125 0.200975 0.6010109375 0.19825781250000002 0.6048046874999999 0.19825781250000002 0.6163078125 0.1994421875 0.62060625 0.203971875 0.62604375 0.21115 0.6281921875 0.21986093750000002 0.62718125 0.23484375000000002 0.611378125 0.2663421875 0.5988625 0.2726828125 0.585209375 0.273240625 0.56725625 0.27024375 0.5525921874999999 0.26243906250000004 0.54386875 0.26243906250000004 0.5302156250000001 0.260975 0.5259171874999999 0.25254374999999996 0.5193421875 0.2528921875 0.5128953125 0.2510796875 0.504171875 0.243275 0.504171875 0.2372828125 0.507459375 0.217490625 0.5362828125 0.188640625 0.5667515625 0.1877359375 0.5759796875000001 0.190453125 0.585209375 0.194634375 0.5868515624999999 0.20543593750000003 0.580278125 0.2223 0.5764859375 0.22494843750000001 0.5754734375 0.223484375 0.583059375 0.2156796875 0.59393125
4 0.2522640625 0.3233875 0.23038281249999998 0.3490515625 0.22466875000000003 0.370796875 0.2262015625 0.38116249999999996 0.2306625 0.39089687500000003 0.2354703125 0.392540625 0.24390312500000003 0.4170671875 0.260696875 0.4165609375 0.2693375 0.4045515625 0.2768640625 0.3833125 0.28195156250000003 0.3479140625 0.277490625 0.346903125 0.27115 0.35613125 0.26487812499999996 0.36093593749999997 0.2582578125 0.35941875 0.2570734375 0.3512015625 0.2582578125 0.33919062499999997 0.2744953125 0.30707968750000003 0.2762375 0.30227499999999996 0.261603125 0.31694062500000003 0.2522640625 0.3233875
4 0.28285781249999997 0.375853125 0.2771421875 0.40568906250000003 0.27149843749999997 0.41719375000000003 0.2577 0.43678906250000005 0.2528921875 0.4557515625 0.25254374999999996 0.4651078125 0.2549828125 0.47762343749999997 0.2570734375 0.481921875 0.26425156250000004 0.483059375 0.265784375 0.49228750000000004 0.2696859375 0.5003796875 0.2765859375 0.505815625 0.283484375 0.506446875 0.2954703125 0.5020234375 0.29965156249999997 0.4721875 0.29909375 0.4606828125 0.30445937500000003 0.43944375 0.310453125 0.39544843749999997 0.3083625 0.3633375 0.2951921875 0.33552499999999996 0.2924734375 0.33501875000000003 0.2903828125 0.3366625 0.28975625 0.3398234375 0.2978390625 0.3676359375 0.2978390625 0.39266718749999996 0.2966546875 0.400253125 0.2939375 0.4051828125 0.28975625 0.40682656250000004 0.291846875 0.3812890625 0.29219531249999997 0.36055625 0.2906625 0.3584078125 0.285575 0.348040625 0.28285781249999997 0.375853125
4 0.31679375 0.3778765625 0.3170734375 0.4067 0.3116375 0.433375 0.2987453125 0.47749687500000004 0.2984671875 0.504171875 0.29965156249999997 0.506321875 0.321603125 0.51061875 0.326690625 0.5134000000000001 0.3431359375 0.51504375 0.349478125 0.5134000000000001 0.3473875 0.4834390625 0.3482921875 0.4676359375 0.34794375 0.419215625 0.3404875 0.37838125 0.33024375 0.3587859375 0.3185359375 0.35284375 0.3285015625 0.369153125 0.3326828125 0.3876109375 0.3356796875 0.40834374999999995 0.337490625 0.427434375 0.3359578125 0.43615624999999997 0.33149843749999997 0.43994999999999995 0.32968593749999997 0.43931718750000004 0.3285015625 0.435525 0.3263421875 0.393678125 0.32320625000000003 0.3692796875 0.3212546875 0.36257968749999997 0.3143546875 0.35335 0.31679375 0.3778765625
3 0.35595781249999997 0.3585328125 0.35114999999999996 0.4667515625 0.347875 0.486978125 0.347875 0.509228125 0.349965625 0.5207328125 0.3529609375 0.52718125 0.35986093750000003 0.5316062500000001 0.3662015625 0.5293296875 0.3766546875 0.5293296875 0.38418125000000003 0.5217453125 0.38745625 0.5103671875 0.386271875 0.47610625000000006 0.36926875 0.355246875 0.366759375 0.3476609375 0.36048749999999996 0.3432359375 0.35595781249999997 0.3585328125
3 0.4061328125 0.32616875 0.40034843750000004 0.3268015625 0.3938671875 0.33463906250000003 0.39205625 0.3418453125 0.389546875 0.3627046875 0.3820203125 0.5175734375000001 0.3827171875 0.524778125 0.3885015625 0.5332484375 0.396725 0.5332484375 0.4014640625 0.526675 0.40968593750000004 0.5293296875 0.4172828125 0.5233875 0.4259234375 0.491403125 0.42522656249999996 0.44108749999999997 0.4195125 0.36042968750000004 0.4157484375 0.33957031249999997 0.4114984375 0.32882500000000003 0.4061328125 0.32616875
1 0.41756093749999995 0.3151703125 0.4136578125 0.33742031250000004 0.411846875 0.44058125 0.41400625 0.49089687499999995 0.416515625 0.520859375 0.4208359375 0.5307203125 0.42731718750000003 0.5346390624999999 0.43198593750000003 0.5332484375 0.43811875 0.5268015625 0.4413234375 0.511125 0.44564531250000006 0.5026546875 0.4496171875 0.48495625000000003 0.448153125 0.4640953125 0.42808437499999996 0.32187031250000003 0.42696875 0.31251562499999996 0.42515625 0.3007578125 0.41756093749999995 0.3151703125
2 0.4599296875 0.365234375 0.4505921875 0.48495625000000003 0.4514984375 0.5089765625 0.45303125 0.5193421875 0.4605578125 0.524778125 0.4671078125 0.523640625 0.47372812499999994 0.5149171875 0.477003125 0.4866 0.4743546875 0.45726875 0.47345 0.3788875 0.46905937499999995 0.3534765625 0.4635546875 0.34083437499999997 0.460209375 0.33552499999999996 0.4599296875 0.365234375
2 0.488571875 0.3757265625 0.4765859375 0.4873578125 0.47895468750000003 0.5204796875000001 0.48139374999999995 0.5259171874999999 0.4889203125 0.5281921875 0.49400625 0.5249046875000001 0.50418125 0.5265484375 0.5087109375 0.519975 0.511359375 0.49608125000000003 0.5074562499999999 0.46548749999999994 0.5089890625 0.4312265625 0.506271875 0.3866 0.49937343749999996 0.3518328125 0.497003125 0.3474078125 0.4924734375 0.3539828125 0.488571875 0.3757265625
2 0.5303140625 0.3477875 0.52696875 0.3537296875 0.5126125 0.4920359375 0.511359375 0.5246515625 0.5195125 0.52895 0.537490625 0.52895 0.54466875 0.5218703125 0.545853125 0.51049375 0.5462015625000001 0.48002500000000003 0.544390625 0.46156718750000003 0.5462015625000001 0.4115046875 0.539721875 0.3573953125 0.5386765625 0.3487984375 0.5365859375 0.34665 0.5303140625 0.3477875
2 0.5753999999999999 0.35638437500000003 0.5636234375 0.3804046875 0.555121875 0.457521875 0.55115 0.47977187499999996 0.5491296875 0.50885 0.5496171875 0.5214921875 0.5543546874999999 0.526928125 0.564878125 0.527434375 0.5706625 0.5206062499999999 0.5733796875 0.49835624999999995 0.5728921875 0.467509375 0.5806265625 0.3618203125 0.5806265625 0.358659375 0.5796515624999999 0.35550000000000004 0.5753999999999999 0.35638437500000003
1 0.60236875 0.331353125 0.5843906249999999 0.42793906249999997 0.581671875 0.45423437499999997 0.5743546875 0.49228750000000004 0.5758890625 0.5017703124999999 0.58188125 0.5194687499999999 0.58515625 0.53716875 0.5896171875 0.5399499999999999 0.5941468750000001 0.5390640624999999 0.6026484375 0.5262953125000001 0.6059234375 0.5099875 0.6106625 0.3957015625 0.6110109375 0.3376734375 0.6106625 0.328571875 0.6081531250000001 0.31858437500000003 0.60236875 0.331353125
3 0.6162375 0.3415921875 0.607246875 0.4567640625 0.600696875 0.5026546875 0.6027171874999999 0.5161828125000001 0.606759375 0.52616875 0.610453125 0.5312265625 0.6164453125 0.530340625 0.622509375 0.537546875 0.6304531250000001 0.5335015624999999 0.6342156250000001 0.5235140625 0.6324734375000001 0.49355312500000004 0.63400625 0.43463906249999995 0.6321953125 0.3978515625 0.6255046875 0.335778125 0.623971875 0.33249062500000004 0.6182578125 0.335271875 0.6162375 0.3415921875
3 0.649965625 0.3460171875 0.6427171875 0.375853125 0.6319859375 0.5078375 0.6344953125 0.51833125 0.6392328125 0.5278125 0.643484375 0.529709375 0.646759375 0.527434375 0.6517078125 0.529203125 0.660696875 0.5219968749999999 0.6642515625 0.5109984375 0.6629968749999999 0.47977187499999996 0.6572125 0.40543593749999995 0.6579796875 0.35271875 0.657490625 0.3477875 0.6562375 0.3378 0.649965625 0.3460171875
4 0.689478125 0.41125156250000006 0.6882234375 0.4117578125 0.6862015625 0.404425 0.68320625 0.4026546875 0.6822296875 0.40897656250000003 0.680696875 0.40897656250000003 0.680975 0.385840625 0.6792328125 0.349178125 0.674215625 0.368646875 0.6719859375 0.40037968749999997 0.670453125 0.4643484375 0.6724734375 0.49974687500000003 0.71024375 0.4943109375 0.71400625 0.4892546875 0.71400625 0.47800312500000003 0.6979796875 0.41087187500000005 0.6922640624999999 0.3726921875 0.6827171875 0.3400765625 0.680209375 0.33919062499999997 0.6887109375 0.39544843749999997 0.689478125 0.41125156250000006
4 0.7204875000000001 0.38495625 0.7209749999999999 0.4021484375 0.717490625 0.4035390625 0.7162375 0.4 0.7089890624999999 0.35322343749999996 0.7042515625 0.3754734375 0.7052265625 0.40758593750000005 0.7114984375 0.450315625 0.7110109375 0.472565625 0.7129609375 0.485209375 0.7172125 0.4920359375 0.72648125 0.5015171875 0.7392328125 0.49835624999999995 0.743971875 0.4866 0.74696875 0.487484375 0.752753125 0.48204843750000004 0.7549828125 0.4692796875 0.7549828125 0.4534765625 0.7512187499999999 0.4362828125 0.74320625 0.4221234375 0.73024375 0.3912765625 0.7177 0.35322343749999996 0.717003125 0.3518328125 0.71345 0.346903125 0.7204875000000001 0.38495625
4 0.7196515625 0.3318578125 0.7196515625 0.3360296875 0.7273875000000001 0.36725625 0.7349125 0.3900125 0.74466875 0.40897656250000003 0.751915625 0.41441249999999996 0.764390625 0.40986093749999997 0.7659234374999999 0.39266718749999996 0.7716375 0.3900125 0.7758890625 0.3809109375 0.7771421875 0.3718078125 0.774425 0.35271875 0.757421875 0.324146875 0.7549125 0.311884375 0.7489203125 0.3024015625 0.7449484375 0.3024015625 0.7413937500000001 0.3055625 0.7391640625 0.31289531249999997 0.7394421875 0.3255375 0.750453125 0.3418453125 0.7524046875 0.3495578125 0.747178125 0.3690265625 0.74515625 0.3700375 0.738884375 0.3595453125 0.7317078125 0.33678906249999996 0.72794375 0.3309734375 0.721184375 0.3295828125 0.7196515625 0.3318578125
