4 0.7804953125 0.5924546875 0.774015625 0.57431875 0.768059375 0.56525 0.7630796875 0.5629671875 0.760084375 0.5634750000000001 0.756321875 0.56569375 0.755103125 0.5720359375 0.7545796874999999 0.5843375 0.7525953125 0.591565625 0.7421453125 0.599746875 0.7411359375 0.611984375 0.73465625 0.61604375 0.7369203125 0.6246671874999999 0.7468828125 0.643246875 0.7593171875 0.6559921875 0.7707765625 0.6604953124999999 0.760084375 0.62695 0.76729375 0.61699375 0.7750265625 0.6101453125 0.7824109375 0.607609375 0.7849875 0.60653125 0.7892375 0.60741875 0.7804953125 0.5924546875
4 0.731278125 0.6721625 0.7354578125 0.688459375 0.74085625 0.705896875 0.742946875 0.7097015625 0.745315625 0.70913125 0.74771875 0.7031703125 0.74771875 0.6890296874999999 0.7351796875 0.6318328125 0.73009375 0.6057078125 0.728596875 0.5730500000000001 0.723196875 0.5551046875 0.719609375 0.550221875 0.71574375 0.5496515625 0.7121562499999999 0.550221875 0.7037625000000001 0.5599875 0.6974921875 0.5540265625 0.6918140625 0.554596875 0.681365625 0.5692453125 0.6786484374999999 0.57691875 0.6810515625 0.5937859375000001 0.6894109375 0.619340625 0.69599375 0.6498421875 0.7034828125 0.67869375 0.7154296875 0.6998734375 0.728875 0.714584375 0.7315921875 0.714584375 0.7348656250000001 0.710209375 0.7345531249999999 0.7053265625 0.7127484374999999 0.667215625 0.7094734375 0.6492703125 0.709753125 0.64216875 0.7110421875 0.6400125 0.7133406250000001 0.642803125 0.7150125 0.645909375 0.7237890625000001 0.6563734375 0.731278125 0.6721625
4 0.68620625 0.71255625 0.6903515625 0.7284078125 0.6955421875 0.7314515625 0.6984671875 0.730690625 0.699721875 0.7261890625 0.6984671875 0.7148390625000001 0.678753125 0.622575 0.6795546875 0.581040625 0.6779171875000001 0.5655046875 0.675409375 0.5598609375 0.6733546875 0.5591 0.6675375 0.5651875000000001 0.663984375 0.5602406249999999 0.6600484375 0.5617625 0.6509234375 0.5700703125000001 0.6413796875 0.5670265624999999 0.6299546874999999 0.5651875000000001 0.6282828125 0.56740625 0.6268546875000001 0.57349375 0.6264375 0.5897265625 0.637653125 0.6294234375000001 0.6448968749999999 0.6868734375 0.6540234375 0.710653125 0.667746875 0.7352562500000001 0.6706375 0.742421875 0.675409375 0.744325 0.6760359375 0.742803125 0.6760359375 0.7386171874999999 0.6712640624999999 0.7231453125 0.662975 0.70044375 0.6587953125 0.6853515625 0.6573671875 0.6645531250000001 0.6586203125 0.6498421875 0.661303125 0.6483203125 0.66419375 0.6494609375 0.6762453125000001 0.6823078125 0.68620625 0.71255625
3 0.5907 0.591503125 0.591884375 0.5991125 0.602646875 0.628471875 0.61818125 0.6937859375000001 0.6313484375 0.7542171875 0.63434375 0.7585921875 0.6370250000000001 0.7575140625000001 0.6388359375 0.7542171875 0.639115625 0.7476859375 0.635528125 0.6965125 0.6280734375 0.6197843749999999 0.625984375 0.5822453125 0.62358125 0.57083125 0.616996875 0.56918125 0.6113203125 0.56480625 0.6080453125 0.56480625 0.6053296875 0.5670265624999999 0.60115 0.5773625 0.595471875 0.578946875 0.5942875 0.5800890625 0.5912921875 0.584971875 0.5907 0.591503125
3 0.563496875 0.5974640625000001 0.569453125 0.628471875 0.5745390625 0.671528125 0.583803125 0.7346234375 0.587390625 0.7455296875 0.59160625 0.747178125 0.594565625 0.744959375 0.5972828125 0.73735 0.5957859375 0.7177546875 0.592790625 0.6905515624999999 0.59160625 0.6557390625 0.594565625 0.6105265625 0.593975 0.5844 0.5921984375 0.5740640625 0.5907 0.56918125 0.58589375 0.565884375 0.57903125 0.563728125 0.5763499999999999 0.56480625 0.570671875 0.5805953125000001 0.5671546875 0.5821171875 0.5649953125 0.5833234375 0.563496875 0.587128125 0.563496875 0.5974640625000001
1 0.5395328125 0.58478125 0.540125 0.6244765625 0.544896875 0.71699375 0.549390625 0.7513 0.5550671875 0.756753125 0.556565625 0.7551046875 0.559246875 0.7365890625 0.56516875 0.605453125 0.563915625 0.5703234375 0.56060625 0.55516875 0.5552078125000001 0.553265625 0.54918125 0.556309375 0.5464640625 0.5638546875 0.5440265625 0.56569375 0.54249375 0.56734375 0.5404046874999999 0.5749531250000001 0.5395328125 0.58478125
2 0.519053125 0.6113500000000001 0.519053125 0.709765625 0.5207937499999999 0.721559375 0.5225359375 0.7228921875000001 0.5248 0.7188328125 0.531765625 0.68300625 0.536015625 0.627646875 0.5357359374999999 0.6163609375 0.5372343749999999 0.5677875 0.536746875 0.562840625 0.5339953125 0.5605578125 0.5315218749999999 0.5601140625000001 0.521003125 0.5633484375 0.5177984375 0.564171875 0.5177984375 0.584146875 0.519053125 0.6113500000000001
2 0.497421875 0.5783765625 0.4999296875 0.5996828125 0.5031703125 0.6844640625 0.5049109374999999 0.697209375 0.50790625 0.6930875000000001 0.511878125 0.67178125 0.5173453125 0.5634109375 0.51410625 0.561571875 0.5008015625 0.5622703125 0.49843281250000004 0.5624609375 0.496690625 0.5620171875 0.497421875 0.5783765625
2 0.48686875 0.70221875 0.488053125 0.7034875 0.48962031250000004 0.70221875 0.49049062499999996 0.699746875 0.49272031250000003 0.675459375 0.4941140625 0.6096390625 0.49585468749999995 0.588521875 0.4972484375 0.5608109375 0.49324218750000004 0.560178125 0.486171875 0.5617625 0.4799375 0.568675 0.47854374999999993 0.570259375 0.48477812499999995 0.693721875 0.48686875 0.70221875
2 0.465378125 0.6823718750000001 0.47136875 0.715028125 0.47460781250000006 0.72048125 0.47683749999999997 0.72048125 0.477846875 0.71864375 0.478090625 0.7000640625 0.47533906249999996 0.6343062500000001 0.4750953125 0.604375 0.47659375 0.5681046875 0.47234375 0.5676593750000001 0.465865625 0.5635390625000001 0.4629046875 0.5639828125 0.460396875 0.566265625 0.4569484375 0.5716546874999999 0.455415625 0.5740015625 0.4574015625 0.6025359375 0.465378125 0.6823718750000001
1 0.4347609375 0.703425 0.43716406250000006 0.76005 0.44134375 0.7643625000000001 0.44402656250000005 0.7638546875000001 0.449425 0.75783125 0.450609375 0.7507921875 0.45360468750000005 0.6990484375 0.45419687499999994 0.6233984375 0.45360468750000005 0.585859375 0.449425 0.5798984375 0.44642968749999995 0.5782499999999999 0.4419359375 0.5684203125 0.43925468749999996 0.5684203125 0.4335765625 0.5738749999999999 0.43026875000000003 0.5842109375 0.42897968750000004 0.5939125 0.4284921875 0.5972734375 0.4284921875 0.6060234375 0.4347609375 0.703425
3 0.4042140625 0.6619531249999999 0.4037265625 0.7377296875 0.4047375 0.75085625 0.40623437500000004 0.7540265625 0.4082203125 0.7549781249999999 0.41045 0.7517437499999999 0.417171875 0.724540625 0.42490468750000004 0.660621875 0.42814375 0.620228125 0.430128125 0.61433125 0.43187031249999996 0.604375 0.43113906249999995 0.5966390625 0.42964062500000005 0.593025 0.42417343750000003 0.5894109375000001 0.421909375 0.5862390625 0.41818125000000006 0.576728125 0.4149421875 0.5730500000000001 0.410971875 0.5744453125 0.4037265625 0.5803421875 0.4012546875 0.5848453124999999 0.40024375 0.5921375 0.40024375 0.5961953125 0.4014984375 0.6252375 0.4042140625 0.6619531249999999
3 0.36990625 0.6377296875 0.36534374999999997 0.7298671875 0.3648546875 0.7577671875 0.366353125 0.7670265625 0.3696625 0.768675 0.371159375 0.7675328125 0.374434375 0.75611875 0.378334375 0.7229546874999999 0.3905953125 0.6538359375 0.40195 0.6162328125000001 0.40431875 0.603740625 0.40404062500000004 0.595053125 0.40313437499999993 0.59175625 0.3986421875 0.5863031249999999 0.3902828125 0.5814203124999999 0.38669375 0.5814203124999999 0.37920625 0.5857953124999999 0.37203125 0.5863031249999999 0.36767656249999997 0.5964484375 0.367571875 0.6020921875 0.3695921875 0.6172484375 0.36990625 0.6377296875
4 0.335596875 0.6628406250000001 0.3396375 0.6645531250000001 0.3414140625 0.6721625 0.3411 0.6797718749999999 0.338140625 0.6988578125 0.3306515625 0.7233359375 0.3217 0.742359375 0.3177984375 0.760875 0.32438125 0.7532656249999999 0.332740625 0.73690625 0.340821875 0.7233359375 0.3468125 0.7091953125 0.3504 0.695053125 0.3572625 0.6498421875 0.3590390625 0.642803125 0.3662140625 0.623715625 0.369209375 0.6090046874999999 0.370115625 0.599809375 0.3698015625 0.595434375 0.36893125000000004 0.5883328125 0.36743281250000004 0.5850984375 0.363253125 0.5828781249999999 0.3468125 0.58345 0.34200624999999996 0.5807234375 0.33664218749999997 0.575840625 0.3330546875 0.575840625 0.3285609375 0.5807234375 0.322884375 0.57691875 0.31720625 0.5850984375 0.31480312499999996 0.599809375 0.3166140625 0.615028125 0.3177984375 0.6411546875 0.3106234375 0.685225 0.2974578125 0.7342421875 0.2929984375 0.7472421875 0.2941828125 0.7505390625 0.296865625 0.7505390625 0.3037625 0.7461640625 0.321978125 0.6966390625 0.32504374999999996 0.686746875 0.3302328125 0.6738109375 0.33232343750000004 0.6668984375 0.335596875 0.6628406250000001
4 0.2580984375 0.730628125 0.257784375 0.7355734375 0.261371875 0.7339249999999999 0.2832109375 0.6991125 0.3175890625 0.6076734375 0.3199578125 0.5929609375 0.3196796875 0.5831328124999999 0.3175890625 0.5788203125 0.3119125 0.5755234375 0.3091953125 0.575015625 0.30741874999999996 0.5689921874999999 0.302334375 0.5668359374999999 0.29815468749999996 0.5668359374999999 0.2924765625 0.5684843749999999 0.2888890625 0.5608109375 0.2810875 0.5581484375 0.2778125 0.5581484375 0.26973125 0.5717187499999999 0.25896875 0.6299296875 0.2455234375 0.680025 0.2404390625 0.7045015625 0.23984687500000001 0.713253125 0.24103124999999997 0.7170578125 0.243434375 0.71864375 0.24583750000000001 0.7181359375 0.264959375 0.6718453125 0.27154375000000003 0.6587828124999999 0.2781265625 0.6500953125 0.2828984375 0.649525 0.2840828125 0.65174375 0.2840828125 0.654978125 0.2664578125 0.7050734375000001 0.2580984375 0.730628125
4 0.21772968750000002 0.6245406250000001 0.2273078125 0.63215 0.2299890625 0.6376031249999999 0.2308953125 0.6408375000000001 0.222221875 0.674571875 0.2464296875 0.657196875 0.2547890625 0.6452125 0.2568796875 0.6218140625 0.2547890625 0.6071015625 0.25179375 0.6 0.247021875 0.5951171875 0.24252812499999998 0.592390625 0.24103124999999997 0.5788203125 0.23925468749999998 0.5733671874999999 0.2368515625 0.5717187499999999 0.2311734375 0.5717187499999999 0.2260890625 0.5744453125 0.21772968750000002 0.5885859375 0.20156718749999997 0.6228921875 0.203134375 0.62308125 0.20456249999999998 0.6228921875 0.21055312499999998 0.6223203125000001 0.21772968750000002 0.6245406250000001
4 0.27398125 0.3720984375 0.271578125 0.371528125 0.2709859375 0.367153125 0.271578125 0.35523125 0.2745734375 0.3356375 0.2745734375 0.330690625 0.2724828125 0.32910625 0.26649218750000003 0.330690625 0.25245625 0.3535828125 0.2404734375 0.378059375 0.23660781250000001 0.391121875 0.23660781250000001 0.398225 0.2449671875 0.40202968749999995 0.24705625000000003 0.40799062499999994 0.2479625 0.412871875 0.2521421875 0.416740625 0.252734375 0.4259359375 0.2584109375 0.42213124999999996 0.26321875 0.4205453125 0.2676765625 0.4292328125 0.2724828125 0.425428125 0.2781609375 0.4150921875 0.285928125 0.39169375 0.29160624999999996 0.3633484375 0.2938 0.3457828125 0.2896546875 0.350221875 0.2865546875 0.3539625 0.2784390625 0.36880156249999996 0.27398125 0.3720984375
4 0.29498437499999997 0.36829375 0.29421875000000003 0.36740625 0.2917453125 0.371909375 0.2892375 0.38237187499999997 0.2852671875 0.4059609375 0.268059375 0.4902984375 0.268546875 0.49759062500000006 0.2702890625 0.5071015625 0.27206562500000003 0.513 0.2742953125 0.5157265625 0.2755484375 0.5157265625 0.27854375 0.51344375 0.2822703125 0.5233984375 0.291221875 0.529740625 0.29595937499999997 0.5275203125 0.3051890625 0.5157265625 0.30717500000000003 0.5066578125000001 0.306165625 0.43544687499999996 0.3066875 0.3809765625 0.3051890625 0.3660109375 0.30320468749999996 0.361953125 0.2989546875 0.363284375 0.2982234375 0.36785 0.29721406250000004 0.40095156249999997 0.296203125 0.4086875 0.295228125 0.41001875 0.2929640625 0.40913125 0.2922328125 0.4059609375 0.293034375 0.38649374999999997 0.293975 0.3805328125 0.295471875 0.371909375 0.29498437499999997 0.36829375
4 0.3175890625 0.388965625 0.3153609375 0.388965625 0.313375 0.3911859375 0.31260937499999997 0.3957515625 0.31260937499999997 0.41388749999999996 0.3156046875 0.45332968749999997 0.3153609375 0.460621875 0.30989218749999997 0.49372187500000003 0.30888125 0.5086875 0.3106234375 0.52048125 0.3151171875 0.52910625 0.32232656249999997 0.5336078125 0.3265765625 0.523209375 0.34151875 0.5340515625 0.34475781250000004 0.5327203125 0.35224687499999996 0.5272671875 0.3559734375 0.5190875 0.35621718750000003 0.5041218749999999 0.35224687499999996 0.4746984375 0.34824062499999997 0.451996875 0.34674375 0.4211796875 0.3437484375 0.3957515625 0.3387671875 0.377615625 0.334309375 0.37083125 0.329815625 0.367659375 0.3228484375 0.36810468749999997 0.33155625 0.378946875 0.335528125 0.398921875 0.3365375 0.42707656250000003 0.33580625 0.4379203125 0.33354218750000003 0.441090625 0.33082500000000004 0.441090625 0.3285609375 0.4383640625 0.3265765625 0.4324671875 0.320340625 0.3953078125 0.31985312499999996 0.39258125 0.319365625 0.3902984375 0.3175890625 0.388965625
3 0.37046250000000003 0.3504125 0.3665265625 0.3504125 0.36398437499999997 0.3530125 0.361859375 0.35694375 0.3586203125 0.46987968750000003 0.354684375 0.52739375 0.36004843750000004 0.53259375 0.3708109375 0.538490625 0.3758265625 0.5234625 0.38122656250000003 0.5260625 0.38589375000000004 0.525428125 0.3890984375 0.521496875 0.391640625 0.509765625 0.390909375 0.4783765625 0.37753437500000003 0.364996875 0.376559375 0.360178125 0.3740515625 0.3530125 0.37046250000000003 0.3504125
3 0.40261250000000004 0.33094531250000003 0.39616875 0.3257453125 0.3882625 0.34857343749999997 0.3886453125 0.44717812500000004 0.3882625 0.4740015625 0.38540625 0.5020921875 0.38613749999999997 0.5177546875 0.39042187500000003 0.5294859375 0.3954375 0.5314515625 0.399025 0.52821875 0.4058515625 0.5124921875 0.41588281250000003 0.5209890625 0.419121875 0.5144578125 0.421978125 0.48509843750000003 0.415534375 0.423715625 0.409334375 0.3525046875 0.4087078125 0.3453390625 0.4080109375 0.3414078125 0.40261250000000004 0.33094531250000003
1 0.42135156250000005 0.302346875 0.41985312500000005 0.304565625 0.41957500000000003 0.3530125 0.4168578125 0.42213124999999996 0.41417656249999996 0.4771078125 0.4109015625 0.505390625 0.413584375 0.5086234375 0.4228484375 0.5298671875000001 0.4249390625 0.5293593750000001 0.43838437499999994 0.505896875 0.441971875 0.49067812499999997 0.4390109375 0.46024062499999996 0.43660781249999997 0.41395 0.428665625 0.3289796875 0.4260890625 0.3183265625 0.42417343750000003 0.3104 0.4225359375 0.302346875 0.42135156250000005 0.302346875
2 0.446325 0.339125 0.447509375 0.344515625 0.44810156250000005 0.3581484375 0.44364375 0.4278375 0.44364375 0.47514218750000003 0.44033437500000006 0.5127453125 0.4421453125 0.5203546875 0.4501921875 0.526315625 0.4570875 0.5279640624999999 0.4690359375 0.5246671875 0.4773953125 0.5105265625000001 0.4777078125 0.5018390625 0.4762109375 0.49638593750000004 0.46635312500000003 0.4887765625 0.46454218750000004 0.4800890625 0.4612671875 0.3848453125 0.458271875 0.3559921875 0.4540921875 0.3434375 0.45231562500000005 0.340203125 0.447509375 0.3374765625 0.446325 0.339125
2 0.4755140625 0.3310078125 0.47297031250000005 0.3310078125 0.47192656250000004 0.3336078125 0.4697671875 0.47856718750000005 0.46687500000000004 0.5053265625 0.4686875 0.527584375 0.470846875 0.5379828125 0.4973875 0.539315625 0.49665625 0.5007609375000001 0.49090937500000004 0.4400765625 0.48589374999999996 0.40608750000000005 0.48021562500000003 0.3495875 0.47945000000000004 0.3414078125 0.477290625 0.3329109375 0.4755140625 0.3310078125
2 0.5151171875 0.3422328125 0.513340625 0.342865625 0.51118125 0.3461640625 0.5068625 0.3735578125 0.502578125 0.44216875 0.5011140625 0.47742500000000004 0.5004187499999999 0.5374765625 0.517625 0.5401390625 0.5273078124999999 0.5322765625 0.5283875 0.5237796875 0.5237203125 0.427775 0.5201328125 0.3892203125 0.51835625 0.35003125 0.5180078124999999 0.34743124999999997 0.516928125 0.3435 0.5151171875 0.3422328125
2 0.53988125 0.38966406249999996 0.5366421875 0.3922640625 0.5344828125000001 0.4118578125 0.5277609375 0.5227015625 0.532428125 0.5290421875 0.551340625 0.5274578125 0.553884375 0.5209265624999999 0.5535 0.5078625 0.549215625 0.475840625 0.5484843749999999 0.4334171875 0.545628125 0.3948640625 0.545628125 0.3942296875 0.5438171875 0.3902984375 0.53988125 0.38966406249999996
1 0.5803203124999999 0.2890296875 0.57823125 0.2895375 0.5671890625 0.37989843749999996 0.55343125 0.46537656250000003 0.5561125 0.5039953125000001 0.56419375 0.5279640624999999 0.5659703125 0.53176875 0.5689656249999999 0.53176875 0.5779515625 0.5203546875 0.5818187499999999 0.51001875 0.5827234375 0.48547812500000004 0.58213125 0.448509375 0.5836296875 0.32492031250000003 0.582828125 0.306784375 0.5822015625 0.29803437499999996 0.5803203124999999 0.2890296875
3 0.569940625 0.4552953125 0.5684437499999999 0.468865625 0.568721875 0.492834375 0.5696265625 0.49987343749999996 0.5717171875 0.508053125 0.58279375 0.499365625 0.5848828125 0.4982875 0.5860671875000001 0.4987953125 0.587565625 0.505896875 0.59355625 0.52219375 0.60073125 0.523271875 0.6045984375 0.5162328125 0.60759375 0.50044375 0.6096828125 0.46448906250000005 0.61508125 0.41223906250000003 0.6165453125 0.37526875 0.616265625 0.35345624999999997 0.6135843750000001 0.3431203125 0.61149375 0.33880781249999997 0.6036921875 0.3344328125 0.599234375 0.33608125 0.59501875 0.34045625 0.5932421875 0.34369062499999997 0.5890625 0.3551046875 0.58328125 0.378503125 0.5803906249999999 0.3894109375 0.5743984375 0.4422328125 0.569940625 0.4552953125
3 0.6310687500000001 0.349396875 0.6266109375 0.3477484375 0.6238937499999999 0.3499046875 0.6206203125 0.3613828125 0.6053640625 0.4663921875 0.60236875 0.5012046875 0.603865625 0.5088781250000001 0.60595625 0.5131890625 0.61313125 0.5154093750000001 0.6179375 0.5142671875 0.6218046875 0.5273296875 0.6251125 0.5284718749999999 0.628109375 0.5273296875 0.6358765625 0.517565625 0.63824375 0.50830625 0.6385578125 0.4887125 0.6358765625 0.4707671875 0.6361546875 0.44787499999999997 0.633159375 0.39346875 0.632984375 0.36125625 0.63288125 0.3542796875 0.6325671875000001 0.352125 0.6310687500000001 0.349396875
4 0.6603625 0.36131875 0.6593515625 0.35903593749999996 0.6576109375 0.35903593749999996 0.65635625 0.3617625 0.6513765625 0.37989843749999996 0.6484156249999999 0.40120468750000005 0.6454203125 0.4320859375 0.6376875 0.47875781249999994 0.6366765625 0.49644843749999995 0.6379312500000001 0.5078 0.6416578125 0.512809375 0.649390625 0.5182625 0.6586203125 0.5182625 0.6651 0.5114140625 0.6698359375 0.5155359374999999 0.6757921875 0.5187062499999999 0.6807734375 0.5168671875 0.6852671875 0.5041859375 0.6860328124999999 0.4842109375 0.6802859375 0.44610000000000005 0.683525 0.3748890625 0.685021875 0.35903593749999996 0.6822703125 0.3577046875 0.677534375 0.3585921875 0.676559375 0.360875 0.67331875 0.3794546875 0.6705671875 0.41255625 0.6648546875 0.4284078125 0.6628359374999999 0.429803125 0.6603625 0.429803125 0.6578546875 0.42618906250000005 0.65635625 0.42251093749999996 0.65538125 0.4148390625 0.65538125 0.397146875 0.6567390625 0.378946875 0.6573671875 0.3740015625 0.6593515625 0.367659375 0.6603625 0.36131875
4 0.7142453125 0.3333546875 0.7008015624999999 0.342421875 0.69355625 0.35516875 0.6910828125 0.36785 0.6880875 0.402346875 0.687078125 0.45085625 0.6876 0.47533281250000003 0.6895859375 0.498921875 0.69258125 0.509384375 0.6950546875 0.51255625 0.699546875 0.5161703125 0.703796875 0.5161703125 0.7077671875 0.514775 0.7155 0.5057078125000001 0.716753125 0.4966390625 0.722709375 0.498478125 0.7246953125 0.49803437500000003 0.7282124999999999 0.4907421875 0.727934375 0.4821171875 0.7257046875000001 0.4639828125 0.7202375 0.444959375 0.7147328125 0.41864375000000004 0.71149375 0.398225 0.71003125 0.3547234375 0.709265625 0.34654375000000004 0.7067921875 0.34654375000000004 0.7052937499999999 0.3483203125 0.703796875 0.3528859375 0.7042843750000001 0.3660109375 0.703796875 0.40095156249999997 0.7022984375 0.4123015625 0.700034375 0.4227015625 0.69731875 0.4123015625 0.6970734375000001 0.40412187499999996 0.69811875 0.3618890625 0.69829375 0.3565 0.700034375 0.350603125 0.7142453125 0.3333546875
4 0.709753125 0.35098281249999996 0.7103796874999999 0.3744453125 0.714525 0.4016484375 0.717659375 0.41261875000000003 0.72243125 0.419784375 0.730303125 0.4231453125 0.73385625 0.411096875 0.7411 0.41864375000000004 0.7421453125 0.416740625 0.7452796875 0.40577031249999995 0.7487984375 0.408434375 0.7504703125 0.405009375 0.757296875 0.396321875 0.76043125 0.38877656250000003 0.75896875 0.379328125 0.7533609375 0.36081093750000004 0.7483796875000001 0.3525046875 0.7438171875 0.341534375 0.738628125 0.3324671875 0.7375828125 0.3324671875 0.73531875 0.34305625 0.7344828125 0.3434375 0.7330203125 0.3426765625 0.7272031250000001 0.3324671875 0.7274125 0.350221875 0.7263671875 0.3544078125 0.7247296875 0.35516875 0.7197484375000001 0.353646875 0.7149421874999999 0.347559375 0.7122609375 0.34305625 0.7105890625 0.34039375 0.709753125 0.35098281249999996
