3 0.608115625 0.4781234375 0.6042140625 0.524540625 0.605434375 0.5477484375 0.6091249999999999 0.5701968749999999 0.615290625 0.5960687499999999 0.621665625 0.6136328125 0.625775 0.6207359375 0.6311390625 0.6117953125 0.635040625 0.6020296875 0.63483125 0.5848453124999999 0.6325671875000001 0.5578953125 0.6313484375 0.52568125 0.6315921875 0.490425 0.6311390625 0.48002500000000003 0.6248 0.4683578125 0.61818125 0.462778125 0.6128171874999999 0.462778125 0.608115625 0.4781234375
3 0.580215625 0.47438125 0.5781609375000001 0.5342421875000001 0.5808078125 0.5681671875000001 0.587634375 0.5935312500000001 0.5911875 0.6166765625 0.59355625 0.6220671875 0.5971093749999999 0.6097015625 0.59975625 0.5773625 0.600940625 0.549334375 0.6039015625 0.533671875 0.6053984375 0.5056437500000001 0.6076984375000001 0.47875781249999994 0.6077671875 0.47869375 0.6012546875 0.464171875 0.5941484375 0.4585921875 0.5867296875 0.4646796875 0.580215625 0.47438125
1 0.5566359375000001 0.4552953125 0.550121875 0.48547812500000004 0.5477531250000001 0.5016484375 0.5477531250000001 0.552821875 0.550121875 0.5905515625 0.55604375 0.6175015625 0.5616859375 0.63690625 0.5652390625 0.6396328125 0.5714390625 0.6299296875 0.5743984375 0.6164234375000001 0.5749906250000001 0.591121875 0.5779515625 0.521559375 0.578509375 0.475840625 0.5785437499999999 0.4757765625 0.57234375 0.4568796875 0.5678859375 0.449334375 0.562278125 0.44825625 0.5566359375000001 0.4552953125
2 0.5309640625000001 0.445846875 0.5285968750000001 0.46093906249999994 0.525321875 0.5197203125 0.526228125 0.5342421875000001 0.5244515625 0.5558015625 0.523859375 0.5844 0.52650625 0.59784375 0.5285968750000001 0.618896875 0.5336125 0.6275203125 0.536571875 0.6194046875 0.537478125 0.60215625 0.5419015625 0.5746984375 0.5451765625 0.545021875 0.5478234375000001 0.501903125 0.551340625 0.4773625 0.5513765625 0.4771078125 0.5505046874999999 0.4544703125 0.5481359375 0.4464171875 0.5377562499999999 0.44261249999999996 0.5309640625000001 0.445846875
2 0.497596875 0.45643593750000006 0.49881562500000004 0.481990625 0.5022640625 0.514775 0.5027515625000001 0.56911875 0.5049812499999999 0.5889031250000001 0.5057125 0.602853125 0.5087421875 0.61255625 0.516440625 0.6201015625 0.51999375 0.6055171875 0.5220484375 0.582371875 0.5241374999999999 0.5473046874999999 0.523825 0.5209265624999999 0.5214562500000001 0.51173125 0.525009375 0.46918125 0.5249734375 0.44489531250000003 0.5249734375 0.4447046875 0.5202718749999999 0.43887187499999997 0.5081859375 0.43887187499999997 0.49930312499999996 0.4411546875 0.497596875 0.45643593750000006
2 0.46746718749999994 0.4594796875 0.46781562499999996 0.4885859375 0.469940625 0.5118578125 0.4688609375 0.5351296875 0.46781562499999996 0.5817375 0.46569062499999997 0.5985421875 0.4695921875 0.608878125 0.474921875 0.608878125 0.4791703125 0.5946734375 0.49090937500000004 0.525428125 0.4919546875 0.5060234375 0.4937296875 0.49378593750000005 0.495715625 0.4447046875 0.49589062500000003 0.44457812499999994 0.48770468749999996 0.43944218749999997 0.47634999999999994 0.43944218749999997 0.4695921875 0.44204218749999996 0.46746718749999994 0.4594796875
2 0.440996875 0.468865625 0.44960000000000006 0.5766640625 0.45165468750000004 0.592834375 0.4555203125 0.6014578125 0.45935156250000003 0.5944828125 0.4626265625 0.5643 0.46468125000000005 0.46131875000000006 0.46468125000000005 0.45003125 0.4640546875 0.44375468749999997 0.4640890625 0.44356406249999997 0.4561125 0.4424859375 0.44869375 0.44679843750000003 0.44367812500000003 0.44730468749999996 0.440996875 0.468865625
1 0.41393281249999997 0.49327812499999996 0.413653125 0.5266968750000001 0.41483749999999997 0.5487640625 0.413653125 0.57520625 0.414525 0.601078125 0.4127484375 0.6166765625 0.41689375 0.6344953125 0.41957500000000003 0.635003125 0.42340625000000004 0.630184375 0.42932812499999995 0.608053125 0.43524843750000003 0.5746359375 0.44148437500000004 0.504565625 0.44207656249999994 0.48947343749999994 0.440090625 0.4683578125 0.43465625 0.44901718749999997 0.43465625 0.44908125 0.4239984375 0.448509375 0.4180765625 0.4614453125 0.41570937499999994 0.47171874999999996 0.41393281249999997 0.49327812499999996
3 0.39404374999999997 0.49549843750000006 0.39289375 0.5365249999999999 0.39289375 0.5648703125 0.39411406250000003 0.5859859375 0.3963421875 0.609321875 0.40275156250000005 0.6205453125 0.40867343749999996 0.6151546875 0.4109015625 0.60215625 0.41361875000000003 0.5922640625 0.41459375 0.5679765625 0.41508124999999996 0.48129375 0.4146296875 0.47507968749999996 0.41459375 0.475015625 0.399790625 0.45523125000000003 0.39191875 0.4629046875 0.3886796875 0.475015625 0.39404374999999997 0.49549843750000006
3 0.38474375 0.47539687500000005 0.38011093749999997 0.46785 0.374225 0.4681671875 0.367328125 0.4731140625 0.36583125 0.48338593750000003 0.36805937499999997 0.49467343750000003 0.367815625 0.51261875 0.3633578125 0.5471781250000001 0.36360156250000003 0.559353125 0.367571875 0.5975265624999999 0.3715078125 0.6100828125 0.3752 0.615471875 0.3791703125 0.6091953125 0.3828625 0.56829375 0.388296875 0.5318953125 0.3919546875 0.5181359375000001 0.3919890625 0.518009375 0.393975 0.5040578124999999 0.39223281249999997 0.48744375 0.388784375 0.47850312500000003 0.38474375 0.47539687500000005
4 0.7580640625 0.45009531249999996 0.7627312500000001 0.43379843749999997 0.7716828125 0.4081796875 0.778509375 0.39346875 0.7887500000000001 0.38027968749999996 0.7921625 0.37095781250000004 0.7938703125 0.3539 0.79258125 0.3422328125 0.7832109375 0.34996875 0.776803125 0.36474375000000003 0.7665625 0.37171875 0.7614765625000001 0.3686109375 0.776803125 0.339125 0.7793796875 0.33056406250000003 0.7797984375 0.33056406250000003 0.7802156250000001 0.32206718749999996 0.7716828125 0.3197203125 0.7618953125 0.3244140625 0.752525 0.33988593749999996 0.7456984375 0.35700625 0.738 0.3724796875 0.7295015625 0.3833859375 0.7239296875 0.3927078125 0.71884375 0.398921875 0.7154296875 0.416740625 0.7158484374999999 0.43227656249999996 0.718390625 0.44312031249999995 0.7256359375 0.4447046875 0.7323234375000001 0.44178750000000006 0.7356671875 0.438490625 0.737478125 0.4390609375 0.7375828125 0.43925156249999997 0.7375828125 0.4547875 0.7435390625 0.46410937499999994 0.75294375 0.4594171875 0.7580640625 0.45009531249999996
4 0.712609375 0.4260625 0.7168578125 0.402790625 0.7206890625 0.37171875 0.7249734375 0.3531390625 0.7288046875 0.3313890625 0.7288046875 0.3244140625 0.7249734375 0.308878125 0.718565625 0.3166140625 0.7138625000000001 0.3344953125 0.7062 0.3492078125 0.6993734375 0.35003125 0.70024375 0.3313890625 0.714315625 0.3081171875 0.7130265625 0.2933421875 0.7113203125 0.29182031249999996 0.7006625 0.297209375 0.6887140625 0.3112234375 0.680215625 0.3438171875 0.6733890625 0.3670890625 0.6686875 0.3779328125 0.663984375 0.391121875 0.663984375 0.4105265625 0.6673984374999999 0.424540625 0.6716828125000001 0.431515625 0.6797625 0.4330375 0.6831765625 0.43538437500000005 0.6853015625000001 0.44001250000000003 0.6857546875 0.442359375 0.690875 0.4462265625 0.6993734375 0.449334375 0.7070703125 0.44001250000000003 0.712609375 0.4260625
4 0.6593515625 0.4303734375 0.662765625 0.4202921875 0.6636015625 0.40475625 0.662765625 0.3745078125 0.668303125 0.3473046875 0.67854375 0.28909375000000004 0.6798328125 0.2790109375 0.6768375 0.2681671875 0.6738421875 0.2665828125 0.6674671875 0.2836390625 0.6601874999999999 0.31547187499999996 0.652525 0.33176875 0.6452796875 0.33874375 0.639325 0.32479375 0.6414484375 0.30386875 0.6461515624999999 0.28135625000000003 0.6482765625 0.263475 0.6410312499999999 0.26506093750000004 0.630790625 0.28909375000000004 0.6222578125 0.3426765625 0.618425 0.35351875 0.6154296875 0.37526875 0.6141765625 0.421053125 0.6158828125 0.4226375 0.6158828125 0.422575 0.6256703124999999 0.42726718750000003 0.6372 0.4249203125 0.6439921875 0.43113437499999996 0.6593515625 0.4303734375
3 0.6045625 0.4213703125 0.6069312499999999 0.426253125 0.6125390625 0.42891562499999997 0.6160921874999999 0.42460312499999997 0.6149078125 0.401965625 0.6158140624999999 0.381484375 0.6158140624999999 0.347559375 0.61786875 0.317375 0.6184609375 0.287190625 0.6196453125 0.2731765625 0.61786875 0.26290468749999996 0.6143156249999999 0.2607484375 0.6066171875 0.273684375 0.5989203125 0.3022828125 0.592128125 0.3394421875 0.59240625 0.377171875 0.5903515625 0.3954984375 0.5876703125 0.41008281249999995 0.5874953125 0.41585312500000005 0.5876703125 0.4159796875 0.59240625 0.425175 0.5995125 0.4273296875 0.6030656249999999 0.4213703125 0.6045625 0.4213703125
3 0.59209375 0.3760296875 0.59240625 0.35180781250000004 0.5882625 0.2741921875 0.587078125 0.26125625 0.5835250000000001 0.250475 0.577603125 0.24832031250000003 0.5716828125 0.26017812500000004 0.5693140624999999 0.27577656250000004 0.5678156249999999 0.314584375 0.5681296875 0.34692500000000004 0.5648546875 0.36309375 0.5622078125 0.36740625 0.5598390625 0.391121875 0.5616156250000001 0.40297968749999996 0.5630796874999999 0.40729218749999996 0.5681296875 0.40837031250000005 0.5704984375000001 0.41705781249999996 0.5758265625 0.42187656249999994 0.58261875 0.41914999999999997 0.587078125 0.41376093750000004 0.5909093750000001 0.395434375 0.59209375 0.3760296875
1 0.5600484375 0.39435625 0.5600484375 0.379834375 0.5615109375 0.365821875 0.5621031249999999 0.3501578125 0.560640625 0.3270140625 0.5600484375 0.289790625 0.5573671874999999 0.266075 0.554128125 0.253709375 0.54820625 0.250475 0.5425640625 0.2634109375 0.5372343749999999 0.29143906249999996 0.535771875 0.31889687499999997 0.5366421875 0.3722890625 0.5351796875 0.38738125 0.53695625 0.406784375 0.5390109375 0.42079843749999996 0.5404046874999999 0.423525 0.5405078125 0.4234625 0.550575 0.4283453125 0.5576796875000001 0.42618906250000005 0.5612328125 0.4116046875 0.5600484375 0.39435625
2 0.536084375 0.37343125 0.533403125 0.3529484375 0.53075625 0.31629687500000003 0.5236500000000001 0.28560625 0.5191921875000001 0.2807234375 0.5171375 0.29150312500000003 0.5195046875 0.3313890625 0.52096875 0.3729234375 0.518321875 0.390171875 0.5180078124999999 0.41065312499999995 0.5186 0.419784375 0.5191921875000001 0.4203546875 0.53221875 0.4214328125 0.5378609375 0.41819843749999996 0.5375484375 0.39987343750000004 0.536084375 0.37343125
2 0.5144546875 0.364109375 0.515046875 0.3479390625 0.5109015625 0.3085609375 0.503796875 0.2794546875 0.5017421875 0.28218125 0.5005578125000001 0.3096390625 0.50115 0.3355109375 0.5026125 0.3565625 0.5026125 0.3759671875 0.50024375 0.40557968750000006 0.5008359375 0.418009375 0.501428125 0.420165625 0.5120859375 0.420165625 0.517415625 0.41693125000000003 0.5180078124999999 0.398034375 0.5144546875 0.364109375
2 0.49787499999999996 0.3738109375 0.497596875 0.3559921875 0.49432187499999997 0.3263796875 0.49345156250000005 0.3031703125 0.48930625 0.292390625 0.48366406250000005 0.292390625 0.47983281250000004 0.3096390625 0.4824796875 0.387825 0.4824796875 0.400190625 0.4835953125 0.41471093750000004 0.48366406250000005 0.414775 0.49550625000000004 0.4190875 0.50024375 0.413696875 0.499965625 0.3953703125 0.49787499999999996 0.3738109375
4 0.3710203125 0.4273296875 0.3766625 0.4273296875 0.381678125 0.4327203125 0.3858234375 0.43487656250000006 0.3890984375 0.42897968750000004 0.38969062499999996 0.42251093749999996 0.384046875 0.406340625 0.38394218750000003 0.3740015625 0.3828625 0.3486359375 0.36924375 0.2877609375 0.3621390625 0.26778749999999996 0.35562499999999997 0.264553125 0.35562499999999997 0.2705140625 0.36126718750000003 0.30120468749999996 0.3624515625 0.3238421875 0.3624515625 0.33735 0.3585859375 0.34216875 0.3502953125 0.3346234375 0.34200624999999996 0.2985421875 0.33462187499999996 0.273746875 0.3251484375 0.2683578125 0.324834375 0.27533281249999997 0.3292921875 0.3022828125 0.334309375 0.3254921875 0.3396375 0.365884375 0.34200624999999996 0.3966390625 0.34022968750000004 0.41116093749999993 0.3411359375 0.42409687500000004 0.3437828125 0.4322125 0.3466046875 0.433290625 0.34674375 0.433290625 0.35325625 0.4327203125 0.35653125 0.43703281250000003 0.3619640625 0.438428125 0.3710203125 0.4273296875
4 0.32615781250000003 0.432340625 0.33221875 0.43430625 0.3411 0.4349390625 0.3435734375 0.429740625 0.34036875 0.4097015625 0.34036875 0.3954984375 0.3222578125 0.345021875 0.305921875 0.3081796875 0.2970390625 0.294546875 0.2892375 0.29714687500000003 0.28993437499999997 0.3120484375 0.29811875 0.3340515625 0.3020203125 0.3547234375 0.300940625 0.3573234375 0.2881578125 0.3411546875 0.271090625 0.3327203125 0.2693140625 0.3333546875 0.26614375 0.3405203125 0.268965625 0.349525 0.282828125 0.372859375 0.2881578125 0.3909328125 0.2913625 0.4123015625 0.298815625 0.44204218749999996 0.3050859375 0.45174375 0.30522499999999997 0.45174375 0.31194687499999996 0.4530125 0.319053125 0.4530125 0.324765625 0.43944218749999997 0.32615781250000003 0.432340625
4 0.2819578125 0.47602968749999997 0.29143125 0.4781859375 0.2958546875 0.47007031250000003 0.2982234375 0.4533921875 0.2958546875 0.439378125 0.29111875 0.42695 0.27809062500000004 0.3822453125 0.2698015625 0.36284062499999997 0.26182500000000003 0.3504125 0.255590625 0.3455921875 0.24939062500000003 0.34933437500000003 0.250575 0.3574515625 0.2576796875 0.369815625 0.2624171875 0.385478125 0.2615109375 0.394103125 0.2588640625 0.39733593749999996 0.25440625 0.3924546875 0.24789218750000003 0.37412812500000003 0.2366421875 0.3644265625 0.2307203125 0.36607500000000004 0.2307203125 0.3811671875 0.23577187500000002 0.39460937500000004 0.2449328125 0.41135 0.2514453125 0.4501578125 0.2520375 0.4695625 0.257959375 0.48573281250000006 0.25914375 0.48681093750000004 0.26861718749999997 0.48681093750000004 0.271890625 0.4835765625 0.2760359375 0.47171874999999996 0.2819578125 0.47602968749999997
4 0.7476140625000001 0.5038046875 0.744409375 0.4968921875 0.7370609375 0.4968921875 0.7270984375 0.5059609375 0.7203765625 0.5267593749999999 0.7168578125 0.5496515625 0.7112859375 0.57045 0.7054343750000001 0.6013953125 0.7048421874999999 0.62910625 0.7092296874999999 0.6451484375 0.7112859375 0.6483203125 0.7151171875 0.6499046875000001 0.7162484375 0.6424218749999999 0.7178515625 0.6427078125000001 0.718321875 0.6504749999999999 0.7221171875 0.6504749999999999 0.730059375 0.6381734375 0.739428125 0.608878125 0.7628359375 0.5448953125 0.7616859375 0.5288515625 0.753465625 0.5230187500000001 0.7517234375 0.5203546875 0.7476140625000001 0.5038046875
4 0.69780625 0.4729859375 0.6951937499999999 0.4703234375 0.687878125 0.47514218750000003 0.6802515625 0.48313281249999995 0.677325 0.4959421875 0.6790671875000001 0.526315625 0.6758625 0.5530125 0.6738078125 0.58655625 0.6749906250000001 0.6090046874999999 0.6802515625 0.628725 0.6869734375000001 0.6409640624999999 0.6908046875 0.636715625 0.6902125 0.5818015625 0.692546875 0.57431875 0.6946015625 0.5828156250000001 0.6946015625 0.63081875 0.696934375 0.639378125 0.7025078125 0.6351296875 0.7048421874999999 0.615915625 0.705746875 0.5844640625 0.7086734375 0.5604312499999999 0.7195046875 0.52048125 0.7221171875 0.49860468750000003 0.7200968750000001 0.48256249999999995 0.7186343749999999 0.4772359375 0.718321875 0.47780625 0.7153953125 0.4772359375 0.708359375 0.48313281249999995 0.7039703125 0.48522499999999996 0.69780625 0.4729859375
4 0.6600140624999999 0.47025937500000003 0.655903125 0.4745078125 0.6526640625 0.47025937500000003 0.6456640625000001 0.4696890625 0.6394984375 0.4745078125 0.6315921875 0.4851609375 0.628665625 0.503296875 0.6333328125000001 0.55611875 0.6357015625 0.576346875 0.6444796875 0.6249203125 0.6471265625 0.625428125 0.64886875 0.6131890624999999 0.649146875 0.5555484374999999 0.6514109375 0.5444515625 0.6517937500000001 0.568928125 0.6506093749999999 0.6072921874999999 0.6509234375 0.6211796875 0.65325625 0.6296765625 0.6573671875 0.627584375 0.6614765625000001 0.60995625 0.6655515624999999 0.5849078125 0.66614375 0.5838296875 0.6696625 0.5582125 0.673771875 0.5017125 0.6740515625 0.4862390625 0.6743640625 0.484084375 0.672309375 0.4718453125 0.668790625 0.465440625 0.664403125 0.463284375 0.6600140624999999 0.47025937500000003
4 0.32629687500000004 0.4805328125 0.32455625 0.496575 0.32629687500000004 0.5200375 0.32863125000000004 0.53868125 0.3242421875 0.5888390625000001 0.3251125 0.6415984375 0.32863125000000004 0.650665625 0.33392499999999997 0.6213703125000001 0.337721875 0.591503125 0.341240625 0.59518125 0.3474046875 0.6400125 0.352071875 0.6474953125 0.35499843750000004 0.6415984375 0.3561828125 0.6287890625 0.3591078125 0.577615625 0.36729375000000003 0.49816093749999996 0.3614421875 0.48319531250000003 0.355903125 0.4757765625 0.349459375 0.47520625 0.344165625 0.4837671875 0.3444796875 0.4842734375 0.34036875 0.4837671875 0.33598125 0.4731140625 0.3324625 0.4731140625 0.32629687500000004 0.4805328125
4 0.30170625 0.49067812499999997 0.2964125 0.49549843750000006 0.287634375 0.4960046875 0.28411718750000003 0.5050734375 0.282375 0.516296875 0.2829328125 0.5311984375 0.287634375 0.5455921874999999 0.294078125 0.5605578125 0.2970046875 0.5802796875 0.3049109375 0.607990625 0.30989218749999997 0.6453390625 0.31428124999999996 0.6565624999999999 0.319575 0.655484375 0.3230578125 0.6440078125 0.32365 0.6273296875 0.32427656250000003 0.52175 0.32344062500000004 0.503234375 0.321421875 0.49239062499999997 0.3204453125 0.490171875 0.3192609375 0.490171875 0.3128171875 0.48218125 0.30578125 0.48319531250000003 0.30170625 0.49067812499999997
4 0.2560078125 0.5452125 0.2504359375 0.553265625 0.24737031250000002 0.5618890624999999 0.2483796875 0.5770453125 0.252978125 0.5863031249999999 0.2609546875 0.5992390624999999 0.27931093749999997 0.6453390625 0.2948453125 0.6613187500000001 0.3027515625 0.6639828125 0.307453125 0.6511734375 0.307453125 0.62828125 0.29805000000000004 0.591503125 0.2974921875 0.591503125 0.2974921875 0.589346875 0.2921984375 0.561065625 0.2921984375 0.5573234375 0.284290625 0.537603125 0.2755140625 0.5242859375 0.27516562499999997 0.5230187500000001 0.270603125 0.519340625 0.2649953125 0.5208625 0.262975 0.53259375 0.2560078125 0.5452125
3 0.377046875 0.29074218749999997 0.3858234375 0.400190625 0.3900390625 0.4168046875 0.3900390625 0.42067187500000003 0.394984375 0.42447656250000004 0.4016375 0.4257453125 0.41079687500000006 0.423209375 0.4153609375 0.41553593749999995 0.4150125 0.3944203125 0.40797656250000003 0.37520625 0.40550312499999996 0.3521875 0.3967265625 0.31312656250000004 0.37986718750000004 0.2689921875 0.3784390625 0.2683578125 0.3760015625 0.2644890625 0.3731796875 0.26639218750000004 0.37283125 0.2721625 0.377046875 0.29074218749999997
3 0.410971875 0.377615625 0.411459375 0.378059375 0.4168234375 0.41407812499999996 0.4246609375 0.416740625 0.431975 0.415409375 0.4344125 0.4025359375 0.43855781250000003 0.39004374999999997 0.4373390625 0.377615625 0.43124375 0.36696249999999997 0.410728125 0.276284375 0.40975312500000005 0.276284375 0.4058515625 0.2696265625 0.40438906250000006 0.26918125000000004 0.40024375 0.274953125 0.40073125000000004 0.2878890625 0.410971875 0.3740640625 0.410971875 0.377615625
1 0.44221562499999995 0.416740625 0.445384375 0.4238421875 0.452978125 0.42251093749999996 0.4585859375 0.417184375 0.46248750000000005 0.3820546875 0.4585859375 0.339821875 0.454440625 0.30386875 0.454440625 0.2989859375 0.44782343750000003 0.27362031249999996 0.44782343750000003 0.2718453125 0.44148437500000004 0.2505390625 0.43831406250000005 0.2425484375 0.43416875 0.2469875 0.431975 0.25764062499999996 0.43148749999999997 0.258528125 0.43124375 0.294990625 0.4324625 0.3336078125 0.4402640625 0.40519999999999995 0.44221562499999995 0.416740625
2 0.46541249999999995 0.3817375 0.4634625 0.4070390625 0.46419375 0.41902343750000004 0.46565625 0.42435 0.4690703125 0.42435 0.4788234375 0.41991093749999997 0.4810171875 0.413696875 0.4810171875 0.395053125 0.477846875 0.36081093750000004 0.475653125 0.3092578125 0.473459375 0.28129375 0.47150781249999996 0.2675328125 0.4695578125 0.2662015625 0.4683390625 0.2666453125 0.46468125000000005 0.2968296875 0.46297499999999997 0.3355109375 0.46321874999999996 0.36081093750000004 0.46541249999999995 0.3817375
