4 0.7698015625 0.6310078125 0.7731109375 0.6574515625 0.7793453125 0.67178125 0.78474375 0.6759671875000001 0.78930625 0.67520625 0.79805 0.6691812500000001 0.8069656249999999 0.659734375 0.8129921875000001 0.6422953125 0.8127828125000001 0.618515625 0.8080109375 0.6007609375 0.80115 0.5935953125 0.79805 0.5935953125 0.7938703125 0.598096875 0.7905609375 0.5973359375 0.7874609375 0.6003796875 0.783071875 0.6075453125 0.7787531249999999 0.6107796875 0.7764546875 0.6124921875 0.7714734375 0.6219406249999999 0.7698015625 0.6310078125
4 0.7650640625 0.7355734375 0.76729375 0.741471875 0.7750265625 0.7419156250000001 0.778265625 0.7383 0.7755140625 0.7142671875 0.7690359375 0.6761578125 0.7690359375 0.65256875 0.768303125 0.6403296875 0.7593171875 0.6203546875 0.7516203124999999 0.6135703125 0.7426328125 0.617184375 0.7354234374999999 0.6294234375000001 0.7274468749999999 0.6299296875 0.7187390625 0.6394421875 0.7179734375 0.658465625 0.722465625 0.679328125 0.7406484375 0.733290625 0.7483796875000001 0.751934375 0.7531171875 0.75871875 0.7553468750000001 0.75871875 0.7580984374999999 0.7559921875 0.760084375 0.7505390625 0.760328125 0.7437546875 0.7588296875 0.7369687500000001 0.751096875 0.712428125 0.751096875 0.7074828125 0.7528390625 0.70564375 0.755103125 0.70564375 0.75635625 0.7060875 0.76206875 0.720165625 0.7650640625 0.7355734375
4 0.725775 0.774825 0.7339953125 0.7825624999999999 0.7317312499999999 0.76391875 0.7177984375 0.70044375 0.7115640625 0.6655046875 0.7118078125 0.6129359375 0.7070703125 0.599746875 0.704353125 0.5979703125 0.7013578125000001 0.5974640625000001 0.697353125 0.6033609375 0.6943578125000001 0.6011421875 0.691640625 0.5974640625000001 0.6888890625 0.5974640625000001 0.6824109375 0.60653125 0.6776734375 0.6052 0.6682 0.6070390625 0.66321875 0.6133796874999999 0.6602578125 0.621053125 0.6594921874999999 0.62695 0.6602578125 0.6405828125 0.664228125 0.6551046875 0.67021875 0.6705140625 0.674190625 0.6831953125 0.686415625 0.735384375 0.69289375 0.7499046875000001 0.7122953125 0.777996875 0.7180421875 0.7811671875 0.720271875 0.778440625 0.710065625 0.748953125 0.6972484375 0.7284078125 0.693346875 0.709765625 0.691884375 0.6904874999999999 0.692615625 0.6868109375 0.6941140625 0.6850343750000001 0.6956109374999999 0.6850343750000001 0.7050859375 0.705896875 0.725775 0.774825
3 0.6294671875 0.64045625 0.6291890625 0.6468609375 0.6359453125 0.68040625 0.6516203125 0.781546875 0.655346875 0.7856062500000001 0.660328125 0.7842734375 0.6630796875 0.777425 0.6640890625 0.768865625 0.6600843750000001 0.687190625 0.6613374999999999 0.6559296875 0.66109375 0.634115625 0.6600843750000001 0.6313890625 0.6570875 0.6286625 0.64886875 0.623271875 0.6434 0.623715625 0.6356671875 0.6318953125 0.6351796875 0.632340625 0.631209375 0.6359546875000001 0.6294671875 0.64045625
3 0.6027171874999999 0.63868125 0.6034828125 0.6695625 0.6089515624999999 0.7452765625 0.61118125 0.7879515625 0.6134453125 0.78744375 0.6231625000000001 0.7643625000000001 0.6279 0.739821875 0.6308609374999999 0.6990484375 0.6323578125 0.663221875 0.6311390625 0.641915625 0.6291187500000001 0.6296125 0.6266453125 0.621053125 0.62291875 0.6151546875 0.6201671875 0.6151546875 0.616440625 0.61693125 0.6132015625 0.622384375 0.61020625 0.6318953125 0.6062000000000001 0.6314515625 0.60498125 0.6314515625 0.6034828125 0.633290625 0.6027171874999999 0.63868125
1 0.5729359374999999 0.6053265624999999 0.5705671875 0.6216875 0.5693484375 0.6798984375 0.5777421875 0.817628125 0.5836984375000001 0.8138234375 0.590003125 0.8007609375 0.5941828124999999 0.7762203125 0.5956812499999999 0.7435640625 0.5965515625 0.6831953125 0.600453125 0.6379828125 0.6001390625 0.6173109375 0.5956812499999999 0.60646875 0.5905953125 0.5982875 0.586103125 0.5955609374999999 0.5825140625 0.5987953125 0.5774296875 0.6004437499999999 0.5765234375 0.6010140625 0.5744343749999999 0.6020921875 0.5729359374999999 0.6053265624999999
2 0.5388015625 0.57691875 0.5377562499999999 0.5794546875 0.5389765625 0.623525 0.5516203125 0.7741281250000001 0.5537093750000001 0.7779328125 0.5591078125 0.7757765625 0.560884375 0.7714015625 0.5602921875 0.75783125 0.561303125 0.6705765625 0.5619296874999999 0.6263796875 0.5631828125 0.591946875 0.55963125 0.5855421875 0.5456984375 0.5787578124999999 0.5424249999999999 0.5772359375 0.5403687500000001 0.576284375 0.5388015625 0.57691875
2 0.5113546875 0.5897265625 0.5170671875 0.6350671875 0.5235453125 0.6958140625 0.5282828125 0.7715921875 0.5305125 0.77520625 0.5332640625 0.77609375 0.536259375 0.7720359375 0.5390109375 0.7471140625 0.536015625 0.6468609375 0.5369906249999999 0.633671875 0.5352484375000001 0.5878890625000001 0.5332640625 0.5774890625 0.5272734375 0.57565 0.5184953125 0.5775515625 0.5148375 0.5788203125 0.5108328125 0.580659375 0.5113546875 0.5897265625
2 0.489934375 0.611034375 0.4962375 0.6681671875 0.5034140625 0.76125625 0.5055031249999999 0.7650609375 0.507871875 0.7634109375 0.5093703125 0.745465625 0.5096828125 0.6801515625000001 0.5120515625000001 0.57780625 0.492371875 0.5797078124999999 0.4890625 0.5805328125 0.48784375 0.5826890625 0.489934375 0.611034375
2 0.4597703125 0.59004375 0.45875937499999997 0.598225 0.46475156249999994 0.636334375 0.481190625 0.7537734375 0.4881578125 0.77825 0.490665625 0.7392515625 0.486659375 0.657196875 0.48641562499999996 0.6136328125 0.48718281250000006 0.5818640625 0.4762109375 0.5800890625 0.46987187500000005 0.580215625 0.46673593750000003 0.5809765625 0.4612671875 0.5855421875 0.4597703125 0.59004375
1 0.4320453125 0.7350671875 0.4416234375 0.7944203125 0.44399218749999997 0.8009515625000001 0.4463953125 0.8025359375000001 0.4511671875 0.8025359375000001 0.46192968749999996 0.788965625 0.4631484375 0.7655671875000001 0.457471875 0.6953078125000001 0.45506718749999997 0.6370953125 0.4508875 0.6251109375 0.44757968750000005 0.6218765625 0.44399218749999997 0.6218765625 0.44071718750000005 0.6180718749999999 0.43831406250000005 0.6180718749999999 0.4356328125 0.620228125 0.4309640625 0.628915625 0.42964062500000005 0.6327203124999999 0.426053125 0.648003125 0.4320453125 0.7350671875
3 0.3864859375 0.663221875 0.3960640625 0.7279640625 0.403553125 0.7665828125 0.40505 0.76823125 0.41250468749999997 0.76823125 0.415778125 0.7655046875 0.4184953125 0.758465625 0.4205859375 0.7415984375 0.41967968750000006 0.6316421875 0.4172765625 0.61693125 0.4029265625 0.600634375 0.3975625 0.5979078125 0.393975 0.600634375 0.3907 0.6060234375 0.3884703125 0.6140140625 0.3871125 0.6213062500000001 0.3849875 0.6310718750000001 0.3864859375 0.663221875
3 0.3533953125 0.675459375 0.36060625 0.7153453125 0.367328125 0.781546875 0.3693140625 0.7878890625 0.372065625 0.7915656249999999 0.37805625 0.790615625 0.3812953125 0.7865562500000001 0.38303750000000003 0.781103125 0.383525 0.760240625 0.38328125 0.69175625 0.384534375 0.6645531250000001 0.38425625 0.6264421875 0.3812953125 0.6209890625 0.3787875 0.6192140625 0.37429531250000003 0.617375 0.367328125 0.6164875000000001 0.36360156250000003 0.617375 0.3561125 0.62828125 0.3481359375 0.63690625 0.3474046875 0.63868125 0.3478921875 0.64914375 0.3533953125 0.675459375
4 0.2998609375 0.7883328125 0.2998609375 0.791503125 0.3018453125 0.79518125 0.3035875 0.7942296875 0.310065625 0.7842734375 0.3232671875 0.7579578125 0.33075625 0.7294234375 0.336225 0.6894734375 0.347440625 0.6481921875000001 0.34918125 0.6327843750000001 0.34719687499999996 0.622384375 0.33646875 0.6155359375 0.3275171875 0.6146484375 0.3237546875 0.6201015625 0.320271875 0.6133171875000001 0.31428124999999996 0.612365625 0.30606093749999996 0.6137609375 0.3005921875 0.611034375 0.29634218749999997 0.611034375 0.29487968750000004 0.6137609375 0.292371875 0.623715625 0.29212812499999996 0.6422953125 0.29435781250000004 0.6618265625 0.29435781250000004 0.686303125 0.28390781249999997 0.7516171875000001 0.2834203125 0.782434375 0.28565 0.790171875 0.28812187499999997 0.790615625 0.2941140625 0.7833859375000001 0.30310000000000004 0.7244140625 0.3070703125 0.706721875 0.310065625 0.6999359375 0.3128171875 0.696765625 0.31727656249999997 0.696259375 0.3182859375 0.6994296875 0.3187734375 0.70126875 0.315290625 0.7362078125 0.2998609375 0.7883328125
4 0.246359375 0.7547875000000001 0.2455234375 0.7589734375 0.2455234375 0.7627140625 0.24719687499999998 0.768040625 0.2486234375 0.7703234375 0.2552765625 0.7721625000000001 0.2587953125 0.771084375 0.2621390625 0.76651875 0.2679546875 0.7483828124999999 0.27833437499999997 0.7 0.2857890625 0.6765375 0.289515625 0.6584015625 0.289725 0.647875 0.2876703125 0.63690625 0.281853125 0.6270765625 0.2777078125 0.625175 0.2712640625 0.62821875 0.26711874999999996 0.6338625 0.26544687499999997 0.6259359375 0.259003125 0.6172484375 0.25255937500000003 0.614584375 0.2446875 0.6187703124999999 0.2392890625 0.628915625 0.23472656249999999 0.646353125 0.233890625 0.6878890625 0.2315921875 0.7045656250000001 0.22413750000000002 0.747621875 0.22601875 0.7559296875 0.23016406250000002 0.7604953125 0.23514531249999998 0.7604953125 0.23887187499999998 0.7559296875 0.2428078125 0.744578125 0.24883281249999997 0.7211796875 0.25113125 0.715853125 0.2538140625 0.7121109375 0.25775000000000003 0.71135 0.2587953125 0.7121109375 0.25963125 0.7140140625 0.2509234375 0.7431203125 0.246359375 0.7547875000000001
4 0.1907 0.6455921874999999 0.193834375 0.6467343750000001 0.1979796875 0.6500953125 0.20149843750000002 0.655040625 0.20442343749999997 0.664109375 0.2056421875 0.6660109375000001 0.21208593750000002 0.663728125 0.21563906249999998 0.664109375 0.2187390625 0.666771875 0.21665 0.687128125 0.2137578125 0.6984781250000001 0.2108328125 0.7028531250000001 0.2174859375 0.69695625 0.2256015625 0.6814843749999999 0.23058125000000002 0.6542796875 0.22849218750000003 0.638046875 0.226228125 0.635003125 0.22162968749999998 0.6331015625 0.217903125 0.628915625 0.21208593750000002 0.6274578125 0.20773281250000003 0.6194671875 0.2046328125 0.6157265625 0.20007031249999999 0.611921875 0.1975625 0.611921875 0.19547187500000002 0.6138234375 0.1915359375 0.620228125 0.187390625 0.632340625 0.1848828125 0.6440703125 0.183246875 0.660684375 0.184534375 0.65865625 0.18571875 0.6573234375 0.18948125 0.6471140625 0.1907 0.6455921874999999
4 0.20449375 0.380025 0.2032390625 0.3940390625 0.2036578125 0.40044375 0.206165625 0.40608750000000005 0.20842968750000002 0.40799062499999994 0.21880937500000003 0.40386875 0.2306515625 0.422003125 0.2345875 0.42504687499999994 0.2368859375 0.42390625000000004 0.24270312500000002 0.41217499999999996 0.24580312499999998 0.401965625 0.24663906249999998 0.396321875 0.24559375 0.3894734375 0.24413125 0.384590625 0.2354234375 0.39137656249999997 0.22110781249999997 0.3853515625 0.21445468750000002 0.381546875 0.21111093749999998 0.37609375 0.2096828125 0.3720984375 0.2067921875 0.37438125 0.20449375 0.380025
4 0.24810156249999998 0.387825 0.24559375 0.3960046875 0.24559375 0.4190875 0.24186718749999997 0.4422328125 0.23612031249999998 0.46537656250000003 0.233890625 0.48440000000000005 0.2356328125 0.4953078125 0.24061249999999998 0.5071015625 0.24559375 0.5098281250000001 0.24757968749999998 0.509384375 0.25308281250000003 0.5052625 0.25457968750000004 0.5089406249999999 0.26429843750000004 0.518896875 0.267015625 0.518896875 0.2704984375 0.5157265625 0.279240625 0.5034875000000001 0.28721718749999997 0.4902984375 0.28645 0.476728125 0.28021562499999997 0.4327203125 0.279484375 0.3837671875 0.2777421875 0.3783125 0.2727625 0.3783125 0.2695234375 0.3800890625 0.2675375 0.3850984375 0.26851250000000004 0.401903125 0.26826875 0.40913125 0.267015625 0.413696875 0.26454218749999997 0.41414062500000004 0.26255625 0.4131890625 0.261059375 0.41097031250000005 0.25754062499999997 0.3887125 0.256321875 0.3869375 0.25332656249999996 0.3859859375 0.24810156249999998 0.387825
4 0.289446875 0.40126875 0.2874609375 0.40259999999999996 0.28645 0.4044390625 0.285196875 0.408496875 0.2824796875 0.429803125 0.28547500000000003 0.46068437500000003 0.289446875 0.4887765625 0.2887140625 0.503296875 0.2834546875 0.5318953125 0.2832109375 0.5586562500000001 0.28645 0.57178125 0.29094375 0.5781234375000001 0.29790937500000003 0.5799624999999999 0.302403125 0.5785671875 0.3048765625 0.5731140625 0.313096875 0.5826890625 0.32232656249999997 0.5826890625 0.33155625 0.5745078125 0.335040625 0.5686109375 0.335771875 0.5522515625 0.3290484375 0.51915 0.324834375 0.491946875 0.32309375 0.4529484375 0.3175890625 0.429803125 0.31111093749999996 0.4116671875 0.3063734375 0.4044390625 0.3016375 0.4007609375 0.29790937500000003 0.40031718749999995 0.2964125 0.40215625 0.3053984375 0.4411546875 0.312853125 0.47698124999999997 0.312365625 0.48693749999999997 0.3113546875 0.4878890625 0.3056421875 0.48560625 0.3016375 0.47336718749999995 0.297665625 0.44432499999999997 0.294078125 0.4086875 0.2934171875 0.4044390625 0.291675 0.40171250000000003 0.289446875 0.40126875
3 0.34820625 0.3933421875 0.34103125 0.3922640625 0.33744375 0.3944203125 0.33416875 0.398225 0.3320796875 0.4041859375 0.331765625 0.414521875 0.33326406249999996 0.45643593750000006 0.3335765625 0.485859375 0.331765625 0.5103359375000001 0.332984375 0.5326562499999999 0.33385625 0.5408375000000001 0.339846875 0.5457203125000001 0.3449328125 0.548446875 0.3502953125 0.5467984375 0.35360468749999996 0.5375390624999999 0.35896875 0.54134375 0.36614375 0.5320859375 0.36973124999999996 0.5190234375 0.368546875 0.4983515625 0.35426718749999997 0.40773593750000003 0.3532921875 0.40259999999999996 0.3509234375 0.39606875 0.34820625 0.3933421875
3 0.3693828125 0.33348125 0.3678859375 0.33506718750000003 0.3630796875 0.384084375 0.361615625 0.4216234375 0.36879062500000004 0.48693749999999997 0.3705671875 0.5305015625 0.37533906250000004 0.5560562499999999 0.383734375 0.5604312499999999 0.390003125 0.5592890625 0.3965859375 0.5446421875 0.40254218750000004 0.547875 0.4094390625 0.5489531249999999 0.411215625 0.541915625 0.41421093750000004 0.51090625 0.41212187499999997 0.49784375000000003 0.404353125 0.48205468749999997 0.39958125 0.46188906249999995 0.3962734375 0.4216234375 0.39268593749999997 0.4041859375 0.3831421875 0.374825 0.37565312500000003 0.3466078125 0.37446875 0.34216875 0.371159375 0.33348125 0.3693828125 0.33348125
1 0.3919546875 0.329359375 0.3883671875 0.33316406249999997 0.384465625 0.34292968749999997 0.38355937500000004 0.3483828125 0.387146875 0.36036718749999996 0.399721875 0.41750156250000003 0.40240312500000003 0.44312031249999995 0.40090624999999996 0.469753125 0.40271718749999996 0.47958125 0.407209375 0.48883906250000003 0.40898593749999995 0.5029796875 0.416475 0.5263796875 0.4170671875 0.549778125 0.4209328125 0.556309375 0.4245203125 0.5557390625 0.4361890625 0.545403125 0.44454843750000006 0.541090625 0.4481359375 0.5356375 0.4481359375 0.5268859375 0.44663906249999996 0.5198484375 0.441275 0.5040578124999999 0.43650312500000005 0.4844640625 0.440090625 0.4724796875 0.4409609375 0.4583390625 0.4370953125 0.43544687499999996 0.428109375 0.39625937499999997 0.418565625 0.3690546875 0.40630468750000004 0.3310078125 0.4050859375 0.329359375 0.400034375 0.3266328125 0.3919546875 0.329359375
2 0.44674375 0.376284375 0.4452453125 0.37951875 0.4461515625 0.422003125 0.44496718749999997 0.496575 0.4452453125 0.5172484374999999 0.44646406250000004 0.5368421875 0.449146875 0.5422953125000001 0.451828125 0.5461 0.462 0.5471781250000001 0.46617968750000005 0.542803125 0.46826875 0.5368421875 0.46858281249999995 0.51395 0.46708437500000005 0.47533281250000003 0.46677187499999995 0.4481296875 0.46109375 0.40133125 0.45391875 0.3773625 0.452734375 0.37520625 0.44883281249999996 0.37412812500000003 0.44674375 0.376284375
2 0.4784046875 0.364615625 0.471403125 0.3651234375 0.46893124999999997 0.36785 0.46694531250000004 0.372353125 0.4671890625 0.3773625 0.47164687499999997 0.41407812499999996 0.47614062500000004 0.46899218749999994 0.480146875 0.5442609375 0.481365625 0.551934375 0.4853703125 0.5551046875 0.4963421875 0.5560562499999999 0.5080453125 0.551490625 0.5140015625000001 0.543309375 0.5140015625000001 0.530628125 0.508534375 0.479390625 0.504040625 0.45034843750000003 0.48516250000000005 0.37691875 0.48338593750000003 0.37051406249999996 0.48112187500000003 0.3655671875 0.4784046875 0.364615625
2 0.558759375 0.35669062500000004 0.55604375 0.355040625 0.5521765624999999 0.355040625 0.5485890625 0.35776718750000003 0.5452796875 0.3653765625 0.530059375 0.41712187500000003 0.525253125 0.456309375 0.5207937499999999 0.5025359375 0.52048125 0.5444515625 0.5234765625 0.5504749999999999 0.547996875 0.5542796875 0.55276875 0.55263125 0.5569484375 0.5461 0.558759375 0.5292328125 0.55994375 0.4851609375 0.561128125 0.43887187499999997 0.5616156250000001 0.37013281249999996 0.5608500000000001 0.36322187499999997 0.55994375 0.3588453125 0.558759375 0.35669062500000004
2 0.564890625 0.4188328125 0.5642984375 0.438428125 0.569975 0.44927031250000005 0.5729703125000001 0.453646875 0.5744687500000001 0.45960625000000005 0.580425 0.4574515625 0.58850625 0.4574515625 0.5983625 0.44927031250000005 0.60195 0.443309375 0.6049453125 0.42916875 0.6061296875 0.41065312499999995 0.608846875 0.39321562499999996 0.6190171875 0.358909375 0.6318703125 0.3289796875 0.6330546874999999 0.315409375 0.6309640625 0.30615156250000003 0.626784375 0.30126875000000003 0.623196875 0.30019062500000004 0.619609375 0.30126875000000003 0.6118421875 0.31268281249999996 0.6106234374999999 0.31483906250000004 0.5735625 0.38725468749999997 0.564890625 0.4188328125
2 0.601671875 0.423715625 0.600453125 0.421496875 0.5950890625 0.4264421875 0.5926859375 0.4329734375 0.5798328125000001 0.4781234375 0.574746875 0.4922640625 0.5657953124999999 0.5107796875 0.5657953124999999 0.5227640625000001 0.5696625 0.5347500000000001 0.5738765625 0.542865625 0.5789265625 0.5478125 0.5837343749999999 0.5478125 0.593590625 0.5390609375000001 0.5956812499999999 0.5303734375 0.5974921875 0.48192812500000004 0.6010453124999999 0.43690625 0.6013578125000001 0.4318953125 0.6022640625 0.42695 0.601671875 0.423715625
1 0.651584375 0.3751421875 0.6450015625 0.3751421875 0.6357359375 0.3800890625 0.6288750000000001 0.3898546875 0.6192968750000001 0.41813593750000005 0.611215625 0.4513640625 0.6070359375 0.46442656250000003 0.604353125 0.48021562500000003 0.6037625 0.5008874999999999 0.6073500000000001 0.5123015625 0.61361875 0.5133796875 0.6187046875 0.5101453125 0.62079375 0.5177546875 0.6234765624999999 0.5194046875 0.6324625 0.5188328125 0.63695625 0.5123015625 0.6366421875 0.5046921875 0.6342390625000001 0.48186406249999997 0.6336468749999999 0.46880156250000005 0.63483125 0.45351875 0.6402296875 0.42739374999999996 0.6465687499999999 0.3877609375 0.6474046875 0.382815625 0.647996875 0.3805953125 0.651584375 0.3751421875
1 0.6345171875 0.453075 0.631765625 0.45174375 0.6272734375 0.45351875 0.6222921875 0.46081093749999996 0.5971437500000001 0.5274578125 0.596378125 0.53696875 0.5983984375 0.5442609375 0.603865625 0.5497140625 0.6140718749999999 0.5565 0.6210375 0.5596703125 0.6252875 0.5569437500000001 0.6282828125 0.5442609375 0.6352140625 0.47964531250000003 0.636084375 0.47146406250000006 0.6369906249999999 0.458084375 0.6345171875 0.453075
3 0.6714734375 0.3614453125 0.6675375 0.3555484375 0.66321875 0.3555484375 0.6564265625 0.3581484375 0.6535359374999999 0.3614453125 0.6485203125 0.3927703125 0.6388359375 0.439821875 0.6374078125 0.47178125 0.6381046875 0.48744375 0.6391843749999999 0.49727343749999997 0.644584375 0.49923906249999994 0.6499484375 0.492009375 0.6549640625 0.5031703125 0.6664578125 0.5077359375 0.669696875 0.5018390625 0.6725531250000001 0.47634687500000006 0.6733890625 0.38560625000000004 0.6732843749999999 0.3777421875 0.6725531250000001 0.3666453125 0.6714734375 0.3614453125
3 0.6612671875 0.5066578125000001 0.6592828125 0.50215625 0.6562875 0.498921875 0.6478234375 0.498921875 0.6420765625 0.49442031249999996 0.6383484375 0.49442031249999996 0.634865625 0.497146875 0.6331249999999999 0.5025999999999999 0.6253921874999999 0.5479390625 0.6261234375 0.561571875 0.6341 0.5669625 0.6418328125 0.5696890625 0.6453156250000001 0.5679140625 0.650784375 0.5710843750000001 0.6577843750000001 0.572859375 0.663253125 0.5642359375 0.663496875 0.5452125 0.663009375 0.5230187500000001 0.6692796875 0.5053265625 0.6667359375 0.5066578125000001 0.6652390625 0.5075453125 0.6612671875 0.5066578125000001
4 0.6910828125 0.40577031249999995 0.683003125 0.41972031249999997 0.6748875 0.44692499999999996 0.67325 0.4896640625 0.671578125 0.504375 0.6645078125 0.5440703124999999 0.668234375 0.5648703125 0.6734234375 0.56563125 0.6804953125 0.575459375 0.683003125 0.5762203125 0.69045625 0.5705140625 0.6929640625 0.5618265625000001 0.699790625 0.5739375 0.70188125 0.5739375 0.7051890625 0.5720359375 0.7116328125 0.5614453125 0.71435 0.547875 0.71246875 0.5183890625 0.7070703125 0.48928281250000005 0.706234375 0.44654375 0.7041796875 0.41065312499999995 0.7020906250000001 0.3940390625 0.7010453125 0.39289843750000003 0.6981546875 0.3955609375 0.694009375 0.47305 0.692128125 0.47831250000000003 0.69045625 0.4794546875 0.687565625 0.47755156249999997 0.686103125 0.47419218750000003 0.685684375 0.4681046875 0.6865203125 0.455675 0.693278125 0.40951250000000006 0.694009375 0.405390625 0.6948109375 0.40082500000000004 0.6910828125 0.40577031249999995
4 0.7144546875 0.379328125 0.7129578125 0.379328125 0.710971875 0.3824984375 0.711459375 0.40564375 0.7099609375 0.44464218750000006 0.7094734375 0.4822453125 0.7127140625 0.4922640625 0.726925 0.5036140625 0.7304078125 0.5031078124999999 0.7363640625000001 0.4922640625 0.7433640625 0.495434375 0.7475796875 0.4881421875 0.7518281250000001 0.474128125 0.7520718750000001 0.455484375 0.7473359375 0.432403125 0.744340625 0.4042484375 0.744828125 0.38972656250000004 0.7368859375000001 0.390678125 0.73336875 0.3833859375 0.73336875 0.4033609375 0.7358765625 0.41471093750000004 0.7358765625 0.42422343749999997 0.7328812499999999 0.434178125 0.728909375 0.44147187499999996 0.7251484375 0.443246875 0.72291875 0.442803125 0.721909375 0.43874375 0.7194359375 0.41426718749999997 0.7160921874999999 0.3894734375 0.715953125 0.38478124999999996 0.715953125 0.38161093749999997 0.7144546875 0.379328125
4 0.7518640624999999 0.38300625 0.749146875 0.39156562500000003 0.7476484375 0.4090671875 0.748240625 0.41382343749999995 0.7500515625 0.4183265625 0.7519671875 0.419975 0.7542671875 0.42530156249999995 0.7573671875 0.424540625 0.7602578125 0.42726718750000003 0.7614765625000001 0.42675937499999994 0.762975 0.4227015625 0.76778125 0.4161703125 0.7704625 0.4152828125 0.773075 0.42092656249999993 0.779484375 0.42561875000000005 0.783803125 0.42530156249999995 0.7849875 0.41655 0.783490625 0.385921875 0.7799031249999999 0.3939125 0.7752703125 0.39778125000000003 0.7691749999999999 0.3953703125 0.7645765625000001 0.396321875 0.7619640624999999 0.3953703125 0.7593515625 0.39137656249999997 0.7583765625 0.388078125 0.7576453125 0.3807859375 0.7576453125 0.377171875 0.754440625 0.37951875 0.7518640624999999 0.38300625
