4 0.438053125 0.793309375 0.48571406250000004 0.7714984375 0.512515625 0.7631359375 0.5295828124999999 0.7547734375 0.49696562499999997 0.7185359375 0.487990625 0.7189546874999999 0.4690265625 0.72648125 0.408596875 0.7581187500000001 0.39987343750000004 0.7650171875 0.3950703125 0.7824390625000001 0.40695312499999997 0.7786765625000001 0.442225 0.7593734375000001 0.4460171875 0.75958125 0.45056874999999996 0.762090625 0.452465625 0.7650171875 0.45056874999999996 0.7673171875 0.4221234375 0.7896171875 0.419975 0.7927531250000001 0.4244 0.7943546875 0.438053125 0.793309375
4 0.390265625 0.74696875 0.4145390625 0.7379796875 0.4398234375 0.7255046875 0.448925 0.72466875 0.4643484375 0.7181875 0.487484375 0.7152609375 0.49266718750000005 0.7135890625 0.493046875 0.7098265625 0.4798984375 0.69484375 0.471934375 0.6773515625 0.4662453125 0.670453125 0.455246875 0.6729609375 0.4276859375 0.6834140625 0.41340000000000005 0.6908703125 0.40050625 0.6998609375 0.3771171875 0.7073875000000001 0.3589125 0.716934375 0.34525937500000003 0.72655 0.3445 0.7294078125000001 0.3520859375 0.7310796875000001 0.36877343749999997 0.7275953125 0.390265625 0.7181875 0.40164375 0.7160968750000001 0.4115046875 0.716515625 0.413021875 0.7198609375 0.380784375 0.73484375 0.376359375 0.74320625 0.3804046875 0.74696875 0.390265625 0.74696875
4 0.36611875 0.700696875 0.395575 0.6921953125 0.42275625000000006 0.677490625 0.43906406249999996 0.6724734375 0.45499375000000003 0.6729609375 0.46725625 0.670940625 0.4699109375 0.66696875 0.4676359375 0.6524734375000001 0.4622 0.64696875 0.46270468749999993 0.6374906250000001 0.4604296875 0.6339375 0.455878125 0.63121875 0.44045468750000005 0.630940625 0.42781250000000004 0.6351921875000001 0.3487984375 0.6649484375 0.33160625 0.6739375 0.33426093749999997 0.6779796874999999 0.337546875 0.6789546875 0.355246875 0.6762374999999999 0.3815421875 0.66696875 0.3950703125 0.663971875 0.39924218749999996 0.663971875 0.40050625 0.6654359375000001 0.3987359375 0.66794375 0.349684375 0.6944953125 0.3479140625 0.6979796875 0.3515796875 0.7 0.36611875 0.700696875
3 0.291403125 0.640278125 0.2993671875 0.6438328125 0.317446875 0.6457140625 0.3726921875 0.644878125 0.4262953125 0.6336578125 0.4426046875 0.626759375 0.4456390625 0.62320625 0.44677656250000003 0.616096875 0.44108749999999997 0.6124046875 0.43994999999999995 0.6073875 0.4376734375 0.604878125 0.429709375 0.604459375 0.3964609375 0.61533125 0.35069531249999997 0.6273875 0.291403125 0.640278125
3 0.3734515625 0.591359375 0.345890625 0.6000703125 0.297471875 0.6130312499999999 0.280025 0.61860625 0.276990625 0.6234140625 0.2781296875 0.6261328125000001 0.2834390625 0.626759375 0.3024015625 0.6250875 0.3420984375 0.61860625 0.382553125 0.6098953125000001 0.4312265625 0.6034140625 0.43653593749999997 0.5915671875 0.43615624999999997 0.58885 0.43160625 0.5861328125 0.433121875 0.5821609375000001 0.43236406250000003 0.5804875 0.4304671875 0.5788156250000001 0.4188375 0.57860625 0.3979765625 0.5878046875 0.3734515625 0.591359375
1 0.289759375 0.5673874999999999 0.269784375 0.575609375 0.24664999999999998 0.5883625 0.269784375 0.5903828125 0.31833125 0.591359375 0.3623265625 0.5871078125 0.379140625 0.5831359375 0.38596718750000003 0.5793734374999999 0.38596718750000003 0.5743546875 0.39089687500000003 0.572125 0.4131484375 0.568640625 0.4245265625 0.56515625 0.4262953125 0.5606265625 0.425790625 0.5531015625 0.4226296875 0.5516375 0.3917828125 0.552125 0.3623265625 0.5543546874999999 0.32149218749999997 0.5603484375 0.289759375 0.5673874999999999
2 0.29431093750000004 0.5581875000000001 0.351328125 0.5517765625 0.4201015625 0.5488500000000001 0.42351406249999995 0.5475953125 0.42465156249999997 0.54236875 0.42047968750000003 0.5250874999999999 0.41833125000000004 0.5223687499999999 0.27534843750000004 0.5468296875 0.26169375 0.553728125 0.2704171875 0.55763125 0.29431093750000004 0.5581875000000001
2 0.3522125 0.5080843749999999 0.2896328125 0.5140765625 0.281921875 0.5170734375 0.27787656250000003 0.522578125 0.2801515625 0.525784375 0.294690625 0.5280843749999999 0.360809375 0.525296875 0.41024062499999997 0.5210453125 0.415296875 0.5200703125 0.41845781249999997 0.5137984375 0.41757343750000003 0.505784375 0.4170671875 0.503065625 0.41024062499999997 0.5000703125 0.40391875 0.500278125 0.392540625 0.503065625 0.3522125 0.5080843749999999
2 0.2824265625 0.492821875 0.2896328125 0.49630625000000006 0.311884375 0.499790625 0.40986093749999997 0.5007671874999999 0.404425 0.4820203125 0.40075781250000003 0.47958125 0.385840625 0.47958125 0.2887484375 0.485575 0.28053125 0.488084375 0.2824265625 0.492821875
2 0.2896328125 0.46432031250000005 0.31732031250000003 0.46926875 0.403034375 0.47902500000000003 0.4170671875 0.4770734375 0.4207328125 0.47303125 0.4207328125 0.4678046875 0.41340000000000005 0.459025 0.4107453125 0.45679375 0.3996203125 0.45484375000000005 0.3499375 0.45205624999999994 0.31732031250000003 0.45651562500000004 0.2896328125 0.46432031250000005
1 0.2570171875 0.40724687499999995 0.24108749999999998 0.4087109375 0.2570171875 0.42222968749999995 0.29279375 0.43574843750000003 0.344121875 0.4452265625 0.3912765625 0.45121874999999995 0.41845781249999997 0.45351875 0.42022812500000006 0.452753125 0.42022812500000006 0.4452265625 0.4142859375 0.4336578125 0.41163125 0.42926875000000003 0.4067 0.4242515625 0.38938125 0.4212546875 0.27876093750000003 0.40850156249999997 0.2570171875 0.40724687499999995
3 0.2901390625 0.38334531250000003 0.290896875 0.3856453125 0.298103125 0.39003437500000004 0.3161828125 0.397909375 0.4099875 0.422509375 0.41555 0.422509375 0.419721875 0.4191640625 0.42047968750000003 0.41024374999999996 0.42275625000000006 0.40689843750000004 0.42237656250000005 0.3970734375 0.42199687499999994 0.3937984375 0.4189640625 0.3914984375 0.314665625 0.38313593749999997 0.29734531249999996 0.3823 0.2901390625 0.38334531250000003
3 0.299115625 0.348153125 0.2926671875 0.3508703125 0.2926671875 0.3549125 0.297725 0.35811875 0.3806578125 0.377909375 0.42022812500000006 0.3891296875 0.4242734375 0.3891296875 0.4265484375 0.3864109375 0.43602968750000004 0.3673875 0.43602968750000004 0.3641109375 0.427434375 0.3591640625 0.3862203125 0.3496171875 0.34487968750000003 0.34662031249999997 0.299115625 0.348153125
4 0.34614375000000003 0.318884375 0.3370421875 0.32439062500000004 0.3556265625 0.3308703125 0.38609375 0.3386765625 0.4159296875 0.3498953125 0.42958281249999997 0.35888437500000003 0.43501874999999995 0.3599296875 0.4378 0.3586765625 0.4423515625 0.3516375 0.4481671875 0.3464109375 0.4477875 0.335121875 0.451328125 0.331915625 0.451328125 0.323903125 0.45549999999999996 0.3168640625 0.45499375000000003 0.314634375 0.4218703125 0.312125 0.37838125 0.298884375 0.36422187500000003 0.29686406249999997 0.3570171875 0.29790937500000003 0.3520859375 0.30090625000000004 0.35335 0.304878125 0.3592921875 0.3096171875 0.375221875 0.3154 0.37838125 0.3171421875 0.3787609375 0.3201390625 0.37383125 0.321115625 0.3587859375 0.318884375 0.34614375000000003 0.318884375
4 0.3606828125 0.244390625 0.37244062499999997 0.257909375 0.3938046875 0.272125 0.44728124999999996 0.30139375 0.4618203125 0.3034140625 0.4699109375 0.29965156249999997 0.4840703125 0.267178125 0.468646875 0.2636234375 0.404171875 0.2266203125 0.394184375 0.22466875000000003 0.381921875 0.228153125 0.3838171875 0.23261250000000003 0.42730781249999994 0.26216093749999997 0.42958281249999997 0.26487812499999996 0.4255375 0.2683625 0.41643437499999997 0.2673875 0.3584078125 0.238396875 0.3606828125 0.244390625
4 0.616434375 0.30153281249999997 0.6627046875 0.290034375 0.62060625 0.2885015625 0.5874843750000001 0.2852265625 0.526675 0.28376250000000003 0.5212390625000001 0.28452968749999996 0.5166875 0.292753125 0.51555 0.3210453125 0.5589125 0.3185359375 0.609734375 0.3192328125 0.635525 0.313728125 0.64829375 0.30822343750000003 0.65499375 0.3022296875 0.6480406249999999 0.30369375 0.6437421875 0.3050171875 0.6223765625000001 0.306759375 0.614665625 0.305784375 0.6137796875 0.303971875 0.616434375 0.30153281249999997
4 0.5866 0.3384671875 0.6024015625 0.3384671875 0.6225031249999999 0.3336578125 0.6367890625 0.3285015625 0.642478125 0.32515625 0.642478125 0.320975 0.5695328125 0.325784375 0.512515625 0.32411093750000003 0.5037921875 0.3315671875 0.4984828125 0.34181249999999996 0.498103125 0.363275 0.5060687500000001 0.3662015625 0.532490625 0.36599375 0.61605625 0.3485015625 0.6311 0.3428578125 0.6367890625 0.33825781250000003 0.6367890625 0.33637656250000003 0.6311 0.33533124999999997 0.5970921875 0.341603125 0.5843234374999999 0.341603125 0.5812890625 0.3401390625 0.5866 0.3384671875
3 0.6314796874999999 0.38745625 0.555878125 0.3799296875 0.513653125 0.3726125 0.5011375 0.365784375 0.49355312500000004 0.3703828125 0.48824218750000004 0.3828578125 0.49089687499999995 0.3921953125 0.49696562499999997 0.39512187499999996 0.5487984375 0.3940765625 0.61946875 0.39533125 0.6681421875 0.4094078125 0.6723140625 0.4108015625 0.6795203125 0.4126125 0.671934375 0.4062015625 0.6474078125 0.392821875 0.6314796874999999 0.38745625
3 0.6256640625000001 0.4116375 0.597725 0.4062015625 0.5077125 0.3961671875 0.49077187499999997 0.3961671875 0.4873578125 0.39763125 0.48280625 0.403903125 0.4824265625 0.41121875 0.48432343749999995 0.41721250000000004 0.4873578125 0.42034843750000006 0.618078125 0.42041874999999995 0.6275593749999999 0.42034843750000006 0.635525 0.4184671875 0.635525 0.4165859375 0.632490625 0.4144953125 0.6256640625000001 0.4116375
1 0.5585328125 0.4238328125 0.49721875000000004 0.4218125 0.48280625 0.4243203125 0.471934375 0.42829218750000003 0.46915312499999995 0.43609687499999994 0.47281874999999995 0.4440421875 0.48280625 0.4478046875 0.6020234375 0.44654999999999995 0.6360296875 0.4414640625 0.6428578125 0.4408359375 0.6479140625 0.4408359375 0.6388109375 0.4372828125 0.60834375 0.4298265625 0.5585328125 0.4238328125
2 0.6035390625 0.460278125 0.5926671875 0.45853593750000005 0.5409609375 0.4542859375 0.4788875 0.4512890625 0.466371875 0.4542859375 0.4637171875 0.4572828125 0.46156718750000003 0.46752656249999996 0.4637171875 0.473240625 0.466371875 0.474703125 0.5948171875 0.47198593750000006 0.5987359375 0.471428125 0.61061875 0.46898906250000005 0.6134000000000001 0.46717812500000006 0.6122625 0.46418125000000005 0.6035390625 0.460278125
2 0.554234375 0.47951249999999995 0.46005 0.478328125 0.4573953125 0.4801390625 0.455246875 0.4882234375 0.4557515625 0.5071078124999999 0.4611890625 0.5101046874999999 0.49329999999999996 0.5073875 0.5145390625 0.5038328125 0.5962078125 0.497490625 0.6010109375 0.49602812500000004 0.609228125 0.49149843750000005 0.609228125 0.4861328125 0.6049296875 0.48250937499999996 0.554234375 0.47951249999999995
2 0.5910234375 0.5206265625000001 0.4729453125 0.5121953125 0.45613125 0.513728125 0.4522125 0.53679375 0.45613125 0.5422296875 0.4637171875 0.5443203125 0.523009375 0.5392328125 0.5426046875 0.5413234375 0.601390625 0.5374218749999999 0.6089765625 0.53679375 0.61605625 0.533240625 0.61555 0.5284328125 0.6079640625 0.5236234375000001 0.5910234375 0.5206265625000001
2 0.4718078125 0.5475265625 0.466371875 0.5510796874999999 0.466371875 0.5660624999999999 0.469659375 0.5696859375 0.47838125 0.57121875 0.575853125 0.564878125 0.6342609375 0.5577703125 0.6586593749999999 0.5545640625 0.6209859375 0.5475265625 0.59165625 0.5457140625 0.4718078125 0.5475265625
1 0.4798984375 0.5782578125 0.47926718749999997 0.58188125 0.4804046875 0.5896859375 0.486346875 0.5989546875 0.49077187499999997 0.601671875 0.5087234375 0.601115625 0.541340625 0.59630625 0.564728125 0.5959578125 0.6910234375 0.579790625 0.6964609375 0.578884375 0.695321875 0.5765156250000001 0.5103671875 0.5737984375 0.486346875 0.5749828124999999 0.4798984375 0.5782578125
3 0.5089765625 0.601671875 0.498609375 0.60320625 0.49089687499999995 0.6151921875 0.493678125 0.626271875 0.50505625 0.6310796875 0.5622 0.6289890625 0.633375 0.6222296875 0.6476609375 0.619303125 0.6630843750000001 0.6158187500000001 0.6787609375 0.6101046875 0.6232609375 0.605296875 0.5089765625 0.601671875
3 0.6615671875 0.636725 0.5359046875 0.63024375 0.51504375 0.63024375 0.5087234375 0.63121875 0.50505625 0.6387453125 0.5132749999999999 0.6582578125 0.6493046875 0.6547734375 0.661946875 0.6542859375 0.669659375 0.65024375 0.671934375 0.6442515625 0.667003125 0.6377703125 0.6615671875 0.636725
4 0.654740625 0.671915625 0.6084703124999999 0.665853125 0.574715625 0.6637625 0.5381796875 0.6562375 0.5256640625 0.6562375 0.5207328125 0.6598609375 0.5256640625 0.6796515624999999 0.53716875 0.6970734375000001 0.5740828125 0.6946343749999999 0.5926671875 0.6922640624999999 0.60948125 0.6952609375 0.66826875 0.698815625 0.6797718749999999 0.6961671875000001 0.6791406249999999 0.6949125 0.6699109375 0.692821875 0.6257906249999999 0.6841109375000001 0.6182046875 0.6793734375 0.6214921875 0.679025 0.6491781249999999 0.6817421875 0.6731984375 0.68745625 0.676990625 0.6877359375000001 0.681921875 0.6889203125 0.6835656250000001 0.68745625 0.681921875 0.684459375 0.654740625 0.671915625
4 0.570796875 0.6989546875 0.544753125 0.70041875 0.542225 0.7056453125 0.5481671875 0.7166546874999999 0.558659375 0.7298953125 0.5640953125 0.730453125 0.58950625 0.72466875 0.603034375 0.7234140625000001 0.6366625 0.7234140625000001 0.6815421875000001 0.7321953125 0.6878640625 0.7321953125 0.6892546875 0.72745625 0.6838171875 0.72466875 0.6747156249999999 0.7224390625 0.5975984375000001 0.7106625 0.5975984375000001 0.7086406249999999 0.6298359375 0.7096859375 0.6389375 0.7089203125 0.6675093750000001 0.7139375 0.6720609375000001 0.7124046875000001 0.6710499999999999 0.7096859375 0.667003125 0.707665625 0.634134375 0.701671875 0.570796875 0.6989546875
