4 0.4051828125 0.7778390625 0.46422187499999995 0.7675953125 0.5015171875 0.76885 0.5107453125 0.771846875 0.524778125 0.76975625 0.5386859375 0.7624390625 0.5426046875 0.7551921875 0.5309734374999999 0.745784375 0.5356515625 0.7333796875 0.53173125 0.7248078125 0.5270546875 0.7201390625 0.52161875 0.718396875 0.5115046875 0.7179796875 0.46725625 0.7286406249999999 0.4378 0.7320562500000001 0.399746875 0.7440421875000001 0.3912765625 0.745365625 0.38887499999999997 0.7470390625000001 0.3912765625 0.75303125 0.39747187500000003 0.7551921875 0.42225 0.750034375 0.4432359375 0.7487812500000001 0.45726875 0.7496171875 0.45954531249999997 0.751359375 0.42225 0.7620203125 0.3912765625 0.77400625 0.378003125 0.7812546874999999 0.4051828125 0.7778390625
4 0.3692796875 0.740696875 0.3788875 0.73958125 0.4242734375 0.7296171874999999 0.45651093749999994 0.7203484375 0.51276875 0.7178390625 0.525790625 0.712125 0.530340625 0.7075265625 0.5276859375 0.7007671875 0.5231359375 0.6950515625 0.5173203125 0.6910796875 0.5179515625 0.6868296875000001 0.5121359375 0.668640625 0.50834375 0.6640421875 0.50050625 0.662578125 0.49279375 0.662578125 0.48053125 0.66648125 0.46687812500000003 0.6736578125 0.4506953125 0.6846687499999999 0.428065625 0.69073125 0.36788906250000003 0.71073125 0.3627046875 0.7142859374999999 0.3601765625 0.7228578125 0.43388125000000005 0.7039718749999999 0.4423515625 0.70320625 0.4423515625 0.7082234374999999 0.440328125 0.7096171874999999 0.37244062499999997 0.7310109375 0.3653609375 0.734215625 0.3640953125 0.738884375 0.3692796875 0.740696875
4 0.3522125 0.6985359375 0.3548671875 0.6993734375 0.3651078125 0.6985359375 0.3812890625 0.6949125 0.442225 0.6703140624999999 0.47724374999999997 0.66878125 0.49608125000000003 0.6670390625 0.5015171875 0.6649484375 0.5046781250000001 0.6489203125 0.502528125 0.645296875 0.4934265625 0.642090625 0.4906453125 0.6396515625 0.49013906250000006 0.634634375 0.4944375 0.6275265625 0.4944375 0.6179796875 0.4896328125 0.61351875 0.484196875 0.61205625 0.47345156250000003 0.61205625 0.4599234375 0.61679375 0.445890625 0.6289890625 0.42755937499999996 0.63400625 0.40063281249999994 0.6381875 0.37370468749999997 0.6441109375 0.3477875 0.651846875 0.33919062499999997 0.6554 0.33059375 0.6670390625 0.3360296875 0.66878125 0.35056875 0.6655046875 0.3855875 0.6545640625 0.409228125 0.649546875 0.4201015625 0.64975625 0.42174531249999997 0.6515671875 0.41946874999999995 0.6548437500000001 0.40063281249999994 0.666690625 0.36725625 0.68188125 0.3522125 0.696725 0.3522125 0.6985359375
3 0.44045468750000005 0.5931015625 0.404171875 0.604878125 0.33830625 0.6234140625 0.3059421875 0.6308703125 0.30328750000000004 0.6373515624999999 0.3142859375 0.640209375 0.3323640625 0.6387453125 0.387990625 0.6273171875 0.4359046875 0.6223687499999999 0.4773703125 0.6159578125 0.48508281249999996 0.6137984375000001 0.48508281249999996 0.609546875 0.4798984375 0.5984671875 0.4824265625 0.5949125000000001 0.4766125 0.5891984375 0.4766125 0.581671875 0.4753484375 0.5784671875 0.46953281249999995 0.578884375 0.45082187500000004 0.58599375 0.44045468750000005 0.5931015625
3 0.305309375 0.602578125 0.3223765625 0.6017421875 0.4581546875 0.588084375 0.47838125 0.5829265625 0.483059375 0.5781875000000001 0.48217499999999996 0.56236875 0.4798984375 0.560209375 0.465865625 0.5550515625 0.4581546875 0.5537984375 0.44652343749999995 0.555121875 0.41163125 0.5675265625 0.33160625 0.5833453125 0.305309375 0.602578125
1 0.3326171875 0.5634140624999999 0.37989843749999996 0.5626484375 0.42895000000000005 0.557003125 0.4704171875 0.5501734375 0.493678125 0.5427171875 0.5007578125000001 0.5366546875 0.4988625 0.5295468750000001 0.4943109375 0.5252265625 0.4729453125 0.5198609375000001 0.46915312499999995 0.520278125 0.4523390625 0.521671875 0.3359046875 0.552334375 0.3170671875 0.5558890625 0.3326171875 0.5634140624999999
2 0.3389375 0.5018125 0.31946875 0.5029265625 0.3163078125 0.5057140625 0.3175734375 0.5078750000000001 0.3343875 0.510034375 0.3673828125 0.5182578125 0.4211125 0.5228578125000001 0.4398234375 0.5271078124999999 0.46308437500000005 0.5296171875 0.4721875 0.5292687500000001 0.48053125 0.5264109375 0.486725 0.513728125 0.4871046875 0.51073125 0.4798984375 0.5082234375 0.454109375 0.5078750000000001 0.423009375 0.5093375 0.3389375 0.5018125
2 0.338053125 0.4889203125 0.360809375 0.49337968749999994 0.412515625 0.501115625 0.4232609375 0.4996515625 0.43615624999999997 0.50466875 0.4723140625 0.507665625 0.483059375 0.5008359375 0.485334375 0.49574843749999997 0.4873578125 0.490453125 0.40278125 0.48655 0.3434890625 0.482090625 0.32894999999999996 0.482996875 0.338053125 0.4889203125
2 0.3295828125 0.45930312500000003 0.35385625 0.4724046875 0.39747187500000003 0.478328125 0.487990625 0.4875265625 0.48862187500000004 0.47031406249999996 0.48584062499999997 0.4685015625 0.4826796875 0.46731718750000006 0.467509375 0.4661328125 0.3553734375 0.46230000000000004 0.3295828125 0.45930312500000003
2 0.3188375 0.449478125 0.3193421875 0.45156718749999997 0.3262953125 0.4533796875 0.40935468750000004 0.4578390625 0.48912812499999997 0.4655046875 0.49228750000000004 0.46432031250000005 0.4929203125 0.4480140625 0.49228750000000004 0.44564531250000006 0.48584062499999997 0.441184375 0.47838125 0.44090625 0.33059375 0.44564531250000006 0.3188375 0.449478125
1 0.2998734375 0.376096875 0.297725 0.38 0.3122625 0.39958125 0.3262953125 0.40787500000000004 0.360303125 0.42069687499999997 0.4082171875 0.4352609375 0.44108749999999997 0.4438328125 0.4622 0.44473906249999995 0.4836921875 0.44327500000000003 0.486978125 0.441184375 0.487484375 0.43435468750000006 0.48053125 0.4289890625 0.459671875 0.419303125 0.445890625 0.41505156249999997 0.4276859375 0.41024374999999996 0.3393171875 0.39512187499999996 0.3098609375 0.385296875 0.2998734375 0.376096875
3 0.32389375 0.375540625 0.3161828125 0.3823 0.35107499999999997 0.38411093749999997 0.36093593749999997 0.3868296875 0.387990625 0.3979796875 0.45271875 0.416515625 0.48432343749999995 0.416515625 0.49013906250000006 0.41442500000000004 0.49013906250000006 0.4040421875 0.48761093750000006 0.3994421875 0.48179531249999996 0.3954703125 0.4721875 0.39170781250000003 0.4604296875 0.38982656250000003 0.4487984375 0.389059375 0.37054375 0.3751921875 0.333628125 0.3726828125 0.32389375 0.375540625
3 0.442225 0.38369375 0.47067031249999997 0.3979796875 0.47775 0.399025 0.4810359375 0.39832812500000003 0.48356562500000005 0.3883625 0.49329999999999996 0.3823 0.4945640625 0.3715671875 0.49266718750000005 0.3680140625 0.48609375000000005 0.36515624999999996 0.471428125 0.361671875 0.46156718750000003 0.3605578125 0.325790625 0.34090625 0.3270546875 0.3452265625 0.33995000000000003 0.3540765625 0.442225 0.38369375
4 0.358659375 0.3331703125 0.39747187500000003 0.3431359375 0.4433625 0.3531015625 0.44652343749999995 0.35811875 0.45689062500000005 0.364878125 0.487990625 0.3719859375 0.4917828125 0.3716375 0.49507031250000005 0.355609375 0.5008843749999999 0.3470390625 0.500253125 0.3431359375 0.5048046875 0.3370734375 0.5067 0.3285015625 0.5060687500000001 0.3249484375 0.4989890625 0.318884375 0.4917828125 0.3163765625 0.476990625 0.3170734375 0.445890625 0.316028125 0.4168140625 0.3046 0.3689 0.2882234375 0.362453125 0.2889203125 0.3566375 0.29142812500000004 0.358659375 0.2992328125 0.3676359375 0.3060625 0.42199687499999994 0.32780468749999997 0.4201015625 0.3303140625 0.42591718749999996 0.33456406250000004 0.42718125 0.3377703125 0.3806578125 0.32780468749999997 0.330846875 0.31282187499999997 0.33463906250000003 0.320278125 0.358659375 0.3331703125
4 0.3623265625 0.2710109375 0.39620781250000003 0.28675937500000004 0.4495578125 0.3060625 0.4721875 0.31588906250000004 0.48836874999999996 0.3206265625 0.498609375 0.32034843749999997 0.501896875 0.318884375 0.5035390625 0.31588906250000004 0.50834375 0.31351874999999996 0.5159296875 0.2971421875 0.5073328125 0.292125 0.5099875 0.28975625 0.5169406249999999 0.290940625 0.5212390625000001 0.281115625 0.520228125 0.27400625 0.5154234375 0.2698265625 0.501896875 0.26599375 0.4900125 0.267178125 0.45448750000000004 0.2648078125 0.408596875 0.2540765625 0.36611875 0.245784375 0.373071875 0.2540765625 0.4135265625 0.2712890625 0.428571875 0.2763765625 0.43615624999999997 0.2766546875 0.4437421875 0.280209375 0.4437421875 0.28320625 0.44045468750000005 0.285575 0.38166875 0.2677359375 0.36877343749999997 0.2648078125 0.353096875 0.26508750000000003 0.3623265625 0.2710109375
4 0.40492968749999997 0.21637656249999998 0.40429843749999994 0.2270390625 0.43021562500000005 0.24369375 0.4700375 0.256725 0.48571406250000004 0.2636234375 0.498609375 0.266271875 0.5121359375 0.26655 0.5218703125 0.26508750000000003 0.5309734374999999 0.2570734375 0.5299625 0.2460625 0.5218703125 0.24132343750000002 0.5299625 0.2401390625 0.536915625 0.2344953125 0.5390640624999999 0.2270390625 0.538053125 0.222578125 0.5299625 0.2187453125 0.5147906250000001 0.2142859375 0.47711718750000004 0.21484375 0.46093593750000006 0.208640625 0.42642187500000006 0.1994421875 0.419975 0.198815625 0.4135265625 0.20090625 0.4107453125 0.2035546875 0.411378125 0.20682968750000003 0.428571875 0.21519218750000002 0.4523390625 0.224390625 0.45335000000000003 0.2282234375 0.45170625 0.22975625000000002 0.43021562500000005 0.223484375 0.4135265625 0.21519218750000002 0.41024062499999997 0.21156718749999998 0.40492968749999997 0.21637656249999998
4 0.625284375 0.2401390625 0.680784375 0.2344953125 0.6857140625 0.2326828125 0.686725 0.23059218750000002 0.6835656250000001 0.2294078125 0.6560046875000001 0.226759375 0.635525 0.22766562499999998 0.6242734375000001 0.230034375 0.6010109375 0.22494843750000001 0.58166875 0.218396875 0.5687734375 0.2175609375 0.5606828125 0.2204875 0.554740625 0.224390625 0.554234375 0.226759375 0.54715625 0.23031406250000003 0.5450062499999999 0.23686406249999997 0.538053125 0.244878125 0.538053125 0.25024375 0.5423515625 0.25351875 0.5595453125 0.2582578125 0.573071875 0.2582578125 0.6328703124999999 0.251428125 0.660303125 0.2454359375 0.6700375000000001 0.241603125 0.6640953125 0.24188125 0.6054359375 0.243971875 0.5854609375 0.2434140625 0.5973453125 0.2380484375 0.625284375 0.2401390625
4 0.6321109375 0.27073125 0.669659375 0.2660625 0.6734515625 0.26216093749999997 0.6709234375 0.2596515625 0.664475 0.2575609375 0.6470296875 0.256096875 0.6152968750000001 0.2571421875 0.5951953125 0.2596515625 0.5505687499999999 0.2582578125 0.5395703125 0.2614640625 0.5389375000000001 0.2696859375 0.5434890625000001 0.276096875 0.5395703125 0.277490625 0.532490625 0.2878046875 0.5434890625000001 0.2978390625 0.5700375 0.2981875 0.6159296875 0.294634375 0.6443734375 0.2917765625 0.6838171875 0.2835546875 0.6877375 0.28139375 0.6877375 0.2785359375 0.68445 0.2756796875 0.681415625 0.2759578125 0.678003125 0.276096875 0.6262953125 0.2796515625 0.6165609375 0.2785359375 0.618584375 0.2749828125 0.6321109375 0.27073125
4 0.5951953125 0.30445937500000003 0.55726875 0.300975 0.5384328125 0.309478125 0.528825 0.328571875 0.5235140625 0.332753125 0.5235140625 0.34041875 0.526675 0.3443203125 0.5352718750000001 0.348153125 0.5455125 0.349059375 0.5644750000000001 0.34759531250000003 0.574715625 0.34487812500000004 0.5945640625 0.33630625 0.624778125 0.330940625 0.6690265625 0.3282921875 0.686725 0.3262015625 0.6959546875 0.3196515625 0.7045515625000001 0.3196515625 0.7056890625000001 0.3178390625 0.7040453125 0.3163765625 0.698609375 0.3145640625 0.683059375 0.3142859375 0.661946875 0.31756093750000003 0.6237671875 0.31874531250000004 0.5967125 0.31574843750000003 0.6555 0.30717812499999997 0.6625796875 0.3057140625 0.67496875 0.2991640625 0.67168125 0.2979796875 0.6576484375 0.29679375 0.5951953125 0.30445937500000003
3 0.6692796875 0.3496171875 0.6337546875 0.35073125 0.5599234375 0.3489203125 0.534765625 0.3471078125 0.526928125 0.34857187500000003 0.519215625 0.352125 0.5173203125 0.3624390625 0.522503125 0.3706625 0.5211125 0.377421875 0.534765625 0.382090625 0.5476609375 0.382090625 0.5702906249999999 0.3756796875 0.6175734375 0.3696171875 0.6589125 0.36285781250000004 0.695828125 0.36 0.7128953124999999 0.36160312499999997 0.7184578125 0.36285781250000004 0.7249046875 0.3646 0.713275 0.35533125 0.6996203125 0.352125 0.6692796875 0.3496171875
3 0.56283125 0.377909375 0.533121875 0.37463437499999996 0.519721875 0.375540625 0.5131484375 0.38027812499999997 0.5121359375 0.3915671875 0.515296875 0.396028125 0.515296875 0.405296875 0.5218703125 0.4091296875 0.533628125 0.4105921875 0.553603125 0.40885 0.5886218750000001 0.39811874999999997 0.626421875 0.3891984375 0.6673828125 0.38153281250000004 0.6964609375 0.378815625 0.701896875 0.378815625 0.726675 0.379721875 0.6862203124999999 0.375540625 0.6479140625 0.375540625 0.56283125 0.377909375
1 0.5615671875 0.4055046875 0.5335015624999999 0.4043203125 0.514159375 0.4129609375 0.5103671875 0.4215328125 0.512009375 0.4289890625 0.5201015625000001 0.4331703125 0.534134375 0.4372828125 0.5556265625 0.43763125 0.5772437499999999 0.43198593750000003 0.66826875 0.4171421875 0.730846875 0.40850156249999997 0.73830625 0.40850156249999997 0.749684375 0.40878125 0.7335015625 0.40257812499999995 0.7135265625 0.4010453125 0.5615671875 0.4055046875
2 0.5734515625000001 0.44209062499999996 0.550821875 0.44090625 0.52604375 0.44327500000000003 0.5158031249999999 0.44564531250000006 0.5151703125 0.46940781249999997 0.5437421875 0.46585312500000003 0.566371875 0.46494843750000003 0.5901390625 0.45986093749999996 0.620859375 0.45721249999999997 0.6353984374999999 0.452753125 0.6834390625 0.44773593749999996 0.68495625 0.44501718749999997 0.68495625 0.4429265625 0.6812890625 0.44090625 0.6720609375000001 0.440278125 0.5734515625000001 0.44209062499999996
2 0.70720625 0.462996875 0.6864734375 0.462996875 0.5571421875 0.47121874999999996 0.5112515625 0.4729609375 0.5093546875 0.4868984375 0.5131484375 0.5015328125 0.5843234374999999 0.49581875000000003 0.6418453125 0.48829218750000003 0.6771171875 0.47902500000000003 0.68394375 0.47728281250000004 0.7098609375 0.46871093750000004 0.7117578124999999 0.46585312500000003 0.7098609375 0.46404218750000004 0.70720625 0.462996875
2 0.700884375 0.5184671875 0.6975984375000001 0.5149125 0.6878640625 0.5127531249999999 0.6199749999999999 0.5073875 0.5462703125 0.5056453125 0.5255375 0.50599375 0.51719375 0.5112890625000001 0.5184578125 0.5198609375000001 0.5268015625 0.53024375 0.5811625 0.532334375 0.6618203125 0.5294078125 0.67775 0.5285015625 0.6905187500000001 0.5277359374999999 0.6975984375000001 0.52418125 0.700884375 0.5213234375 0.700884375 0.5184671875
2 0.6108718750000001 0.5427875 0.5386859375 0.5354 0.5175734375000001 0.5344953125 0.5203546875 0.5434140625 0.5187109375000001 0.5615328125 0.5343875 0.5650875 0.5537296875 0.565365625 0.6737046875 0.5570734374999999 0.6787609375 0.554703125 0.6782546875000001 0.5517078125 0.6734515625 0.548153125 0.668015625 0.54696875 0.6108718750000001 0.5427875
1 0.5376734375 0.5655046875 0.5273078124999999 0.5658531250000001 0.509103125 0.5726125 0.5059421875 0.579025 0.5084703125 0.5926125 0.52275625 0.599721875 0.5829328125 0.6036234375 0.7117578124999999 0.6038328125 0.72060625 0.6036234375 0.702528125 0.594703125 0.5835656250000001 0.5737281249999999 0.5557515625 0.5668984375 0.5376734375 0.5655046875
3 0.6743359375 0.616096875 0.646396875 0.60926875 0.5455125 0.590453125 0.52616875 0.5908703125 0.51605625 0.596028125 0.5175734375000001 0.6046 0.5089765625 0.6110109375 0.51061875 0.62599375 0.5175734375000001 0.6306625 0.5316062500000001 0.6315671875 0.5664984375000001 0.6298265625 0.628571875 0.6315671875 0.6648546875 0.6296859375 0.6720609375000001 0.6298265625 0.6758531249999999 0.627246875 0.6782546875000001 0.622090625 0.677496875 0.6178390625 0.6743359375 0.616096875
3 0.538559375 0.626759375 0.526928125 0.627665625 0.5198484375 0.6301734375 0.52616875 0.6331703125 0.5190890625 0.6417421875 0.5175734375000001 0.65073125 0.5198484375 0.65630625 0.525284375 0.6614640625 0.5316062500000001 0.6614640625 0.5556265625 0.6575609375 0.6293296875000001 0.65205625 0.688115625 0.65121875 0.69608125 0.6498953125 0.6823015625 0.6445296875000001 0.6386859375 0.6370734375 0.5640953125 0.631915625 0.538559375 0.626759375
4 0.5671296875 0.7004875 0.556384375 0.7022999999999999 0.5493046875 0.705853125 0.5433625 0.7162375 0.5460171875000001 0.7245296875 0.551959375 0.7289890625 0.554109375 0.743275 0.5585328125 0.74418125 0.580025 0.74418125 0.630340625 0.735121875 0.6643484374999999 0.7349125 0.696334375 0.7324046875 0.696965625 0.7266203124999999 0.6929203125 0.72236875 0.61555 0.7245296875 0.60164375 0.7239718749999999 0.591403125 0.718884375 0.5892546875 0.716515625 0.5897593750000001 0.715609375 0.5945640625 0.71533125 0.6059421875 0.7179796875 0.6312265625 0.7195125 0.64829375 0.7157484375000001 0.6573953125 0.7097562500000001 0.6726921875 0.702509375 0.6667515625 0.7006265625 0.6112515625 0.7061328125 0.5671296875 0.7004875
