4 0.625428125 0.2477875 0.5699421874999999 0.267503125 0.5394421875 0.267815625 0.5062781249999999 0.26990625 0.501903125 0.2717171875 0.5111609374999999 0.32072500000000004 0.534559375 0.31922656250000003 0.567215625 0.30905625 0.5933421875 0.303378125 0.6237796875 0.2956109375 0.6521250000000001 0.2845703125 0.6717187499999999 0.27380781249999997 0.6694984374999999 0.27230937499999996 0.6499046875000001 0.274990625 0.6085609375 0.2848484375 0.5878890625000001 0.28875 0.582434375 0.289028125 0.5797078124999999 0.2881578125 0.578059375 0.2869390625 0.578059375 0.2857546875 0.5805328125 0.28425625 0.584084375 0.28335 0.6161703125 0.27021875 0.6433734375 0.2576453125 0.6624609375 0.2388015625 0.625428125 0.2477875
4 0.6501578125 0.348659375 0.6572609375 0.34538437499999997 0.6583390625 0.341796875 0.6539625 0.3388015625 0.6485734375 0.33761718749999997 0.626759375 0.339115625 0.5989859375 0.3423890625 0.5925171875 0.3423890625 0.5902984375 0.341484375 0.589790625 0.339115625 0.593025 0.335528125 0.60393125 0.3313125 0.6322125 0.32835312499999997 0.6458468749999999 0.3244515625 0.652378125 0.31818124999999997 0.6507296874999999 0.3127828125 0.6409 0.3119125 0.5146484375 0.3268546875 0.5102734375 0.3295375 0.509765625 0.33761718749999997 0.516296875 0.3447921875 0.5157265625 0.3612328125 0.5152187500000001 0.36273125 0.516296875 0.363915625 0.5201015625000001 0.3645078125 0.5609390624999999 0.360328125 0.6501578125 0.348659375
3 0.593025 0.3893421875 0.6724796875 0.38303750000000003 0.68826875 0.3803546875 0.6948000000000001 0.37708125 0.693721875 0.37408593749999997 0.691565625 0.37258749999999996 0.6812296875 0.371090625 0.6207984375 0.372275 0.600634375 0.3692796875 0.589790625 0.3704984375 0.571275 0.3695921875 0.5168046875 0.369 0.5152187500000001 0.3716828125 0.505390625 0.3803546875 0.5043124999999999 0.3896203125 0.5048828125 0.39111875 0.509765625 0.3973875 0.516296875 0.399478125 0.5304375 0.399790625 0.593025 0.3893421875
3 0.56474375 0.42222187499999997 0.6284078125 0.4165453125 0.6844640625 0.41232968750000004 0.6659484375 0.40665312499999995 0.6164234375000001 0.4001046875 0.5483828125 0.3979796875 0.514140625 0.3991984375 0.5086875 0.40219375 0.5048828125 0.40546875 0.5048828125 0.418634375 0.5179453125 0.4243125 0.5201015625000001 0.42817812499999997 0.520671875 0.42967656249999997 0.5233359375 0.4308953125 0.52828125 0.4308953125 0.5418515625 0.42699375 0.56474375 0.42222187499999997
1 0.571275 0.4547890625 0.674128125 0.4485203125 0.6528859375 0.4404390625 0.6240328125 0.4356671875 0.5859859375 0.4335765625 0.5451484375 0.4284921875 0.5179453125 0.4279 0.5124921875 0.42967656249999997 0.509765625 0.43207968750000003 0.503234375 0.449425 0.5026640625 0.4509234375 0.50646875 0.4530125 0.5201015625000001 0.4547890625 0.5483828125 0.45360468750000005 0.571275 0.4547890625
2 0.5667093750000001 0.4791015625 0.618896875 0.481365625 0.6583390625 0.482096875 0.6461 0.47561875000000003 0.5685484375 0.46116406249999997 0.5549140625 0.46116406249999997 0.515471875 0.4569484375 0.5055171875 0.4571921875 0.502790625 0.459421875 0.5005078125 0.47561875000000003 0.5005078125 0.477359375 0.503234375 0.4791015625 0.509575 0.4798671875 0.535446875 0.4801109375 0.5667093750000001 0.4791015625
2 0.6147750000000001 0.4957859375 0.608878125 0.49306875000000006 0.5953078125 0.4908046875 0.5435640625 0.4850921875 0.5041218749999999 0.48310624999999996 0.5005078125 0.487321875 0.49733593750000005 0.500034375 0.4968921875 0.5012890624999999 0.4968921875 0.5030296875 0.5925812500000001 0.5015328125 0.6166140625 0.5020203125 0.6147750000000001 0.4957859375
2 0.5812296875 0.5264375 0.63519375 0.5287015625 0.639759375 0.526959375 0.6424859374999999 0.5212125000000001 0.6393156249999999 0.5182171875 0.6324671875 0.5159875 0.5467984375 0.5065140625 0.5005078125 0.5037625 0.49733593750000005 0.5037625 0.49549843750000006 0.504771875 0.49384843749999996 0.516475 0.49327812499999996 0.5212125000000001 0.49289843749999995 0.5237203125 0.54996875 0.5249390625 0.5698796875000001 0.5281781249999999 0.5812296875 0.5264375
2 0.6242234375 0.54754375 0.643246875 0.5442703125 0.6487 0.5394984375 0.6307546875 0.5361890625 0.5774250000000001 0.5350046875000001 0.5485734375 0.5305125 0.5409640625 0.530825 0.5251750000000001 0.528421875 0.4935953125 0.5254265625000001 0.49258125 0.5413796875 0.4925171875 0.5430859375 0.4925171875 0.5445484375 0.49524375000000004 0.546359375 0.518071875 0.5478578125 0.6242234375 0.54754375
1 0.6392515624999999 0.563984375 0.556753125 0.558271875 0.5513 0.5555203125 0.524540625 0.5602578125 0.5054531250000001 0.5602578125 0.5041218749999999 0.5612671875 0.5054531250000001 0.5654828125 0.51001875 0.5692437499999999 0.51953125 0.573215625 0.5355109375 0.576315625 0.54128125 0.5772203124999999 0.5689921874999999 0.5799375 0.636525 0.57920625 0.641090625 0.5652390625 0.6392515624999999 0.563984375
3 0.5150921875 0.6285609375 0.5205453125 0.6336468749999999 0.5516171875 0.641728125 0.618009375 0.64413125 0.6457203125000001 0.6429125 0.6544703125 0.6375484375 0.6533921874999999 0.6345531249999999 0.6452125 0.6312781249999999 0.5733671874999999 0.61720625 0.5401390625 0.6091249999999999 0.5266328125 0.6099609375 0.52219375 0.6103453125 0.5205453125 0.6103453125 0.5183890625 0.61125 0.5150921875 0.6166140625 0.5150921875 0.6285609375
4 0.341471875 0.7716125 0.3507296875 0.771334375 0.3653765625 0.7698359375 0.40570781250000004 0.7635671875 0.42910624999999997 0.758759375 0.47970781249999994 0.7638453125 0.48566875 0.76175625 0.49169375000000004 0.7581671875 0.49327812499999996 0.752490625 0.49327812499999996 0.744409375 0.49169375000000004 0.7357359375 0.48674687499999997 0.726471875 0.48186406249999997 0.723196875 0.47482499999999994 0.7211078125 0.45954375000000003 0.722884375 0.40729218749999996 0.733646875 0.3294859375 0.7459078124999999 0.328915625 0.7468125 0.33056406250000003 0.7513062500000001 0.3370953125 0.755171875 0.3431203125 0.7563921875 0.3855421875 0.7500875 0.4051359375 0.7518984375 0.3876984375 0.7572625000000001 0.3381734375 0.7647515625 0.3365890625 0.76534375 0.3349390625 0.7662484375 0.3349390625 0.7698359375 0.3376671875 0.7710203124999999 0.341471875 0.7716125
4 0.34330937499999997 0.6951234375 0.347178125 0.6969000000000001 0.3683578125 0.6965859375 0.38306874999999996 0.6948109375 0.397209375 0.6951234375 0.4059609375 0.6963078125 0.4102734375 0.6983984375000001 0.411921875 0.70139375 0.40754531250000003 0.702890625 0.344959375 0.7094734375 0.34330937499999997 0.7124343750000001 0.34388125 0.71574375 0.3466078125 0.718425 0.353709375 0.7208296875 0.4559921875 0.7178328125 0.4897265625 0.714525 0.491946875 0.7112499999999999 0.4908046875 0.6963078125 0.48865 0.6846390625 0.4892203125 0.6732843749999999 0.4826890625 0.6657953125 0.478884375 0.6657953125 0.3747625 0.6805296875 0.3499046875 0.683978125 0.341725 0.6858234375000001 0.3400765625 0.688540625 0.3400765625 0.692128125 0.34330937499999997 0.6951234375
3 0.3209890625 0.665865625 0.4194671875 0.6616859374999999 0.4853515625 0.662278125 0.48801562499999995 0.6532921875000001 0.4853515625 0.64225 0.4788203125 0.636571875 0.466265625 0.6311734375 0.44559218749999996 0.6344828125 0.43252968750000004 0.6386625 0.40475625 0.6437484375 0.36886562500000003 0.64820625 0.339315625 0.6543015624999999 0.332403125 0.6562875 0.3254921875 0.65865625 0.319340625 0.6616859374999999 0.3187703125 0.6631484375000001 0.3209890625 0.665865625
3 0.2835125 0.636328125 0.29074218749999997 0.6374078125 0.3194671875 0.63775625 0.39587812499999997 0.6338203124999999 0.4389984375 0.6302328125 0.47425468750000005 0.628421875 0.4794546875 0.613375 0.47685468750000004 0.6047374999999999 0.46899218749999994 0.5982937500000001 0.4539625 0.5950546875 0.4200375 0.6000703125 0.38085 0.6079765625 0.3442609375 0.613375 0.3175015625 0.6190875 0.3055796875 0.6234765624999999 0.29847812500000004 0.6253562500000001 0.29004375 0.627690625 0.2809125 0.632009375 0.2809125 0.6345171875 0.2835125 0.636328125
1 0.2887765625 0.6006625 0.29695625 0.6027515625000001 0.406340625 0.5973875 0.45256875 0.5973875 0.46563125000000005 0.59289375 0.47000624999999996 0.5874953125 0.47057656249999996 0.5839078125 0.46563125000000005 0.5764546875 0.45694375000000004 0.5671890625 0.4444515625 0.5645078125 0.427584375 0.5674671874999999 0.39980937499999997 0.5743640625 0.3703875 0.57823125 0.3258078125 0.5863109375 0.29435625 0.590246875 0.28662031250000003 0.5910828125 0.284971875 0.5917109375 0.2844 0.5932078125 0.284971875 0.5970734375 0.2887765625 0.6006625
2 0.31312656250000004 0.5624171875 0.4149015625 0.5645421875000001 0.4469875 0.564228125 0.46005 0.561825 0.4649328125 0.5585515625 0.4655046875 0.5516546875 0.4633484375 0.5406125 0.4507921875 0.5403 0.41433125000000004 0.5442 0.3258078125 0.55155 0.31693125 0.5519671875000001 0.3065953125 0.55555625 0.3055171875 0.5582374999999999 0.309828125 0.561546875 0.31312656250000004 0.5624171875
2 0.28864999999999996 0.5244171875 0.29226406250000003 0.5276562499999999 0.30044375 0.5296406250000001 0.33081875 0.53336875 0.3888390625 0.5356328125 0.4514265625 0.5368515625 0.4659484375 0.5356328125 0.4677875 0.534378125 0.4709578125 0.5276562499999999 0.473240625 0.5087078125 0.4709578125 0.5057125 0.46005 0.5044578125 0.39524375 0.506721875 0.358909375 0.5099609375 0.29695625 0.514071875 0.29086875 0.5141765625 0.28864999999999996 0.5154296875 0.2863671875 0.51818125 0.2863671875 0.5206546875 0.28864999999999996 0.5244171875
2 0.3118578125 0.4772546875 0.39346875 0.4933828125 0.45098281250000005 0.4962734375 0.4718453125 0.4983984375 0.47254218750000004 0.4693484375 0.47057656249999996 0.4664921875 0.4640453125 0.46468125000000005 0.36734374999999997 0.46468125000000005 0.3124921875 0.462346875 0.2987953125 0.46109375 0.28040625 0.45841093749999995 0.2896640625 0.4671890625 0.2942296875 0.47042812500000003 0.3118578125 0.4772546875
2 0.3040578125 0.4437828125 0.401521875 0.4602234375 0.458084375 0.4664921875 0.4684203125 0.4629046875 0.47387499999999994 0.4446875 0.47007031250000003 0.44050781250000004 0.4565 0.43779218750000004 0.425428125 0.43838437499999994 0.3731765625 0.4357015625 0.3372859375 0.43092968750000005 0.3072921875 0.43302031249999995 0.3024734375 0.4336125 0.2975265625 0.43660781249999997 0.2975265625 0.4390109375 0.300825 0.44259843749999994 0.3040578125 0.4437828125
1 0.29435625 0.4077671875 0.29809687500000004 0.4094390625 0.330628125 0.4168234375 0.353265625 0.42006249999999995 0.42447656250000004 0.43253281250000003 0.44172500000000003 0.43500468750000004 0.46030468750000003 0.43500468750000004 0.46987968750000003 0.43277656249999996 0.4771078125 0.4282828125 0.4771078125 0.425321875 0.48027968750000005 0.41435000000000005 0.4712109375 0.40710625 0.457134375 0.402125 0.43994999999999995 0.40313437499999993 0.39816093750000003 0.40240312500000003 0.352378125 0.4006265625 0.31103437500000003 0.39805 0.304565625 0.39780625000000003 0.29847812500000004 0.399478125 0.29435625 0.4017765625 0.29359531250000004 0.4061296875 0.29435625 0.4077671875
3 0.30824375000000004 0.3724140625 0.3104 0.378996875 0.31363281249999997 0.381678125 0.3234625 0.3858578125 0.34305625 0.39094375000000003 0.44648125 0.4076984375 0.4633484375 0.40888125000000003 0.47146406250000006 0.40710625 0.475840625 0.40529374999999995 0.477996875 0.39366093750000003 0.4720359375 0.39244218750000004 0.4720359375 0.3915359375 0.47368437500000005 0.389446875 0.4764109375 0.3882625 0.48129375 0.3876703125 0.48452812500000003 0.3858578125 0.48566875 0.3840828125 0.48509843750000003 0.37690625 0.48021562500000003 0.3676421875 0.40887812500000004 0.3628359375 0.3438171875 0.361615625 0.3359546875 0.361371875 0.31965781249999997 0.36405468750000003 0.31255625 0.36614375 0.3087515625 0.368546875 0.30824375000000004 0.3724140625
3 0.3355109375 0.3447921875 0.3574515625 0.3499828125 0.398225 0.35433593750000003 0.44927031250000005 0.3580984375 0.47007031250000003 0.362034375 0.47951875 0.3628703125 0.4870640625 0.354128125 0.489346875 0.34190156250000003 0.48630312499999995 0.33315937500000004 0.48440000000000005 0.3313125 0.48027968750000005 0.330059375 0.46854843749999997 0.3288046875 0.4156625 0.332740625 0.38046875 0.3369203125 0.338934375 0.3404390625 0.3366515625 0.34064843749999996 0.3339890625 0.34064843749999996 0.333228125 0.341275 0.3339890625 0.34395625 0.3355109375 0.3447921875
4 0.332846875 0.2781265625 0.3364609375 0.280634375 0.3459734375 0.2851265625 0.364996875 0.29160624999999996 0.3999359375 0.2975625 0.4249203125 0.3078015625 0.448509375 0.3155 0.4666453125 0.3187390625 0.47387499999999994 0.3177640625 0.479328125 0.3120171875 0.4838296875 0.3018109375 0.4838296875 0.29209375 0.48294218750000006 0.2828625 0.479328125 0.27342343750000003 0.47387499999999994 0.2666671875 0.46480625 0.2666671875 0.44483125 0.2679203125 0.416296875 0.2671890625 0.37729843750000003 0.2609546875 0.355040625 0.2609546875 0.3464171875 0.2616859375 0.3446421875 0.26419375 0.3450859375 0.26544687499999997 0.34736875 0.2669453125 0.3818015625 0.27342343750000003 0.3895375 0.280878125 0.3668359375 0.2798671875 0.3468609375 0.2748875 0.33918906249999997 0.2740515625 0.3355734375 0.2741546875 0.333734375 0.2741546875 0.332403125 0.2748875 0.332403125 0.276140625 0.332846875 0.2781265625
