4 0.767259375 0.6131265625 0.7731796875 0.6142046875 0.776140625 0.6120484375 0.777325 0.6060875 0.7719953125 0.5861765625 0.7530484375000001 0.5538359374999999 0.7397421875 0.5268859375 0.7287703125 0.4783765625 0.71574375 0.4816109375 0.7092296874999999 0.4794546875 0.6985718750000001 0.4864296875 0.6917796875 0.48807812500000003 0.6819921875 0.497209375 0.6793453125 0.5074828124999999 0.6831765625 0.5338625 0.6973874999999999 0.557578125 0.7065828125 0.5694359375 0.73026875 0.62656875 0.7397421875 0.6422328125 0.7471265625 0.6513640625 0.7521765625 0.6605578125 0.75423125 0.65351875 0.7506796875 0.6303734375000001 0.74151875 0.6163609375 0.731453125 0.5904874999999999 0.7264015625 0.564615625 0.726715625 0.5624609375 0.7283875 0.5602406249999999 0.7299546875 0.5613828125 0.7444796874999999 0.57431875 0.767259375 0.6131265625
4 0.6392890625 0.522828125 0.64845 0.581546875 0.6594218749999999 0.6370953125 0.6623828125 0.648953125 0.668303125 0.6548515625 0.673040625 0.6537734375 0.674503125 0.6483828125 0.6662140625 0.6052625 0.6650296875 0.595053125 0.6668062499999999 0.590171875 0.670359375 0.5880156249999999 0.6736328125 0.5880156249999999 0.67805625 0.5934046875 0.6875312499999999 0.6317062499999999 0.6902125 0.6446421875 0.691396875 0.647875 0.6967265625 0.648953125 0.6990937500000001 0.6446421875 0.6981890625 0.6327843750000001 0.6798328125 0.5045015625 0.66534375 0.50126875 0.6582375 0.5045015625 0.6499484375 0.50126875 0.642528125 0.50824375 0.64134375 0.5098921875 0.6395328124999999 0.515028125 0.6392890625 0.522828125
3 0.6131656249999999 0.5194046875 0.6175890625 0.5431203124999999 0.629153125 0.6185796875 0.6347609375000001 0.6487640625 0.63890625 0.654153125 0.6460125 0.6525046875 0.6483796875000001 0.642803125 0.6418671875 0.5129359375 0.6404046875 0.5107796875 0.6359453125 0.50913125 0.62765625 0.5086234375 0.6235109375000001 0.510209375 0.6158140624999999 0.5107796875 0.6143500000000001 0.5118578125 0.6131656249999999 0.5140140625 0.6131656249999999 0.5194046875
3 0.6023343750000001 0.6138874999999999 0.6076625 0.639759375 0.6109015624999999 0.6494609375 0.6168234375 0.6521250000000001 0.62128125 0.640265625 0.6138625 0.516296875 0.61003125 0.51255625 0.5996515625 0.51090625 0.5919546875 0.51350625 0.5898984375 0.5147109375000001 0.588121875 0.518453125 0.6023343750000001 0.6138874999999999
1 0.562975 0.5714640625 0.57185625 0.6678499999999999 0.575409375 0.7143937499999999 0.5817828125 0.7001906250000001 0.5874609375000001 0.6561828125 0.588540625 0.5514265625 0.5828625 0.5171218750000001 0.5778828125000001 0.51261875 0.564403125 0.509384375 0.561546875 0.51001875 0.559421875 0.515853125 0.562975 0.5714640625
2 0.536571875 0.5556125 0.540753125 0.6679140625 0.54346875 0.673746875 0.5456984375 0.673746875 0.549878125 0.670196875 0.5525953125 0.6540265625 0.5548234375 0.5736203125 0.5543359375 0.5336078125 0.550121875 0.5098281250000001 0.5349359375 0.5107796875 0.5336125 0.5124921875 0.5328453125 0.514775 0.536571875 0.5556125
2 0.5135140625 0.56829375 0.5167890625 0.6631578124999999 0.5212125000000001 0.6895374999999999 0.5259484375000001 0.6927703125 0.5283171875 0.6901078125 0.5280390625 0.609765625 0.5315921875 0.5127453125 0.5159875 0.51261875 0.5123296875000001 0.5127453125 0.5093703125 0.51655 0.5135140625 0.56829375
2 0.48540625000000004 0.5250468749999999 0.4886109375 0.5538359374999999 0.49550625000000004 0.6688015625 0.499721875 0.6701328125 0.501184375 0.6688015625 0.5024031250000001 0.658909375 0.502159375 0.617184375 0.5036578125 0.5587828125 0.5088468749999999 0.51610625 0.489934375 0.5157890625 0.48735625000000005 0.51610625 0.48516250000000005 0.5187703124999999 0.48540625000000004 0.5250468749999999
2 0.46339218750000005 0.581990625 0.4710203125 0.6772359375 0.47398125 0.682625 0.4791703125 0.6803421875 0.48115625 0.6695625 0.4789265625 0.5887125 0.48066875 0.5514265625 0.48335 0.5159796875 0.45771562499999996 0.5159796875 0.457959375 0.5244765625000001 0.46339218750000005 0.581990625
1 0.429396875 0.5311984375 0.42762031250000004 0.6029171875 0.4284921875 0.6794546875 0.4320453125 0.692390625 0.4361890625 0.694546875 0.43915 0.6939765625 0.44183281250000006 0.6864296875 0.4533609375 0.5764750000000001 0.45454531249999997 0.5199109375 0.45130625 0.5188328125 0.43939374999999997 0.519784375 0.4347265625 0.5199109375 0.4308609375 0.5199109375 0.429396875 0.5311984375
3 0.398815625 0.5880156249999999 0.399546875 0.636525 0.397421875 0.6559296875 0.3934859375 0.6798984375 0.3938703125 0.69086875 0.3970390625 0.694103125 0.404528125 0.687634375 0.4144546875 0.6559296875 0.41765937500000005 0.611984375 0.41835625 0.56474375 0.41657968749999996 0.5279015625000001 0.41410625 0.5259359375 0.408778125 0.5253015624999999 0.4000703125 0.52821875 0.397421875 0.53176875 0.396690625 0.537603125 0.398815625 0.5880156249999999
3 0.369175 0.59169375 0.3635671875 0.6779328125 0.364159375 0.6859859375 0.3677109375 0.69086875 0.37185625 0.6881421875 0.37481718750000004 0.67951875 0.38220156250000004 0.6374765625000001 0.39404374999999997 0.537221875 0.391675 0.52916875 0.38871406249999996 0.5270140624999999 0.3798328125 0.5248578125 0.3721703125 0.5272671875 0.3694875 0.5356375 0.367990625 0.54476875 0.369175 0.59169375
4 0.3232328125 0.5300578125000001 0.322153125 0.53525625 0.3196796875 0.643246875 0.32145625 0.6542796875 0.32535625 0.6581484375 0.32960625 0.6581484375 0.331765625 0.6503484375 0.3328109375 0.622575 0.3345875 0.6076734375 0.338140625 0.6050734375 0.3431203125 0.6064046875 0.3442 0.6122390625 0.34169218749999997 0.6303109375 0.338871875 0.641978125 0.3384890625 0.6542796875 0.342771875 0.6639828125 0.344896875 0.663284375 0.3509234375 0.6478125 0.3619640625 0.5249203125 0.34597656250000003 0.5287890625 0.332253125 0.5268234374999999 0.3282125 0.5274578125 0.32427656250000003 0.5281546875 0.3232328125 0.5300578125000001
4 0.22173437499999998 0.3152828125 0.2153609375 0.35085625 0.21818125 0.3850984375 0.21003124999999997 0.43944218749999997 0.21215625 0.453646875 0.218565625 0.4620796875 0.23026875000000002 0.46918125 0.243434375 0.47051406250000005 0.252315625 0.4620796875 0.258690625 0.42067187500000003 0.26011875 0.3909328125 0.2576453125 0.3533921875 0.25444062500000003 0.3307546875 0.2491125 0.31781875 0.2473359375 0.31655 0.24200624999999998 0.31915 0.240578125 0.3333546875 0.23702499999999999 0.3566265625 0.234553125 0.3592265625 0.23312499999999997 0.3592265625 0.2285265625 0.3156625 0.22675 0.3090046875 0.2231625 0.302346875 0.22173437499999998 0.3152828125
4 0.2576453125 0.3201015625 0.2552765625 0.3222578125 0.2540921875 0.32656874999999996 0.2567390625 0.3389984375 0.2626609375 0.385859375 0.2626609375 0.406340625 0.25468437499999996 0.45434374999999994 0.25468437499999996 0.4726703125 0.2567390625 0.482371875 0.2662140625 0.48826875000000003 0.2750953125 0.48611250000000006 0.2845703125 0.49258125 0.29495 0.490425 0.30383125 0.4818015625 0.3029265625 0.4559296875 0.2981890625 0.41877031249999996 0.2964125 0.40044375 0.2964125 0.356753125 0.2931734375 0.3303734375 0.284290625 0.31097031249999996 0.277778125 0.30608749999999996 0.27185625 0.3066578125 0.2694875 0.30989218749999997 0.2694875 0.3152828125 0.27450312499999996 0.32175 0.280146875 0.33735 0.2825140625 0.35783125 0.2836984375 0.3799625 0.28310625 0.3853515625 0.2795546875 0.3885859375 0.27659375 0.3869375 0.26356718749999997 0.32390625 0.263253125 0.3222578125 0.2626609375 0.320671875 0.2576453125 0.3201015625
4 0.3306515625 0.32492031250000003 0.3270984375 0.3259984375 0.3241375 0.328725 0.322953125 0.3346234375 0.325321875 0.3761578125 0.325321875 0.385859375 0.3223609375 0.3912484375 0.3197140625 0.3912484375 0.317625 0.38909375 0.314071875 0.34216875 0.311703125 0.3330375 0.306965625 0.33354531249999997 0.30431875 0.33677812500000004 0.3022296875 0.3438171875 0.30431875 0.39987343750000004 0.3060953125 0.48338593750000003 0.31260937499999997 0.48611250000000006 0.3247296875 0.48395625000000003 0.33747812499999996 0.48338593750000003 0.3430859375 0.48122968750000006 0.346046875 0.4774890625 0.34486249999999996 0.44457812499999994 0.335040625 0.334178125 0.33451718750000003 0.3281546875 0.3336125 0.3254921875 0.3306515625 0.32492031250000003
3 0.3583421875 0.31800937500000004 0.3509234375 0.31800937500000004 0.34820625 0.32073593749999996 0.3457328125 0.32568125000000003 0.34475781250000004 0.357134375 0.3457328125 0.481103125 0.36722343749999997 0.480659375 0.37533906250000004 0.4761578125 0.3662828125 0.3356375 0.3657265625 0.330628125 0.363496875 0.32390625 0.3583421875 0.31800937500000004
3 0.38641562500000004 0.3079265625 0.3834546875 0.3065953125 0.379275 0.3083703125 0.37533906250000004 0.3182625 0.3733546875 0.3312625 0.3735984375 0.461509375 0.37481718750000004 0.47996249999999996 0.385928125 0.4853515625 0.3955421875 0.48218125 0.40271718749999996 0.47545937499999996 0.40121874999999996 0.434115625 0.3908046875 0.32289218750000004 0.3903859375 0.31781875 0.3901421875 0.3146484375 0.38641562500000004 0.3079265625
1 0.39442656249999997 0.25865625 0.3934171875 0.2599875 0.39540156249999997 0.355675 0.4013234375 0.4131890625 0.4022984375 0.47831250000000003 0.405746875 0.48547812500000004 0.43267187500000004 0.485034375 0.434134375 0.47691875 0.43092968750000005 0.42301875000000005 0.4235109375 0.38129375 0.4153953125 0.3448953125 0.40309999999999996 0.27311406250000003 0.40121874999999996 0.2644265625 0.39811874999999997 0.25865625 0.39442656249999997 0.25865625
2 0.437896875 0.28605 0.43699062499999997 0.292009375 0.4349359375 0.42891562499999997 0.4373046875 0.4833234375 0.45712343750000006 0.487634375 0.46454218750000004 0.4833234375 0.4621734375 0.41705781249999996 0.4527 0.3356375 0.446359375 0.29042500000000004 0.44527968749999997 0.28554218750000004 0.44263281250000003 0.28389375 0.437896875 0.28605
2 0.4671546875 0.26017812500000004 0.4662828125 0.26290468749999996 0.46360156249999995 0.311921875 0.46509999999999996 0.40247343750000003 0.4671546875 0.484971875 0.46893124999999997 0.4882046875 0.50090625 0.491946875 0.5024031250000001 0.4472421875 0.49766562499999994 0.411096875 0.49143125000000004 0.3539625 0.48610312499999997 0.327584375 0.4755140625 0.26594843749999997 0.4736671875 0.2596703125 0.471890625 0.2591 0.4671546875 0.26017812500000004
2 0.5252875 0.2620171875 0.5228140625 0.2639828125 0.5210375 0.26785000000000003 0.5189125 0.28205468749999996 0.5089515625 0.3668359375 0.5061296875 0.48649375 0.5238937499999999 0.4890296875 0.5394984375 0.4851609375 0.5409265624999999 0.47869375 0.5388015625 0.42955 0.5366765625000001 0.3337984375 0.5315218749999999 0.2698796875 0.5309999999999999 0.2639828125 0.5292234375 0.2613828125 0.5252875 0.2620171875
2 0.5567046875 0.26639218750000004 0.5541968749999999 0.272859375 0.5496000000000001 0.304565625 0.5463953125 0.3666453125 0.5428421875 0.4559296875 0.545315625 0.4779328125 0.547440625 0.4805328125 0.56273125 0.4811671875 0.5719609375 0.4740640625 0.5726921875000001 0.461128125 0.5694874999999999 0.4061515625 0.5648546875 0.3453390625 0.562034375 0.2928984375 0.5638796875 0.2770453125 0.5648546875 0.270259375 0.56273125 0.2651234375 0.5567046875 0.26639218750000004
1 0.6012890625 0.2833234375 0.5970046875 0.2788203125 0.5941828124999999 0.2781859375 0.5906296875 0.2800890625 0.5877749999999999 0.2846546875 0.58279375 0.329296875 0.577115625 0.4599234375 0.5788921874999999 0.472225 0.5824453125 0.47089375 0.5941828124999999 0.46962656249999996 0.6076625 0.46962656249999996 0.603796875 0.2998734375 0.6037625 0.29175625 0.6030656249999999 0.2878890625 0.6012890625 0.2833234375
3 0.63483125 0.288521875 0.6297109375 0.285415625 0.6233375 0.288521875 0.6182171875 0.3040578125 0.6066874999999999 0.42511093750000006 0.6118078125 0.46391875000000005 0.6280046875 0.47165468749999995 0.6357015625 0.47089375 0.6407875 0.46239687500000004 0.6375124999999999 0.3292328125 0.6375124999999999 0.3157890625 0.6365375 0.29961875 0.63483125 0.288521875
3 0.6717875 0.29562499999999997 0.6678859375 0.293025 0.659003125 0.292390625 0.6532921875000001 0.2975265625 0.6479625 0.31693125 0.6401609374999999 0.40944843750000004 0.6398125 0.45275781249999997 0.6476140625 0.46765937500000004 0.6653781249999999 0.47349375 0.6760359375 0.4637921875 0.6774640625 0.45535781249999996 0.679275 0.3181359375 0.6795890625000001 0.309828125 0.6781609375000001 0.30462968749999997 0.6717875 0.29562499999999997
4 0.713828125 0.2760296875 0.7108671875 0.27761562500000003 0.70790625 0.28249843750000003 0.7005921875000001 0.30615156250000003 0.68335 0.405390625 0.6818531250000001 0.42479374999999997 0.6783 0.4436265625 0.6783 0.45821249999999997 0.6824453125 0.46518750000000003 0.6919187499999999 0.46899218749999994 0.7055374999999999 0.46518750000000003 0.7286312500000001 0.45009531249999996 0.730128125 0.4425484375 0.7248 0.3902984375 0.7271687499999999 0.37305 0.7390109375 0.30779999999999996 0.738696875 0.3040578125 0.7375125 0.30133125 0.731 0.30133125 0.7277609375 0.3040578125 0.725078125 0.31483906250000004 0.7212468750000001 0.3374765625 0.7182859374999999 0.3466078125 0.7117734375 0.353646875 0.7082203125000001 0.35091875 0.706721875 0.345021875 0.70644375 0.3390609375 0.70790625 0.33259375 0.7173812500000001 0.31103437500000003 0.7206546875 0.281928125 0.7197484375000001 0.279771875 0.716509375 0.2765375 0.713828125 0.2760296875
4 0.756775 0.2842734375 0.754128125 0.2848453125 0.7511671875 0.288078125 0.750575 0.294546875 0.753221875 0.36081093750000004 0.751759375 0.3635390625 0.7473 0.3640453125 0.7452453125 0.3592265625 0.744340625 0.346290625 0.7452453125 0.3107171875 0.7449328125 0.30691250000000003 0.742284375 0.3053265625 0.7401953125 0.3064046875 0.737234375 0.3090671875 0.73368125 0.3144578125 0.7304421875 0.3376671875 0.7307203125 0.37862968750000003 0.730128125 0.4174375 0.7307203125 0.429296875 0.7354578125 0.43950468750000005 0.7437484375000001 0.4416609375 0.757959375 0.4400765625 0.7665625 0.4330375 0.77039375 0.428725 0.7724828125000001 0.4168671875 0.7696265624999999 0.378440625 0.7685828124999999 0.36563124999999996 0.760328125 0.28915625 0.756775 0.2842734375
