4 0.7180078125 0.48896562499999996 0.7145937499999999 0.49518125 0.703065625 0.499809375 0.698815625 0.5029171875 0.6941140625 0.50215625 0.68474375 0.5052625 0.6817484375 0.50913125 0.6804953125 0.5339890625 0.6898640625 0.57431875 0.705225 0.6255546875 0.7107625 0.6270765625 0.7137234375 0.6216875 0.7128875 0.6147109375 0.7077671875 0.5913765625 0.7064781250000001 0.5790109375 0.7094734375 0.5735578125 0.7115984375 0.57431875 0.7141765625 0.5774250000000001 0.724834375 0.6201015625 0.728665625 0.62479375 0.73336875 0.6209265625 0.7367468749999999 0.6138874999999999 0.7235453125 0.5223203125 0.72291875 0.4930875 0.7218390625 0.48896562499999996 0.721003125 0.4882046875 0.7180078125 0.48896562499999996
4 0.62863125 0.522828125 0.6269250000000001 0.5275203125 0.626471875 0.5368421875 0.62863125 0.5461640625 0.640125 0.577171875 0.6554859375000001 0.6447046875 0.665690625 0.6695625 0.6725187499999999 0.6633484375 0.6725187499999999 0.645465625 0.6631484375000001 0.620671875 0.6610234375 0.6105265625 0.6610234375 0.6020296875 0.6631484375000001 0.6004437499999999 0.67039375 0.602790625 0.6810515625 0.6299296875 0.6929984375 0.6485734375 0.6972484375 0.6431828125 0.6972484375 0.6284078125 0.6857546875 0.591946875 0.6793453125 0.56785 0.67635 0.5127453125 0.6742250000000001 0.5096390625 0.6725187499999999 0.5096390625 0.665690625 0.51433125 0.6576109375 0.5150921875 0.6520718750000001 0.51350625 0.648240625 0.5181984374999999 0.6372687499999999 0.5201015625000001 0.63416875 0.5197203125 0.632009375 0.5197203125 0.62863125 0.522828125
3 0.5995125 0.5685484375 0.6122953125 0.612809375 0.63319375 0.692009375 0.63744375 0.695878125 0.6421453125000001 0.6911859375 0.6416921875 0.6803421875 0.6314875 0.60735625 0.629328125 0.5561828125 0.6263671875 0.5483828125 0.6242421874999999 0.5320859375 0.6208296875 0.529740625 0.611425 0.5266328125 0.6058859375 0.5274578125 0.60334375 0.531325 0.59550625 0.5382374999999999 0.5965171875 0.5507296875 0.5995125 0.5685484375
3 0.5756875 0.5487 0.5750953125 0.561128125 0.5810171875 0.6107171874999999 0.59404375 0.6818640625 0.601428125 0.70126875 0.6058859375 0.7098921875 0.6082546875 0.7098921875 0.6129921875 0.6963859375 0.610309375 0.62041875 0.6070703125 0.569753125 0.6029265625 0.5487 0.597596875 0.538490625 0.5934515625000001 0.53525625 0.58899375 0.5341781250000001 0.5857546874999999 0.5346859375 0.583978125 0.5368421875 0.583978125 0.5422328125 0.58279375 0.54388125 0.5802515625 0.541090625 0.5777421875 0.541725 0.5762796875 0.5443875 0.5756875 0.5487
1 0.558203125 0.5516171875 0.5573312500000001 0.5554218750000001 0.555834375 0.578059375 0.55701875 0.6475593749999999 0.5662140625000001 0.7273296874999999 0.5697671875 0.7337984375 0.5739109375 0.7359546875 0.5783343750000001 0.7327203124999999 0.579240625 0.7268234375 0.5786484375 0.7014578124999999 0.5747828125 0.644325 0.575375 0.611984375 0.57951875 0.585034375 0.5786484375 0.56563125 0.5762796875 0.5608109375 0.57331875 0.5591625 0.5655171875 0.5501578125 0.56206875 0.5483828125 0.5597000000000001 0.5489531249999999 0.558203125 0.5516171875
2 0.5313125000000001 0.547875 0.5309640625000001 0.5523781249999999 0.5337859375 0.6396953125 0.5387671875 0.6746359375 0.5447921874999999 0.703740625 0.5505046874999999 0.711540625 0.5547546875 0.7134437499999999 0.557959375 0.712809375 0.5583078125000001 0.708940625 0.552978125 0.67786875 0.550121875 0.6500953125 0.552978125 0.5879515625 0.552978125 0.560178125 0.5518984375 0.5523781249999999 0.5473 0.548509375 0.5383140625 0.5461 0.5345171875 0.5452765625 0.5330890625 0.5452765625 0.5313125000000001 0.547875
2 0.507209375 0.5542171875 0.5137234375 0.62479375 0.5226046875 0.6835765625 0.5291187500000001 0.6970203125000001 0.537721875 0.7062140625 0.5406828124999999 0.7083703125 0.543921875 0.7078 0.543921875 0.7040578125 0.5368171875 0.6948640625 0.5329843750000001 0.6862390625 0.5294328125 0.648003125 0.5276562499999999 0.598921875 0.5276562499999999 0.5805953125000001 0.5261578124999999 0.55256875 0.5104140625 0.5499046875 0.5087078125 0.5499046875 0.5075234375 0.5504125 0.507209375 0.5542171875
2 0.48718281250000006 0.5621437499999999 0.49209375 0.6703875 0.4963078125 0.6802796875 0.5036921875 0.6825625 0.50790625 0.678503125 0.50839375 0.6677234375000001 0.5061656250000001 0.6268234374999999 0.505434375 0.57565 0.507140625 0.56125625 0.505678125 0.554090625 0.5061656250000001 0.5450859375 0.5051890625000001 0.541978125 0.5034484375 0.541978125 0.48833125 0.545909375 0.484953125 0.5487 0.484953125 0.5532015625 0.48718281250000006 0.5621437499999999
2 0.45990937499999995 0.5488265625000001 0.4581328125 0.5531390625 0.4581328125 0.5596062500000001 0.4605015625 0.5746984375 0.46642343750000004 0.6027265625 0.47206562500000004 0.6824984374999999 0.47412031250000003 0.69004375 0.475896875 0.691121875 0.4797625 0.6883953125 0.48213125 0.6803421875 0.48181874999999996 0.6679140625 0.483315625 0.646925 0.48300312500000003 0.6048828125 0.48390781250000003 0.551490625 0.48213125 0.5461 0.480946875 0.5455921874999999 0.46687500000000004 0.5455921874999999 0.46377499999999994 0.5461 0.4616859375 0.5466703125000001 0.45990937499999995 0.5488265625000001
1 0.4326359375 0.5632843750000001 0.4308609375 0.572353125 0.4308609375 0.5840203125000001 0.4376171875 0.6124921875 0.44151875 0.6577671875 0.4432953125 0.7095125 0.4461515625 0.7133796875 0.451828125 0.7146484375 0.456078125 0.7101453125 0.4600140625 0.699809375 0.46105937499999994 0.67520625 0.45963125 0.62219375 0.45325625 0.5478125 0.451828125 0.5452125 0.4433296875 0.5464171875 0.4397421875 0.5497140625 0.435840625 0.5535828125 0.4326359375 0.5632843750000001
3 0.39404374999999997 0.69169375 0.39609843749999996 0.697653125 0.3993734375 0.6981609375 0.4055734375 0.6890296874999999 0.4230578125 0.632403125 0.42984999999999995 0.5844640625 0.43695625 0.5591 0.4349 0.55263125 0.433125 0.5381109375 0.431940625 0.5359546875000001 0.428665625 0.5359546875000001 0.4233375 0.53215 0.4132703125 0.533228125 0.40498124999999996 0.5327203125 0.4037265625 0.5433734375 0.4035171875 0.5575140625 0.4008359375 0.6183890625 0.39404374999999997 0.69169375
3 0.3764546875 0.5318953125 0.3764546875 0.5506656249999999 0.3757578125 0.5693718750000001 0.3715078125 0.6121109375 0.361546875 0.6689921875 0.3501921875 0.6922640624999999 0.3501921875 0.7000640625 0.35266406250000004 0.7019656249999999 0.359421875 0.69873125 0.37112500000000004 0.681928125 0.3828625 0.652821875 0.4013234375 0.5862390625 0.41020625 0.5629046875 0.41769375000000003 0.5396328125000001 0.4169625 0.5305640625 0.415534375 0.5234625 0.4127140625 0.521559375 0.400975 0.524096875 0.38502187499999996 0.5216875 0.380390625 0.521559375 0.3771859375 0.52821875 0.3764546875 0.5318953125
4 0.32553125 0.6555484375 0.32661093750000003 0.66525 0.3308609375 0.6665828125 0.3340640625 0.66525 0.3386625 0.6581484375 0.33939375 0.6581484375 0.3592828125 0.5857328125000001 0.367084375 0.56309375 0.3845 0.5339890625 0.386625 0.51781875 0.3845 0.5074828124999999 0.3834546875 0.5048828125 0.3766984375 0.5048828125 0.36495937500000003 0.5081171875 0.3607109375 0.506784375 0.3571578125 0.49708281249999997 0.35005156249999997 0.4913125 0.3337171875 0.493659375 0.3263671875 0.4996203125 0.3225703125 0.5120484375000001 0.32208281250000004 0.5220671875 0.32232656249999997 0.54305625 0.3195046875 0.561128125 0.3024375 0.5993031249999999 0.2910828125 0.622575 0.29000312500000003 0.6316421875 0.2910828125 0.6374765625000001 0.2953328125 0.6374765625000001 0.299234375 0.6355109375 0.308115625 0.6245406250000001 0.3208984375 0.6005703125 0.3308609375 0.5857328125000001 0.33726875 0.5857328125000001 0.33831406249999996 0.587634375 0.3404390625 0.5993031249999999 0.32553125 0.6555484375
4 0.2645765625 0.6168671875 0.2650296875 0.6238421875 0.2667359375 0.6261890625000001 0.2688609375 0.62695 0.28676406249999997 0.5943562499999999 0.31320156250000003 0.5392515625 0.3208640625 0.5152187500000001 0.3246953125 0.4896 0.31915781249999997 0.48338593750000003 0.30808125 0.47717187499999997 0.30383125 0.4764109375 0.297421875 0.46785 0.2910140625 0.46708906250000004 0.28547500000000003 0.4639828125 0.28080781250000003 0.463221875 0.27439843750000004 0.4764109375 0.269696875 0.5043124999999999 0.2650296875 0.5610015625 0.25391875 0.6075453125 0.255625 0.613 0.258203125 0.6137609375 0.2633234375 0.60913125 0.2791015625 0.5547875 0.2803546875 0.5470515625 0.2825140625 0.542359375 0.28547500000000003 0.5400125 0.28930625 0.5400125 0.2910140625 0.5415984375 0.29052656250000003 0.5470515625 0.290178125 0.549334375 0.2709859375 0.598225 0.2645765625 0.6168671875
4 0.23214843749999997 0.4927703125 0.23726875 0.49587812500000006 0.238140625 0.50133125 0.24155312499999998 0.506784375 0.24238906249999997 0.5114140625 0.225775 0.506784375 0.19209375 0.49048749999999997 0.1946359375 0.49670312499999997 0.20529375 0.51610625 0.2283171875 0.5355109375 0.247928125 0.5487 0.2547546875 0.5518078125 0.25775000000000003 0.5518078125 0.2624171875 0.5479390625 0.2645765625 0.54483125 0.26711874999999996 0.536271875 0.26924375 0.517628125 0.2684078125 0.49587812500000006 0.27011562499999997 0.4757140625 0.2696625 0.46721562499999997 0.2684078125 0.4610015625 0.2564609375 0.4547875 0.2376875 0.4617625 0.20741874999999999 0.4648703125 0.1967609375 0.47419218750000003 0.191640625 0.4772984375 0.18996875 0.48040625 0.18996875 0.48351249999999996 0.1943921875 0.48611250000000006 0.1972140625 0.48662031250000004 0.22748125 0.4927703125 0.23214843749999997 0.4927703125
4 0.2862765625 0.28376718749999996 0.283071875 0.2857328125 0.2819921875 0.288965625 0.2777421875 0.320671875 0.26778124999999997 0.3549140625 0.2585515625 0.38275156250000003 0.25391875 0.40088749999999995 0.25465 0.41445781249999997 0.2564265625 0.423525 0.25785468749999996 0.42739374999999996 0.260675 0.4286625 0.26778124999999997 0.4260625 0.27453906250000004 0.43772968749999996 0.2805640625 0.4409640625 0.2848484375 0.4409640625 0.290875 0.4370953125 0.2951578125 0.42999375000000006 0.299059375 0.40215625 0.298328125 0.3833859375 0.2979796875 0.34521250000000003 0.3008359375 0.31870625 0.2972828125 0.292834375 0.2944265625 0.28376718749999996 0.2923015625 0.28376718749999996 0.2919546875 0.2857328125 0.2919546875 0.3168046875 0.28589375 0.3665828125 0.28450000000000003 0.3892203125 0.2777421875 0.37305 0.287146875 0.29530781250000004 0.2876703125 0.28959999999999997 0.2876703125 0.28700000000000003 0.2862765625 0.28376718749999996
4 0.317415625 0.33874375 0.315290625 0.34648124999999996 0.3120859375 0.367215625 0.3053296875 0.398225 0.2982234375 0.42473124999999995 0.2975265625 0.44483125 0.29965156249999997 0.451934375 0.30320468749999996 0.4577671875 0.306409375 0.4577671875 0.3149078125 0.4513 0.3280734375 0.4642359375 0.335528125 0.4616359375 0.3458375 0.45256875 0.34761406250000004 0.440265625 0.3458375 0.4020921875 0.3426328125 0.351046875 0.341553125 0.323209375 0.336225 0.311540625 0.330546875 0.3076734375 0.331975 0.34971406250000003 0.331278125 0.35941718749999996 0.3301984375 0.3613828125 0.3266453125 0.3613828125 0.3252171875 0.35941718749999996 0.3237890625 0.351046875 0.3240328125 0.34071093750000003 0.3227453125 0.3361453125 0.31884375 0.3361453125 0.317415625 0.33874375
3 0.3666671875 0.30164843750000003 0.36238281250000004 0.3039953125 0.36067499999999997 0.309384375 0.3598390625 0.321053125 0.35896875 0.3575140625 0.3543015625 0.4064046875 0.3461859375 0.44058281250000003 0.343225 0.46074843750000005 0.34576875 0.47317656250000006 0.3500171875 0.47704531250000004 0.359421875 0.483259375 0.363253125 0.4746984375 0.37603593750000003 0.472415625 0.3802859375 0.46309374999999997 0.3802859375 0.42967656249999997 0.378578125 0.3877609375 0.3802859375 0.3450859375 0.3695921875 0.307165625 0.36879062500000004 0.3039953125 0.3679203125 0.30164843750000003 0.3666671875 0.30164843750000003
3 0.3886453125 0.3013953125 0.3869390625 0.3060234375 0.3860671875 0.32003750000000003 0.371159375 0.4713375 0.373284375 0.4822453125 0.37627968749999996 0.4907421875 0.3848140625 0.4930875 0.39035156249999997 0.4923265625 0.393765625 0.48459062499999994 0.405259375 0.4876984375 0.41250468749999997 0.480659375 0.41550000000000004 0.45275781249999997 0.41166875 0.4116046875 0.403553125 0.341725 0.39411406250000003 0.30462968749999997 0.39289375 0.300634375 0.391640625 0.299809375 0.3886453125 0.3013953125
1 0.42250156250000004 0.302346875 0.421246875 0.30462968749999997 0.4190875 0.3170578125 0.40888125000000003 0.42650625 0.4037625 0.47305 0.40546875 0.49169375000000004 0.41100624999999996 0.5041218749999999 0.4190875 0.5057078125000001 0.4280390625 0.5025999999999999 0.43573593749999995 0.4870640625 0.436571875 0.464553125 0.4340296875 0.44204218749999996 0.43444843750000006 0.37526875 0.4297109375 0.309384375 0.42890937500000004 0.30386875 0.42762031250000004 0.3007609375 0.42250156250000004 0.302346875
2 0.45531249999999995 0.3360171875 0.4528390625 0.3392515625 0.44963437500000003 0.35345624999999997 0.437896875 0.4912484375 0.439671875 0.508053125 0.44217968750000003 0.511921875 0.4478578125 0.514521875 0.46137187500000004 0.5138874999999999 0.46562187499999996 0.5112875 0.46704999999999997 0.506721875 0.46492500000000003 0.45694375000000004 0.46098906250000005 0.43430625 0.46172031249999995 0.42460312499999997 0.46137187500000004 0.36962656250000003 0.459246875 0.3431828125 0.45816718749999996 0.3372859375 0.4574359375 0.3360171875 0.45531249999999995 0.3360171875
2 0.47443437499999996 0.33265625 0.47317968749999995 0.34819218749999997 0.4714734375 0.43823749999999995 0.47317968749999995 0.49099531250000006 0.48000625 0.5072921874999999 0.484675 0.51350625 0.49620312499999997 0.5104 0.498328125 0.505009375 0.500034375 0.490234375 0.500034375 0.45377343750000004 0.4932078125 0.3885859375 0.4841171875 0.33259375 0.48255 0.3272671875 0.47830000000000006 0.3264421875 0.47443437499999996 0.33265625
2 0.5084296875 0.32955 0.5071749999999999 0.33804687499999997 0.5080109375 0.44128125 0.5122953125 0.494103125 0.5157093749999999 0.5025999999999999 0.5207937499999999 0.5088140625 0.526784375 0.5088140625 0.533159375 0.50653125 0.534865625 0.501078125 0.536571875 0.49099531250000006 0.53744375 0.453709375 0.5197484375 0.3285359375 0.5178328125 0.3233359375 0.5118421875 0.3233359375 0.5084296875 0.32955
2 0.55775 0.31230156249999996 0.5541625 0.3150921875 0.5516203125 0.3216234375 0.5495640625 0.33189531250000004 0.53988125 0.43398906249999997 0.543921875 0.496765625 0.5469875 0.506975 0.5485546875 0.5088781250000001 0.5602921875 0.5088781250000001 0.5628703125000001 0.5051359375 0.564925 0.49486406250000003 0.564925 0.4660109375 0.5638796875 0.4157265625 0.5615812499999999 0.342803125 0.56206875 0.3275203125 0.561825 0.3178828125 0.55775 0.31230156249999996
1 0.5805640624999999 0.30202968750000003 0.578021875 0.30202968750000003 0.5764890625 0.30386875 0.5729015625 0.35136406249999996 0.5698359375 0.43335468749999995 0.567259375 0.46220625000000004 0.56778125 0.4864296875 0.578021875 0.5003796875 0.58620625 0.5069125 0.596446875 0.49296093750000003 0.6 0.4771078125 0.593346875 0.4296125 0.589271875 0.33088125 0.5855453125000001 0.31591562500000003 0.5836296875 0.3066578125 0.58261875 0.30291718749999996 0.5805640624999999 0.30202968750000003
3 0.61100625 0.3055171875 0.605921875 0.3036140625 0.602821875 0.3055171875 0.6018109375 0.3129359375 0.5956812499999999 0.39213749999999997 0.589028125 0.4470515625 0.589028125 0.4675328125 0.5910828125 0.47780625 0.5941484375 0.487128125 0.6084640625 0.4861765625 0.6202375 0.494546875 0.6243125 0.494546875 0.6289453125 0.48059531250000004 0.6273765625000001 0.443309375 0.6222921875 0.36322187499999997 0.6165093749999999 0.3179453125 0.6151171875 0.311984375 0.6141062500000001 0.3091953125 0.61100625 0.3055171875
3 0.63775625 0.3071015625 0.632915625 0.311096875 0.625496875 0.3760296875 0.62650625 0.44400781250000004 0.625496875 0.47285937499999997 0.6285609375 0.48034218749999996 0.6352140625 0.48218125 0.640334375 0.4887125 0.647475 0.4887125 0.655171875 0.479390625 0.655659375 0.47007031250000003 0.65465 0.459796875 0.650540625 0.43284687499999996 0.6449328125 0.40114218749999997 0.64134375 0.37691875 0.6444093750000001 0.314521875 0.643921875 0.31268281249999996 0.640821875 0.307990625 0.63775625 0.3071015625
4 0.6624875 0.333228125 0.660675 0.339378125 0.6552078125 0.44889062500000004 0.656078125 0.462840625 0.6573671875 0.4659484375 0.66844375 0.4745078125 0.6735625 0.47374687499999996 0.684221875 0.4659484375 0.693590625 0.469815625 0.696134375 0.46670937500000004 0.6987109375 0.4604953125 0.699546875 0.4441984375 0.6948796875000001 0.41471093750000004 0.685928125 0.38909375 0.67951875 0.3650609375 0.6756875 0.3231453125 0.67398125 0.3130625 0.6705671875 0.314584375 0.6692796875 0.31927656249999997 0.6688609375000001 0.3448953125 0.67398125 0.38909375 0.680390625 0.420165625 0.6791015625 0.423271875 0.6773953125000001 0.42251093749999996 0.6756875 0.420165625 0.67398125 0.420165625 0.6709859375 0.428725 0.6705671875 0.428725 0.67015 0.4263796875 0.6705671875 0.405390625 0.6675718749999999 0.383703125 0.6651 0.34039375 0.6650296875 0.33633437499999996 0.664159375 0.3339890625 0.6624875 0.333228125
4 0.7210734375000001 0.4552953125 0.733890625 0.44901718749999997 0.7404046875 0.4427390625 0.742425 0.42828125000000006 0.7375484375 0.40456562500000004 0.7283875 0.372353125 0.7198187500000001 0.3259984375 0.7160921874999999 0.2972734375 0.7108328125 0.2843375 0.708778125 0.2868109375 0.7096484375000001 0.312365625 0.71508125 0.361128125 0.7182859374999999 0.40095156249999997 0.7147328125 0.40405781249999995 0.7089515625 0.3349390625 0.707453125 0.2904875 0.70759375 0.278440625 0.7049109375 0.2775515625 0.7011499999999999 0.2972734375 0.7001390625 0.32473125 0.7018453124999999 0.367659375 0.7020203125 0.409321875 0.7014984375 0.410209375 0.6998265625 0.42935937500000004 0.7014984375 0.45034843750000003 0.703553125 0.4531390625 0.703378125 0.45383593749999995 0.7084640624999999 0.455675 0.7210734375000001 0.4552953125
