4 0.3194015625 0.34914375 0.293103125 0.2812296875 0.27464374999999996 0.25662656250000004 0.2696625 0.2572609375 0.26823437499999997 0.2624609375 0.26893125 0.26956250000000004 0.271090625 0.275396875 0.28707812499999996 0.3051359375 0.29062968749999996 0.32003750000000003 0.2913265625 0.32777500000000004 0.28955000000000003 0.3284078125 0.28422187499999996 0.32390625 0.279971875 0.3135703125 0.270359375 0.2831328125 0.2600484375 0.268928125 0.255103125 0.271528125 0.252246875 0.2772984375 0.2525953125 0.28509843749999997 0.26112812500000004 0.318071875 0.27464374999999996 0.3627140625 0.2760359375 0.401521875 0.2774640625 0.40665781250000005 0.28565 0.40925781250000004 0.2938 0.4086234375 0.298084375 0.40475625 0.3080109375 0.40665781250000005 0.31448906249999997 0.406340625 0.31797343749999996 0.40602343750000003 0.3239984375 0.39955625 0.3275515625 0.3911859375 0.327934375 0.3801515625 0.3194015625 0.34914375
4 0.3564265625 0.26778749999999996 0.3395328125 0.2370328125 0.33288125 0.238934375 0.3313484375 0.2528859375 0.33799999999999997 0.2836390625 0.340578125 0.3199109375 0.34005625 0.3199109375 0.33904531250000003 0.323653125 0.336990625 0.3208625 0.316021875 0.24914375 0.3103796875 0.24172500000000002 0.3063046875 0.24451562500000001 0.30679218750000004 0.25662656250000004 0.3155 0.30691250000000003 0.32675 0.350665625 0.32675 0.37951875 0.3282828125 0.3953703125 0.3318703125 0.4000640625 0.33646875 0.401903125 0.351828125 0.4000640625 0.361546875 0.403740625 0.37251875 0.40177500000000005 0.37533906250000004 0.3972734375 0.3779171875 0.38516093749999997 0.3779171875 0.370259375 0.36973124999999996 0.3385546875 0.3564265625 0.26778749999999996
3 0.40313437499999993 0.3505390625 0.37756875 0.2526953125 0.3729359375 0.2303734375 0.367328125 0.2303734375 0.3657953125 0.24527656250000002 0.3729359375 0.34216875 0.3765234375 0.3533296875 0.3821671875 0.365440625 0.3831765625 0.398034375 0.387775 0.4064046875 0.391884375 0.40735625000000003 0.39495 0.4064046875 0.39801406250000004 0.40082500000000004 0.402125 0.3970828125 0.40825468750000005 0.39606875 0.41232968750000004 0.39524375 0.416440625 0.3942921875 0.4184953125 0.385921875 0.4153953125 0.3747625 0.40313437499999993 0.3505390625
3 0.4076625 0.22422343749999998 0.401009375 0.2447046875 0.4020546875 0.31268281249999996 0.40512031249999997 0.3760296875 0.40919531249999996 0.40120468750000005 0.4168578125 0.4142046875 0.4235109375 0.4142046875 0.4260890625 0.41236562499999996 0.43260156250000004 0.397653125 0.435284375 0.38998125 0.436328125 0.37786875000000003 0.42709843750000004 0.3462265625 0.41738125000000004 0.2223203125 0.4076625 0.22422343749999998
1 0.46245156249999997 0.24312031250000002 0.45733125 0.2268234375 0.45391875 0.220609375 0.45050468749999995 0.220609375 0.44796250000000004 0.2260625 0.44625624999999997 0.25865625 0.4437125 0.2842734375 0.439846875 0.3479390625 0.43688593750000004 0.3727328125 0.43814062500000006 0.3875078125 0.43814062500000006 0.4146484375 0.44029999999999997 0.423209375 0.44454843750000006 0.426315625 0.45423125000000003 0.42675937499999994 0.4571921875 0.42536406250000003 0.45990937499999995 0.4213703125 0.4607453125 0.4123015625 0.46502968750000007 0.31141406250000003 0.46245156249999997 0.24312031250000002
2 0.48133125000000004 0.2588453125 0.4779171875 0.2572609375 0.474503125 0.263475 0.470671875 0.34965156249999996 0.465134375 0.388459375 0.46172031249999995 0.424159375 0.4638453125 0.428028125 0.46642343750000004 0.4303734375 0.4830375 0.4381109375 0.48474375 0.43658906249999996 0.48474375 0.39156562500000003 0.487321875 0.3100828125 0.48516250000000005 0.2720359375 0.48133125000000004 0.2588453125
2 0.5067578125 0.28566875 0.5039015625000001 0.27400156249999996 0.5003484375 0.2688015625 0.4946703125 0.27526875 0.49324218750000004 0.31927656249999997 0.489690625 0.3722890625 0.4864859375 0.39169375 0.48756562499999995 0.41433125000000004 0.485440625 0.43570000000000003 0.499478125 0.439821875 0.50285625 0.44020312500000003 0.503553125 0.43633437500000005 0.503553125 0.43050156250000005 0.5024734375000001 0.384590625 0.5067578125 0.28566875
2 0.5264375 0.282625 0.5246609375 0.27615781250000004 0.520759375 0.2735578125 0.5175546875 0.27679062499999996 0.5143500000000001 0.2929609375 0.5061656250000001 0.43785625 0.5232328125000001 0.43785625 0.5246609375 0.437221875 0.5257046875 0.43265624999999996 0.5260890625 0.42618906250000005 0.5239296875 0.3731765625 0.5264375 0.282625
2 0.5493203125 0.2542171875 0.5439921875 0.2542171875 0.535109375 0.2684203125 0.530825 0.3053265625 0.5311734375 0.350603125 0.528353125 0.404946875 0.529396875 0.43335468749999995 0.53368125 0.43658906249999996 0.543678125 0.4374765625 0.5464640625 0.43595468750000005 0.5478921875 0.424984375 0.54754375 0.34736875 0.5507140625 0.2568171875 0.5493203125 0.2542171875
1 0.5731796874999999 0.25694374999999997 0.5676421875 0.24451562500000001 0.5625218750000001 0.24375468749999998 0.5595609375 0.24762187500000002 0.558271875 0.255421875 0.5569843750000001 0.2942296875 0.5518640625 0.363284375 0.5497390625 0.40133125 0.5523156250000001 0.419975 0.5574015625000001 0.4300578125 0.5635671875 0.4296125 0.5682 0.4290421875 0.5714734375 0.4222578125 0.5731796874999999 0.4059609375 0.5753390625 0.2895375 0.5731796874999999 0.25694374999999997
3 0.6077671875 0.23525625 0.6012546875 0.23525625 0.5971093749999999 0.242803125 0.5938703125 0.25624531250000004 0.5903171875 0.29670312499999996 0.5858578125 0.3381734375 0.5766984374999999 0.3877609375 0.5772906250000001 0.3963859375 0.581434375 0.41255625 0.5879484374999999 0.4179453125 0.5929640625 0.4152828125 0.599721875 0.4070390625 0.6018453125 0.40285312500000003 0.6039359375 0.376475 0.6089515624999999 0.26651875 0.609265625 0.2389984375 0.6077671875 0.23525625
3 0.650784375 0.238934375 0.6484156249999999 0.23081875 0.6457328125 0.2281546875 0.6433640625 0.2286625 0.618809375 0.323525 0.6093 0.34781249999999997 0.6016015625 0.3629046875 0.5962734375000001 0.377996875 0.5939046875 0.3935953125 0.60073125 0.3909328125 0.605746875 0.39251718750000003 0.6078375 0.39524375 0.610484375 0.405453125 0.615534375 0.4081796875 0.61999375 0.407609375 0.6266109375 0.4035515625 0.6282828125 0.40171250000000003 0.630059375 0.39524375 0.6336125 0.3720359375 0.6510625 0.24914375 0.650784375 0.238934375
4 0.6839421875 0.23849062499999998 0.683246875 0.237159375 0.6786140625 0.235890625 0.6722390625 0.23912499999999998 0.6619296875 0.2617625 0.6448625 0.33094531250000003 0.63988125 0.3613828125 0.636328125 0.367153125 0.6292234375 0.37298593750000003 0.6264015625 0.3800890625 0.628178125 0.392390625 0.6342046875 0.397590625 0.6381046875 0.4059609375 0.64559375 0.4059609375 0.660153125 0.4020921875 0.6647515625 0.40665781250000005 0.6676078125 0.40665781250000005 0.6828984375 0.400190625 0.6839421875 0.393025 0.68474375 0.35085625 0.6882265624999999 0.33227656250000004 0.6985015625 0.266265625 0.7024375 0.2455921875 0.70170625 0.239759375 0.6974578124999999 0.23779374999999997 0.6903515625 0.2500953125 0.6786140625 0.3057078125 0.6708109375 0.3270765625 0.6676078125 0.3283453125 0.6647515625 0.3277109375 0.6633578124999999 0.3258078125 0.6665265625 0.2921375 0.676140625 0.25529531250000004 0.683246875 0.24172500000000002 0.6839421875 0.23849062499999998
4 0.74151875 0.25979687500000004 0.7407874999999999 0.257196875 0.737965625 0.25656249999999997 0.7347609375 0.2591625 0.7116687500000001 0.3057078125 0.68645 0.36848437500000003 0.683246875 0.3904875 0.6860671875000001 0.40082500000000004 0.6931734374999999 0.4085609375 0.708115625 0.4098921875 0.7202015625 0.41502812499999997 0.7273078125 0.41502812499999997 0.732984375 0.397590625 0.732984375 0.3788203125 0.7347609375 0.360684375 0.74576875 0.323209375 0.7560781249999999 0.285034375 0.7557296874999999 0.2779328125 0.7543015625 0.27273281250000003 0.7514453125 0.27273281250000003 0.74754375 0.2766015625 0.740090625 0.2947375 0.7312093749999999 0.320609375 0.7265765625 0.3283453125 0.7230234375 0.3296765625 0.7215953125000001 0.3283453125 0.7215953125000001 0.3258078125 0.7347609375 0.28700000000000003 0.7407874999999999 0.2714640625 0.74151875 0.266265625 0.74151875 0.25979687500000004
4 0.73368125 0.58738125 0.7365375000000001 0.53956875 0.7376171874999999 0.51173125 0.7407874999999999 0.49752656249999994 0.7454203125000001 0.480659375 0.74576875 0.46518750000000003 0.7439921875 0.4573875 0.7376171874999999 0.4502859375 0.72978125 0.4502859375 0.7202015625 0.44508593750000003 0.7159171875 0.4438171875 0.7091953125 0.44578281249999996 0.7056421875 0.45155312500000006 0.703134375 0.4684203125 0.710240625 0.51433125 0.714525 0.5738109375 0.718425 0.5990484375 0.719853125 0.6010140625 0.7212468750000001 0.6010140625 0.72340625 0.5996828125 0.7237546874999999 0.5984140625000001 0.7216296875 0.5479390625 0.7223265624999999 0.538871875 0.7237546874999999 0.53436875 0.72765625 0.536334375 0.72699375 0.5827515625 0.7273078125 0.588078125 0.7287359375 0.591946875 0.730128125 0.591946875 0.73155625 0.5913125 0.73368125 0.58738125
4 0.705746875 0.5646796875 0.701009375 0.49784375000000003 0.7039703125 0.4746359375 0.703378125 0.45580156250000003 0.7001046875 0.445021875 0.689446875 0.44178750000000006 0.6728671875 0.445021875 0.6633921875000001 0.445021875 0.6583765625 0.453646875 0.6574718749999999 0.4665828125 0.65865625 0.4773625 0.6610234375 0.4881421875 0.67021875 0.5140140625 0.6764187500000001 0.5592890625 0.6805640625 0.5830062500000001 0.6820625 0.58566875 0.68443125 0.5862390625 0.6864859375 0.5845906249999999 0.6882625 0.5802796875 0.6882625 0.5727328125 0.6820625 0.5312625 0.6838390624999999 0.52695 0.6879828125 0.52695 0.69094375 0.5301843749999999 0.6939046875 0.5377296874999999 0.6985015625 0.5689921874999999 0.6998265625 0.57438125 0.70188125 0.5802796875 0.703378125 0.5802796875 0.705746875 0.577615625 0.705746875 0.5646796875
3 0.664715625 0.602853125 0.6643671875 0.5808500000000001 0.660815625 0.522003125 0.6611640624999999 0.46962656249999996 0.6590390625 0.45669062499999996 0.6551375 0.44889062500000004 0.6483796875000001 0.44629062499999994 0.6430515625 0.45149062500000003 0.6345171875 0.45085625 0.626715625 0.4585921875 0.626715625 0.468928125 0.6298843749999999 0.49289843749999995 0.6444796875 0.5426765625 0.655103125 0.594165625 0.6561828125 0.5989859375 0.658690625 0.6067218750000001 0.6611640624999999 0.60735625 0.6636359374999999 0.6060875 0.664715625 0.602853125
3 0.6278296875 0.6223203125000001 0.6335078125 0.621053125 0.6391843749999999 0.615853125 0.6416921875 0.6081171875 0.642040625 0.6035515625000001 0.6416921875 0.586746875 0.63385625 0.48909375 0.6278296875 0.45288593749999995 0.623196875 0.4464171875 0.6203765625 0.44508593750000003 0.6139671875 0.45415312500000005 0.6104140625000001 0.4684203125 0.601184375 0.46125625000000003 0.5965515625 0.463221875 0.5933828125 0.4703234375 0.5933828125 0.48649375 0.606165625 0.5570062499999999 0.6118421875 0.5964484375 0.612921875 0.6061515625 0.6139671875 0.6113500000000001 0.617171875 0.61781875 0.620725 0.621053125 0.6278296875 0.6223203125000001
1 0.6043890625 0.6365890624999999 0.6068625 0.6307546875 0.60759375 0.621053125 0.6068625 0.5776796875 0.59265 0.4684203125 0.5884015625 0.460621875 0.5819921875 0.45611875 0.5766625000000001 0.4573875 0.5756187500000001 0.47488906249999996 0.5706375 0.4897265625 0.5709859374999999 0.5156 0.5896203125 0.627775 0.590875 0.6333546875 0.5937296875 0.638490625 0.5990593750000001 0.639821875 0.6015328125 0.639125 0.6043890625 0.6365890624999999
2 0.5746781249999999 0.6370328125 0.5690000000000001 0.5587828125 0.568303125 0.49219999999999997 0.5665265625 0.47146406250000006 0.564403125 0.46563125000000005 0.5611984375 0.463728125 0.5526640625 0.46499687500000003 0.54625625 0.4695625 0.5455593750000001 0.47533281250000003 0.5459078125 0.4837671875 0.5519671875000001 0.5258078125 0.556565625 0.5892203125 0.5630796874999999 0.6343687499999999 0.56401875 0.6396328125 0.5657953124999999 0.6422328125 0.571125 0.6435 0.5729015625 0.6422328125 0.5746781249999999 0.6370328125
2 0.5559390625 0.6405203125 0.5562875 0.630184375 0.5523859375 0.596575 0.5463250000000001 0.5131265625 0.5452796875 0.46525 0.5438515625 0.4620171875 0.538871875 0.4594171875 0.5228843750000001 0.4594171875 0.5111453125 0.4620171875 0.5111453125 0.4788203125 0.515778125 0.5131265625 0.53629375 0.6393156249999999 0.536746875 0.6450859375 0.5381750000000001 0.648953125 0.5420765624999999 0.6515531250000001 0.5516546875 0.6483203125 0.5559390625 0.6405203125
2 0.49327812499999996 0.6415984375 0.49470625 0.6338625 0.500034375 0.59955625 0.5060609375 0.527775 0.5103453124999999 0.4870640625 0.5110421875 0.46182656250000004 0.480146875 0.45922656249999994 0.47659375 0.463728125 0.4762109375 0.49156562499999995 0.47763906250000004 0.5226375 0.477290625 0.5588453125 0.47788281250000003 0.641090625 0.47941406249999996 0.6487640625 0.4822703125 0.65003125 0.4872515625 0.6487640625 0.48937656250000006 0.6467984375 0.49327812499999996 0.6415984375
2 0.4574015625 0.6262531250000001 0.47230937500000003 0.535446875 0.47830000000000006 0.502853125 0.48000625 0.4788203125 0.48000625 0.4694984375 0.474015625 0.467153125 0.462521875 0.4648703125 0.4603625 0.46563125000000005 0.4561125 0.490425 0.450575 0.5828156250000001 0.4480328125 0.6138874999999999 0.44266875 0.6473046874999999 0.442459375 0.6526953125 0.4454546875 0.65345625 0.44757968750000005 0.6526953125 0.45141093750000005 0.64565625 0.4574015625 0.6262531250000001
1 0.4246609375 0.6614453124999999 0.42723750000000005 0.6521250000000001 0.454928125 0.5225109375 0.45621718749999995 0.512428125 0.4545109375 0.49067812499999997 0.451096875 0.4681671875 0.451096875 0.4588453125 0.44939062500000004 0.4557390625 0.44301562499999997 0.45345625 0.43448281250000004 0.4611921875 0.423825 0.487571875 0.41616093750000005 0.54039375 0.41396718750000006 0.6494609375 0.41400156250000003 0.6559921875 0.4148734375 0.66220625 0.417415625 0.6668984375 0.422953125 0.6661374999999999 0.4246609375 0.6614453124999999
3 0.386625 0.64045625 0.39258125 0.6365890624999999 0.39599375000000003 0.62650625 0.410065625 0.569815625 0.4271328125 0.505390625 0.42796874999999995 0.4859859375 0.4271328125 0.4665828125 0.4237203125 0.4627140625 0.418146875 0.4643 0.4113546875 0.4650609375 0.41048437499999996 0.4643 0.4096484375 0.45960625000000005 0.40195 0.44020312500000003 0.39811874999999997 0.43944218749999997 0.39470625 0.44413437499999997 0.38787812499999996 0.4588453125 0.3819234375 0.49067812499999997 0.376803125 0.5411546875 0.3733890625 0.6026 0.3729703125 0.6109703125 0.3733890625 0.631134375 0.376803125 0.6381734375 0.382340625 0.64045625 0.386625 0.64045625
3 0.36255625 0.5942296875 0.3877046875 0.494103125 0.39453125 0.47159218750000004 0.39453125 0.4552953125 0.3919546875 0.446734375 0.383003125 0.4459734375 0.3778828125 0.4421046875 0.3715078125 0.43512968750000003 0.36468124999999996 0.43823749999999995 0.360396875 0.447559375 0.3561484375 0.48243437499999997 0.34991249999999996 0.5875078125 0.3493203125 0.598096875 0.35102812499999997 0.602790625 0.3552765625 0.6035515625000001 0.3595609375 0.6004437499999999 0.36255625 0.5942296875
4 0.33904531250000003 0.5539625 0.3475796875 0.5198484375 0.35440625 0.4996203125 0.36419375 0.4755859375 0.364646875 0.45694375000000004 0.363775 0.44920781249999997 0.3569484375 0.44140781249999994 0.342459375 0.43753906249999996 0.3352140625 0.440646875 0.3220125 0.431325 0.318146875 0.43601718749999996 0.314315625 0.4507296875 0.3134796875 0.4902984375 0.316021875 0.520609375 0.31260937499999997 0.541534375 0.3130265625 0.5446421875 0.313896875 0.5446421875 0.316440625 0.541534375 0.3194359375 0.530690625 0.3228484375 0.5228921875 0.3262625 0.5213703125 0.33009374999999996 0.5228921875 0.3313828125 0.5259984375 0.3313828125 0.530690625 0.3291890625 0.5755234375 0.32925781249999997 0.5826890625 0.32925781249999997 0.585034375 0.3313828125 0.58655625 0.3330890625 0.581928125 0.33904531250000003 0.5539625
4 0.2908046875 0.578503125 0.2925109375 0.5738749999999999 0.2984671875 0.517184375 0.309125 0.477615625 0.3125390625 0.45821249999999997 0.3112859375 0.445021875 0.30658281249999997 0.43956875 0.2993375 0.43804687500000006 0.2882625 0.4426765625 0.281434375 0.4411546875 0.27331875 0.4372859375 0.270359375 0.44349999999999995 0.2690703125 0.4675328125 0.27331875 0.5078625 0.27206562500000003 0.5303734375 0.273771875 0.54825625 0.27589687500000004 0.5847171875 0.278021875 0.5925171875 0.281434375 0.59169375 0.281853125 0.587825 0.281434375 0.5405203125 0.281853125 0.5296125 0.2822703125 0.52650625 0.2852671875 0.5242234375 0.28780937500000003 0.5272671875 0.2865546875 0.5696890625 0.285684375 0.57698125 0.286103125 0.5808500000000001 0.287390625 0.5816109375 0.28909843749999997 0.5808500000000001 0.2908046875 0.578503125
4 0.2676421875 0.4633484375 0.2661796875 0.44045625 0.2593171875 0.43018437499999995 0.251340625 0.4229546875 0.23981249999999998 0.44178750000000006 0.233890625 0.44178750000000006 0.2318 0.44667031250000006 0.2303375 0.466075 0.237721875 0.48547812500000004 0.2483796875 0.5544703125 0.249878125 0.5560562499999999 0.2516546875 0.554978125 0.252525 0.545846875 0.249878125 0.4838296875 0.2540234375 0.47685468750000004 0.2552078125 0.478440625 0.2540234375 0.5312625 0.2540234375 0.5452765625 0.25489375000000003 0.54743125 0.256078125 0.54743125 0.258759375 0.5355734375 0.2676421875 0.4633484375
