3 0.344828125 0.2365890625 0.3414140625 0.2435640625 0.3375828125 0.311096875 0.32480000000000003 0.41585312500000005 0.3273421875 0.42669687500000003 0.336746875 0.4329109375 0.3495296875 0.4355734375 0.35294375 0.43525625 0.35719218750000004 0.42669687500000003 0.3580640625 0.4112234375 0.34611562500000004 0.263728125 0.344828125 0.2365890625
3 0.3796234375 0.3455921875 0.36680625 0.2718453125 0.3651 0.24933437500000002 0.362975 0.2555484375 0.35914375 0.27958125 0.3616859375 0.364171875 0.36085 0.433290625 0.3616859375 0.43481249999999994 0.3651 0.4363984375 0.38199218749999997 0.4389984375 0.3838734375 0.43950468750000005 0.3877046875 0.4410265625 0.388575 0.43950468750000005 0.38899374999999997 0.42473124999999995 0.3796234375 0.3455921875
2 0.3986421875 0.2786296875 0.39547187500000003 0.27609374999999997 0.3933125 0.2786296875 0.389759375 0.303234375 0.3908390625 0.38928281249999996 0.392615625 0.4442609375 0.4018453125 0.44356406249999997 0.415953125 0.4481296875 0.41891249999999997 0.4487640625 0.4202375 0.44920781249999997 0.41605781249999996 0.397653125 0.40505 0.29613125 0.3986421875 0.2786296875
2 0.4268203125 0.31693125 0.4211078125 0.32213125 0.4182859375 0.3324671875 0.420759375 0.3913125 0.42396406249999996 0.44629062499999994 0.42539218749999996 0.44889062500000004 0.4307203125 0.450221875 0.444340625 0.45117343749999994 0.4481359375 0.45149062500000003 0.4459765625 0.427584375 0.43531875 0.3344328125 0.43319375000000004 0.32213125 0.4268203125 0.31693125
2 0.45663593750000003 0.331959375 0.45513750000000003 0.3325296875 0.4509921875 0.36214375 0.45158437500000004 0.45003125 0.47443437499999996 0.44977812500000003 0.48091249999999997 0.45003125 0.47854374999999993 0.43170624999999996 0.4663875 0.3599875 0.45928281249999997 0.334115625 0.45663593750000003 0.331959375
2 0.50839375 0.286746875 0.5049812499999999 0.27894687500000004 0.4981546875 0.2805328125 0.4938703125 0.29448281249999997 0.4913265625 0.355040625 0.48620625000000006 0.4481921875 0.5194359375000001 0.4514265625 0.5220125 0.4513 0.5271328125 0.4513 0.5271328125 0.4481921875 0.5134796875000001 0.34648124999999996 0.50839375 0.286746875
1 0.58784375 0.27679062499999996 0.5874953125 0.2703234375 0.5835953125 0.2683578125 0.5786140625 0.2709578125 0.5693828125 0.278059375 0.547684375 0.32530156250000003 0.5349 0.3996828125 0.5299203125 0.433925 0.5306515625 0.44749531249999996 0.5530125 0.4468609375 0.5633234375 0.4436265625 0.5712984375 0.439378125 0.5736328125 0.43652499999999994 0.57398125 0.433925 0.5678515625 0.37438125 0.5835953125 0.29036093749999997 0.58784375 0.27679062499999996
3 0.613375 0.347559375 0.6086375 0.2807234375 0.609821875 0.269371875 0.6000703125 0.2720984375 0.5965171875 0.2785671875 0.5905953125 0.3060234375 0.587321875 0.363728125 0.57756875 0.42675937499999994 0.577846875 0.42999375000000006 0.580215625 0.4327203125 0.5894109375000001 0.43379843749999997 0.60741875 0.441534375 0.609821875 0.4418515625 0.6119125000000001 0.4418515625 0.61665 0.43753906249999996 0.6181125 0.43107187500000005 0.613375 0.347559375
3 0.6572281249999999 0.41433125000000004 0.65081875 0.3987953125 0.64869375 0.3179453125 0.6444093750000001 0.2746359375 0.64085625 0.2675328125 0.6376875 0.2688015625 0.63270625 0.27786875 0.62486875 0.311478125 0.6163703125 0.391059375 0.608534375 0.43050156250000005 0.6099609375 0.437603125 0.6117375 0.44083750000000005 0.61884375 0.44083750000000005 0.6241734375 0.442803125 0.6373046875 0.44476875 0.6465687499999999 0.44216875 0.6497390625 0.44216875 0.657575 0.43956875 0.6597000000000001 0.43373437499999995 0.6597000000000001 0.42276406250000004 0.6572281249999999 0.41433125000000004
4 0.677778125 0.2823078125 0.6760015625 0.2909328125 0.67185625 0.3653140625 0.6635671875 0.40088749999999995 0.657053125 0.42568124999999996 0.65733125 0.43753906249999996 0.6760015625 0.44020312500000003 0.7029265625 0.44077343750000003 0.716265625 0.43538437500000005 0.72455625 0.43589062500000003 0.72455625 0.42460312499999997 0.7177296875 0.381484375 0.7177296875 0.365821875 0.7242421875 0.3086875 0.72455625 0.29524374999999997 0.72365 0.2876984375 0.7221875 0.2823078125 0.7206890625 0.27958125 0.7186343749999999 0.2801515625 0.7109375 0.3081796875 0.7014625 0.34965156249999996 0.69731875 0.3631578125 0.69258125 0.3722890625 0.6910828125 0.372859375 0.6902125 0.3722890625 0.683978125 0.28338593749999996 0.68310625 0.2801515625 0.6807390625 0.276346875 0.677778125 0.2823078125
4 0.758759375 0.2896640625 0.7531515625 0.29448281249999997 0.7380359375000001 0.3699421875 0.7244171875000001 0.420609375 0.7235453125 0.4313890625 0.7241375 0.44001250000000003 0.7270984375 0.44489531250000003 0.7318359375 0.4459734375 0.7433640625 0.4459734375 0.75374375 0.4507921875 0.76468125 0.4529484375 0.7788921875 0.4502859375 0.7821671875 0.44489531250000003 0.7839421875 0.42707656250000003 0.7809828125 0.37856718749999996 0.7859984375 0.30741874999999996 0.78571875 0.2966390625 0.7821671875 0.2955609375 0.7777078125 0.2998734375 0.7735624999999999 0.306340625 0.7679546875 0.33436875 0.7649953125 0.3548515625 0.762034375 0.36563124999999996 0.7602578125 0.36886562500000003 0.7578890625 0.3699421875 0.757296875 0.36886562500000003 0.76085 0.3349390625 0.7644031250000001 0.308496875 0.7629046875000001 0.29182031249999996 0.758759375 0.2896640625
3 0.6163015625 0.6135703125 0.6222218749999999 0.5613187500000001 0.6272375 0.5009515625 0.626053125 0.497146875 0.6225015625 0.49606874999999995 0.6032734375000001 0.5036140625 0.5932078125 0.5046921875 0.5881578125 0.5031078124999999 0.5905265625 0.5100828125 0.6086734375 0.6068484375 0.6094734374999999 0.6130625000000001 0.61125 0.6178828125 0.61361875 0.618453125 0.6153953125 0.617375 0.6163015625 0.6135703125
2 0.557959375 0.596765625 0.5664921875 0.52821875 0.5700453125 0.5088140625 0.5636359375 0.4790109375 0.5597359375 0.4757765625 0.5455234375 0.4771078125 0.5440968749999999 0.5042484375 0.5482765625 0.6102734375 0.5483796875 0.6135703125 0.5490765625 0.622003125 0.5505046874999999 0.623271875 0.5519328125 0.6226375 0.557959375 0.596765625
2 0.387565625 0.603234375 0.39111875 0.598921875 0.40505 0.5665828125 0.4153953125 0.5131890625 0.41361875000000003 0.501903125 0.412434375 0.50133125 0.40888125000000003 0.5040578124999999 0.403553125 0.49974687500000003 0.3934859375 0.495434375 0.39230156250000003 0.4970203125 0.3920234375 0.49974687500000003 0.39289375 0.50995625 0.3890625 0.5471781250000001 0.38011093749999997 0.5965125 0.3795890625 0.6005078125 0.37986718750000004 0.603234375 0.3807734375 0.6043125 0.38432656249999997 0.60481875 0.387565625 0.603234375
1 0.3375828125 0.635446875 0.3446875 0.6235890625 0.35238593749999997 0.60475625 0.3710203125 0.5481296875 0.38672968750000003 0.49638593750000004 0.393521875 0.4694359375 0.39265 0.45757812500000006 0.3855453125 0.45326562499999995 0.3745734375 0.44952500000000006 0.3662828125 0.44952500000000006 0.36304375 0.4516796875 0.36067499999999997 0.4991125 0.35593906249999996 0.509321875 0.3500171875 0.5357640625 0.3423203125 0.5831953125 0.339603125 0.6075453125 0.3378609375 0.6194046875 0.33462187499999996 0.6327843750000001 0.3340296875 0.6376031249999999 0.3352140625 0.6381734375 0.3375828125 0.635446875
3 0.3294328125 0.57343125 0.350365625 0.4996828125 0.356775 0.46930937500000003 0.356775 0.4485734375 0.35252500000000003 0.44407031249999995 0.34256406250000004 0.4427390625 0.33793125 0.44667031250000006 0.331209375 0.4764109375 0.31435 0.5724796875 0.3141421875 0.5772984375 0.31494218749999997 0.5820546875 0.3173453125 0.5863671874999999 0.3215953125 0.5857328125000001 0.3294328125 0.57343125
3 0.3049109375 0.5631578125 0.3288046875 0.48243437499999997 0.3334734375 0.4568171875 0.331765625 0.43975937500000006 0.320271875 0.42656875000000005 0.308325 0.4273296875 0.3053296875 0.43195937500000003 0.3006625 0.45757812500000006 0.2876703125 0.5538359374999999 0.286171875 0.56391875 0.2891328125 0.576346875 0.292546875 0.576346875 0.298084375 0.5732406250000001 0.3049109375 0.5631578125
4 0.27084687500000004 0.5733671874999999 0.27547968749999996 0.5617 0.28683437500000003 0.5222578125 0.2900390625 0.4925171875 0.29926875000000003 0.41877031249999996 0.2939390625 0.4116671875 0.28791406249999996 0.408434375 0.279728125 0.4097015625 0.276175 0.40583437499999997 0.2698015625 0.40133125 0.2633921875 0.401965625 0.258759375 0.408434375 0.2566359375 0.41877031249999996 0.255590625 0.48345000000000005 0.2520375 0.49378593750000005 0.248484375 0.5248578125 0.24705625000000003 0.5591625 0.2495296875 0.5694984375 0.2523859375 0.568865625 0.252734375 0.56303125 0.2598390625 0.5261250000000001 0.2711953125 0.4899171875 0.274746875 0.500253125 0.27547968749999996 0.5106531249999999 0.2740515625 0.53259375 0.2655875 0.5655046875 0.263775 0.5740015625 0.26516875 0.5772359375 0.2662484375 0.5772359375 0.2683734375 0.5766015624999999 0.27084687500000004 0.5733671874999999
4 0.23667656250000002 0.5218765624999999 0.24406093750000002 0.4666453125 0.25322187500000004 0.41813593750000005 0.25346562499999997 0.40469218749999997 0.2477875 0.3987953125 0.24036875000000002 0.39613125 0.2364328125 0.3979078125 0.23221875 0.3979078125 0.226296875 0.3902984375 0.2228484375 0.3902984375 0.2194015625 0.3920734375 0.216928125 0.39524375 0.21313125 0.4064046875 0.21024062500000001 0.44572031250000005 0.20978750000000002 0.4801515625 0.2065828125 0.49581406250000004 0.20212500000000003 0.5322125 0.2026125 0.552440625 0.20508593749999998 0.5556125 0.2073140625 0.5565 0.20978750000000002 0.5556125 0.21100625 0.5515531250000001 0.2226046875 0.4913765625 0.22605312500000002 0.48731718749999997 0.2285265625 0.48731718749999997 0.22877031250000002 0.48865 0.2280390625 0.49581406250000004 0.215709375 0.5573875 0.21741562499999997 0.5587187499999999 0.2206546875 0.5591625 0.223615625 0.558275 0.225565625 0.5551046875 0.23667656250000002 0.5218765624999999
