4 0.7874609375 0.607990625 0.7936953124999999 0.607990625 0.7967953125 0.6038046875 0.7959937499999999 0.5939765625 0.7858234375 0.5807234375 0.7716828125 0.5561828125 0.7584109375 0.5240328125 0.7455234374999999 0.5013953124999999 0.737653125 0.5078 0.734309375 0.5123656249999999 0.7324625 0.518009375 0.72455625 0.51953125 0.7177296875 0.5236531249999999 0.7145937499999999 0.535003125 0.7139671875 0.5440703124999999 0.7195750000000001 0.563728125 0.7276906249999999 0.57698125 0.7351453125 0.5871906250000001 0.7442703125000001 0.6038046875 0.75653125 0.6223203125000001 0.7696265624999999 0.627584375 0.78850625 0.6207984375 0.79265 0.616296875 0.7889234375 0.6132531250000001 0.774190625 0.607990625 0.7604671875 0.5920734375000001 0.754684375 0.5833859375 0.7540578124999999 0.57958125 0.7557296874999999 0.5760296874999999 0.757575 0.5773625 0.7735624999999999 0.5966390625 0.7874609375 0.607990625
4 0.7469875 0.673303125 0.74886875 0.6759671875000001 0.7499125 0.6759671875000001 0.7513765625 0.6721625 0.7507484375 0.66005 0.7397421875 0.617375 0.7160578125 0.5651875000000001 0.7106578125 0.540265625 0.7081859374999999 0.5357000000000001 0.7058859375 0.5357000000000001 0.6986421875 0.54216875 0.6934515625000001 0.5429296875 0.6890625 0.5485734375 0.687634375 0.551996875 0.683071875 0.5516171875 0.677046875 0.55611875 0.671646875 0.56220625 0.6666671875 0.5716546874999999 0.6649953125 0.57958125 0.6664578125 0.5927703125 0.6739109375 0.6083062499999999 0.6867984375 0.628725 0.6969703125 0.6483203125 0.7158484374999999 0.6740640625000001 0.7285265625 0.6861765625 0.7355968749999999 0.68915625 0.73744375 0.6857953125 0.7368171875 0.6755859375 0.7173109375 0.6400125 0.710240625 0.6253015625 0.7077671875 0.6192765625 0.7077671875 0.61699375 0.7088125 0.6166140625 0.7235453125 0.628725 0.7469875 0.673303125
4 0.6292921875 0.5809765625 0.629571875 0.593215625 0.6402640625 0.6504125000000001 0.653709375 0.7012046875 0.6569484375 0.7084343750000001 0.6624515625 0.709321875 0.66395 0.7057078125 0.6631828125 0.6966390625 0.658203125 0.6748890624999999 0.6557296874999999 0.656309375 0.6564609375 0.6494609375 0.6572281249999999 0.6485734375 0.6611984375 0.6499046875000001 0.6651687500000001 0.6540265625 0.671646875 0.6821171875 0.6743984375000001 0.6966390625 0.680634375 0.704375 0.6836296875000001 0.70481875 0.6851265625 0.7025359375 0.6836296875000001 0.6866828125 0.66419375 0.572353125 0.6557296874999999 0.572353125 0.648728125 0.5792015625 0.6437484375 0.5760296874999999 0.6395328124999999 0.5792015625 0.6330546874999999 0.5782499999999999 0.6317999999999999 0.57780625 0.630790625 0.5782499999999999 0.6292921875 0.5809765625
3 0.593034375 0.5953078125 0.5982578125 0.6297406249999999 0.6084640625 0.6846546874999999 0.6249046875000001 0.735890625 0.6321484374999999 0.7490812499999999 0.6351453125 0.7504125 0.6361203125 0.7472421875 0.634378125 0.7318328125 0.6308953125000001 0.6792015625000001 0.6271687499999999 0.5816734375 0.6244171875 0.5753328125 0.6221875 0.576728125 0.61246875 0.5757765625 0.6 0.577171875 0.59975625 0.577615625 0.594078125 0.585921875 0.593034375 0.5953078125
3 0.5774984375 0.6696890625 0.5867984374999999 0.72916875 0.5900390625 0.7402656249999999 0.5954375 0.7487640625 0.6000703125 0.7507296875 0.600453125 0.74743125 0.59470625 0.714140625 0.5957859375 0.685415625 0.5968296875 0.6198484375 0.596203125 0.591503125 0.594565625 0.5862390625 0.5879140625 0.5786296875 0.5831421875 0.57526875 0.578996875 0.5809124999999999 0.5704625 0.5873171875 0.5690000000000001 0.5889656249999999 0.5704984375000001 0.6102734375 0.5774984375 0.6696890625
1 0.5445140625 0.58306875 0.542771875 0.5953703124999999 0.5423546875 0.6352562500000001 0.5457687499999999 0.71915 0.5509921875 0.7513640625 0.5535 0.754090625 0.5554859375000001 0.754090625 0.5624515625 0.7450218750000001 0.564959375 0.7286625 0.566075 0.641978125 0.567746875 0.61439375 0.5669109375 0.5970203125 0.562346875 0.5909328125 0.549459375 0.57698125 0.5482765625 0.576728125 0.5457687499999999 0.5794546875 0.5445140625 0.58306875
2 0.5212125000000001 0.691503125 0.5215609375 0.7339249999999999 0.5269250000000001 0.733290625 0.529815625 0.7300578125 0.5337515625 0.7078625 0.53629375 0.6447046875 0.5392203125 0.6173109375 0.53956875 0.5918203125 0.5291890625 0.5880156249999999 0.5245562500000001 0.5879515625 0.521490625 0.5876984375000001 0.518146875 0.588078125 0.5212125000000001 0.691503125
2 0.497596875 0.5942296875 0.4973875 0.627140625 0.49926875 0.6362078125 0.5007312500000001 0.69784375 0.5032046875 0.717121875 0.50529375 0.7189593750000001 0.5079765625 0.717121875 0.5144203125 0.6842109375 0.5156734375 0.592390625 0.5111109375 0.589346875 0.5029953125 0.58744375 0.5013578125 0.5870640625 0.49989531249999997 0.5882046875 0.497596875 0.5942296875
2 0.4758625 0.6279015625000001 0.47669843749999996 0.6592890625 0.477115625 0.7156 0.4796234375 0.720165625 0.48251406250000006 0.7190234375 0.4858234375 0.7072921875 0.49164062499999994 0.6400125 0.4943578125 0.6207359375 0.49582031249999997 0.5901078125 0.49185 0.58560625 0.48004218749999994 0.5825625 0.47920625 0.5825625 0.477325 0.58560625 0.4758625 0.6279015625000001
2 0.4531875 0.6236531249999999 0.4545796875 0.6352562500000001 0.4570875 0.7209890624999999 0.4583421875 0.72828125 0.46133749999999996 0.7337343749999999 0.4638453125 0.7337343749999999 0.46656250000000005 0.7268859375 0.47279687499999995 0.6262531250000001 0.4735625 0.585415625 0.4648203125 0.5826890625 0.4563921875 0.5859859375 0.453709375 0.586746875 0.45266406249999996 0.5870640625 0.4531875 0.6236531249999999
1 0.4268203125 0.594609375 0.4261921875 0.6044390625 0.4233015625 0.7337343749999999 0.42455625 0.7495875 0.4266109375 0.7556125 0.4297453125 0.7563734375 0.4334734375 0.7503484375 0.43866250000000007 0.7322124999999999 0.44716093749999997 0.6581484375 0.451096875 0.6180718749999999 0.44925156250000003 0.5904874999999999 0.44569843750000004 0.580659375 0.44029999999999997 0.5783765625 0.436571875 0.5866828125 0.431209375 0.5905515625 0.42911875000000005 0.5920093750000001 0.42765624999999996 0.592390625 0.4268203125 0.594609375
3 0.3942875 0.5951171875 0.3967953125 0.665821875 0.394078125 0.723271875 0.391396875 0.7327203124999999 0.3853703125 0.745909375 0.38599843749999996 0.748953125 0.38850625 0.7512359375 0.40240312500000003 0.732340625 0.4117375 0.704375 0.4223265625 0.6208625 0.42337187500000006 0.5954984375000001 0.4206546875 0.590234375 0.41671874999999997 0.5864296875 0.4132015625 0.5766015624999999 0.41069374999999997 0.57698125 0.40571250000000003 0.5823078125000001 0.3998953125 0.58605 0.3984671875 0.5871906250000001 0.39616875 0.58909375 0.3942875 0.5951171875
3 0.3685828125 0.5880156249999999 0.3569484375 0.728471875 0.35931718749999997 0.7355109375 0.36172031250000003 0.7355109375 0.367990625 0.7268234375 0.37875312499999997 0.70393125 0.385928125 0.671275 0.39432187500000004 0.6228281250000001 0.400278125 0.6005703125 0.4 0.592390625 0.39609843749999996 0.5863671874999999 0.39042187500000003 0.579834375 0.38443125 0.579328125 0.373075 0.58040625 0.3712984375 0.5814843749999999 0.3700796875 0.5831328124999999 0.3685828125 0.5880156249999999
4 0.3228484375 0.5689921874999999 0.32135156249999997 0.5744453125 0.3094046875 0.6625875 0.306409375 0.681103125 0.3097171875 0.6935953125000001 0.3156734375 0.6984781250000001 0.3189828125 0.696321875 0.3297453125 0.6446421875 0.33092968749999996 0.6440703125 0.3381046875 0.6506031250000001 0.336328125 0.670196875 0.3321140625 0.6849078125 0.3303375 0.6935953125000001 0.330025 0.7045015625 0.33242812499999996 0.7077359375000001 0.3405078125 0.6979703125000001 0.36680625 0.5836390625 0.3662140625 0.5809765625 0.36321875000000003 0.5771078125 0.358446875 0.5738749999999999 0.34137968750000003 0.5711484375 0.33221875 0.5664546875 0.329153125 0.564615625 0.32556562499999997 0.5651875000000001 0.3228484375 0.5689921874999999
4 0.2644375 0.675840625 0.2584109375 0.69435625 0.267746875 0.6875078125 0.28080781250000003 0.6735578125 0.32232656249999997 0.5847171875 0.32441718750000004 0.5779328125000001 0.32420781249999997 0.5718453125 0.31755468750000004 0.56734375 0.31591718750000003 0.5613187500000001 0.310728125 0.556753125 0.30219375 0.5529484375 0.299721875 0.5533296875 0.294740625 0.54654375 0.2849875 0.5427390625 0.2766625 0.5427390625 0.27230937499999996 0.5476859375 0.265865625 0.5809124999999999 0.2573671875 0.6126828125 0.24925156249999997 0.651996875 0.2490421875 0.6629671874999999 0.2509234375 0.671275 0.251759375 0.6720359375 0.2552765625 0.6716546875 0.2586203125 0.6689921875 0.262765625 0.66220625 0.27230937499999996 0.6304375 0.2764546875 0.620228125 0.28540625 0.6070390625 0.28411718750000003 0.6156625 0.283315625 0.620228125 0.27356250000000004 0.658021875 0.2644375 0.675840625
4 0.19926875 0.6220671875 0.2025078125 0.6275203125 0.21445468750000002 0.6338625 0.2483453125 0.598034375 0.256321875 0.5857953124999999 0.2647859375 0.576284375 0.2695234375 0.5617625 0.2715078125 0.5440703124999999 0.26826875 0.5309453125 0.26280000000000003 0.5263796875 0.25579999999999997 0.5254921875 0.25081875 0.5187062499999999 0.2478234375 0.5177546875 0.2425984375 0.5055171875 0.24036875000000002 0.5041859375 0.23462187499999998 0.5118578125 0.206965625 0.5636015624999999 0.1942875 0.5889656249999999 0.1900390625 0.60393125 0.18930625 0.613 0.1960296875 0.6102734375 0.21518593749999998 0.587634375 0.22716875 0.5803421875 0.229884375 0.5798984375 0.229815625 0.581546875 0.22890937500000003 0.5840203125000001 0.21745 0.6026 0.19926875 0.6220671875
4 0.23692031249999998 0.371084375 0.2327765625 0.44781250000000006 0.23092968749999998 0.469753125 0.23754843750000001 0.48750781249999997 0.244828125 0.496575 0.2502265625 0.49955625000000003 0.255625 0.49733593750000005 0.2610234375 0.4878890625 0.26290468749999996 0.47349375 0.26370625 0.4436265625 0.2626953125 0.39942968749999996 0.25914375 0.38129375 0.2531171875 0.36391874999999996 0.24691718749999997 0.354090625 0.2411 0.3502859375 0.2435734375 0.362778125 0.25270000000000004 0.4254921875 0.2529078125 0.4481921875 0.25353593750000003 0.45726093749999996 0.2514796875 0.4557390625 0.24939062500000003 0.451934375 0.24656875 0.42022812500000006 0.24186718749999997 0.37958125 0.241309375 0.3745078125 0.23612031249999998 0.3533296875 0.23692031249999998 0.371084375
4 0.281609375 0.3599875 0.2774640625 0.3588453125 0.27495625 0.36036718749999996 0.27453906250000004 0.3653140625 0.2757921875 0.378884375 0.2683390625 0.46734375000000006 0.26395 0.48662031250000004 0.267084375 0.49150312500000004 0.2681296875 0.5036140625 0.2737375 0.503234375 0.2886796875 0.5115406250000001 0.29655156250000003 0.5096390625 0.3013234375 0.5020921875 0.30362187500000004 0.48662031250000004 0.304040625 0.45256875 0.3057125 0.41591562499999996 0.3079765625 0.3823078125 0.30362187500000004 0.3751421875 0.2998953125 0.367153125 0.294078125 0.3660109375 0.29324218750000003 0.3694359375 0.2949140625 0.4000640625 0.2942875 0.4114140625 0.29240625 0.4174375 0.29052656250000003 0.42048125000000003 0.28909843749999997 0.4208625 0.286590625 0.4185796875 0.284534375 0.41363281250000006 0.28411718750000003 0.40570781250000004 0.284709375 0.371528125 0.2843265625 0.3660109375 0.2828625 0.361509375 0.281609375 0.3599875
4 0.3194359375 0.378059375 0.3175890625 0.3788203125 0.31591718750000003 0.381103125 0.3146640625 0.3848453125 0.313409375 0.4014578125 0.3115640625 0.46195312499999996 0.3063734375 0.485034375 0.3030296875 0.5072921874999999 0.3036578125 0.5149015625 0.3109375 0.5273296875 0.3163359375 0.528090625 0.322153125 0.523209375 0.331278125 0.52999375 0.334796875 0.5311343749999999 0.3431203125 0.5273296875 0.3478921875 0.523209375 0.348728125 0.5107171875 0.34705625 0.46043124999999996 0.3481015625 0.43170624999999996 0.34538437499999997 0.4 0.3404046875 0.37958125 0.339359375 0.37729843750000003 0.3368859375 0.3761578125 0.33378593749999996 0.37691875 0.33232343750000004 0.3792015625 0.33232343750000004 0.3931515625 0.3352140625 0.4355109375 0.3339609375 0.441534375 0.330025 0.4441984375 0.32629687500000004 0.4441984375 0.32441718750000004 0.43779375 0.3237890625 0.428725 0.3252171875 0.391059375 0.32504374999999996 0.383703125 0.32194375000000003 0.378059375 0.3194359375 0.378059375
3 0.369975 0.36651875 0.3684078125 0.3668359375 0.3659703125 0.369371875 0.3647859375 0.3753328125 0.3621734375 0.4102734375 0.35593906249999996 0.46480625 0.347996875 0.5164234375000001 0.35214218750000004 0.5315796875000001 0.35750625 0.5381734375 0.361128125 0.5388078125 0.3735984375 0.528725 0.37635 0.5195937500000001 0.3760015625 0.49378593750000005 0.3765234375 0.4190875 0.373946875 0.37438125 0.3735984375 0.372796875 0.3715078125 0.3677875 0.369975 0.36651875
3 0.3805640625 0.367596875 0.3791015625 0.3689921875 0.378334375 0.37171875 0.3791015625 0.421559375 0.3731109375 0.5173109375 0.37708125 0.535446875 0.38282812499999996 0.54134375 0.38979375 0.5408999999999999 0.39104843749999996 0.535003125 0.3960296875 0.536778125 0.400521875 0.5322765625 0.40498124999999996 0.5190875 0.405259375 0.4968921875 0.39230156250000003 0.40437500000000004 0.386103125 0.377171875 0.38530156249999997 0.37171875 0.38258437500000003 0.368040625 0.3805640625 0.367596875
1 0.40815 0.3849078125 0.4004875 0.4907421875 0.4015328125 0.5240328125 0.408359375 0.545909375 0.4119125 0.55085625 0.41417656249999996 0.5504749999999999 0.42911875000000005 0.52739375 0.4299546875 0.506975 0.4266453125 0.4185796875 0.4237203125 0.39137656249999997 0.41288749999999996 0.3573875 0.411703125 0.3535828125 0.40919531249999996 0.34825625 0.40815 0.3849078125
2 0.44395625 0.388459375 0.442459375 0.390234375 0.437965625 0.44058281250000003 0.4334734375 0.514965625 0.4337515625 0.5326562499999999 0.43598125000000004 0.5499046875 0.4446875 0.5535187500000001 0.45416249999999997 0.5513 0.4561484375 0.545403125 0.4563921875 0.42790156250000005 0.455415625 0.410209375 0.4508875 0.39771718749999996 0.44966875 0.3948 0.4454546875 0.388459375 0.44395625 0.388459375
2 0.46875625000000004 0.3765375 0.46527343749999994 0.42187656249999994 0.462034375 0.5057703124999999 0.45952656249999996 0.5542796875 0.4612671875 0.559734375 0.46527343749999994 0.5633484375 0.48941093750000003 0.5674703125 0.49143125000000004 0.5643 0.49191874999999996 0.5266328125 0.491153125 0.488521875 0.4881921875 0.43684218750000003 0.48195781249999997 0.40462968750000006 0.475165625 0.37856718749999996 0.47398125 0.372859375 0.47025468750000005 0.371528125 0.46875625000000004 0.3765375
2 0.5133046875 0.38611249999999997 0.5103093750000001 0.39644843750000003 0.500453125 0.458465625 0.49686562500000003 0.5216234375 0.495959375 0.5635390625000001 0.5198890625 0.5608109375 0.52796875 0.5504749999999999 0.5303375 0.5379203125 0.5282484375000001 0.497653125 0.5288406250000001 0.46937187500000005 0.52675 0.43994999999999995 0.5213515625 0.39518125 0.5207937499999999 0.3888390625 0.5174859374999999 0.385034375 0.5133046875 0.38611249999999997
2 0.5449328125 0.38516093749999997 0.54134375 0.390425 0.5361546875000001 0.41521875 0.5334375 0.47856718750000005 0.5334375 0.54648125 0.534865625 0.55174375 0.5535359375 0.557578125 0.55604375 0.553646875 0.5571234375 0.5229546875 0.5556953124999999 0.4837671875 0.55064375 0.390425 0.5499484375 0.38909375 0.5477875 0.3857953125 0.5449328125 0.38516093749999997
1 0.57544375 0.3261890625 0.5725875 0.3372859375 0.56826875 0.390171875 0.563253125 0.49860468750000003 0.5610937500000001 0.51953125 0.5628703125000001 0.533228125 0.5654125 0.53779375 0.5815390625 0.5560562499999999 0.5858578125 0.55085625 0.591221875 0.5299296874999999 0.590875 0.49270781250000006 0.5887140625 0.42935937500000004 0.5869390625 0.387571875 0.5847781249999999 0.358909375 0.583071875 0.347875 0.581190625 0.3392515625 0.57544375 0.3261890625
3 0.5991984375 0.3670890625 0.595959375 0.3670890625 0.5916750000000001 0.37171875 0.5891671875 0.3821171875 0.5877390625000001 0.5186437500000001 0.59094375 0.5303734375 0.5941828124999999 0.53430625 0.6024375 0.53430625 0.6132015625 0.54476875 0.6164046875 0.540203125 0.62358125 0.5192765625 0.61999375 0.49315156250000003 0.6088125 0.39137656249999997 0.60710625 0.381484375 0.6045984375 0.37298593750000003 0.5991984375 0.3670890625
3 0.6137937499999999 0.3665828125 0.6112859375 0.37051406249999996 0.6098578125 0.3855421875 0.6137937499999999 0.497209375 0.6156046875000001 0.5148390625 0.6213171875 0.5253015624999999 0.6399859375 0.5337984375 0.6443046875 0.5298671875000001 0.6464296875 0.5142046875 0.6443046875 0.48738125 0.62796875 0.3826890625 0.6263671875 0.37438125 0.6213171875 0.3665828125 0.6137937499999999 0.3665828125
4 0.6894109375 0.3479390625 0.68443125 0.350665625 0.6824453125 0.35516875 0.6774640625 0.3792015625 0.6764890625 0.43367187500000004 0.6774640625 0.4790109375 0.6814703125 0.50215625 0.6874265625 0.5098281250000001 0.695890625 0.509384375 0.7053640624999999 0.5007609375000001 0.7148375 0.5007609375000001 0.718321875 0.49169375000000004 0.7173453125 0.46582187499999994 0.713828125 0.43589062500000003 0.7058859375 0.3501578125 0.7038656249999999 0.34476874999999996 0.7016375 0.3433734375 0.6983984375000001 0.34476874999999996 0.6973874999999999 0.3483828125 0.6969000000000001 0.37374687500000003 0.6983984375000001 0.4055171875 0.6976312499999999 0.415471875 0.695646875 0.41642343750000005 0.69265 0.41502812499999997 0.69143125 0.4123015625 0.690421875 0.4064046875 0.690421875 0.38966406249999996 0.69240625 0.3574515625 0.69240625 0.35383593750000003 0.69143125 0.3501578125 0.6894109375 0.3479390625
4 0.7332640625 0.3296125 0.731278125 0.33094531250000003 0.726784375 0.3477484375 0.7198187500000001 0.40304375 0.7195750000000001 0.44572031250000005 0.7208296875 0.468865625 0.7233015625 0.47653749999999995 0.7265406249999999 0.4801515625 0.73824375 0.4847171875 0.7422500000000001 0.481546875 0.7502265625 0.468865625 0.7522125 0.461128125 0.754196875 0.461128125 0.7586906250000001 0.450221875 0.7571921875000001 0.43252968750000004 0.7517234375 0.39353125 0.7522125 0.373875 0.7449671875 0.332784375 0.7424937500000001 0.33094531250000003 0.741484375 0.332784375 0.7405078125 0.3377296875 0.7442359374999999 0.3890296875 0.7429812499999999 0.39492656249999997 0.7417281250000001 0.3944828125 0.7399859375 0.3899171875 0.7366421875 0.3591625 0.736084375 0.34996875 0.736259375 0.33094531250000003 0.7332640625 0.3296125
