3 0.625253125 0.55516875 0.6184953125 0.55256875 0.6117375 0.554534375 0.6117375 0.5635390625000001 0.61884375 0.60304375 0.6263328125000001 0.6903609375 0.6334375 0.7142671875 0.6433640625 0.7259359375 0.6337859375 0.7045656250000001 0.6334375 0.6677234375000001 0.6362593750000001 0.62695 0.6334375 0.6178828125 0.63124375 0.5694984375 0.63058125 0.5635390625000001 0.628109375 0.5570703124999999 0.625253125 0.55516875
1 0.586171875 0.5746359375 0.5955421875 0.6469875 0.606896875 0.7197203125 0.6096140625 0.7251109375 0.6113203125 0.7233359375 0.61355 0.7179453125 0.615046875 0.6905515624999999 0.6078718750000001 0.5741921875 0.6051546875 0.558465625 0.599234375 0.553075 0.587146875 0.5472421875 0.586171875 0.5472421875 0.58491875 0.54996875 0.586171875 0.5746359375
2 0.55775 0.5437546875 0.5604312499999999 0.5658218749999999 0.5704984375000001 0.6752687500000001 0.5781953125 0.7038046875 0.5820265625000001 0.707609375 0.58589375 0.707609375 0.5888546875 0.705453125 0.588540625 0.69086875 0.583803125 0.6003171875 0.5853015625 0.5987312499999999 0.5841171875 0.5901078125 0.58261875 0.5674703125 0.582340625 0.5437546875 0.573459375 0.545909375 0.5604312499999999 0.5405203125 0.558934375 0.5405203125 0.5580640625 0.5410265625 0.55775 0.5437546875
2 0.54935625 0.6892828125 0.550365625 0.6963859375 0.5530484375 0.696765625 0.5542671875 0.6937859375000001 0.5553125 0.6818015625 0.5602234375 0.6638546875 0.5610593749999999 0.6327843750000001 0.560640625 0.6062140625 0.55653125 0.543309375 0.555903125 0.5417875000000001 0.5390453125 0.5407109375 0.5374078124999999 0.5410265625 0.5372 0.5470515625 0.54935625 0.6892828125
2 0.5142453125 0.5575140625 0.5187734374999999 0.585921875 0.5189828125 0.5960687499999999 0.5290484375 0.6701328125 0.5335765625 0.694103125 0.5356328125 0.696703125 0.5366421875 0.6956249999999999 0.5370609375 0.6907421874999999 0.5370609375 0.656309375 0.5381046875 0.6057703125 0.53726875 0.5986687500000001 0.5356328125 0.5417875000000001 0.5189828125 0.543690625 0.5163015625 0.5443875 0.5142453125 0.5462265625 0.5142453125 0.5575140625
2 0.48564999999999997 0.551109375 0.49205781249999997 0.5844 0.4913265625 0.5942296875 0.49254687500000005 0.5996203125 0.5002093750000001 0.685415625 0.502159375 0.6966390625 0.5043890625 0.7011421875 0.50735 0.700696875 0.5088468749999999 0.6984781250000001 0.5125390624999999 0.6310718750000001 0.5132703125 0.6090671875 0.5159875 0.5982875 0.514525 0.58345 0.514525 0.5695625 0.5184609375 0.5439437500000001 0.5056421875 0.5457203125000001 0.4898296875 0.5439437500000001 0.486625 0.5439437500000001 0.48564999999999997 0.5461640625 0.48564999999999997 0.551109375
1 0.45890000000000003 0.655421875 0.4595953125 0.728471875 0.4631484375 0.728471875 0.4681296875 0.7233359375 0.4727625 0.7142671875 0.4834203125 0.648953125 0.48683437500000004 0.5866828125 0.4855796875 0.561509375 0.48683437500000004 0.5453390625 0.48164375000000004 0.5471140625 0.467328125 0.5471140625 0.45945625 0.549396875 0.45586874999999993 0.5539625 0.4535703125 0.5590359375 0.45391875 0.5835765625 0.45890000000000003 0.655421875
3 0.418878125 0.550221875 0.4159171875 0.556690625 0.415325 0.579328125 0.4203765625 0.633228125 0.4354578125 0.6979078125 0.4416921875 0.7091953125 0.4476140625 0.709765625 0.4511671875 0.7048828125 0.4535359375 0.557196875 0.43486562500000003 0.554534375 0.4282828125 0.5514265625 0.4248 0.550221875 0.42156093749999995 0.54914375 0.418878125 0.550221875
3 0.38565 0.5694359375 0.3906296875 0.5868734375 0.40090624999999996 0.7181984375 0.404109375 0.729803125 0.409090625 0.73176875 0.4101703125 0.731134375 0.41194687500000005 0.7149656249999999 0.418321875 0.6703234375 0.4233015625 0.6050093750000001 0.43573593749999995 0.5687375 0.4353890625 0.5565 0.4332640625 0.551934375 0.42897968750000004 0.55003125 0.40268125 0.5435640625 0.391675 0.5461 0.3891328125 0.5497140625 0.386346875 0.5539 0.38565 0.557134375 0.38565 0.5694359375
4 0.3579234375 0.6979078125 0.3593515625 0.70564375 0.365378125 0.7134437499999999 0.373215625 0.6817375 0.383490625 0.5814843749999999 0.38881875 0.573684375 0.3934515625 0.5478125 0.389203125 0.5400765625 0.37283125 0.5445781249999999 0.36395 0.5452765625 0.3301984375 0.5445781249999999 0.3213171875 0.54914375 0.3170671875 0.5575140625 0.3170671875 0.5633484375 0.320271875 0.5730500000000001 0.323825 0.5801515625 0.32525312500000003 0.5873171875 0.32629687500000004 0.602790625 0.3241734375 0.6429296875 0.3170671875 0.6979078125 0.30853437499999997 0.731515625 0.33270625 0.6823718750000001 0.3465 0.6281546875 0.34897187500000004 0.6214328124999999 0.3554515625 0.618959375 0.35684375 0.6202921875 0.358271875 0.6513 0.3579234375 0.6979078125
4 0.27683749999999996 0.6836390625 0.27683749999999996 0.6911859375 0.27833437499999997 0.6965749999999999 0.2812953125 0.697653125 0.28425625 0.6960046875 0.2910484375 0.6841468749999999 0.3046671875 0.6356375 0.312365625 0.604375 0.32243125 0.57526875 0.32629687500000004 0.5623328125 0.3277609375 0.5407734375000001 0.316509375 0.5386171875 0.30320468749999996 0.5381109375 0.2910484375 0.5348765625 0.2860328125 0.5310718750000001 0.27537500000000004 0.5294859375 0.26826875 0.52999375 0.2649953125 0.5396953124999999 0.26321875 0.560178125 0.2649953125 0.5930875 0.262346875 0.6194671875 0.2587953125 0.686303125 0.26175625 0.6901078125 0.2688609375 0.68306875 0.274190625 0.661509375 0.2812953125 0.6259359375 0.284534375 0.6162328125000001 0.286625 0.613 0.28749531250000004 0.614078125 0.2848484375 0.6464171875 0.27683749999999996 0.6836390625
3 0.42361562499999994 0.4027265625 0.42079374999999997 0.41819843749999996 0.41473281249999994 0.4809765625 0.41616093750000005 0.49327812499999996 0.4239984375 0.5022828125000001 0.4378265625 0.5022828125000001 0.4516890625 0.49974687500000003 0.4477875 0.494546875 0.4449328125 0.48807812500000003 0.4413796875 0.461571875 0.4321140625 0.4249203125 0.4303734375 0.418896875 0.42894531249999995 0.4130625 0.42361562499999994 0.4027265625
1 0.48366406250000005 0.3837671875 0.481678125 0.3859859375 0.47279687499999995 0.4044390625 0.46318281250000004 0.4398859375 0.45896875000000004 0.48256249999999995 0.4614421875 0.504565625 0.463671875 0.5153453125 0.4673640625 0.518515625 0.471578125 0.5171218750000001 0.4772546875 0.5104 0.47920625 0.49556093749999997 0.47945000000000004 0.4681671875 0.48791406249999997 0.3953078125 0.488575 0.3904875 0.48808749999999995 0.3837671875 0.48366406250000005 0.3837671875
2 0.5089515625 0.3823078125 0.50480625 0.3823078125 0.5000703125 0.38826875 0.49561093749999996 0.4055171875 0.489690625 0.4577671875 0.48941093750000003 0.508434375 0.49265 0.515471875 0.5012546875 0.519784375 0.509821875 0.517628125 0.513375 0.5090046874999999 0.5175203125000001 0.48636718749999996 0.5184249999999999 0.43785625 0.5153609375 0.3922 0.51428125 0.38826875 0.5113203125 0.38395625 0.5089515625 0.3823078125
2 0.585684375 0.38566875 0.583315625 0.38725468749999997 0.5803546875000001 0.39587812499999997 0.5637749999999999 0.4783765625 0.563496875 0.485921875 0.564959375 0.4885859375 0.5717875 0.48807812500000003 0.5765234375 0.48915625 0.5815390625 0.49613125 0.5827234375 0.49239062499999997 0.583315625 0.47190937499999996 0.5883671875 0.3894109375 0.588053125 0.38725468749999997 0.5874609375000001 0.38566875 0.585684375 0.38566875
1 0.6087421875000001 0.4156625 0.5920578125 0.47970781249999994 0.582828125 0.5126828125 0.582828125 0.5268859375 0.58565 0.5307546875 0.600209375 0.5379203125 0.6087421875000001 0.5353203125 0.614803125 0.4842109375 0.62438125 0.41953125 0.625809375 0.385921875 0.63221875 0.3448953125 0.630790625 0.3477484375 0.62438125 0.363284375 0.6087421875000001 0.4156625
3 0.6536046875 0.4152828125 0.6473703125 0.4152828125 0.6432249999999999 0.41902343750000004 0.633159375 0.4411546875 0.613340625 0.5187703124999999 0.6130265625 0.530628125 0.61689375 0.5381734375 0.6222218749999999 0.5408375000000001 0.62814375 0.5414078124999999 0.63288125 0.537603125 0.638209375 0.5246671875 0.6535703125000001 0.42853593749999996 0.6547890625 0.42390625000000004 0.655659375 0.41959375000000004 0.6536046875 0.4152828125
3 0.6722390625 0.42194062499999996 0.6690359375 0.42194062499999996 0.6661796875 0.423271875 0.6590734375 0.4355734375 0.6388359375 0.501521875 0.6342046875 0.52999375 0.6367125 0.5435640625 0.6459421875 0.554534375 0.6555203125 0.5591 0.6598046875 0.555865625 0.6640546875 0.53259375 0.6766625000000001 0.444959375 0.6779171875000001 0.43684218750000003 0.676140625 0.427775 0.6722390625 0.42194062499999996
4 0.684709375 0.4281546875 0.6731453125 0.48205468749999997 0.6752343749999999 0.5224484375 0.6675375 0.5629046875 0.669 0.5698796875000001 0.6755140625 0.576346875 0.6817484375 0.5747625000000001 0.68735625 0.580659375 0.69240625 0.5823078125000001 0.6991984375 0.5823078125000001 0.70188125 0.578503125 0.7033437499999999 0.5618265625000001 0.7024734375 0.5187062499999999 0.7039359375 0.50304375 0.7116328125 0.488521875 0.7101703125000001 0.4340515625 0.7086734375 0.42435 0.7066171875 0.421115625 0.7054343750000001 0.4216875 0.6971437500000001 0.4588453125 0.69209375 0.48636718749999996 0.6882625 0.49010781249999996 0.6864859375 0.488521875 0.686171875 0.4836390625 0.69185 0.43715937499999996 0.6926859375000001 0.42561875000000005 0.69355625 0.4162328125 0.684709375 0.4281546875
4 0.7358765625 0.5033609375 0.7314171875000001 0.5001265625 0.7314171875000001 0.4898546875 0.7358765625 0.44083750000000005 0.7367468749999999 0.4208625 0.7287703125 0.43975937500000006 0.7201671875 0.46829375000000006 0.718390625 0.5081796875 0.7166140624999999 0.5259984375 0.71574375 0.5259984375 0.7089171875 0.554534375 0.7065484375 0.571275 0.7065484375 0.5777421875 0.7086375 0.5814843749999999 0.7163359375 0.588521875 0.7198890625 0.5901078125 0.7252171875 0.58744375 0.7302328124999999 0.5906781249999999 0.7326015625 0.5933421875 0.7385234374999999 0.5944203124999999 0.7435734375 0.588521875 0.746534375 0.5820546875 0.7494953125 0.5604953125 0.747996875 0.5329734375 0.7497734375 0.4974 0.752734375 0.47260625 0.7473703125 0.43436874999999997 0.7459421875000001 0.43975937500000006 0.7450359375 0.44349999999999995 0.739428125 0.49581406250000004 0.7358765625 0.5033609375
