4 0.66844375 0.7149015624999999 0.6777078125 0.7470515625 0.6881578125 0.7535828125 0.6962375 0.747559375 0.695646875 0.6284078125 0.69143125 0.6164234375000001 0.68279375 0.613696875 0.67561875 0.6147750000000001 0.6693140625 0.6120484375 0.6624875 0.612428125 0.6576796875 0.6142046875 0.6537796874999999 0.6164234375000001 0.66844375 0.7149015624999999
3 0.6189828125 0.6155359375 0.6202375 0.6268859375 0.6252171875 0.6559296875 0.632184375 0.7198484374999999 0.63890625 0.770196875 0.6438875000000001 0.77565 0.6513765625 0.7765375 0.6540921875000001 0.7733671875 0.655590625 0.7606843750000001 0.6561125 0.67178125 0.6543359375 0.624159375 0.650853125 0.6101453125 0.645871875 0.6091953125 0.6222218749999999 0.6087515625 0.6212125000000001 0.6087515625 0.6189828125 0.6105890625 0.6189828125 0.6155359375
3 0.5853703125 0.6120484375 0.5898640625 0.6433734375 0.5911187499999999 0.70913125 0.5938343749999999 0.757196875 0.5948453125000001 0.7649328125 0.6020546875 0.7689921875 0.6067921875 0.765821875 0.6078015625 0.76309375 0.608778125 0.7240968750000001 0.6127828125 0.6587828124999999 0.6127828125 0.6111609375 0.609021875 0.609321875 0.5888546875 0.6052625 0.586625 0.6052625 0.5853703125 0.6075453125 0.5853703125 0.6120484375
1 0.5549640625000001 0.7390609375 0.55896875 0.788965625 0.56395 0.7902984375 0.5659359375 0.788965625 0.5679203125 0.778059375 0.575409375 0.6814843749999999 0.5788921874999999 0.647875 0.5791359375 0.6320234375 0.580878125 0.6252375 0.5818875 0.6071015625 0.5803906249999999 0.5975265624999999 0.5619640625 0.587571875 0.5547203125 0.588459375 0.55374375 0.5894109375000001 0.552734375 0.6065953125 0.5549640625000001 0.7390609375
2 0.5260890625 0.629296875 0.5258453125 0.76220625 0.5270640625 0.7649328125 0.530825 0.76220625 0.5340640624999999 0.7549140624999999 0.5407875 0.6914390625 0.543015625 0.6451484375 0.5477531250000001 0.6238421875 0.5497390625 0.6116046875000001 0.5507484375 0.5961953125 0.5447578125 0.5925812500000001 0.5312781249999999 0.5887125 0.529396875 0.5880156249999999 0.523825 0.5857328125000001 0.5260890625 0.629296875
2 0.49829375000000004 0.6522515624999999 0.4985015625 0.7327203124999999 0.5051546874999999 0.7342421875 0.5078375 0.732340625 0.5097171875 0.723653125 0.5149078125 0.6299296875 0.51738125 0.6095125 0.519053125 0.5898546875 0.5138625 0.5872546875 0.500696875 0.5851609375 0.49662187500000005 0.584971875 0.4955765625 0.584971875 0.49829375000000004 0.6522515624999999
2 0.4724828125 0.6447046875 0.47039375000000005 0.7036781249999999 0.469975 0.7471140625 0.4726921875 0.7505390625 0.474746875 0.7505390625 0.47662812499999996 0.744134375 0.48349062500000006 0.6927078125 0.4888890625 0.6383 0.495715625 0.5835125 0.477325 0.5853515625 0.473703125 0.5857328125000001 0.4708109375 0.5853515625 0.4724828125 0.6447046875
2 0.43678125 0.6414718749999999 0.44029999999999997 0.730628125 0.4428078125 0.736715625 0.44862343750000006 0.7355734375 0.451096875 0.7295499999999999 0.45419687499999994 0.6746984375 0.4550328125 0.62821875 0.4585859375 0.5968921875000001 0.457959375 0.5821171875 0.43904531249999995 0.5851609375 0.43221875 0.591946875 0.4309640625 0.59346875 0.4303375 0.6002531249999999 0.43678125 0.6414718749999999
1 0.399234375 0.6105890625 0.40546875 0.69086875 0.4132015625 0.7670890625 0.41619687499999997 0.77343125 0.42142187499999995 0.7743187500000001 0.4246609375 0.7715921875 0.42615781249999996 0.7625234375 0.4274125 0.6500953125 0.4256703125 0.6355734375 0.42243125 0.5892828125 0.41769375000000003 0.58744375 0.40247343750000003 0.5906781249999999 0.4012546875 0.5924546875 0.399234375 0.5983515625 0.399234375 0.6105890625
3 0.3676078125 0.612428125 0.36837343749999996 0.6310078125 0.3755828125 0.6790734375 0.37756875 0.6981609375 0.3805640625 0.7539 0.38255 0.7666453125 0.3865546875 0.7679765625 0.388784375 0.76569375 0.3922671875 0.7516796875 0.394253125 0.6935953125000001 0.394775 0.5987953125 0.3754796875 0.603234375 0.371334375 0.60564375 0.3680953125 0.6088140625 0.3676078125 0.612428125
3 0.3361546875 0.625046875 0.338871875 0.74039375 0.342459375 0.7584015625 0.3481359375 0.7752687500000001 0.3529078125 0.77958125 0.3583078125 0.77958125 0.3618953125 0.7746984375 0.363671875 0.769815625 0.3642640625 0.7409640625 0.36398437499999997 0.6114140625 0.34005625 0.6163609375 0.3394640625 0.6168671875 0.337653125 0.6179453125000001 0.3361546875 0.625046875
4 0.2483796875 0.4014578125 0.24517656250000003 0.42365312499999996 0.2361890625 0.5163609375 0.2268546875 0.5444515625 0.2268546875 0.5529484375 0.2275859375 0.5581484375 0.23009374999999999 0.562778125 0.2354921875 0.562778125 0.2483796875 0.5751421875 0.2545109375 0.5771078125 0.261303125 0.5771078125 0.26920937500000003 0.5725421875000001 0.274225 0.5679765625 0.2753046875 0.5490171875 0.272796875 0.5026640625 0.272796875 0.460178125 0.25987499999999997 0.4007609375 0.258446875 0.3961953125 0.2566359375 0.3955609375 0.2562875 0.40665781250000005 0.2580984375 0.458909375 0.25701874999999996 0.4713375 0.2562875 0.47260625 0.254128125 0.47197187500000004 0.2530484375 0.46670937500000004 0.2513765625 0.411034375 0.251271875 0.40665781250000005 0.2509234375 0.3975265625 0.2483796875 0.4014578125
4 0.3096828125 0.439315625 0.30581718750000003 0.44749531249999996 0.30431875 0.47146406250000006 0.3022296875 0.48668281249999995 0.29951249999999996 0.49321562500000005 0.29655156250000003 0.49378593750000005 0.29414843749999997 0.48833281250000005 0.293834375 0.4409640625 0.29264999999999997 0.4388078125 0.2905609375 0.4388078125 0.2857890625 0.4453390625 0.2845703125 0.44914375 0.2753046875 0.56125625 0.2786140625 0.5732406250000001 0.28488281249999997 0.5802796875 0.2905609375 0.5802796875 0.301915625 0.584084375 0.31358437499999997 0.5824984375 0.3222578125 0.5781234375000001 0.324625 0.5694359375 0.316265625 0.4471140625 0.3156734375 0.441534375 0.31508125 0.4388078125 0.3096828125 0.439315625
3 0.3220125 0.40456562500000004 0.32176875 0.4177546875 0.3239984375 0.4426765625 0.3309640625 0.504375 0.33173125 0.5242859375 0.3304765625 0.5701328125 0.33221875 0.573303125 0.33820937500000003 0.5751421875 0.3459078125 0.573746875 0.3563921875 0.56785 0.359875 0.5560562499999999 0.3593875 0.5438171875 0.353884375 0.5107171875 0.3464296875 0.4852890625 0.338696875 0.4504125 0.331209375 0.3991125 0.32998906250000004 0.39778125000000003 0.327725 0.39733593749999996 0.3220125 0.40456562500000004
3 0.3676078125 0.40919531249999996 0.36384531249999996 0.4133171875 0.361859375 0.41870624999999995 0.36060625 0.4273296875 0.36036250000000003 0.44730468749999996 0.3648546875 0.5370953125 0.3688265625 0.5566265625 0.373075 0.561571875 0.3817828125 0.561128125 0.3882625 0.559353125 0.3967265625 0.5525046875 0.3967265625 0.538934375 0.377325 0.4168046875 0.37481718750000004 0.40830625 0.370846875 0.40741875 0.3676078125 0.40919531249999996
1 0.394496875 0.36524999999999996 0.394496875 0.37343125 0.39780625000000003 0.43544687499999996 0.3969 0.4876984375 0.399303125 0.5502859375 0.405259375 0.5546609375 0.4154296875 0.554090625 0.42859687500000004 0.5481296875 0.43277656249999996 0.5410265625 0.4315921875 0.5198484375 0.42410312499999997 0.48173750000000004 0.40348281249999995 0.36309375 0.4022984375 0.360875 0.3963078125 0.360875 0.394496875 0.36524999999999996
2 0.43277656249999996 0.36309375 0.43127812499999996 0.36474375000000003 0.4291890625 0.36962656250000003 0.4291890625 0.37343125 0.4315921875 0.38972656250000004 0.43636406250000004 0.44089999999999996 0.43726875 0.49207343750000004 0.43636406250000004 0.54648125 0.44744062500000004 0.5525046875 0.46565625 0.5481296875 0.46565625 0.5339890625 0.45938749999999995 0.476284375 0.45189843749999997 0.42999375000000006 0.4387671875 0.36740625 0.43814062500000006 0.36474375000000003 0.43577187500000003 0.36309375 0.43277656249999996 0.36309375
2 0.48241093749999997 0.385921875 0.479728125 0.387571875 0.4767328125 0.394103125 0.47074218749999996 0.43766718750000005 0.4695578125 0.5301843749999999 0.4710546875 0.5530125 0.47941406249999996 0.5557390625 0.4970390625 0.5568171875 0.5066171875000001 0.5535828125 0.5075234375 0.5236531249999999 0.5042140625 0.5034875000000001 0.5042140625 0.49150312500000004 0.4982578125 0.4447046875 0.48808749999999995 0.39682968750000003 0.4874953125 0.39518125 0.48477812499999995 0.38649374999999997 0.48241093749999997 0.385921875
2 0.544896875 0.38027968749999996 0.5398125 0.39169375 0.5359109375 0.40475625 0.5245562500000001 0.45485156250000003 0.5113890624999999 0.5283453125 0.5096140625000001 0.5544703125 0.51738125 0.557134375 0.5383140625 0.5566265625 0.5502609374999999 0.5533296875 0.5508531249999999 0.5370328125 0.5460812500000001 0.5071015625 0.5526640625 0.44774843750000004 0.55391875 0.3927703125 0.55343125 0.3814203125 0.5508531249999999 0.369371875 0.544896875 0.38027968749999996
2 0.5788921874999999 0.3986046875 0.569175 0.4444515625 0.55896875 0.5043124999999999 0.5535 0.5496515625 0.557471875 0.554153125 0.5719265625000001 0.5596062500000001 0.5793796875 0.5568796875 0.5814 0.5551046875 0.58261875 0.546925 0.5843609375 0.4942921875 0.5848828125 0.457134375 0.5876 0.397590625 0.588121875 0.384528125 0.58735625 0.37862968750000003 0.5788921874999999 0.3986046875
1 0.6068625 0.413 0.5866953125000001 0.5164234375000001 0.5841859375 0.5454656250000001 0.585440625 0.5581484375 0.5996515625 0.5681046875 0.613096875 0.565884375 0.6160921874999999 0.5585921875000001 0.6171015625 0.5100828125 0.61720625 0.422575 0.616475 0.4088140625 0.61508125 0.39169375 0.6068625 0.413
3 0.63058125 0.4278375 0.6183562499999999 0.522575 0.6189484375000001 0.5502859375 0.62194375 0.5649968750000001 0.6323921875 0.5720984375 0.638384375 0.5709578125 0.64225 0.5633484375 0.6440609375 0.5394421875 0.6411359375 0.43481249999999994 0.639846875 0.42460312499999997 0.6344828125 0.40824375 0.63058125 0.4278375
3 0.6706375 0.423715625 0.668478125 0.42701406249999996 0.6630796875 0.44464218750000006 0.6501921875 0.54388125 0.6491125 0.56220625 0.6512359375 0.5667718749999999 0.661303125 0.5726703125 0.672065625 0.570703125 0.6752703125 0.565440625 0.677290625 0.43887187499999997 0.6778125 0.42828125000000006 0.67635 0.423715625 0.6706375 0.423715625
4 0.7008015624999999 0.439821875 0.699025 0.44204218749999996 0.6966218750000001 0.4507296875 0.693034375 0.47742500000000004 0.69185 0.48122968750000006 0.6900390625 0.48338593750000003 0.68735625 0.47850312500000003 0.6891671875000001 0.44039375 0.6882625 0.439821875 0.6843609374999999 0.44204218749999996 0.6798671875 0.4507296875 0.66583125 0.5525046875 0.66614375 0.5644890625000001 0.6703234375 0.57045 0.679275 0.5731765625 0.69780625 0.5742546875000001 0.700521875 0.57045 0.706025 0.44457812499999994 0.7062 0.43823749999999995 0.70498125 0.43766718750000005 0.7008015624999999 0.439821875
4 0.72128125 0.44216875 0.7123296875 0.45852812500000006 0.708359375 0.47165468749999995 0.7011140625000001 0.521559375 0.6973874999999999 0.5632843750000001 0.6983625 0.5714640625 0.7003828125 0.5732406250000001 0.708359375 0.5750796874999999 0.7275171874999999 0.5741921875 0.7335078125 0.5782499999999999 0.7438171875 0.5821171875 0.7490421875 0.5762203125 0.751271875 0.56265 0.747196875 0.5029796875 0.74845 0.4739375 0.7506796875 0.44489531250000003 0.7492156249999999 0.44261249999999996 0.747196875 0.44216875 0.74395625 0.4444515625 0.7332640625 0.47305 0.726784375 0.48389375 0.7248 0.4843375 0.7237890625000001 0.48345000000000005 0.7245203124999999 0.4771078125 0.731 0.447621875 0.73075625 0.44489531250000003 0.7282828125 0.44216875 0.72128125 0.44216875
4 0.2719953125 0.7934046875 0.27756875000000003 0.7934046875 0.28021562499999997 0.7837671875 0.2872515625 0.712871875 0.2942875 0.6803421875 0.296621875 0.6515531250000001 0.2963078125 0.623271875 0.290178125 0.6168671875 0.277290625 0.6152828125 0.2649953125 0.6062140625 0.25677500000000003 0.6168671875 0.2585515625 0.6542171875 0.2638109375 0.6771078125 0.26408906249999997 0.6781859375 0.267015625 0.7837671875 0.2719953125 0.7934046875
4 0.3287703125 0.6814203125 0.33462187499999996 0.6766640625 0.33612031249999996 0.6547875000000001 0.33434375 0.6286625 0.3314171875 0.6174375000000001 0.32058593750000003 0.6201015625 0.3027171875 0.6201015625 0.298328125 0.6259984375000001 0.297421875 0.6596062500000001 0.29888593750000003 0.681990625 0.29919843749999997 0.6841468749999999 0.3065140625 0.6841468749999999 0.3287703125 0.6814203125
