4 0.5097343750000001 0.7729609375 0.5206062499999999 0.7635546875 0.586978125 0.745784375 0.6117578124999999 0.7445296875 0.629203125 0.736096875 0.6300890625 0.7328921875 0.629203125 0.7289203125 0.6225031249999999 0.722509375 0.602275 0.708153125 0.594184375 0.7061328125 0.5848296875 0.7059234375 0.5556265625 0.707875 0.48546093749999997 0.7380484375 0.4581546875 0.7462718749999999 0.45941875000000004 0.7507312500000001 0.46308437500000005 0.7536578125 0.46940625 0.7549125 0.480278125 0.7521953124999999 0.5089765625 0.738884375 0.5268015625 0.7335890625 0.545259375 0.732125 0.5470296875 0.73484375 0.4984828125 0.7598609374999999 0.49494375 0.774703125 0.5003796875 0.7754703125 0.5097343750000001 0.7729609375
3 0.48457656250000003 0.6444593750000001 0.43211093749999996 0.6568640625 0.4254109375 0.6647390625 0.42755937499999996 0.666271875 0.4402015625 0.666759375 0.471175 0.6627875000000001 0.554740625 0.658815625 0.5848296875 0.6442515625 0.5860937500000001 0.642509375 0.5848296875 0.635540625 0.582553125 0.6337984375 0.56725625 0.6335890625 0.48457656250000003 0.6444593750000001
3 0.44247812499999994 0.6268984375 0.43527187500000003 0.6298265625 0.4312265625 0.63581875 0.43388125000000005 0.6372828125 0.44146718749999997 0.6382578125 0.4729453125 0.63581875 0.504425 0.631359375 0.548925 0.628640625 0.5744625 0.6202093750000001 0.58836875 0.60878125 0.58836875 0.605853125 0.5860937500000001 0.604878125 0.5470296875 0.605853125 0.50391875 0.613728125 0.44247812499999994 0.6268984375
1 0.4437421875 0.5798609375 0.3855875 0.5905218750000001 0.3812890625 0.59351875 0.3812890625 0.5973515625 0.38343906250000004 0.6000703125 0.3898859375 0.6012546875 0.4156765625 0.6015328125 0.460809375 0.5991640625 0.573071875 0.5993734374999999 0.5860937500000001 0.5977 0.588875 0.5959578125 0.5965859375 0.5801390625 0.596334375 0.5756796875 0.5903921875 0.57121875 0.56498125 0.56975625 0.5235140625 0.5724046875 0.4437421875 0.5798609375
2 0.405309375 0.56599375 0.41555 0.5689203125 0.43602968750000004 0.5698265625000001 0.52718125 0.565365625 0.5567640625 0.566271875 0.597725 0.565365625 0.603665625 0.5624390625 0.6072062500000001 0.5463421875 0.606953125 0.5427875 0.605815625 0.540696875 0.5573953125 0.54188125 0.40050625 0.5618125 0.405309375 0.56599375
2 0.4374203125 0.5406265625 0.4455125 0.5418125 0.49721875000000004 0.539721875 0.5295828124999999 0.53679375 0.579140625 0.535609375 0.5979765625 0.5361671875 0.5969656249999999 0.530521875 0.5993671875000001 0.5196515625 0.6002531249999999 0.5119859375 0.4589125 0.5293375 0.436915625 0.5344249999999999 0.434765625 0.5373515624999999 0.4374203125 0.5406265625
2 0.45916562499999997 0.5077359375 0.6070796875 0.5065500000000001 0.610240625 0.5060625 0.6123890624999999 0.5035546875 0.6079640625 0.4845296875 0.6056890625 0.48153281249999996 0.581415625 0.48250937499999996 0.459671875 0.49783906250000004 0.44538593750000005 0.5043203125 0.45916562499999997 0.5077359375
2 0.426928125 0.4835546875 0.4359046875 0.486759375 0.46573906249999997 0.4871078125 0.60948125 0.47818750000000004 0.6027812499999999 0.460278125 0.5989890625000001 0.4483625 0.5278125 0.4610453125 0.4314796875 0.4756796875 0.4262953125 0.48104531250000004 0.426928125 0.4835546875
1 0.41441249999999996 0.43498281250000004 0.4121359375 0.439790625 0.41327499999999995 0.4436234375 0.41757343750000003 0.44745625 0.43539843749999996 0.4501734375 0.48280625 0.45073125 0.511378125 0.4522640625 0.5706703125 0.44926875 0.5906453125 0.446271875 0.598103125 0.4391640625 0.5987359375 0.4326125 0.586346875 0.41867656249999996 0.5841968750000001 0.4168640625 0.5804046875 0.415121875 0.57383125 0.4144953125 0.42136562499999997 0.433240625 0.41441249999999996 0.43498281250000004
3 0.4293296875 0.3751921875 0.433121875 0.38411093749999997 0.4409609375 0.3901734375 0.46548749999999994 0.39728281249999997 0.5211125 0.4040421875 0.5651078125 0.4126125 0.5831859374999999 0.41442500000000004 0.5864734375 0.4122640625 0.585209375 0.387665625 0.582553125 0.38411093749999997 0.5748421875 0.38090625 0.5244 0.3787453125 0.44867187499999994 0.3787453125 0.4293296875 0.3751921875
3 0.3940578125 0.34564531249999997 0.3915296875 0.34885 0.39671249999999997 0.3545640625 0.41605625 0.35811875 0.5156765625 0.3673875 0.5855875 0.37630625 0.5829328125 0.34278749999999997 0.5810359375 0.340278125 0.575221875 0.33958125 0.5240203125 0.34418125 0.39987343750000004 0.3431359375 0.3940578125 0.34564531249999997
4 0.45423437499999997 0.277909375 0.43287031249999997 0.2789546875 0.4270546875 0.2807671875 0.4251578125 0.283275 0.4251578125 0.28648125 0.42831875 0.2896859375 0.48204843750000004 0.294634375 0.493046875 0.2978390625 0.49241406249999997 0.30466875 0.48975937500000005 0.30822343750000003 0.48457656250000003 0.3103140625 0.47168124999999994 0.30996562499999997 0.449684375 0.30641093750000004 0.425790625 0.305365625 0.422503125 0.30641093750000004 0.422503125 0.3117765625 0.425790625 0.316028125 0.438053125 0.3192328125 0.5796453125000001 0.3381875 0.5823015625 0.337421875 0.5841968750000001 0.33456406250000004 0.58166875 0.2917765625 0.5810359375 0.28857187500000003 0.5771171875000001 0.283971875 0.572565625 0.2821609375 0.5493046875 0.28041875 0.45423437499999997 0.277909375
4 0.47939375 0.20585312500000003 0.44058125 0.1827171875 0.42895000000000005 0.17951250000000002 0.42642187500000006 0.1805578125 0.42642187500000006 0.186271875 0.43097343749999995 0.19449531250000002 0.44058125 0.20445937500000003 0.4567640625 0.21477343750000003 0.48912812499999997 0.2275953125 0.5169406249999999 0.24188125 0.51504375 0.24759531250000003 0.5007578125000001 0.2454359375 0.4639703125 0.2315671875 0.4426046875 0.22160312499999998 0.43350156249999994 0.2219515625 0.429709375 0.22369374999999997 0.43034062500000003 0.22836249999999997 0.44058125 0.23763125000000002 0.4723140625 0.254703125 0.5079640624999999 0.2661328125 0.5434890625000001 0.27505156249999996 0.5590390625 0.2757484375 0.5673828125 0.274703125 0.575853125 0.27038281249999996 0.5855875 0.25651562499999997 0.5866 0.2468296875 0.5862203125 0.24188125 0.5848296875 0.231915625 0.575853125 0.225853125 0.5156765625 0.21909375 0.47939375 0.20585312500000003
4 0.669153125 0.6824390625000001 0.6599234375 0.679025 0.64829375 0.67860625 0.6366625 0.679025 0.630340625 0.6820203125 0.6257906249999999 0.68885 0.6257906249999999 0.696515625 0.6218703125 0.7012546875 0.6226296875 0.7064109375000001 0.630340625 0.712821875 0.6629578125 0.718396875 0.6940578125 0.718396875 0.7281921875 0.7268984374999999 0.7677625 0.729478125 0.7778765625 0.7268984374999999 0.7778765625 0.7243203125 0.7195953125 0.7119156249999999 0.7064468749999999 0.7068296875 0.7064468749999999 0.7008359375000001 0.71504375 0.6974218750000001 0.721996875 0.696515625 0.773325 0.7003484375 0.7817953125 0.7008359375000001 0.7840703125 0.6986765625 0.782553125 0.6960968750000001 0.778634375 0.69484375 0.669153125 0.6824390625000001
3 0.730846875 0.6233453124999999 0.69721875 0.6222296875 0.6610625 0.6186765624999999 0.6326171875 0.6215328125 0.624146875 0.6254359375 0.620859375 0.6329609375 0.62225 0.6411156250000001 0.62604375 0.6429265625 0.6428578125 0.644390625 0.6745890625000001 0.6450875 0.7101140625 0.643971875 0.7556265625 0.640278125 0.7606828125 0.637909375 0.7573953125 0.62975625 0.75284375 0.627246875 0.743109375 0.6247390625 0.730846875 0.6233453124999999
1 0.8367890625 0.6131015625 0.726675 0.594215625 0.6505687499999999 0.583971875 0.6366625 0.5843906249999999 0.628825 0.5873875 0.624146875 0.59121875 0.624146875 0.5972125 0.6179515624999999 0.6113593749999999 0.6419718750000001 0.6181875 0.6762328125 0.615609375 0.718078125 0.616934375 0.7731984375 0.6203484375 0.8398234375 0.627246875 0.8493046874999999 0.626759375 0.8515796874999999 0.6250171875 0.8515796874999999 0.622509375 0.8469031250000001 0.6177703125 0.8367890625 0.6131015625
2 0.8173203125 0.5719859375 0.7490515624999999 0.5617421874999999 0.686978125 0.5561671875 0.6622 0.5510109375 0.633375 0.5501734375 0.62718125 0.5514984375 0.6249046875000001 0.55400625 0.6217453125 0.5749828124999999 0.6311 0.5788156250000001 0.6404546875 0.5805578125 0.6924140624999999 0.579303125 0.8165609375 0.5813937499999999 0.8204796875 0.5813937499999999 0.823640625 0.5805578125 0.8251578125 0.5771421875 0.821996875 0.5737281249999999 0.8173203125 0.5719859375
2 0.6820484375 0.51115 0.6556265625 0.5098265625 0.644753125 0.5115671875000001 0.6370421875 0.51581875 0.6293296875000001 0.5282234375 0.6323640625 0.544459375 0.6393171875 0.5462015625000001 0.7798984375 0.5470390625 0.8295828125 0.545365625 0.835778125 0.545365625 0.8596718750000001 0.5446 0.8388109375000001 0.535540625 0.7713015624999999 0.5205578125 0.6820484375 0.51115
2 0.8079640625 0.4604875 0.6433625000000001 0.46432031250000005 0.63173125 0.4668984375 0.6255375 0.4698953125 0.6255375 0.4806265625 0.63173125 0.49811875 0.6379265625 0.505853125 0.6418453125 0.506690625 0.6542343749999999 0.5050171875 0.6853343749999999 0.5036937499999999 0.7992421875 0.48599375 0.8079640625 0.48445937499999997 0.8156765625 0.48188125 0.8211124999999999 0.4750515625 0.8180781250000001 0.46432031250000005 0.8079640625 0.4604875
2 0.6560046875000001 0.42167187500000003 0.6412140625 0.4234140625 0.6265484375 0.42940781250000004 0.63274375 0.45630625 0.6381796875 0.4580484375 0.6537296875 0.45930312500000003 0.7343875 0.4528921875 0.8003796875000001 0.443065625 0.80505625 0.44090625 0.8058156249999999 0.43407656250000004 0.7988625 0.4289203125 0.69949375 0.42641093750000003 0.6560046875000001 0.42167187500000003
1 0.8031609375000001 0.3673171875 0.782175 0.36822343750000003 0.7193421875 0.37630625 0.6370421875 0.384459375 0.6238937499999999 0.387875 0.6161828125000001 0.392125 0.6145390625 0.39728281249999997 0.628571875 0.41268281250000005 0.6394437500000001 0.42041874999999995 0.65726875 0.42000000000000004 0.68836875 0.41484375 0.8055625 0.38620156250000004 0.8101140625 0.384459375 0.8117578125 0.38188125 0.8101140625 0.373309375 0.8070796874999999 0.369059375 0.8031609375000001 0.3673171875
3 0.7848296875 0.34292656250000003 0.7087234375 0.3505921875 0.676990625 0.3485015625 0.6381796875 0.352821875 0.6273078125 0.35665468749999996 0.6250312499999999 0.3622296875 0.628825 0.37672500000000003 0.6381796875 0.3866203125 0.647534375 0.387875 0.6637171875 0.38703906250000003 0.6893812500000001 0.37672500000000003 0.7467765625 0.3673171875 0.7988625 0.35665468749999996 0.8011375 0.3540765625 0.8018968750000001 0.3510796875 0.798103125 0.3459234375 0.790265625 0.34292656250000003 0.7848296875 0.34292656250000003
3 0.7499374999999999 0.30724687500000003 0.6276859375 0.3200703125 0.617446875 0.3229265625 0.6141593750000001 0.3282921875 0.617446875 0.337909375 0.6225031249999999 0.3461328125 0.6257906249999999 0.3475265625 0.657521875 0.343971875 0.767509375 0.32508750000000003 0.7700375 0.322578125 0.7687734374999999 0.3129609375 0.7648546875 0.30975625 0.757775 0.3075953125 0.7499374999999999 0.30724687500000003
4 0.6365359374999999 0.17533125 0.6242734375000001 0.1781875 0.6184578125 0.1810453125 0.6145390625 0.189965625 0.61719375 0.20383281250000002 0.6242734375000001 0.21170781249999998 0.6359046875 0.21421562500000002 0.647534375 0.21421562500000002 0.6740828125 0.21170781249999998 0.7322375 0.21135937500000002 0.74715625 0.2073875 0.7490515624999999 0.2056453125 0.74715625 0.20243906250000002 0.7426046875 0.2013234375 0.6637171875 0.200278125 0.6566375 0.198884375 0.6566375 0.196028125 0.6618203125 0.1931703125 0.6882421875 0.1945640625 0.7443734375 0.1945640625 0.7477875 0.192821875 0.7465234374999999 0.189965625 0.7426046875 0.1885015625 0.64943125 0.17428593750000002 0.6365359374999999 0.17533125
4 0.696965625 0.22160312499999998 0.6857140625 0.22487812499999998 0.6576484375 0.22397187500000001 0.6383062500000001 0.22160312499999998 0.6307203125 0.2234140625 0.6193421875 0.2424390625 0.6145390625 0.26320625 0.61504375 0.2715671875 0.6209859375 0.2739375 0.6376734374999999 0.27275312500000004 0.6905187500000001 0.2620203125 0.7218703125 0.260278125 0.7395703124999999 0.2551921875 0.74500625 0.2521953125 0.74665 0.248084375 0.7433625 0.2424390625 0.7390640625 0.2403484375 0.7207328125 0.24334531250000002 0.7121359375 0.2436234375 0.7061953125 0.239721875 0.7067 0.2361671875 0.7121359375 0.23205625 0.734765625 0.22160312499999998 0.7357781250000001 0.21804843749999997 0.72503125 0.213309375 0.715296875 0.21303125 0.70720625 0.215121875 0.696965625 0.22160312499999998
4 0.6962078125 0.29581875 0.688115625 0.29581875 0.6859671875 0.294634375 0.6859671875 0.290453125 0.689128125 0.28745625 0.7171937500000001 0.2824390625 0.7290765625 0.2779796875 0.727434375 0.2728921875 0.7209859375 0.2693375 0.6255375 0.276515625 0.6131484375 0.2791640625 0.6072062500000001 0.282996875 0.6072062500000001 0.28745625 0.6121359375 0.293728125 0.60885 0.29909375 0.6115046875 0.310034375 0.616940625 0.316028125 0.6255375 0.31749062499999997 0.653096875 0.314215625 0.7367890625 0.29909375 0.7398234375 0.29581875 0.735525 0.29073125 0.7312265625000001 0.2898265625 0.725284375 0.2898265625 0.6962078125 0.29581875
