4 0.41087187500000005 0.7952609374999999 0.4059421875 0.7985359375 0.406321875 0.8008359374999999 0.41049375 0.802509375 0.4211125 0.802509375 0.4532234375 0.7954703125 0.5307203125 0.76878125 0.5318578125 0.7627171875000001 0.5061953124999999 0.7317078125 0.493678125 0.7325437499999999 0.46915312499999995 0.7410453125 0.42831875 0.764390625 0.40897656250000003 0.784390625 0.40935468750000004 0.7891984375 0.41618281250000005 0.7900343750000001 0.4203546875 0.7879437499999999 0.4256640625 0.784390625 0.43211093749999996 0.77630625 0.4448796875 0.7683625000000001 0.44943125000000006 0.7679437499999999 0.453603125 0.7698265625 0.453603125 0.772334375 0.44791406250000004 0.7793734375 0.439696875 0.7856453125 0.423009375 0.7927531250000001 0.41087187500000005 0.7952609374999999
4 0.387990625 0.7613234375 0.44399531249999996 0.7401390625000001 0.4639703125 0.7359578124999999 0.4681421875 0.7315671874999999 0.47800312500000003 0.7284328125 0.49494375 0.7290593750000001 0.49873593749999995 0.7280140625 0.500253125 0.7261328125000001 0.486725 0.7052968749999999 0.482553125 0.69115 0.47952031249999993 0.6896859375 0.469659375 0.68926875 0.448546875 0.6984671875 0.434134375 0.6999296875 0.40619531249999996 0.7136578124999999 0.37370468749999997 0.7250875 0.36384375 0.731359375 0.3589125 0.73679375 0.3589125 0.74466875 0.3767390625 0.7405578125 0.399746875 0.7301046875 0.40543593749999995 0.7286406249999999 0.411125 0.7286406249999999 0.414159375 0.7301046875 0.4156765625 0.732821875 0.390265625 0.744459375 0.36042968750000004 0.76236875 0.372565625 0.7638328125 0.387990625 0.7613234375
4 0.3676359375 0.712821875 0.3812890625 0.7111500000000001 0.4077125 0.70320625 0.43034062500000003 0.69073125 0.44058125 0.6873875 0.45903906250000004 0.68655 0.471175 0.6882234375 0.47762343749999997 0.687178125 0.48179531249999996 0.6805578125 0.48179531249999996 0.672821875 0.47383125000000004 0.66655 0.47496875000000005 0.6540765625 0.4704171875 0.649059375 0.4632109375 0.6463421874999999 0.458659375 0.6461328125 0.45082187500000004 0.6484328125000001 0.44247812499999994 0.653240625 0.3898859375 0.6657140625 0.370290625 0.672821875 0.35018906250000004 0.682578125 0.346903125 0.68885 0.3509484375 0.6898953125 0.3933 0.6807671875 0.40088437499999996 0.6817421875 0.40391875 0.684459375 0.40391875 0.6863421875 0.36384375 0.704459375 0.36005 0.70885 0.36042968750000004 0.711359375 0.3676359375 0.712821875
3 0.38887499999999997 0.6322640625 0.3193421875 0.649546875 0.3103671875 0.6539375 0.3103671875 0.657490625 0.31858437500000003 0.65958125 0.4520859375 0.6446 0.45954531249999997 0.6374906250000001 0.4592921875 0.6324734375000001 0.454740625 0.6316375 0.453603125 0.62975625 0.45537343750000003 0.6250875 0.45549999999999996 0.6223 0.45512031249999996 0.6210453125 0.45056874999999996 0.62041875 0.44298281250000004 0.6208359375 0.38887499999999997 0.6322640625
3 0.4117578125 0.6024390625 0.37395625 0.6084328125 0.309734375 0.6264109375 0.3029078125 0.63115 0.30101093749999996 0.6338671875 0.3017703125 0.637003125 0.307459375 0.637421875 0.326675 0.63533125 0.389128125 0.6218125 0.44500624999999994 0.6161671875 0.449178125 0.6128218750000001 0.4506953125 0.6062015625 0.44804062499999997 0.6028578125 0.44690312499999996 0.6003484375 0.44614374999999995 0.5959578125 0.44348906250000003 0.5944953125 0.4359046875 0.59345 0.4117578125 0.6024390625
1 0.27054374999999997 0.595609375 0.26510781250000004 0.6030656249999999 0.2673828125 0.6071078125 0.269659375 0.607875 0.32275624999999997 0.6060625 0.37496874999999996 0.6013234375 0.3876109375 0.59860625 0.40075781250000003 0.5935890625 0.43565156250000003 0.5850875 0.44159218750000007 0.5698265625000001 0.441971875 0.5666203125 0.41845781249999997 0.5663421875 0.3410875 0.5736578125 0.2996203125 0.5828578125 0.27054374999999997 0.595609375
2 0.2970921875 0.56090625 0.2965859375 0.565365625 0.2998734375 0.5683625 0.31125156249999997 0.569546875 0.3721875 0.5635546875 0.44247812499999994 0.5626484375 0.44500624999999994 0.5468296875 0.4462703125 0.541671875 0.44728124999999996 0.5344953125 0.36725625 0.54466875 0.30632187499999997 0.5551921875 0.2970921875 0.56090625
2 0.2944375 0.5324734375 0.29557500000000003 0.5357484375 0.3021484375 0.5375609375 0.3445 0.5399296875 0.43602968750000004 0.5324734375 0.4398234375 0.530034375 0.44361562499999996 0.5240421875 0.44576562500000005 0.5150515625 0.444121875 0.512334375 0.4348921875 0.510521875 0.3326171875 0.52466875 0.2988625 0.530034375 0.2944375 0.5324734375
2 0.26030312499999997 0.4896859375 0.23805312500000003 0.4917765625 0.235778125 0.4977703125 0.2390640625 0.502578125 0.2695328125 0.5062015625 0.42414687500000003 0.5091984375 0.43944375 0.5121953125 0.44273125 0.49539999999999995 0.44298281250000004 0.49017343750000003 0.4420984375 0.48397187500000005 0.4170671875 0.487246875 0.3838171875 0.48515625 0.26030312499999997 0.4896859375
2 0.317446875 0.45066249999999997 0.313653125 0.456028125 0.317446875 0.46654999999999996 0.3223765625 0.469546875 0.4366625 0.4812546875 0.44867187499999994 0.47853593749999995 0.446396875 0.462090625 0.4448796875 0.45630625 0.44273125 0.4539375 0.4312265625 0.4514984375 0.3268015625 0.44794375000000003 0.317446875 0.45066249999999997
1 0.2748421875 0.3952609375 0.27534843750000004 0.4018125 0.2965859375 0.4159578125 0.414159375 0.4471078125 0.45170625 0.4522640625 0.44424843750000004 0.425853125 0.441971875 0.41986093750000003 0.4386859375 0.41742187499999994 0.3407078125 0.4036234375 0.305309375 0.395540625 0.2748421875 0.3952609375
3 0.3249046875 0.36613281249999996 0.3259171875 0.3731703125 0.33173125 0.3781875 0.36257968749999997 0.39115 0.4233875 0.4101734375 0.4470296875 0.4161671875 0.45195937500000005 0.41317031249999997 0.45689062500000005 0.4021609375 0.45689062500000005 0.3896859375 0.4337546875 0.38418125000000003 0.3662453125 0.3731703125 0.32718125 0.3624390625 0.3249046875 0.36613281249999996
3 0.310871875 0.3166546875 0.30998749999999997 0.32418125 0.313653125 0.33066249999999997 0.37446250000000003 0.3516375 0.42022812500000006 0.3654359375 0.45916562499999997 0.3703828125 0.4678890625 0.3631359375 0.47054375000000004 0.3528921875 0.4678890625 0.3498265625 0.46460156250000006 0.3484328125 0.44791406250000004 0.34564531249999997 0.43249062499999996 0.34139375 0.4233875 0.3359578125 0.310871875 0.3166546875
4 0.3581546875 0.2794421875 0.355878125 0.2821609375 0.35941875 0.29595781250000003 0.3857140625 0.31191562500000003 0.423009375 0.32466875 0.46194687500000003 0.3464109375 0.4673828125 0.347178125 0.47244062500000006 0.34515625 0.4873578125 0.3224390625 0.49279375 0.3094078125 0.494184375 0.298396875 0.4910234375 0.29595781250000003 0.4637171875 0.29345 0.427434375 0.2854359375 0.40164375 0.2771421875 0.3898859375 0.2724046875 0.3848296875 0.268640625 0.38343906250000004 0.2759578125 0.3862203125 0.2834140625 0.4145390625 0.2980484375 0.4182046875 0.3014640625 0.414790625 0.30320625 0.37989843749999996 0.2964453125 0.36940625 0.28940781250000003 0.363084375 0.278396875 0.3581546875 0.2794421875
4 0.42503124999999997 0.23644531249999998 0.43716875 0.25170781249999996 0.4632109375 0.2754 0.4673828125 0.28188124999999997 0.4764859375 0.280209375 0.4848296875 0.283971875 0.49532187499999997 0.28418125 0.5055625 0.27999999999999997 0.51390625 0.270034375 0.518078125 0.25351875 0.5173203125 0.2450171875 0.5093546875 0.2370734375 0.4715546875 0.21644531250000001 0.449684375 0.20020937499999997 0.44247812499999994 0.19916406250000002 0.4386859375 0.2012546875 0.43716875 0.20585312500000003 0.448546875 0.225853125 0.44475312499999997 0.22836249999999997 0.455246875 0.230453125 0.45979843750000005 0.233309375 0.462453125 0.23581875000000002 0.458659375 0.239790625 0.44399531249999996 0.23623750000000002 0.42958281249999997 0.22669062499999998 0.42503124999999997 0.23644531249999998
4 0.5566375 0.263484375 0.5513281250000001 0.2649484375 0.5479140625000001 0.298328125 0.5509484375 0.303275 0.6008843749999999 0.3010453125 0.6537296875 0.30250937499999997 0.6711750000000001 0.297490625 0.68280625 0.287665625 0.6820484375 0.2862015625 0.6791406249999999 0.2862015625 0.66055625 0.29059218750000004 0.655246875 0.2889203125 0.6548671875000001 0.28473906250000003 0.657521875 0.28209062500000004 0.6720609375000001 0.280278125 0.678003125 0.2787453125 0.6866 0.27435468749999997 0.6835656250000001 0.2731015625 0.657521875 0.26975625000000003 0.5566375 0.263484375
4 0.6606828124999999 0.31944218750000003 0.6690265625 0.316096875 0.6713015625 0.31024375000000004 0.661440625 0.30738750000000004 0.6481671875 0.30696875 0.6035390625 0.31087031249999997 0.5476609375 0.3061328125 0.5434890625000001 0.30738750000000004 0.5309734374999999 0.3213234375 0.5254109375 0.34278749999999997 0.5284453124999999 0.35254375 0.5370421875 0.3535890625 0.562453125 0.352753125 0.58394375 0.3498265625 0.613021875 0.3419515625 0.6568906250000001 0.336096875 0.6795203125 0.327178125 0.6810359375 0.32299687499999996 0.6750953125 0.322578125 0.6690265625 0.3227875 0.6312265625 0.32780468749999997 0.6228828125 0.327178125 0.6240203125 0.3261328125 0.6606828124999999 0.31944218750000003
3 0.6553734375 0.382996875 0.606953125 0.37303125000000004 0.5351453125 0.3535890625 0.526421875 0.35414687499999997 0.5226296875 0.35595781249999997 0.51719375 0.3649484375 0.51555 0.3805578125 0.525284375 0.386271875 0.5900125 0.3877359375 0.608090625 0.39344999999999997 0.6221234375 0.3937984375 0.6624531250000001 0.399790625 0.6766125 0.4046 0.6926671875 0.41554062500000005 0.6962078125 0.418396875 0.7049296875 0.425575 0.6988624999999999 0.41177656249999994 0.67168125 0.388084375 0.6553734375 0.382996875
3 0.526421875 0.382996875 0.5169406249999999 0.38397187499999996 0.50834375 0.3979796875 0.509228125 0.40822343749999995 0.512009375 0.413728125 0.6374203125 0.41986093750000003 0.6448796875 0.42000000000000004 0.6571421875000001 0.4181875 0.65941875 0.41421562500000003 0.6429828125 0.4062015625 0.526421875 0.382996875
1 0.642478125 0.432125 0.5864734375 0.42222968749999995 0.5249046875000001 0.41533125000000004 0.5048046875 0.41442500000000004 0.497725 0.42285781250000004 0.49608125000000003 0.43275312499999996 0.5015171875 0.4429265625 0.506446875 0.44564531250000006 0.57496875 0.45073125 0.6001265625000001 0.451359375 0.65284375 0.45763125000000004 0.6566375 0.45825781250000003 0.68280625 0.4684328125 0.6740828125 0.44892031250000003 0.6643484374999999 0.4399296875 0.642478125 0.432125
2 0.6675093750000001 0.4777 0.6615671875 0.474425 0.645259375 0.46871093750000004 0.57939375 0.45672499999999994 0.5085968750000001 0.448640625 0.49393125 0.450453125 0.4884953125 0.4522640625 0.481921875 0.472334375 0.4896328125 0.477421875 0.5402015625 0.47951249999999995 0.6499375 0.49121875 0.65828125 0.49121875 0.665865625 0.490034375 0.669784375 0.487665625 0.669784375 0.48132343750000006 0.6675093750000001 0.4777
2 0.4788875 0.47972187499999996 0.4762328125 0.48188125 0.47168124999999994 0.491915625 0.469784375 0.5167937499999999 0.5075859375 0.5167937499999999 0.5259171874999999 0.5149828125 0.5618203125 0.5138671875 0.61605625 0.508153125 0.6546140625 0.5005578125000001 0.6565109375 0.49951249999999997 0.659165625 0.4973515625 0.6546140625 0.4915671875 0.49393125 0.4782578125 0.4788875 0.47972187499999996
2 0.5067 0.5212546875 0.4871046875 0.5194421874999999 0.46852031250000004 0.5194421874999999 0.46422187499999995 0.544390625 0.46915312499999995 0.5536578125 0.4762328125 0.5560968749999999 0.5915296875 0.5566546875 0.6383062500000001 0.5514984375 0.6476609375 0.5506624999999999 0.6595453124999999 0.5488500000000001 0.671428125 0.5445296875000001 0.5404546875 0.529059375 0.5067 0.5212546875
2 0.5702906249999999 0.56236875 0.4766125 0.5584671875 0.47067031249999997 0.5677359375 0.4723140625 0.5773515625 0.4788875 0.5836234375 0.491403125 0.5845296875 0.6203546875 0.5782578125 0.6246515625 0.5773515625 0.6257906249999999 0.5740765624999999 0.6225031249999999 0.5707312499999999 0.6116312500000001 0.5668296875000001 0.5702906249999999 0.56236875
1 0.501896875 0.587875 0.48824218750000004 0.5896859375 0.48116250000000005 0.59205625 0.4801515625 0.60041875 0.4834390625 0.60975625 0.4910234375 0.61484375 0.5040453125 0.6163765625 0.5585328125 0.61121875 0.6166875 0.60885 0.6613140625 0.60236875 0.6754734375 0.60041875 0.6824265625 0.5993734374999999 0.6433625000000001 0.5947734375 0.5328703124999999 0.5917765625 0.501896875 0.587875
3 0.5032875 0.6206968749999999 0.49620781249999996 0.6234140625 0.4945640625 0.633309375 0.4988625 0.6423 0.5098609374999999 0.6468296875 0.6432359375 0.638815625 0.655878125 0.637421875 0.6681421875 0.6351218750000001 0.6687734375 0.6308703125 0.65941875 0.6257843750000001 0.5032875 0.6206968749999999
3 0.6771171875 0.656028125 0.6509484375000001 0.6500343749999999 0.533375 0.6457843750000001 0.51163125 0.6487812500000001 0.5067 0.6524046875 0.5056890625 0.658396875 0.5099875 0.6712890625 0.51605625 0.6742859375 0.6640953125 0.6710109375 0.6771171875 0.669546875 0.6804046875 0.6677359375 0.6820484375 0.66320625 0.681415625 0.65958125 0.6771171875 0.656028125
4 0.5434890625000001 0.6752609374999999 0.52895 0.6740062499999999 0.5189640625 0.6767937500000001 0.5235140625 0.6842515625 0.5235140625 0.6905218750000001 0.526675 0.6957484375 0.52895 0.70599375 0.534765625 0.71351875 0.5407078125 0.7137984375 0.5756 0.70926875 0.5924140625 0.7089890624999999 0.6232609375 0.7117765625 0.6613140625 0.7114984375 0.676359375 0.709546875 0.6686468750000001 0.7067593750000001 0.626421875 0.7027875 0.6214921875 0.700278125 0.6218703125 0.6987453125 0.6677625 0.70041875 0.6735781249999999 0.7007671875 0.6795203125 0.7005578125 0.6546140625 0.6889890624999999 0.5860937500000001 0.6835546875 0.5434890625000001 0.6752609374999999
4 0.5366625 0.719025 0.5557515625 0.74745625 0.564728125 0.7489890625 0.5874843750000001 0.743275 0.6386859375 0.743971875 0.646396875 0.7414640625 0.655878125 0.7412546875 0.6590390625 0.74 0.65726875 0.737003125 0.6418453125 0.734215625 0.629203125 0.7280140625 0.657775 0.72188125 0.6646015625 0.7204875000000001 0.6659921875 0.7162375 0.5820484375 0.719025 0.5398234375000001 0.7147734375 0.5366625 0.719025
