4 0.18617187500000001 0.301521875 0.185440625 0.3162328125 0.1898640625 0.35383593750000003 0.193521875 0.371275 0.193521875 0.381990625 0.1913265625 0.41014531249999997 0.192790625 0.43024687500000003 0.1964828125 0.4409640625 0.2067921875 0.442359375 0.2325671875 0.44901718749999997 0.2414140625 0.446353125 0.2473 0.4329109375 0.24656875 0.4088140625 0.2332984375 0.380659375 0.22372031250000002 0.3135703125 0.2141765625 0.285415625 0.20236875 0.280025 0.2031 0.29074218749999997 0.211215625 0.3229546875 0.211215625 0.341725 0.20825468749999998 0.348446875 0.19867656250000001 0.3229546875 0.19501875 0.2921375 0.194253125 0.2921375 0.1913265625 0.29346875 0.18617187500000001 0.301521875
4 0.2598046875 0.44204218749999996 0.2669109375 0.44312031249999995 0.2752 0.446353125 0.2828984375 0.4441984375 0.28585781250000003 0.4275203125 0.28645 0.4059609375 0.2822015625 0.355040625 0.277603125 0.315028125 0.27300625 0.2898546875 0.262765625 0.274953125 0.255103125 0.2777421875 0.25047031249999996 0.288015625 0.245384375 0.315028125 0.245384375 0.3457828125 0.2474046875 0.3923265625 0.24447968750000001 0.42124218750000003 0.243921875 0.4388078125 0.24413125 0.44089999999999996 0.2474046875 0.44388125 0.2598046875 0.44204218749999996
3 0.2998609375 0.46385468750000003 0.311703125 0.4629671875 0.320340625 0.45757812500000006 0.32270937499999997 0.44838281249999995 0.320028125 0.42739374999999996 0.31738125 0.4123015625 0.31469843750000004 0.3799625 0.31264375 0.34438749999999996 0.3077328125 0.3077359375 0.3000703125 0.28135625000000003 0.292825 0.27825 0.28812187499999997 0.287571875 0.28557968749999996 0.3170578125 0.2859984375 0.3512359375 0.28899375 0.381484375 0.28899375 0.40088749999999995 0.286171875 0.4362078125 0.2860671875 0.445021875 0.2860328125 0.444959375 0.2921984375 0.457134375 0.2998609375 0.46385468750000003
3 0.3396375 0.4677875 0.35447656250000004 0.4643625 0.3601875 0.4617625 0.3632875 0.44476875 0.3609203125 0.40919531249999996 0.356775 0.39251718750000003 0.3509578125 0.363728125 0.3308953125 0.3000640625 0.32365 0.284590625 0.3181125 0.288459375 0.3181125 0.3179453125 0.3202375 0.34045625 0.32194375000000003 0.3776796875 0.32194375000000003 0.42739374999999996 0.3252171875 0.45523125000000003 0.3252171875 0.4552953125 0.3305125 0.46360156249999995 0.3396375 0.4677875
2 0.42594843750000005 0.46252343749999997 0.4454890625 0.4592890625 0.45047031249999997 0.452125 0.4525953125 0.43081875 0.45155 0.42048125000000003 0.44514062499999996 0.39460937500000004 0.4454890625 0.371275 0.4437125 0.34216875 0.4376875 0.3130625 0.43270625 0.29435625 0.4256015625 0.28205468749999996 0.41637031249999995 0.2800890625 0.41281718749999996 0.296259375 0.41034531249999995 0.3279640625 0.4078375 0.3512359375 0.4074890625 0.373875 0.409265625 0.3868109375 0.4117375 0.398478125 0.40606093750000005 0.421115625 0.4035875 0.4411546875 0.40222968750000004 0.45865625000000004 0.4025078125 0.4592890625 0.4089171875 0.46182656250000004 0.42594843750000005 0.46252343749999997
2 0.45332656250000003 0.451109375 0.45673906249999996 0.458909375 0.45973593749999997 0.46353906250000004 0.49125781249999995 0.4666453125 0.5134453125 0.4643 0.518565625 0.45814843749999995 0.518565625 0.43950468750000005 0.5117375 0.3875078125 0.51003125 0.3564359375 0.51003125 0.33316406249999997 0.5066171875000001 0.3152828125 0.501915625 0.2826890625 0.498084375 0.278059375 0.486590625 0.281928125 0.4752703125 0.282434375 0.463984375 0.2904875 0.462278125 0.3005703125 0.45844687500000003 0.35256875 0.4588640625 0.3727328125 0.46098906250000005 0.38826875 0.460571875 0.41388749999999996 0.45931718750000006 0.423271875 0.45928281249999997 0.423209375 0.45374375 0.43950468750000005 0.45332656250000003 0.451109375
2 0.5537093750000001 0.467153125 0.5643671875 0.46563125000000005 0.5673640625 0.46252343749999997 0.5741906250000001 0.4135703125 0.580146875 0.361571875 0.5822703125 0.332846875 0.579728125 0.29873125 0.575896875 0.28167343749999996 0.56565625 0.28085 0.5567046875 0.2878890625 0.5490421875 0.3088140625 0.5396375 0.3592890625 0.5272734375 0.401965625 0.520096875 0.436778125 0.5187390625 0.45085625 0.519365625 0.45732343750000004 0.5264375 0.4663921875 0.54005625 0.46563125000000005 0.5537093750000001 0.467153125
2 0.6042500000000001 0.4616359375 0.6076625 0.43601718749999996 0.6106578125000001 0.37000625 0.6110765625 0.332784375 0.6127828125 0.303296875 0.60808125 0.2846546875 0.6008359375000001 0.2861765625 0.5952984375 0.29784375 0.5923015625 0.3273296875 0.588053125 0.35605625 0.5808078125 0.395625 0.5786828125000001 0.417375 0.5765234375 0.43215000000000003 0.5726921875000001 0.4468609375 0.57185625 0.45700624999999995 0.5756875 0.4631578125 0.5991296875 0.46785 0.6042500000000001 0.4616359375
3 0.662765625 0.4821171875 0.674015625 0.4755859375 0.68018125 0.46068437500000003 0.6750609375 0.41877031249999996 0.674015625 0.3861765625 0.6714734375 0.34895312500000003 0.6719953125 0.31350625 0.6673640625 0.2883953125 0.66175625 0.2986046875 0.6576453124999999 0.322828125 0.6530484375000001 0.381546875 0.6530484375000001 0.41781875 0.6509921875 0.4355734375 0.647440625 0.44299375 0.6449328125 0.4507921875 0.6448625 0.45047499999999996 0.647440625 0.4681671875 0.662765625 0.4821171875
3 0.706234375 0.47488906249999996 0.710484375 0.46093906249999994 0.708359375 0.42365312499999996 0.70195 0.39961875 0.69811875 0.3646796875 0.69599375 0.33671562499999996 0.6951578125 0.31268281249999996 0.6900390625 0.2979078125 0.68491875 0.3026 0.6836296875000001 0.3181359375 0.6823406249999999 0.347621875 0.6832109375 0.37634687499999997 0.6797984375 0.445403125 0.6804593750000001 0.45783125 0.681678125 0.4665828125 0.69045625 0.4772359375 0.6968296875 0.4842109375 0.706234375 0.47488906249999996
4 0.7459421875000001 0.45637343750000003 0.7501921874999999 0.44787499999999997 0.73824375 0.3617 0.7297109374999999 0.32523749999999996 0.7220484375 0.30038125 0.715221875 0.2957515625 0.708846875 0.31591562500000003 0.7054343750000001 0.3547234375 0.7096484375000001 0.44286562500000004 0.7111109375 0.45751406250000004 0.7156734375 0.4695625 0.7275859375 0.468040625 0.7459421875000001 0.45637343750000003
4 0.7778125 0.44774843750000004 0.7884703125 0.43608125 0.791884375 0.41591562499999996 0.786346875 0.391059375 0.7820625 0.3824984375 0.7808078125 0.3623328125 0.7820625 0.3467984375 0.7778125 0.3103359375 0.7722749999999999 0.2870640625 0.767571875 0.2792640625 0.7654468750000001 0.2948 0.7671546874999999 0.31268281249999996 0.76844375 0.33519375 0.76844375 0.35611875 0.7667359375 0.361571875 0.7624515625 0.347621875 0.7607453125 0.32117968750000003 0.762034375 0.307990625 0.7646109375 0.2979078125 0.7633234375 0.293278125 0.7552078125 0.30336093750000004 0.7492515625 0.325871875 0.74754375 0.3537734375 0.74966875 0.37862968750000003 0.7474046875 0.42422343749999997 0.7499828125 0.4507296875 0.74966875 0.4507921875 0.7573671875 0.455484375 0.7778125 0.44774843750000004
4 0.7430859375 0.4942921875 0.7461515624999999 0.5129359375 0.762521875 0.537159375 0.7717515625 0.557640625 0.7819578125 0.576284375 0.7881218750000001 0.5799624999999999 0.7876000000000001 0.569753125 0.7799375000000001 0.5539 0.7719953125 0.52695 0.771334375 0.51610625 0.7760703125 0.5204187499999999 0.7901421875 0.5492703125 0.7954015625 0.5679140625 0.7995125 0.5715921875000001 0.8010093749999999 0.5705765625 0.802646875 0.566075 0.8027859375 0.5639828125 0.798328125 0.543690625 0.794253125 0.518515625 0.7840125 0.46448906250000005 0.776871875 0.465440625 0.7655875 0.47007031250000003 0.7538484375000001 0.479390625 0.744409375 0.48478125 0.7416578125 0.4898546875 0.7430859375 0.4942921875
4 0.7160578125 0.49435624999999994 0.70041875 0.5066578125000001 0.6965171875 0.520228125 0.6979093749999999 0.5396328125000001 0.7050156249999999 0.5532015625 0.7103453125 0.5596703125 0.7220828125 0.5868734375 0.7323921875 0.6127453125 0.745871875 0.63081875 0.75228125 0.635384375 0.7540578124999999 0.630184375 0.7498078125000001 0.6159796875 0.731 0.577615625 0.7249390625000001 0.5558015625 0.725984375 0.5499046875 0.72814375 0.5448953125 0.7320796875 0.5445781249999999 0.737721875 0.5506031250000001 0.7437484375000001 0.5661375 0.7501562500000001 0.60304375 0.75653125 0.62048125 0.768965625 0.6327843750000001 0.77039375 0.62048125 0.7632875 0.5933421875 0.7533609375 0.5610015625 0.7469515624999999 0.5351296875 0.7394984375 0.49175625 0.734378125 0.48566875 0.7345171875000001 0.485921875 0.7235109375000001 0.49372187500000003 0.7160578125 0.49435624999999994
3 0.6528031249999999 0.5592890625 0.6540921875000001 0.602790625 0.65750625 0.652440625 0.6651687500000001 0.6842734375 0.6724140625 0.6951171875 0.675409375 0.676475 0.6796593750000001 0.667215625 0.6745390625 0.61439375 0.6779515625 0.5872546875 0.6796593750000001 0.5639828125 0.6864859375 0.536778125 0.685196875 0.515853125 0.6789968749999999 0.50995625 0.669871875 0.4989859375 0.65750625 0.504946875 0.653675 0.518959375 0.6528031249999999 0.5592890625
2 0.5566 0.493659375 0.5516203125 0.4942921875 0.5519671875000001 0.512428125 0.5569484375 0.5764750000000001 0.5598046875 0.6023468750000001 0.5647515624999999 0.6327203124999999 0.5725875 0.6670265625 0.578265625 0.6624609375 0.583246875 0.6437546875 0.583246875 0.6197843749999999 0.5807390625 0.565440625 0.583246875 0.513696875 0.5821671875 0.49752656249999994 0.5818187499999999 0.498225 0.5704625 0.49499062499999996 0.5566 0.493659375
2 0.5242765625 0.5532015625 0.5374078124999999 0.61915 0.5409609375 0.6405203125 0.542040625 0.651490625 0.5459421875 0.670259375 0.54984375 0.667659375 0.5540921875 0.6527578125 0.5569484375 0.6152828125 0.5544765625 0.5745078125 0.5516203125 0.5435 0.5516203125 0.518896875 0.5501921875 0.5007609375000001 0.5473359375 0.49499062499999996 0.5256703125 0.49499062499999996 0.5242765625 0.524096875 0.5242765625 0.5532015625
2 0.48338593750000003 0.49099531250000006 0.4808078125 0.497209375 0.48850625000000003 0.540646875 0.49062968749999997 0.56005 0.49062968749999997 0.5871906250000001 0.48975937500000005 0.61439375 0.4927546875 0.6337984375 0.502578125 0.6601781250000001 0.5072453125 0.655484375 0.5132359375 0.634559375 0.5166140625 0.6151546875 0.5191921875000001 0.5934046875 0.519609375 0.562396875 0.5174859374999999 0.5212421875000001 0.52048125 0.51350625 0.5230234375 0.5033609375 0.5221875 0.494103125 0.51884375 0.49384843749999996 0.5187734374999999 0.494103125 0.4944625 0.494103125 0.48338593750000003 0.49099531250000006
2 0.442703125 0.49378593750000005 0.442284375 0.5155359374999999 0.44440937500000005 0.551996875 0.4474046875 0.5807234375 0.4580640625 0.618009375 0.469975 0.638934375 0.47850937499999996 0.6513640625 0.4870421875 0.64825625 0.4874609375 0.63348125 0.4789625 0.5745078125 0.478090625 0.5481296875 0.48021562500000003 0.5318328125 0.4836296875 0.512428125 0.48234062499999997 0.49613125 0.47742968750000003 0.49384843749999996 0.4772546875 0.49378593750000005 0.46530781250000003 0.4922640625 0.442703125 0.49378593750000005
1 0.40390156250000003 0.4959421875 0.398571875 0.499809375 0.396446875 0.5147109375000001 0.396446875 0.5392515625 0.39714375 0.55091875 0.3967953125 0.581928125 0.3921625 0.6433734375 0.395715625 0.6912484375 0.40602499999999997 0.6970828124999999 0.41455937499999995 0.6802796875 0.421665625 0.6440703125 0.42911875000000005 0.5948640625 0.4369203125 0.55091875 0.44120468749999997 0.5224484375 0.44298125 0.487634375 0.44298125 0.48750781249999997 0.41988906249999997 0.4939765625 0.40390156250000003 0.4959421875
3 0.3581328125 0.5181984374999999 0.355590625 0.5570062499999999 0.35729687499999996 0.5927078125 0.3564265625 0.632340625 0.35729687499999996 0.6765375 0.3662484375 0.69518125 0.37349375 0.681990625 0.3820265625 0.6525046875 0.38881875 0.6090046874999999 0.3903859375 0.5646796875 0.39780625000000003 0.511984375 0.3967953125 0.497209375 0.3820265625 0.4949265625 0.3662484375 0.5026640625 0.3581328125 0.5181984374999999
3 0.3206203125 0.4968921875 0.31637031250000003 0.5279015625000001 0.31494218749999997 0.5589734375 0.31246874999999996 0.5964484375 0.3120859375 0.5964484375 0.31246874999999996 0.618453125 0.31671875 0.6546609375 0.32668125 0.6831328125 0.3344828125 0.6805328125 0.34228437500000003 0.6650609375000001 0.347996875 0.6262531250000001 0.35116718750000003 0.5790109375 0.3525953125 0.5460375 0.3561484375 0.5188328125 0.35757500000000003 0.5007609375000001 0.3440609375 0.49169375000000004 0.32629687500000004 0.4942921875 0.3206203125 0.4968921875
4 0.282375 0.481546875 0.274190625 0.481546875 0.2649953125 0.49086875 0.2593515625 0.522575 0.2593515625 0.545846875 0.25270000000000004 0.579328125 0.246046875 0.60824375 0.24350468749999998 0.6259359375 0.2476140625 0.6436265624999999 0.2588640625 0.6389984375 0.2660046875 0.6166140625 0.2721703125 0.5812296875 0.2783 0.5625875 0.2834203125 0.57565 0.2834203125 0.5970828125 0.2767671875 0.612871875 0.2660046875 0.631515625 0.264471875 0.6389984375 0.27011562499999997 0.6538999999999999 0.2762453125 0.6547875000000001 0.289028125 0.6417875000000001 0.2946703125 0.6100828125 0.302334375 0.57565 0.3053984375 0.5448953125 0.3134796875 0.5231453125 0.3182171875 0.50481875 0.3177296875 0.49219999999999997 0.31769375 0.49182031249999997 0.30693125 0.4862390625 0.282375 0.481546875
4 0.2383484375 0.47387499999999994 0.22128125 0.47520625 0.210275 0.470640625 0.205678125 0.474571875 0.20104531250000002 0.49651249999999997 0.19996562499999998 0.51915 0.19536718749999998 0.5457203125000001 0.184709375 0.581928125 0.18150468749999998 0.600696875 0.180425 0.6181359375000001 0.18150468749999998 0.628471875 0.19251093749999998 0.6252375 0.1989203125 0.600696875 0.20884687500000002 0.5663921875 0.2113546875 0.5405203125 0.21595312500000002 0.522384375 0.2198890625 0.5198484375 0.22838750000000002 0.5320859375 0.22626249999999998 0.55345625 0.22236093750000002 0.5689921874999999 0.21455937500000002 0.5805953125000001 0.198571875 0.607165625 0.1942875 0.6239703125 0.1942875 0.6330375 0.20745312500000002 0.6194046875 0.22128125 0.6026 0.23410000000000003 0.57349375 0.2425984375 0.55085625 0.256809375 0.52048125 0.259665625 0.5069125 0.263915625 0.49264374999999994 0.263915625 0.4855421875 0.25541562500000003 0.475840625 0.2383484375 0.47387499999999994
4 0.17154375 0.45726093749999996 0.1642984375 0.45263125000000004 0.15280312499999998 0.45263125000000004 0.147265625 0.46582187499999994 0.147684375 0.5224484375 0.14639531249999999 0.5542796875 0.1404390625 0.5729234375 0.13915 0.5868734375 0.1446875 0.5969562500000001 0.157053125 0.591565625 0.17325 0.573684375 0.1860328125 0.5457203125000001 0.200975 0.4735578125 0.19885 0.463475 0.1864859375 0.45415312500000005 0.17154375 0.45726093749999996
1 0.4072796875 0.456753125 0.40811562500000004 0.43145156250000005 0.402646875 0.399175 0.40181093749999997 0.397653125 0.3925109375 0.3469875 0.3925109375 0.3446421875 0.39209375 0.3446421875 0.372275 0.2609390625 0.3651 0.2417875 0.353675 0.22618906249999998 0.3463953125 0.258275 0.35064375000000003 0.34565625 0.36158125 0.42301875000000005 0.3618953125 0.45871874999999995 0.3621390625 0.4583390625 0.36973124999999996 0.469815625 0.4072796875 0.456753125
1 0.64266875 0.422003125 0.644340625 0.3375390625 0.6447578125 0.3375390625 0.648971875 0.29143906249999996 0.6485546875 0.26150937500000004 0.64771875 0.254596875 0.6413796875 0.24616406249999997 0.6354921874999999 0.25764062499999996 0.6236843750000001 0.32523749999999996 0.6089171875 0.43969531249999994 0.6122953125 0.468865625 0.6215609375 0.47190937499999996 0.6380359375 0.4711484375 0.6375828125 0.4703875 0.64266875 0.451934375 0.64266875 0.422003125
3 0.64771875 0.6631578124999999 0.64771875 0.609384375 0.6473 0.609384375 0.646046875 0.5679140625 0.651096875 0.5149015625 0.649425 0.50646875 0.6359109375 0.501078125 0.6287359375 0.5057078125000001 0.6215609375 0.50646875 0.620725 0.5279640624999999 0.625775 0.5632843750000001 0.6312781249999999 0.6147750000000001 0.63336875 0.6562453125000001 0.6354921874999999 0.6700703125 0.6392890625 0.680025 0.644340625 0.6846546874999999 0.64771875 0.6631578124999999
1 0.615465625 0.50830625 0.61125 0.503678125 0.5884703124999999 0.4944828125 0.5850921875 0.49987343749999996 0.5850921875 0.5175015625 0.588053125 0.565884375 0.593521875 0.6058343749999999 0.6163015625 0.7095125 0.6230578125 0.7179453125 0.6238937499999999 0.7179453125 0.6268546875000001 0.7048828125 0.6268546875000001 0.6695625 0.6209328125 0.6035515625000001 0.6192609375 0.5620796875 0.6192609375 0.5582125 0.6175546875 0.5175015625 0.615465625 0.50830625
