3 0.2977171875 0.6197843749999999 0.2738109375 0.626540625 0.2653765625 0.6339953125 0.2764109375 0.6361546875 0.288015625 0.6372 0.2964484375 0.6332984374999999 0.306784375 0.631521875 0.32035468749999996 0.6318703125 0.358528125 0.635771875 0.366328125 0.6326015625 0.38313281250000003 0.6332984374999999 0.4148390625 0.6389765625 0.4258078125 0.6379312500000001 0.43164218749999994 0.6326015625 0.43658906249999996 0.614803125 0.436778125 0.6109015624999999 0.4329109375 0.6084296874999999 0.41090625000000003 0.6091249999999999 0.36886562500000003 0.6173109375 0.2977171875 0.6197843749999999
1 0.376790625 0.5855796875 0.35954375 0.5867640625 0.2965125 0.5962375 0.2587828125 0.6045281250000001 0.24261249999999998 0.6104499999999999 0.2760296875 0.6101703125 0.30779999999999996 0.6107625 0.32828124999999997 0.6086734375 0.3638546875 0.606896875 0.3951171875 0.6072093749999999 0.4344953125 0.6098578125 0.43608125 0.606025 0.435003125 0.59860625 0.43823749999999995 0.5832109375 0.43715937499999996 0.5829328125 0.4334171875 0.5802515625 0.42530156249999995 0.579971875 0.39784375 0.5820265625000001 0.376790625 0.5855796875
2 0.2922 0.56663125 0.2771078125 0.571090625 0.28085 0.575234375 0.27171875 0.581434375 0.281928125 0.581434375 0.3816734375 0.5766984374999999 0.3892203125 0.5796593750000001 0.39460937500000004 0.5772906250000001 0.44039375 0.577603125 0.44039375 0.568721875 0.44464218750000006 0.5579234375000001 0.4447046875 0.5547890625 0.4425484375 0.5530125 0.43176875 0.552734375 0.36924531250000003 0.5583421875 0.2922 0.56663125
2 0.3559921875 0.5351453125 0.3133796875 0.5369203125 0.30691250000000003 0.53988125 0.3064046875 0.5443046875 0.3085609375 0.5463953125 0.321496875 0.5490421875 0.351109375 0.55113125 0.384528125 0.5520031249999999 0.427140625 0.55081875 0.4438171875 0.5535 0.4427390625 0.5499484375 0.4451484375 0.53319375 0.44438750000000005 0.5309999999999999 0.4422328125 0.53009375 0.4346859375 0.5304078125 0.38344999999999996 0.5330546875 0.3559921875 0.5351453125
2 0.3894109375 0.50905625 0.38135625 0.5117375 0.3242234375 0.515290625 0.32041875000000003 0.5185296875 0.32041875000000003 0.521490625 0.330690625 0.522675 0.3759671875 0.52504375 0.388903125 0.527725 0.39264375 0.5259484375000001 0.42124218750000003 0.5283171875 0.443309375 0.5283171875 0.44216875 0.5128874999999999 0.44172500000000003 0.5096484375 0.4389984375 0.5066875 0.43684218750000003 0.5064093749999999 0.41154062500000005 0.5093703125 0.3894109375 0.50905625
2 0.4026640625 0.480878125 0.39460937500000004 0.4793796875 0.387571875 0.48206249999999995 0.3040578125 0.4826546875 0.2965125 0.48589374999999996 0.2959421875 0.488575 0.297590625 0.49094375 0.31103437500000003 0.494496875 0.38706406250000003 0.5039703125 0.4194046875 0.5066171875000001 0.44039375 0.5089859375 0.4409640625 0.49359062500000006 0.44292968750000006 0.4828984375 0.44312031249999995 0.480878125 0.44312031249999995 0.47969375000000003 0.4409640625 0.47850937499999996 0.432340625 0.47850937499999996 0.4026640625 0.480878125
1 0.270703125 0.434378125 0.26423593749999996 0.4361546875 0.263665625 0.439115625 0.26639218750000004 0.44207656249999994 0.2911859375 0.4530484375 0.32999375 0.4631140625 0.3720359375 0.47227499999999994 0.387128125 0.47405156249999997 0.3935953125 0.4767328125 0.4005703125 0.47614062500000004 0.41731093750000003 0.4767328125 0.441534375 0.47641875 0.441534375 0.45600781250000005 0.43703281250000003 0.4476140625 0.43348125 0.44444375 0.42701406249999996 0.444165625 0.4059609375 0.4471265625 0.3822453125 0.4471265625 0.270703125 0.434378125
3 0.29004375 0.41637031249999995 0.27431875 0.41368906250000004 0.27577656250000004 0.41842499999999994 0.2892828125 0.42563593749999995 0.334559375 0.43221875 0.42213124999999996 0.442703125 0.434115625 0.44106562499999996 0.43601718749999996 0.4388015625 0.436778125 0.43179999999999996 0.43601718749999996 0.42542656250000005 0.44312031249999995 0.41762499999999997 0.44349999999999995 0.414525 0.4415984375 0.4110421875 0.43487656250000006 0.40856875 0.40228281250000003 0.4075234375 0.29004375 0.41637031249999995
3 0.4107796875 0.3797984375 0.30386875 0.383003125 0.2831953125 0.38571875 0.27869375 0.3881578125 0.2796453125 0.3906296875 0.2899171875 0.3960640625 0.312428125 0.400521875 0.3721625 0.40790625 0.40310781249999994 0.41382812500000005 0.4363984375 0.422953125 0.44400781250000004 0.4118421875 0.44400781250000004 0.4066875 0.449396875 0.3958203125 0.449396875 0.3886796875 0.4460375 0.383734375 0.4444515625 0.3815046875 0.4426765625 0.379275 0.4372859375 0.377325 0.42561875000000005 0.37631562500000004 0.4107796875 0.3797984375
4 0.29074218749999997 0.3535359375 0.35434375 0.361825 0.454596875 0.380459375 0.4507921875 0.373075 0.4529484375 0.368025 0.4513640625 0.355590625 0.4540265625 0.34820625 0.4540265625 0.339325 0.4513640625 0.325984375 0.44648125 0.315046875 0.4438171875 0.31386250000000004 0.39904843749999996 0.3194703125 0.38826875 0.319784375 0.307990625 0.30735 0.295053125 0.30762812500000003 0.2928984375 0.3088125 0.29397656250000004 0.3109015625 0.3009515625 0.3147328125 0.3726703125 0.339325 0.37698125 0.34137968750000003 0.37786875000000003 0.34413125 0.37260624999999997 0.345140625 0.32251093750000004 0.347021875 0.29074218749999997 0.35057499999999997 0.2896640625 0.35116718750000003 0.29074218749999997 0.3535359375
4 0.3090046875 0.271090625 0.3072296875 0.27331875 0.3090046875 0.27652343749999997 0.3130625 0.279728125 0.37818593749999996 0.299234375 0.423525 0.3120515625 0.44464218750000006 0.3196796875 0.4532015625 0.3199578125 0.45814843749999995 0.31870468750000003 0.4639828125 0.3066171875 0.4657578125 0.2952625 0.47431875 0.28119062499999997 0.47431875 0.2673984375 0.46708906250000004 0.2626953125 0.45047499999999996 0.2607453125 0.42308124999999996 0.26196406250000004 0.4033609375 0.26123281249999997 0.38040625 0.2572625 0.33868125 0.2535703125 0.332846875 0.25555625000000004 0.33012031249999996 0.25827187500000004 0.3292328125 0.26046718750000003 0.33189531250000004 0.263428125 0.3363984375 0.26565625000000004 0.35256875 0.2696265625 0.3835765625 0.2760359375 0.3898546875 0.27823125000000004 0.39258125 0.28021562499999997 0.3907421875 0.2822015625 0.352125 0.27725468750000004 0.320671875 0.271334375 0.31261875 0.270359375 0.3090046875 0.271090625
1 0.5187062499999999 0.40571250000000003 0.4934046875 0.409578125 0.4766640625 0.406896875 0.471275 0.40808125000000006 0.4669625 0.420515625 0.4729234375 0.4409609375 0.497146875 0.43622500000000003 0.5451484375 0.4288046875 0.596321875 0.4288046875 0.6351296875 0.42288437500000003 0.6561828125 0.41194687500000005 0.6588453125 0.406896875 0.6583390625 0.40571250000000003 0.654534375 0.40661718750000003 0.6518703125 0.407209375 0.62650625 0.4116328125 0.6033609375 0.40985781250000003 0.5316421874999999 0.40275156250000005 0.5187062499999999 0.40571250000000003
2 0.543309375 0.4494953125 0.48890312500000005 0.444165625 0.4792015625 0.44535 0.47596718750000006 0.4471265625 0.47647500000000004 0.47349375 0.5174375 0.4719953125 0.55085625 0.4719953125 0.5831953125 0.47467812499999995 0.639821875 0.480878125 0.6473687499999999 0.48147031250000005 0.6551046875 0.48052968749999997 0.639821875 0.47112499999999996 0.6026 0.456321875 0.543309375 0.4494953125
2 0.4864296875 0.47600156250000003 0.47780625 0.4789625 0.47565 0.49139687500000007 0.47780625 0.5067921875 0.479390625 0.5079765625 0.499365625 0.5103453124999999 0.5349390625 0.511215625 0.5748249999999999 0.51003125 0.602853125 0.506478125 0.654596875 0.5070703125 0.654596875 0.5032390625 0.6502859375 0.49968593749999995 0.6324671875 0.493765625 0.5489531249999999 0.47805625 0.4864296875 0.47600156250000003
2 0.6294859374999999 0.5449671875 0.6294859374999999 0.5414140625 0.62568125 0.536084375 0.6138234375 0.5310343750000001 0.49416562500000005 0.5109015625 0.4774890625 0.5132703125 0.47260625 0.5180078124999999 0.471528125 0.5230578125 0.4710203125 0.5410999999999999 0.47209843749999997 0.5461515625 0.4764109375 0.547928125 0.500634375 0.549390625 0.6029171875 0.5530828125 0.6100828125 0.5535359375 0.6133171875000001 0.5535359375 0.6230187500000001 0.552071875 0.6273296875 0.5497046875 0.6294859374999999 0.5449671875
2 0.60126875 0.5743296875 0.5197203125 0.5597703125 0.47964531250000003 0.5512359375 0.47254218750000004 0.5523156250000001 0.466075 0.559421875 0.46474374999999996 0.56973125 0.466075 0.5771859375 0.47254218750000004 0.5800062500000001 0.48484531249999996 0.5796593750000001 0.5261890625000001 0.5803906249999999 0.572796875 0.5842906250000001 0.619340625 0.587390625 0.6258078125 0.5881921875 0.6310078125 0.5881921875 0.6336078125 0.5860671875000001 0.6284078125 0.5832109375 0.60126875 0.5743296875
1 0.51350625 0.5870421875 0.47216250000000004 0.5817140625 0.46499687500000003 0.5877749999999999 0.4604953125 0.6030296875000001 0.46499687500000003 0.6108671875 0.4999359375 0.61476875 0.5355109375 0.616196875 0.596321875 0.624346875 0.6446421875 0.6280734375 0.650665625 0.6275515625 0.649334375 0.6247296875 0.6409640624999999 0.621525 0.57565 0.6016375 0.51350625 0.5870421875
3 0.6168046875 0.648903125 0.6161703125 0.6464296875 0.611034375 0.6432249999999999 0.5922640625 0.6385921875 0.4842109375 0.6155 0.464171875 0.6151515625 0.4596703125 0.6180078124999999 0.4583390625 0.624765625 0.45903593750000005 0.630790625 0.46480625 0.6354234375 0.49327812499999996 0.6400203125 0.5878890625000001 0.6520374999999999 0.5953703124999999 0.65325625 0.60133125 0.653675 0.6090671875 0.65245625 0.6142671875 0.6506796875 0.6168046875 0.648903125
3 0.6078625 0.671334375 0.6071015625 0.66875625 0.6024734375 0.6657953125 0.5853515625 0.65896875 0.4922640625 0.6363640625 0.4650609375 0.6342390625000001 0.4565 0.6397765625 0.44800312499999995 0.6478921875 0.44489531250000003 0.6615109375 0.44800312499999995 0.664925 0.476728125 0.669209375 0.576284375 0.67871875 0.5869375 0.6794140625 0.591565625 0.6794140625 0.6008875 0.6777078125 0.6071015625 0.6742953125 0.6078625 0.671334375
4 0.5239703125 0.6884359375 0.5632843750000001 0.6937656249999999 0.59346875 0.7041453125 0.5837671875 0.6931734374999999 0.55091875 0.6834203125 0.4592890625 0.668303125 0.45066562499999996 0.6674328125 0.4425484375 0.668025 0.43823749999999995 0.6694875 0.4312625 0.6783703125 0.42910624999999997 0.68310625 0.43284687499999996 0.687565625 0.432340625 0.6902125 0.428028125 0.6931734374999999 0.42479374999999997 0.6979093749999999 0.425871875 0.7041453125 0.42853593749999996 0.7091609375 0.435003125 0.7118421875000001 0.472225 0.709753125 0.4996828125 0.7094734375 0.5142671875 0.710065625 0.5719093749999999 0.7180421875 0.5961953125 0.7189484375 0.6026640624999999 0.71745 0.6031703125 0.7144890625 0.587634375 0.7107281249999999 0.581103125 0.7094734375 0.5277109375 0.702646875 0.5153453125 0.696134375 0.5175015625 0.6908046875 0.5239703125 0.6884359375
4 0.5644265625 0.732740625 0.5520609375000001 0.730059375 0.5116046875 0.72504375 0.4533921875 0.7161609375 0.4329109375 0.71556875 0.428090625 0.7179375 0.423209375 0.72504375 0.421053125 0.7303734375000001 0.4248578125 0.734796875 0.419975 0.739846875 0.41699374999999994 0.7447578125 0.41819843749999996 0.74820625 0.4238421875 0.753675 0.438490625 0.7572625000000001 0.5046296875 0.7555203125000001 0.5310078125000001 0.7611640625 0.5488265625000001 0.7602578125 0.574128125 0.753465625 0.5590359375 0.7516890625 0.5213062500000001 0.7439921875 0.51915 0.7424937500000001 0.51915 0.740125 0.5207984375 0.7392546875 0.5283453125 0.7392546875 0.557134375 0.74134375 0.5633484375 0.7413093749999999 0.56823125 0.740125 0.569309375 0.7371640625 0.5687375 0.7353890625 0.5644265625 0.732740625
