3 0.3882625 0.44546562500000003 0.3882625 0.4364609375 0.38115625 0.39695625 0.3736671875 0.3096390625 0.3665625 0.2857328125 0.3566359375 0.27406406250000004 0.3662140625 0.295434375 0.3665625 0.33227656250000004 0.36374062500000004 0.37305 0.3665625 0.3821171875 0.36875625 0.43050156250000005 0.36941875 0.4364609375 0.371890625 0.44292968750000006 0.374746875 0.44483125 0.3815046875 0.44743125 0.3882625 0.44546562500000003
1 0.393103125 0.2802796875 0.3903859375 0.2748890625 0.3886796875 0.2766640625 0.38645 0.28205468749999996 0.384953125 0.3094484375 0.392128125 0.4258078125 0.3948453125 0.441534375 0.400765625 0.44692499999999996 0.412853125 0.45275781249999997 0.41382812500000005 0.45275781249999997 0.41508124999999996 0.45003125 0.41382812500000005 0.42536406250000003 0.4044578125 0.3530125 0.393103125 0.2802796875
2 0.42950156249999993 0.32473125 0.4218046875 0.2961953125 0.4179734375 0.292390625 0.41410625 0.292390625 0.41114531249999997 0.294546875 0.411459375 0.30913124999999997 0.41619687499999997 0.3996828125 0.41469843749999996 0.40126875 0.41588281250000003 0.4098921875 0.41738125000000004 0.43252968750000004 0.41765937500000005 0.4562453125 0.426540625 0.45409062499999997 0.43956875 0.4594796875 0.44106562499999996 0.4594796875 0.4419359375 0.45897343749999997 0.44225000000000003 0.4562453125 0.43956875 0.434178125 0.42950156249999993 0.32473125
2 0.44695156249999995 0.303234375 0.4457328125 0.3062140625 0.4446875 0.3181984375 0.43977656249999997 0.3361453125 0.43894062500000003 0.367215625 0.439359375 0.3937859375 0.44346874999999997 0.45669062499999996 0.44409687499999995 0.45821249999999997 0.4609546875 0.4592890625 0.46259218750000003 0.45897343749999997 0.4628 0.4529484375 0.45064374999999995 0.3107171875 0.44963437500000003 0.3036140625 0.44695156249999995 0.303234375
2 0.4810171875 0.40393125 0.4709515625 0.3298671875 0.46642343750000004 0.305896875 0.4643671875 0.303296875 0.46335781249999997 0.304375 0.4629390625 0.3092578125 0.4629390625 0.34369062499999997 0.4618953125 0.3942296875 0.46273125000000004 0.40133125 0.4643671875 0.45821249999999997 0.4810171875 0.456309375 0.4836984375 0.4556125 0.48575468749999995 0.45377343750000004 0.48575468749999995 0.4424859375 0.4812265625 0.41407812499999996 0.4810171875 0.40393125
2 0.5086734374999999 0.40577031249999995 0.507453125 0.40037968749999997 0.499790625 0.314584375 0.497840625 0.30336093750000004 0.49561093749999996 0.2988578125 0.49265 0.299303125 0.491153125 0.301521875 0.4874609375 0.368928125 0.4867296875 0.3909328125 0.48401249999999996 0.40171250000000003 0.485475 0.41655 0.485475 0.43043750000000003 0.4815390625 0.45605624999999994 0.4943578125 0.4542796875 0.5101703125 0.45605624999999994 0.513375 0.45605624999999994 0.5143500000000001 0.45383593749999995 0.5143500000000001 0.44889062500000004 0.5079421875000001 0.41559999999999997 0.5086734374999999 0.40577031249999995
1 0.5368515625 0.271528125 0.5318703124999999 0.2766640625 0.5272375 0.2857328125 0.5165796874999999 0.351046875 0.513165625 0.4133171875 0.5144203125 0.438490625 0.513165625 0.45466093750000003 0.51835625 0.45288593749999995 0.532671875 0.45288593749999995 0.54054375 0.45060312500000005 0.5441312500000001 0.4460375 0.5464296875 0.4409640625 0.5460812500000001 0.41642343750000005 0.5410999999999999 0.344578125 0.5404046874999999 0.271528125 0.5368515625 0.271528125
3 0.5846750000000001 0.42067187500000003 0.5796234375 0.366771875 0.5645421875000001 0.3020921875 0.5583078125000001 0.2908046875 0.5523859375 0.290234375 0.5488328124999999 0.2951171875 0.5464640625 0.442803125 0.565134375 0.44546562500000003 0.5717171875 0.4485734375 0.5751999999999999 0.44977812500000003 0.5784390625 0.45085625 0.581121875 0.44977812500000003 0.5840828124999999 0.443309375 0.5846750000000001 0.42067187500000003
3 0.59909375 0.2818015625 0.595890625 0.270196875 0.5909093750000001 0.26823125000000003 0.5898296875 0.268865625 0.588053125 0.285034375 0.581678125 0.3296765625 0.5766984374999999 0.39499062500000004 0.5642640625 0.4312625 0.5646109375 0.44349999999999995 0.5667359375000001 0.448065625 0.5710203125 0.44996875000000003 0.59731875 0.45643593750000006 0.608325 0.45389999999999997 0.6108671875 0.4502859375 0.613653125 0.44610000000000005 0.6143500000000001 0.44286562500000004 0.6143500000000001 0.43056406249999996 0.6093703125000001 0.4131265625 0.59909375 0.2818015625
4 0.634621875 0.28655624999999996 0.626784375 0.3182625 0.6165093749999999 0.41851562500000006 0.61118125 0.426315625 0.6065484375 0.45218749999999996 0.610796875 0.4599234375 0.6271687499999999 0.45542187500000003 0.63605 0.45472343750000005 0.6698015625 0.45542187500000003 0.6786828125000001 0.45085625 0.6829328125 0.4424859375 0.6829328125 0.4366515625 0.679728125 0.42695 0.676175 0.41984843749999995 0.6747468750000001 0.41268281250000005 0.6737031250000001 0.397209375 0.6758265625 0.3570703125 0.6829328125 0.3020921875 0.691465625 0.268484375 0.66729375 0.31762812500000004 0.6535 0.37184531249999997 0.6510281250000001 0.37856718749999996 0.6445484375 0.381040625 0.64315625 0.3797078125 0.641728125 0.3487 0.6420765625 0.3020921875 0.6406484375 0.29435625 0.634621875 0.28655624999999996
4 0.721665625 0.303425 0.7187046875 0.302346875 0.71574375 0.3039953125 0.7089515625 0.31585312499999996 0.6953328125 0.36436250000000003 0.687634375 0.395625 0.67756875 0.42473124999999995 0.6737031250000001 0.43766718750000005 0.6722390625 0.45922656249999994 0.683490625 0.4613828125 0.6967953125 0.46188906249999995 0.7089515625 0.46512343749999996 0.7139671875 0.468928125 0.724625 0.47051406250000005 0.7317312499999999 0.47000624999999996 0.7350046875 0.46030468750000003 0.73678125 0.439821875 0.7350046875 0.40691249999999995 0.737653125 0.3805328125 0.7412046875 0.313696875 0.73824375 0.30989218749999997 0.7311390624999999 0.31693125 0.725809375 0.338490625 0.7187046875 0.3740640625 0.715465625 0.3837671875 0.713375 0.387 0.7125046875 0.385921875 0.7151515625 0.3535828125 0.7231625 0.3163609375 0.7231625 0.3088140625 0.721665625 0.303425
3 0.5852671875000001 0.5190234375 0.5838390625 0.506721875 0.5760015625 0.4977171875 0.5621734375 0.4977171875 0.5483109374999999 0.500253125 0.5522125 0.5054531250000001 0.5550671875 0.511921875 0.5586203125 0.538428125 0.5678859375 0.5750796874999999 0.5696265625 0.581103125 0.5710546875 0.5869375 0.5763843750000001 0.5972734375 0.57920625 0.5818015625 0.5852671875000001 0.5190234375
1 0.527203125 0.5955609374999999 0.5368171875 0.5601140625000001 0.54103125 0.5174375 0.5385578125 0.495434375 0.536328125 0.48465468749999996 0.5326359375 0.48148437499999996 0.528421875 0.48287812499999994 0.5227453125 0.4896 0.5207937499999999 0.5044390625 0.52055 0.5318328125 0.5120859375 0.6046921875 0.511425 0.6095125 0.5119125 0.6162328125000001 0.5163359375 0.6162328125000001 0.518321875 0.6140140625 0.527203125 0.5955609374999999
2 0.4999296875 0.61173125 0.5043890625 0.5944828125 0.5103093750000001 0.5422328125 0.5105890625 0.49156562499999995 0.50735 0.48452812500000003 0.4987453125 0.48021562500000003 0.490178125 0.482371875 0.486625 0.49099531250000006 0.4824796875 0.5136328125 0.48157500000000003 0.5621437499999999 0.4846390625 0.6078 0.48571875000000003 0.61173125 0.4886796875 0.61604375 0.49104843750000005 0.6176921875 0.49519375 0.6176921875 0.4999296875 0.61173125
2 0.4196453125 0.6041218749999999 0.43622500000000003 0.5216234375 0.43650312500000005 0.5140781249999999 0.43504062499999996 0.5114140625 0.4282125 0.511921875 0.4234765625 0.51084375 0.4184609375 0.50386875 0.4172765625 0.507609375 0.416684375 0.528090625 0.4116328125 0.6105890625 0.41194687500000005 0.6127453125 0.41253906249999994 0.61433125 0.41431562499999997 0.61433125 0.416684375 0.6127453125 0.4196453125 0.6041218749999999
1 0.417171875 0.48731718749999997 0.417171875 0.4731140625 0.41435000000000005 0.4692453125 0.399790625 0.4620796875 0.3912578125 0.4646796875 0.385196875 0.5157890625 0.37561875 0.58046875 0.374190625 0.614078125 0.36778125 0.6551046875 0.369209375 0.6522515624999999 0.37561875 0.636715625 0.3912578125 0.5843375 0.40794218750000005 0.5202921875000001 0.417171875 0.48731718749999997
3 0.356775 0.5809765625 0.366840625 0.5588453125 0.38665937499999997 0.48122968750000006 0.3869734375 0.46937187500000005 0.38310625 0.46182656250000004 0.37777812499999996 0.4591625 0.37185625 0.4585921875 0.36711875 0.46239687500000004 0.361790625 0.47533281250000003 0.3464296875 0.5714640625 0.3452109375 0.57609375 0.34434062499999996 0.58040625 0.3463953125 0.5847171875 0.3526296875 0.5847171875 0.356775 0.5809765625
3 0.3338203125 0.576728125 0.34092656250000003 0.5644265625 0.3611640625 0.498478125 0.3657953125 0.47000624999999996 0.3632875 0.45643593750000006 0.3540578125 0.44546562500000003 0.3444796875 0.44089999999999996 0.3401953125 0.44413437499999997 0.3359453125 0.46740624999999997 0.3233375 0.555040625 0.32208281250000004 0.5631578125 0.323859375 0.572225 0.3277609375 0.578059375 0.3309640625 0.578059375 0.3338203125 0.576728125
4 0.324765625 0.47755156249999997 0.3324625 0.4370953125 0.331 0.4301203125 0.3244859375 0.42365312499999996 0.31825156250000003 0.4252375 0.31264375 0.41934062499999997 0.30759375 0.4176921875 0.3008015625 0.4176921875 0.29811875 0.421496875 0.29665625 0.4381734375 0.2975265625 0.48129375 0.2960640625 0.49695625000000004 0.2883671875 0.511478125 0.28982968750000004 0.5659484375 0.2913265625 0.57565 0.2933828125 0.578884375 0.294565625 0.5783125 0.30285625 0.5411546875 0.30790625 0.5136328125 0.3117375 0.5098921875 0.3135140625 0.511478125 0.313828125 0.5163609375 0.30815000000000003 0.562840625 0.30731406250000004 0.57438125 0.30644375 0.5837671875 0.315290625 0.5718453125 0.3268546875 0.5179453125 0.324765625 0.47755156249999997
4 0.2685828125 0.5101453125 0.2641234375 0.5591625 0.263253125 0.5791375000000001 0.2712296875 0.5602406249999999 0.27983281249999997 0.5317062499999999 0.281609375 0.49182031249999997 0.28338593749999996 0.4740015625 0.28425625 0.4740015625 0.2910828125 0.44546562500000003 0.2934515625 0.428725 0.2934515625 0.4222578125 0.2913625 0.41851562500000006 0.2836640625 0.41147812500000003 0.2801109375 0.4098921875 0.2747828125 0.41255625 0.2697671875 0.409321875 0.2673984375 0.40665781250000005 0.2614765625 0.40557968750000006 0.2564265625 0.41147812500000003 0.25346562499999997 0.4179453125 0.2505046875 0.43950468750000005 0.252003125 0.46702656249999996 0.2502265625 0.5025999999999999 0.247265625 0.52739375 0.2526296875 0.56563125 0.25405781250000004 0.5602406249999999 0.2549640625 0.5565 0.260571875 0.5041859375 0.2641234375 0.4966390625 0.2685828125 0.49987343749999996 0.2685828125 0.5101453125
