3 0.595121875 0.6618203125 0.6028578125 0.7084703125 0.6071078125 0.7270546875 0.6139375 0.740328125 0.622509375 0.745765625 0.628084375 0.730215625 0.6259234375 0.5950703125000001 0.6238328125 0.5796453125000001 0.6208359375 0.5764859375 0.616934375 0.5757265625 0.6071078125 0.5780031250000001 0.5964453125 0.574209375 0.592125 0.57496875 0.590453125 0.5804046875 0.590034375 0.603665625 0.595121875 0.6618203125
3 0.5803484375 0.6987359375 0.58418125 0.7087234375 0.5885015625000001 0.7126421875 0.591428125 0.7126421875 0.592753125 0.70948125 0.592753125 0.6893812500000001 0.5901734375000001 0.5823015625 0.58418125 0.5744625 0.5671078125 0.5744625 0.5649484375 0.5768640625 0.564459375 0.5882421875 0.5803484375 0.6987359375
1 0.539303125 0.621996875 0.5493375 0.6815421875000001 0.5521953125 0.7048046875 0.5578390625 0.7222500000000001 0.562509375 0.72616875 0.567875 0.7222500000000001 0.5682234375 0.712515625 0.565365625 0.6498109375000001 0.560696875 0.5812890625 0.557490625 0.5773703125 0.5493375 0.57610625 0.5386062500000001 0.5806578124999999 0.5372125 0.5838171875 0.5368640625000001 0.5931734375 0.539303125 0.621996875
2 0.51958125 0.6850828124999999 0.5210453125 0.6967125000000001 0.523903125 0.7064468749999999 0.5291984375000001 0.7109984375 0.5317078125 0.709734375 0.5338671875000001 0.6877375 0.5338671875000001 0.5920359375 0.5324046874999999 0.5848296875 0.5303140625 0.58166875 0.51763125 0.5835656250000001 0.5142156250000001 0.5854609375 0.5124734375 0.5932999999999999 0.51958125 0.6850828124999999
2 0.4924734375 0.5932999999999999 0.49317031250000004 0.6943109375 0.49672499999999997 0.7001265625 0.5027874999999999 0.7026546875 0.5063421875 0.7001265625 0.5098953125000001 0.6781296875 0.5124046875 0.591403125 0.51024375 0.5843234374999999 0.4996515625 0.5824265625 0.49491250000000003 0.5843234374999999 0.492821875 0.5862203125 0.4924734375 0.5932999999999999
2 0.4715671875 0.6922875000000001 0.47303125 0.6977249999999999 0.47686406249999996 0.6998734375 0.47930312500000005 0.6977249999999999 0.48494843750000005 0.6632109374999999 0.491428125 0.58723125 0.49115000000000003 0.5850828124999999 0.487875 0.5823015625 0.477490625 0.58445 0.476028125 0.5882421875 0.47303125 0.604425 0.4715671875 0.6922875000000001
2 0.44773593749999996 0.66169375 0.449478125 0.68495625 0.4514984375 0.6912765624999999 0.45665468750000004 0.69393125 0.4586765625 0.6921625 0.4633453125 0.6796453125 0.47052187500000003 0.5906453125 0.46926875 0.5857140625 0.4648078125 0.5834390625 0.4559578125 0.5836921875 0.4526828125 0.5848296875 0.44926875 0.6024015625 0.44773593749999996 0.66169375
1 0.4082921875 0.7120093749999999 0.4082921875 0.7254109375 0.41066250000000004 0.7356515625 0.41212499999999996 0.7372953125 0.41630625 0.7356515625 0.4210453125 0.72604375 0.4487109375 0.586978125 0.440975 0.5826796875 0.42822343749999997 0.585840625 0.4249484375 0.5896328125 0.4207671875 0.6134000000000001 0.4082921875 0.7120093749999999
3 0.38480781249999996 0.67054375 0.386271875 0.6910234375 0.3889890625 0.695828125 0.3931015625 0.6979765625 0.39728281249999997 0.696334375 0.4014640625 0.6882421875 0.41003437500000006 0.6570171874999999 0.42139375 0.57775 0.418396875 0.5750953125 0.4056453125 0.5745890625000001 0.3998609375 0.57939375 0.3949125 0.5929203125 0.3901734375 0.620859375 0.38480781249999996 0.67054375
3 0.3599296875 0.6812890625 0.360278125 0.69608125 0.36348437499999997 0.7083437499999999 0.366690625 0.7103671874999999 0.37205625000000003 0.709734375 0.3752609375 0.7039187499999999 0.39909374999999997 0.5835656250000001 0.3977 0.5744625 0.390940625 0.5667515625 0.37811875 0.5667515625 0.37484375000000003 0.56839375 0.372753125 0.572565625 0.3652265625 0.6211125 0.3599296875 0.6812890625
4 0.322578125 0.6404546875 0.32041875000000003 0.6611890625 0.32041875000000003 0.6715546875 0.3261328125 0.6748421875 0.3282921875 0.6721874999999999 0.3375609375 0.6404546875 0.33999999999999997 0.635271875 0.3450171875 0.6360296875 0.347178125 0.6437421875 0.3468296875 0.648925 0.34041875 0.6792671875 0.3414640625 0.690265625 0.34466874999999997 0.6916562500000001 0.347875 0.6896328125 0.3664109375 0.6211125 0.3739375 0.5700375 0.365365625 0.5615671875 0.35679375 0.560303125 0.350034375 0.5551203124999999 0.3412546875 0.553096875 0.337909375 0.5551203124999999 0.32968593749999997 0.5906453125 0.322578125 0.6404546875
4 0.274703125 0.664728125 0.2608359375 0.6795203125 0.26041875000000003 0.6840703125 0.2647390625 0.6879906250000001 0.2843203125 0.6743359375 0.30355468750000003 0.648546875 0.338884375 0.5618203125 0.3385359375 0.5501890625 0.332125 0.539190625 0.30250937499999997 0.5204796875000001 0.2964453125 0.5275593749999999 0.282578125 0.5896328125 0.259025 0.63615625 0.2508015625 0.6595453124999999 0.251915625 0.6639703124999999 0.2600703125 0.66725625 0.2675953125 0.6581546875 0.290034375 0.6161828125000001 0.294703125 0.6103671875 0.2989546875 0.6087234375 0.3021609375 0.6116312500000001 0.29324062500000003 0.6381796875 0.274703125 0.664728125
4 0.328084375 0.47168124999999994 0.3242515625 0.5026546875 0.32515625 0.5096078125 0.32766562499999996 0.51504375 0.33581875 0.5228828125 0.35721250000000004 0.53059375 0.364878125 0.53059375 0.365784375 0.5103671875 0.3640421875 0.42199687499999994 0.36188125000000004 0.37383125 0.359790625 0.365234375 0.3563765625 0.36295781250000003 0.3516375 0.3637171875 0.3473875 0.3699109375 0.34648124999999996 0.3753484375 0.3400703125 0.42351406249999995 0.328084375 0.47168124999999994
4 0.365365625 0.357521875 0.3627875 0.364475 0.36069687500000003 0.3876109375 0.359790625 0.4862203125 0.3610453125 0.5212390625000001 0.3622296875 0.5298359375 0.370453125 0.5360296875 0.3807671875 0.5367890625 0.3884328125 0.5298359375 0.3901734375 0.512009375 0.3820203125 0.44058125 0.37560937499999997 0.369153125 0.3743546875 0.365234375 0.36919843750000003 0.35600468749999997 0.365365625 0.357521875
3 0.3931015625 0.37244062499999997 0.38982656250000003 0.3745890625 0.38655 0.38166875 0.38508749999999997 0.3950703125 0.382996875 0.47168124999999994 0.38508749999999997 0.5293296875 0.3883625 0.5390640624999999 0.39637656250000003 0.5443734375 0.4037625 0.5428578125 0.41240468750000003 0.534134375 0.41567968750000006 0.5233875 0.41303124999999996 0.471175 0.4037625 0.3826796875 0.4029265625 0.3795203125 0.3996515625 0.373071875 0.3931015625 0.37244062499999997
1 0.41442500000000004 0.3656125 0.41317031249999997 0.370290625 0.41700312500000003 0.44247812499999994 0.41142812500000003 0.524778125 0.41400625 0.5433625 0.4212546875 0.5472812499999999 0.4366546875 0.5456390625 0.438815625 0.5409609375 0.4404875 0.5184578125 0.44007031249999995 0.4788875 0.4344953125 0.41605625 0.42724687499999997 0.370796875 0.42599375000000006 0.3640953125 0.41742187499999994 0.36169375000000004 0.41442500000000004 0.3656125
2 0.44620156250000004 0.3890015625 0.4433453125 0.4045515625 0.4412546875 0.51833125 0.4423 0.5428578125 0.444459375 0.5467765625000001 0.44905937500000004 0.54943125 0.4622296875 0.5474078125 0.4633453125 0.5415921875 0.46188124999999997 0.49241406249999997 0.4561671875 0.38773749999999996 0.45372812500000004 0.3838171875 0.44905937500000004 0.3850828125 0.44620156250000004 0.3890015625
2 0.48041875 0.38596718750000003 0.474703125 0.3866 0.47045312499999997 0.39115 0.4668984375 0.4067 0.46188124999999997 0.52895 0.46905937499999995 0.5522125 0.4772125 0.558028125 0.4921953125 0.55613125 0.49365781249999996 0.5509484375 0.4884328125 0.4128953125 0.48717812499999996 0.39860937500000004 0.48397187500000005 0.388621875 0.48041875 0.38596718750000003
2 0.5052265625000001 0.3938046875 0.4931015625 0.518584375 0.49414687500000004 0.545765625 0.49665468749999997 0.5534765625 0.5034140625 0.558659375 0.5187453125 0.558028125 0.5241109374999999 0.5534765625 0.5259234375 0.534765625 0.52515625 0.48685156249999995 0.5162375 0.369784375 0.5151921875000001 0.3646015625 0.5130312499999999 0.3498109375 0.5052265625000001 0.3938046875
2 0.537909375 0.390265625 0.528640625 0.47307187500000003 0.524390625 0.5293296875 0.524390625 0.5429828125 0.528640625 0.5500625 0.533309375 0.55335 0.5407671875 0.551959375 0.550034375 0.5390640624999999 0.545784375 0.47635937500000003 0.5463421875 0.3978515625 0.5450875 0.38394375 0.5422296875 0.364475 0.537909375 0.390265625
1 0.5814640625 0.3548671875 0.5768640625 0.35941875 0.5668296875000001 0.3903921875 0.5543546874999999 0.46485468750000003 0.54655 0.519215625 0.547246875 0.5340078125 0.5501046875 0.5398234375000001 0.5597218749999999 0.5476609375 0.5671781250000001 0.5495578125 0.5740062499999999 0.5470296875 0.5757484374999999 0.5379265625 0.5757484374999999 0.50948125 0.5735890625 0.46156718750000003 0.5864812500000001 0.361946875 0.5857140625 0.3587859375 0.5836234375 0.3548671875 0.5814640625 0.3548671875
3 0.6354703125000001 0.4010109375 0.6252265625 0.425790625 0.611915625 0.47168124999999994 0.596515625 0.5182046875 0.594425 0.5352718750000001 0.597421875 0.5407078125 0.6226484375 0.5500625 0.628640625 0.5469031249999999 0.6337984375 0.539190625 0.6350515624999999 0.51504375 0.633309375 0.47939375 0.6350515624999999 0.44134062500000004 0.6397906250000001 0.40720625000000005 0.6388843750000001 0.402528125 0.6372125 0.400253125 0.6354703125000001 0.4010109375
3 0.596934375 0.3562578125 0.590453125 0.36788906250000003 0.56696875 0.503665625 0.56696875 0.5293296875 0.5720562499999999 0.535525 0.5806265625 0.53944375 0.58794375 0.54715625 0.596028125 0.5486718749999999 0.5990249999999999 0.546396875 0.6028578125 0.5300890625 0.6046 0.36611875 0.6028578125 0.3585328125 0.601184375 0.3562578125 0.596934375 0.3562578125
4 0.6342859375 0.619721875 0.6515671875 0.628065625 0.657909375 0.6504421875 0.6744953125 0.699115625 0.6794421875000001 0.7189640625 0.6868296875000001 0.720228125 0.687178125 0.7144125 0.6843203124999999 0.6951953125 0.676934375 0.6568906250000001 0.67484375 0.6203546875 0.6762374999999999 0.619721875 0.67484375 0.5954484375 0.6731015625000001 0.5737046875 0.669546875 0.5595453125 0.6635546875 0.55385625 0.6568640625 0.55385625 0.6487109375 0.5576484374999999 0.6384671875000001 0.5570171875 0.6300343749999999 0.5659921875 0.6268296875 0.5864734375 0.627178125 0.5890015625 0.627178125 0.594184375 0.6342859375 0.619721875
