4 0.7977703125 0.551996875 0.79258125 0.5504749999999999 0.7886453125 0.55085625 0.7853359375 0.5535187500000001 0.77951875 0.568675 0.77951875 0.5746984375 0.77495625 0.575840625 0.7711953125 0.578503125 0.7660046875 0.5943562499999999 0.7657953125 0.603425 0.7697671875000001 0.617375 0.776384375 0.627584375 0.8050499999999999 0.6521874999999999 0.7917453125 0.6151546875 0.7936265625 0.6102093749999999 0.8025421875 0.595878125 0.8094046875 0.595878125 0.8184953125 0.5937859375000001 0.81689375 0.590171875 0.801915625 0.5561828125 0.7977703125 0.551996875
4 0.7676421875 0.672415625 0.7724140625 0.6890296874999999 0.7748875 0.695053125 0.7784390625000001 0.6954343749999999 0.7798671875000001 0.6942921875 0.7804953125 0.686746875 0.7780218750000001 0.660684375 0.7691046874999999 0.6338625 0.763915625 0.6126828125 0.7599437499999999 0.562778125 0.7572625000000001 0.5521874999999999 0.7518640624999999 0.5431203124999999 0.748728125 0.5400765625 0.7458375 0.5400765625 0.741484375 0.5427390625 0.731940625 0.5514265625 0.728596875 0.5473046874999999 0.723615625 0.5461640625 0.7207250000000001 0.5473046874999999 0.7138625000000001 0.559734375 0.71118125 0.568040625 0.7107625 0.57565 0.7132359375 0.5907421875 0.7194703125 0.608878125 0.7227796875 0.623271875 0.7335765624999999 0.663284375 0.7416921875 0.683703125 0.7512359375 0.6958140625 0.7595265625 0.7048828125 0.7632875 0.7064046875 0.7674328125 0.70564375 0.7676421875 0.7029796875 0.7665968750000001 0.6973359375 0.7533265625000001 0.6720359375 0.7468828125 0.6565000000000001 0.7427374999999999 0.6414078125 0.742528125 0.627775 0.745559375 0.6188328125 0.745628125 0.62175 0.7468828125 0.6338625 0.7676421875 0.672415625
4 0.714978125 0.7045656250000001 0.7244515625 0.7218140625 0.7369203125 0.73088125 0.722709375 0.6823718750000001 0.7107625 0.6270140625 0.709265625 0.5966390625 0.7089859374999999 0.57349375 0.7065140624999999 0.557196875 0.705259375 0.5544703125 0.7025421875 0.5535187500000001 0.6955421875 0.5594171875 0.6918140625 0.5553578124999999 0.686590625 0.5558015625 0.6795890625000001 0.5594171875 0.6805984375 0.57349375 0.6748875 0.56265 0.671125 0.5608109375 0.6669109375 0.5599234375 0.6591781250000001 0.5603671875 0.6556953125 0.5635390625000001 0.654196875 0.5694359375 0.654196875 0.578503125 0.6556953125 0.5894109375000001 0.6669109375 0.6225109375 0.67039375 0.636525 0.6783703125 0.682815625 0.682584375 0.69778125 0.6873218750000001 0.709575 0.6967953125 0.723653125 0.7017765625 0.7295499999999999 0.709509375 0.7349390625 0.7065140624999999 0.7222578125 0.69306875 0.6914390625 0.6900734374999999 0.6800890625 0.68930625 0.6592265625 0.6923375 0.6464171875 0.6958203125 0.6528859375 0.7035171874999999 0.6705765625 0.714978125 0.7045656250000001
3 0.617659375 0.591121875 0.6326015625 0.6255546875 0.651515625 0.705834375 0.6612328125 0.737159375 0.669975 0.7498421875 0.6744343749999999 0.7516796875 0.669975 0.7312624999999999 0.6612328125 0.6650609375000001 0.6512718750000001 0.5715921875000001 0.6485203125 0.5679765625 0.645803125 0.5661375 0.6335765624999999 0.5634109375 0.623371875 0.578884375 0.6196796875 0.5818015625 0.618146875 0.5833859375 0.6171375 0.585225 0.617659375 0.591121875
3 0.583490625 0.592390625 0.5927546875 0.6218140625 0.6104140625000001 0.7143312500000001 0.6163703125 0.7382375 0.619365625 0.745846875 0.6235453125 0.7469875 0.6253562500000001 0.7431828125 0.6253562500000001 0.7301203125 0.6211765625 0.700696875 0.61884375 0.6577671875 0.618634375 0.601078125 0.6198890625 0.5912484375 0.6194703125000001 0.581040625 0.6149078125 0.569753125 0.6123999999999999 0.566328125 0.601184375 0.5632843750000001 0.5978749999999999 0.5644265625 0.5931031250000001 0.5799624999999999 0.589934375 0.5809124999999999 0.5879828125000001 0.582625 0.583490625 0.5896640625 0.583490625 0.592390625
1 0.5530125 0.5925812500000001 0.5567390624999999 0.6148390625 0.5614765625 0.6592890625 0.5689656249999999 0.7168671875 0.5786828125000001 0.7477484375000001 0.5841515625 0.7526953125 0.58589375 0.7518078125 0.587390625 0.7200375 0.5839078125 0.5790109375 0.5814 0.566328125 0.5789265625 0.5604312499999999 0.57641875 0.5577046875 0.5722046875 0.556753125 0.5674671874999999 0.5572609374999999 0.562975 0.560875 0.5614765625 0.5667718749999999 0.5554859375000001 0.5703875 0.5545109375 0.5717187499999999 0.5535 0.5744453125 0.5530125 0.5925812500000001
2 0.5221171874999999 0.5681046875 0.524346875 0.597146875 0.528109375 0.6211796875 0.5315921875 0.6733671875 0.535075 0.6905515624999999 0.5403 0.692390625 0.542284375 0.6892203125 0.54754375 0.6547234375000001 0.5497734375000001 0.6062140625 0.5495296875 0.57083125 0.5477875 0.5640453125 0.5303375 0.5649328125 0.5266109375 0.5653765625 0.5228484375 0.566328125 0.5221171874999999 0.5681046875
2 0.5002093750000001 0.598034375 0.5046671875000001 0.629359375 0.50815 0.6755859375 0.5111453125 0.681040625 0.513165625 0.682878125 0.5153953125 0.6824343749999999 0.51738125 0.6805953125 0.518634375 0.6751421875 0.5203765625 0.597590625 0.5221171874999999 0.566328125 0.5053640625 0.5669625 0.501428125 0.5667718749999999 0.49930312499999996 0.5663921875 0.5002093750000001 0.598034375
2 0.47868281250000005 0.6343687499999999 0.48066875 0.6779328125 0.481678125 0.6833859375 0.4834203125 0.6861125 0.48791406249999997 0.68560625 0.4903859375 0.6838296875000001 0.49212812499999997 0.6792640624999999 0.49787499999999996 0.5636015624999999 0.47419062500000003 0.5740640625 0.4726921875 0.5745078125 0.47419062500000003 0.5935312500000001 0.47868281250000005 0.6343687499999999
2 0.44705625 0.575903125 0.44406093750000003 0.58129375 0.44406093750000003 0.584971875 0.4537796875 0.66474375 0.458271875 0.692009375 0.46374062499999996 0.70646875 0.468478125 0.6833859375 0.469209375 0.6320859375000001 0.4707078125 0.5899171875 0.4704625 0.575903125 0.4549984375 0.5729859375 0.45179375000000005 0.5731765625 0.4487984375 0.5740640625 0.44705625 0.575903125
1 0.41626562500000003 0.6664546875 0.41835625 0.7437546875 0.41985312500000005 0.7589734375 0.42135156250000005 0.7655046875 0.4273421875 0.767153125 0.430303125 0.7622703125 0.43302031249999995 0.7486359375 0.44019531250000005 0.669753125 0.4413796875 0.633228125 0.4437828125 0.6076734375 0.4413796875 0.58865 0.4294328125 0.5783125 0.4222578125 0.5783125 0.41745 0.583703125 0.41448906250000006 0.5908046875 0.4120859375 0.60221875 0.41177343750000006 0.6076734375 0.41417656249999996 0.6294234375000001 0.41626562500000003 0.6664546875
3 0.382375 0.641090625 0.3848828125 0.6859859375 0.38213125 0.73176875 0.3836296875 0.7562453125 0.3858578125 0.7594171875 0.3908390625 0.7521875 0.39958125 0.71864375 0.4093 0.6329109374999999 0.41403749999999995 0.6065953125 0.41229531250000007 0.5975265624999999 0.40731406249999996 0.5916296875 0.403065625 0.5880156249999999 0.39759687499999996 0.578503125 0.3943578125 0.578503125 0.3814 0.5866203125 0.3781609375 0.5975265624999999 0.3781609375 0.599809375 0.3786484375 0.610653125 0.382375 0.641090625
3 0.3437828125 0.6074828125 0.34475781250000004 0.6333546875 0.3380359375 0.7549140624999999 0.342771875 0.7762203125 0.347021875 0.7698796875 0.352490625 0.7440078125 0.36370625 0.67825 0.370428125 0.642865625 0.3781609375 0.621559375 0.38261875 0.6020921875 0.38063437499999997 0.5970828125 0.37690625 0.5966390625 0.36767656249999997 0.5848453124999999 0.3644375 0.5844 0.35646093749999996 0.589346875 0.34824062499999997 0.589790625 0.347021875 0.589790625 0.34576875 0.5907421875 0.3437828125 0.6074828125
4 0.29421875000000003 0.741090625 0.2859984375 0.75694375 0.29519375000000003 0.7605578125 0.3203765625 0.70386875 0.3273421875 0.6617 0.3318359375 0.6389984375 0.3403 0.615409375 0.3432953125 0.6022828125 0.3437828125 0.5896 0.34103125 0.5827515625 0.33605 0.5809765625 0.3263328125 0.5827515625 0.3181125 0.5909328125 0.31713749999999996 0.5845906249999999 0.30839375 0.574128125 0.305921875 0.573684375 0.3034140625 0.5755234375 0.301184375 0.5809765625 0.2974578125 0.5746359375 0.29470625 0.5750796874999999 0.290978125 0.5814203124999999 0.2884703125 0.59004375 0.2867296875 0.6081796875000001 0.2884703125 0.631325 0.28624218749999997 0.65174375 0.28000625 0.6789468750000001 0.2665625 0.729740625 0.26705 0.7442609375 0.268303125 0.7460375 0.2707765625 0.7460375 0.2747828125 0.742421875 0.28474374999999996 0.7192765624999999 0.29495 0.6907421874999999 0.3001734375 0.6789468750000001 0.306165625 0.6716546875 0.310240625 0.6718453125 0.312853125 0.678440625 0.30989218749999997 0.7025359375 0.29421875000000003 0.741090625
4 0.2433296875 0.6827515625 0.231278125 0.7088140625 0.22504375 0.7360171875 0.23420468749999998 0.7296125 0.2589 0.6842734375 0.2705328125 0.6479390625 0.28359531250000003 0.6131890624999999 0.2881578125 0.5992390624999999 0.2900390625 0.590171875 0.288784375 0.5829421875 0.28589375 0.57691875 0.28254999999999997 0.5738749999999999 0.2750953125 0.5617625 0.2669796875 0.5651875000000001 0.2628359375 0.5689921874999999 0.2607453125 0.5603046875000001 0.25827187500000004 0.5565 0.25308281250000003 0.554596875 0.24747499999999997 0.554596875 0.2420765625 0.5617625 0.23584062499999997 0.5829421875 0.22817812499999998 0.6309453125 0.218425 0.664996875 0.2117734375 0.6933421875 0.207628125 0.7043125 0.2067921875 0.7088140625 0.20783749999999998 0.713 0.21198125 0.7126187500000001 0.2200625 0.702790625 0.24249375 0.6506031250000001 0.24663906249999998 0.6434375 0.25015624999999997 0.6396328125 0.2532921875 0.6377937499999999 0.25308281250000003 0.6407734375 0.2526640625 0.644578125 0.2520375 0.65700625 0.2433296875 0.6827515625
4 0.2034484375 0.630628125 0.204284375 0.633671875 0.204075 0.6370328125 0.20181093749999998 0.6427390625 0.19909375 0.65256875 0.1910140625 0.6699421875 0.20181093749999998 0.662778125 0.21880937500000003 0.649525 0.2242078125 0.6412171875 0.2260890625 0.6298671875 0.22504375 0.60646875 0.2190171875 0.5951171875 0.21549999999999997 0.593215625 0.2124 0.5935953125 0.2113546875 0.5852890625 0.2080453125 0.57089375 0.20595625 0.568675 0.19909375 0.5701328125 0.1920578125 0.5766015624999999 0.18582343750000002 0.5883328125 0.17854375 0.609828125 0.1727265625 0.6211796875 0.1781265625 0.618515625 0.1903859375 0.618515625 0.19143125 0.6200375 0.1939046875 0.6268859375 0.2034484375 0.630628125
4 0.2640546875 0.377425 0.2619296875 0.37305 0.2613375 0.36651875 0.2631484375 0.35783125 0.2676421875 0.34476874999999996 0.26882656250000003 0.3382375 0.26823437499999997 0.3344328125 0.26492499999999997 0.330628125 0.2607453125 0.32955 0.24461875000000002 0.355675 0.2326359375 0.3779328125 0.22817812499999998 0.3942921875 0.22786562500000002 0.40139531249999993 0.22845624999999997 0.406784375 0.23504062499999998 0.40627812499999993 0.23862812500000002 0.4182625 0.24252812499999998 0.41984843749999995 0.2437125 0.4340515625 0.2544765625 0.4275203125 0.2583421875 0.4340515625 0.26255625 0.4318328125 0.2735984375 0.41173125 0.28376875 0.36220625 0.286171875 0.34476874999999996 0.286171875 0.33988593749999996 0.2852671875 0.33608125 0.281678125 0.33608125 0.28018125 0.33988593749999996 0.279275 0.34476874999999996 0.279275 0.34692500000000004 0.267328125 0.377425 0.2640546875 0.377425
4 0.28624218749999997 0.41934062499999997 0.28474374999999996 0.41991093749999997 0.282340625 0.41553593749999995 0.2817484375 0.40900468749999996 0.2829328125 0.36823125 0.2808421875 0.3655046875 0.2769421875 0.3660109375 0.2709859375 0.4285984375 0.2655875 0.46563125000000005 0.2605015625 0.49175625 0.259909375 0.5042484375 0.2653078125 0.5168046875 0.273075 0.5173109375 0.27725468750000004 0.5276468750000001 0.2820265625 0.5314515625 0.28833125000000004 0.5303734375 0.299965625 0.51953125 0.3014625 0.4939125 0.2996859375 0.47000624999999996 0.296378125 0.3937859375 0.293103125 0.3660109375 0.2907 0.361128125 0.28833125000000004 0.35947968750000003 0.2871125 0.36005 0.28624218749999997 0.362778125 0.28624218749999997 0.3660109375 0.2890625 0.3711484375 0.289515625 0.3725421875 0.2877046875 0.4133796875 0.28624218749999997 0.41934062499999997
4 0.3097171875 0.37083125 0.3072453125 0.371275 0.305503125 0.3744453125 0.30498125 0.4107796875 0.3092296875 0.4565625 0.3077328125 0.4669625 0.3025078125 0.49327812499999996 0.30198593749999997 0.5168671875 0.305503125 0.527775 0.31246874999999996 0.535003125 0.31546562499999997 0.534559375 0.3206890625 0.5259359375 0.33612031249999996 0.535446875 0.34036875 0.533671875 0.3478234375 0.5254921875 0.351584375 0.514584375 0.351584375 0.5078 0.3485890625 0.48287812499999994 0.34434062499999996 0.466075 0.3423546875 0.4533921875 0.3371296875 0.397146875 0.3304078125 0.376284375 0.32765625 0.372225 0.3251828125 0.37083125 0.32368437499999997 0.371275 0.32243125 0.3740015625 0.32640156249999996 0.3939765625 0.3306515625 0.422575 0.328665625 0.43252968750000004 0.32640156249999996 0.43481249999999994 0.3239296875 0.43481249999999994 0.32194375000000003 0.43113437499999996 0.31870468750000003 0.418453125 0.3127140625 0.377615625 0.31246874999999996 0.37584062500000004 0.311459375 0.372225 0.3097171875 0.37083125
3 0.3690703125 0.3520609375 0.3669796875 0.3504125 0.3642984375 0.3504125 0.3594921875 0.35263125 0.356809375 0.3564359375 0.35440625 0.362396875 0.3526296875 0.39613125 0.352315625 0.46366562499999997 0.350540625 0.5164234375000001 0.35113125 0.5305640625 0.3535359375 0.5338625 0.36011875 0.5376671875000001 0.36516875 0.539315625 0.367571875 0.5376671875000001 0.37175156249999997 0.5229546875 0.37533906250000004 0.52568125 0.3822359375 0.524603125 0.3855109375 0.5218765624999999 0.3870078125 0.51261875 0.3876 0.4974 0.386103125 0.47343124999999997 0.378021875 0.41521875 0.37248281250000004 0.36480625 0.372065625 0.3585921875 0.3714734375 0.35586562499999996 0.3690703125 0.3520609375
3 0.40111406250000003 0.32904218749999997 0.39501875000000003 0.3244765625 0.3910828125 0.3244765625 0.389271875 0.3258078125 0.3846046875 0.3375390625 0.3810171875 0.3721625 0.37997187499999996 0.4890296875 0.3803203125 0.50995625 0.3814 0.5164875 0.39035156249999997 0.53088125 0.3939390625 0.5301843749999999 0.40254218750000004 0.5132531250000001 0.41010156249999996 0.5190875 0.4129578125 0.5190875 0.41619687499999997 0.5151546875 0.4187046875 0.4988578125 0.41940156249999994 0.4746984375 0.41368906250000004 0.4452765625 0.4068625 0.34895312500000003 0.4065140625 0.3421046875 0.40578125 0.338871875 0.40111406250000003 0.32904218749999997
1 0.414525 0.3131890625 0.4137234375 0.3353203125 0.4149421875 0.3842734375 0.412225 0.4533921875 0.410728125 0.4724796875 0.4053640625 0.504565625 0.41671874999999997 0.5258078125 0.42211718749999994 0.5279640624999999 0.4248 0.5274578125 0.43315937499999996 0.5127453125 0.44092656249999995 0.49258125 0.43765312500000003 0.4604953125 0.4328453125 0.39682968750000003 0.42779531249999997 0.3473046875 0.4248 0.3298671875 0.4208984375 0.31477499999999997 0.41940156249999994 0.31027343749999997 0.4170328125 0.31027343749999997 0.414525 0.3131890625
2 0.45398750000000004 0.3472421875 0.4514796875 0.3452765625 0.44862343750000006 0.345909375 0.44716093749999997 0.34857343749999997 0.44646406250000004 0.3531390625 0.4457328125 0.4105890625 0.4443046875 0.453075 0.44249375 0.46480625 0.43890624999999994 0.5020296875 0.43998593750000003 0.5118578125 0.44287656249999996 0.5196578125 0.44754375 0.5242234375 0.4558 0.5255546875 0.46617968750000005 0.5255546875 0.4711953125 0.5170578124999999 0.47192656250000004 0.5046296875 0.471578125 0.49486406250000003 0.4690703125 0.4902984375 0.46509999999999996 0.48636718749999996 0.460084375 0.40665781250000005 0.45586874999999993 0.35903593749999996 0.4558 0.3531390625 0.455415625 0.3505390625 0.45398750000000004 0.3472421875
2 0.4745390625 0.3329734375 0.470671875 0.3344953125 0.4698015625 0.3588453125 0.470671875 0.453646875 0.46722343750000006 0.49752656249999994 0.4680953125 0.5171218750000001 0.470671875 0.528090625 0.47412031250000003 0.5359546875000001 0.479275 0.536715625 0.4999296875 0.528090625 0.4960640625 0.4740015625 0.4853015625 0.3862390625 0.47756875 0.3376671875 0.477115625 0.33608125 0.47627968750000005 0.333734375 0.4745390625 0.3329734375
2 0.5175203125000001 0.35085625 0.5146640625 0.35085625 0.511425 0.3521875 0.5103453124999999 0.3573875 0.5049812499999999 0.44229531250000004 0.5024734375000001 0.49258125 0.5046328124999999 0.529803125 0.52650625 0.52916875 0.53009375 0.52656875 0.5311734375 0.5194046875 0.5315218749999999 0.48021562500000003 0.5290140625 0.4481921875 0.527203125 0.4129359375 0.5209328125 0.360240625 0.520759375 0.355421875 0.5196796875 0.352821875 0.5175203125000001 0.35085625
2 0.5458031250000001 0.369815625 0.538628125 0.3757140625 0.5364687499999999 0.3809125 0.5343093750000001 0.458021875 0.5361203125 0.48218125 0.5364687499999999 0.5213703125 0.5547546875 0.5194046875 0.5605015625 0.51610625 0.5619296874999999 0.5121749999999999 0.562278125 0.505009375 0.5605015625 0.49524375000000004 0.5530828125 0.381990625 0.552246875 0.3757140625 0.5500875 0.37045 0.5458031250000001 0.369815625
1 0.588575 0.296259375 0.58620625 0.296259375 0.58230625 0.2989859375 0.581121875 0.30386875 0.580215625 0.3240328125 0.57154375 0.398034375 0.564959375 0.4355734375 0.5610937500000001 0.4633484375 0.564959375 0.5008874999999999 0.5706375 0.518896875 0.574225 0.5259359375 0.5772203124999999 0.525428125 0.5843953125 0.518896875 0.58979375 0.50741875 0.5921624999999999 0.48947343749999994 0.590978125 0.41762812499999996 0.591884375 0.363728125 0.590246875 0.31135 0.5903859375 0.304946875 0.5900734375 0.300634375 0.588575 0.296259375
3 0.6122609375 0.3340515625 0.6072093749999999 0.32821875 0.6011140625 0.3288515625 0.597178125 0.33145156249999996 0.5939390625 0.339315625 0.588575 0.375903125 0.582828125 0.43855468750000004 0.578509375 0.4712109375 0.579240625 0.4908046875 0.582096875 0.501903125 0.5939390625 0.4908046875 0.603621875 0.51433125 0.6065140625 0.517628125 0.612609375 0.514965625 0.6194359375 0.49733593750000005 0.6187046875 0.4686109375 0.6173453125 0.36753281250000003 0.6158484375 0.3405828125 0.6122609375 0.3340515625
3 0.6362593750000001 0.3348765625 0.6347609375000001 0.3364609375 0.6323921875 0.3408375 0.6299890625 0.352821875 0.618634375 0.4497140625 0.615046875 0.491059375 0.6165453125 0.50304375 0.63058125 0.512809375 0.63598125 0.5209890625 0.6455234375 0.51173125 0.6467078125 0.5035515625 0.6464296875 0.439378125 0.644340625 0.33918906249999997 0.64225 0.33538437499999996 0.6383484375 0.33430624999999997 0.6362593750000001 0.3348765625
4 0.66663125 0.34565625 0.66565625 0.34609999999999996 0.6633921875000001 0.350665625 0.66043125 0.3797078125 0.6559390625 0.4372859375 0.6509578125 0.45903593750000005 0.6479625 0.48719062500000004 0.64869375 0.4989859375 0.65294375 0.5057703124999999 0.6619296875 0.5130625 0.6686515625 0.5116671875 0.6758625 0.5034875000000001 0.6818531250000001 0.5098281250000001 0.6855796875 0.5121109374999999 0.68881875 0.5116671875 0.6918140625 0.508496875 0.6955421875 0.5007609375000001 0.6967953125 0.48579531249999997 0.6948109375 0.46220625000000004 0.6908046875 0.4381734375 0.6942875 0.36696249999999997 0.69355625 0.360178125 0.6918140625 0.35523125 0.687809375 0.350665625 0.6848484375 0.351553125 0.6840828125 0.3533921875 0.6838390624999999 0.3679140625 0.6795890625000001 0.41008281249999995 0.67610625 0.41553593749999995 0.6728671875 0.41553593749999995 0.67088125 0.412809375 0.67039375 0.4096390625 0.67088125 0.351996875 0.6706375 0.349778125 0.6688953125 0.3466078125 0.66663125 0.34565625
4 0.7072453125 0.3470515625 0.7027859375000001 0.3542796875 0.700278125 0.372859375 0.69926875 0.435003125 0.69926875 0.48579531249999997 0.7032734375 0.5062140625 0.7072453125 0.5107796875 0.71623125 0.51439375 0.722709375 0.5098281250000001 0.726925 0.5034875000000001 0.7294328125 0.49264374999999994 0.732184375 0.4939765625 0.7339249999999999 0.49353125000000003 0.7368859375000001 0.49036093750000004 0.740125 0.48040625 0.738628125 0.4649328125 0.722709375 0.39873125 0.7212125 0.34933437500000003 0.7204453125 0.34071093750000003 0.7199578125 0.339759375 0.7174859375 0.3424859375 0.71623125 0.35611875 0.71671875 0.402346875 0.7144890625 0.41553593749999995 0.7134796875 0.41642343750000005 0.7117375 0.4150921875 0.709509375 0.40462968750000006 0.709265625 0.39740000000000003 0.71100625 0.35523125 0.71100625 0.350221875 0.710240625 0.3470515625 0.7072453125 0.3470515625
4 0.7227453125000001 0.338490625 0.722221875 0.35757812499999997 0.7242078125 0.381103125 0.7297109374999999 0.4038046875 0.732428125 0.411984375 0.7359453125 0.41699374999999994 0.7416578125 0.4183265625 0.744165625 0.4164875 0.7471265625 0.40741875 0.7536046875 0.41242812500000003 0.75586875 0.401965625 0.7603625 0.401965625 0.7655875 0.390234375 0.7703234375 0.38972656250000004 0.77154375 0.3875078125 0.7725531250000001 0.3824984375 0.7700453125 0.37298593750000003 0.7645765625000001 0.3566265625 0.7526296875 0.32942343749999997 0.7483796875000001 0.32492031250000003 0.7416578125 0.327584375 0.7406828125 0.3457828125 0.739915625 0.349396875 0.7371640625 0.352125 0.73368125 0.352125 0.7297109374999999 0.349396875 0.7257046875000001 0.339378125 0.7249734375 0.33671562499999996 0.7239640625 0.3357640625 0.7227453125000001 0.338490625
