4 0.756984375 0.5666453125 0.75945625 0.56569375 0.7609546875000001 0.5617 0.7601875 0.5523140625 0.7384890625 0.460621875 0.734309375 0.45117343749999994 0.7273765625 0.45206093750000004 0.7187390625 0.45523125000000003 0.7096140625 0.4660109375 0.69829375 0.4740640625 0.694565625 0.48395625000000003 0.694321875 0.4934046875 0.69878125 0.51090625 0.7047015625 0.523525 0.7115984375 0.5356375 0.7259140625 0.5720359375 0.73775625 0.5877609374999999 0.7419359375 0.590425 0.7459078124999999 0.584146875 0.7446531249999999 0.57698125 0.73824375 0.5634750000000001 0.7301984375 0.534115625 0.7299546875 0.52650625 0.7324625 0.523271875 0.7351796875 0.523715625 0.7550328125 0.5662015625000001 0.756984375 0.5666453125
3 0.6136890625 0.5086234375 0.619609375 0.5400765625 0.6304765625 0.6052 0.63368125 0.6173109375 0.6366421875 0.6155359375 0.639846875 0.60653125 0.6428078125 0.5908046875 0.6423203125 0.5549140625 0.64576875 0.4933421875 0.6432953125 0.4870640625 0.6378609375 0.4852890625 0.6344125 0.476728125 0.6218390625 0.4731140625 0.6203765625 0.4745078125 0.617659375 0.47805937500000006 0.6136890625 0.5086234375
1 0.5840828124999999 0.4879515625 0.588053125 0.52435 0.5853359375 0.529740625 0.5882968749999999 0.532403125 0.5907703125 0.5544703125 0.59519375 0.6357640625000001 0.5988859375 0.6442609375 0.6013578125000001 0.6455921874999999 0.604075 0.6438171875 0.610728125 0.530628125 0.609265625 0.518959375 0.6132015625 0.4996203125 0.6136890625 0.47178125 0.61149375 0.462840625 0.60480625 0.4542796875 0.6011140625 0.4529484375 0.587809375 0.4539625 0.5858234375 0.45472343750000005 0.5845703125 0.45878281249999997 0.5840828124999999 0.4879515625
2 0.552490625 0.49727343749999997 0.5580984375 0.5311984375 0.5604671875 0.5587187499999999 0.5601875 0.5872546875 0.5566703125 0.6050734375 0.557228125 0.6088140625 0.5622078125 0.6084343750000001 0.565203125 0.6066578125000001 0.567571875 0.598034375 0.5758625 0.5311984375 0.5785437499999999 0.5279640624999999 0.5823750000000001 0.49778124999999995 0.58328125 0.4714015625 0.581190625 0.46005 0.57823125 0.4568171875 0.55945625 0.45351875 0.555171875 0.455675 0.5521765624999999 0.4729859375 0.552490625 0.49727343749999997
2 0.5251828125 0.46937187500000005 0.5314171875 0.565884375 0.5355624999999999 0.5896 0.5397078125 0.5960687499999999 0.545628125 0.594990625 0.54918125 0.5798984375 0.54918125 0.46994218749999994 0.5482765625 0.46024062499999996 0.545628125 0.4542796875 0.541484375 0.45269531250000006 0.5299203125 0.45098281250000005 0.52668125 0.4516171875 0.5251828125 0.45377343750000004 0.5251828125 0.46937187500000005
2 0.48568437500000006 0.4561828125 0.48425624999999994 0.4665828125 0.48568437500000006 0.5008250000000001 0.49526250000000005 0.524096875 0.4970390625 0.5363984375 0.4984671875 0.5713375 0.5009750000000001 0.5875078125 0.5048765625 0.5939765625 0.508778125 0.5933421875 0.5116328125 0.5862390625 0.5130265625 0.55256875 0.5215609375 0.5157265625 0.521909375 0.4827515625 0.5194359375000001 0.4542796875 0.51835625 0.4523140625 0.5029265625 0.4496515625 0.4913625 0.4504125 0.4881578125 0.4523140625 0.48568437500000006 0.4561828125
2 0.443921875 0.4532015625 0.4421453125 0.458021875 0.441240625 0.4666453125 0.4433296875 0.4801515625 0.4522125 0.5017125 0.454859375 0.532403125 0.466109375 0.6100187499999999 0.469975 0.615409375 0.47321562500000003 0.6138234375 0.4743984375 0.6100187499999999 0.47499062500000006 0.5927703125 0.4753046875 0.5485734375 0.47676718749999997 0.49416562500000005 0.4743984375 0.46556718750000003 0.4690703125 0.45694375000000004 0.46492500000000003 0.453709375 0.44925156250000003 0.44889062500000004 0.44775312500000003 0.449396875 0.44629062499999994 0.449396875 0.443921875 0.4532015625
1 0.41459375 0.46125625000000003 0.4116328125 0.4661375 0.409265625 0.48389375 0.40839375 0.4968296875 0.4116328125 0.5442609375 0.41281718749999996 0.5970828125 0.41459375 0.6067843749999999 0.4187390625 0.61433125 0.420515625 0.61433125 0.42406875 0.6095125 0.4282125 0.5922640625 0.43385625 0.5513 0.44656874999999996 0.4731140625 0.44629062499999994 0.46125625000000003 0.44479218749999994 0.45751406250000004 0.441240625 0.45586562500000005 0.42671562500000004 0.45580156250000003 0.42319687500000003 0.45586562500000005 0.4211078125 0.45586562500000005 0.41459375 0.46125625000000003
3 0.36903593749999997 0.49296093750000003 0.3708109375 0.5188328125 0.385928125 0.5829421875 0.3943578125 0.6305640625 0.3983625 0.6320234375 0.399546875 0.61959375 0.4048765625 0.5268859375 0.40606093750000005 0.49670312499999997 0.4048765625 0.48002500000000003 0.4025078125 0.47514218750000003 0.3936265625 0.468675 0.38620625 0.46651875 0.3817828125 0.46708906250000004 0.3755828125 0.47362031250000003 0.3729015625 0.4772984375 0.3705328125 0.4826890625 0.36903593749999997 0.49296093750000003
4 0.21563906249999998 0.575840625 0.21480312499999998 0.5835765625 0.21605781249999997 0.585921875 0.225009375 0.58046875 0.248903125 0.539315625 0.2659359375 0.506721875 0.2817140625 0.4912484375 0.286415625 0.4757140625 0.2872515625 0.463284375 0.282584375 0.45472343750000005 0.262521875 0.44464218750000006 0.252734375 0.43532031250000003 0.24378281249999997 0.430690625 0.2386625 0.42992968749999994 0.23483125 0.4322125 0.231 0.4391890625 0.2280046875 0.45783125 0.2237546875 0.4788203125 0.21309687500000002 0.50830625 0.192615625 0.5564359375000001 0.192615625 0.55954375 0.194740625 0.5657578125 0.19773593750000001 0.568040625 0.20156718749999997 0.56651875 0.2066875 0.5618265625000001 0.2318359375 0.5160437499999999 0.23653749999999998 0.5098281250000001 0.24078750000000002 0.5090671875 0.241728125 0.51001875 0.2420765625 0.5121749999999999 0.23270624999999998 0.5440078125000001 0.21563906249999998 0.575840625
4 0.2266109375 0.2747625 0.22574062499999997 0.2747625 0.22455625 0.2764109375 0.22365 0.2844640625 0.223371875 0.29524374999999997 0.22100312500000002 0.302790625 0.2091609375 0.3346234375 0.20087031249999998 0.3507921875 0.195228125 0.36480625 0.1943578125 0.381484375 0.196134375 0.38795156249999996 0.1993734375 0.39010781250000004 0.2047015625 0.390678125 0.207384375 0.397146875 0.21595312500000002 0.40577031249999995 0.2215953125 0.40304375 0.23075625 0.40037968749999997 0.23817499999999997 0.3944203125 0.241728125 0.3852890625 0.24200624999999998 0.370703125 0.23726875 0.2823078125 0.2337171875 0.26290468749999996 0.232253125 0.262396875 0.23134843749999998 0.264553125 0.23134843749999998 0.27044999999999997 0.2337171875 0.3017125 0.23047656249999998 0.345403125 0.22929218750000002 0.3529484375 0.2263328125 0.3556125 0.2215953125 0.3529484375 0.2192265625 0.34971406250000003 0.21950468750000002 0.34483125000000003 0.22782968750000002 0.3022828125 0.2287015625 0.294165625 0.2287015625 0.27799687500000003 0.2266109375 0.2747625
4 0.2485203125 0.30202968750000003 0.24939062500000003 0.31553593750000003 0.2523515625 0.3360171875 0.2526640625 0.35269531249999997 0.252071875 0.362396875 0.250575 0.3672796875 0.244653125 0.3764109375 0.2411 0.39099531249999997 0.2414140625 0.40393125 0.24228437500000002 0.41090625000000003 0.2461515625 0.41471093750000004 0.27220468750000004 0.4211796875 0.2896546875 0.420609375 0.29498437499999997 0.417375 0.2967609375 0.41255625 0.297353125 0.3942296875 0.2905609375 0.3322125 0.2855109375 0.2982875 0.281678125 0.2799625 0.2772203125 0.272415625 0.27366718749999996 0.258909375 0.2707078125 0.254090625 0.26715468750000004 0.25244062500000003 0.265690625 0.25351875 0.2645078125 0.2584015625 0.265690625 0.2696890625 0.2707078125 0.30202968750000003 0.271890625 0.3300578125 0.27011562499999997 0.3360171875 0.26924375 0.3370953125 0.2665625 0.3360171875 0.265690625 0.3338625 0.263915625 0.3209265625 0.2578890625 0.2984140625 0.2564953125 0.2955609375 0.25088750000000004 0.29613125 0.2485203125 0.30202968750000003
4 0.30459843750000004 0.2853515625 0.30139375 0.29112187500000003 0.3017765625 0.3092578125 0.3078015625 0.3648703125 0.3063734375 0.3791375 0.3024734375 0.3888390625 0.2989203125 0.405009375 0.2982234375 0.42764687500000004 0.300696875 0.43538437500000005 0.3039015625 0.43798281250000004 0.3142109375 0.44058281250000003 0.3223609375 0.43861718749999995 0.3337515625 0.44121718750000005 0.34510625 0.4398859375 0.3614421875 0.4244140625 0.3657265625 0.4179453125 0.3657265625 0.41211093749999994 0.36109375 0.39980937499999997 0.3518640625 0.3791375 0.346534375 0.353265625 0.340125 0.3066578125 0.3344484375 0.27044999999999997 0.32946718750000004 0.2613828125 0.3273421875 0.2601140625 0.3237890625 0.2607484375 0.321665625 0.2639828125 0.32058593750000003 0.27305 0.32058593750000003 0.28211718750000003 0.3266453125 0.34032968750000003 0.3266453125 0.351934375 0.3244859375 0.353265625 0.3223609375 0.351934375 0.316684375 0.33316406249999997 0.31330625 0.293215625 0.3127828125 0.2878890625 0.3092296875 0.28338593749999996 0.30459843750000004 0.2853515625
1 0.37039374999999997 0.24584687500000002 0.3664921875 0.24584687500000002 0.3622078125 0.2477484375 0.3583078125 0.2555484375 0.3576109375 0.264553125 0.361859375 0.3409 0.368965625 0.40754531250000003 0.3781953125 0.42948593749999997 0.3984671875 0.4346859375 0.4087421875 0.4320859375 0.414071875 0.421115625 0.41267812499999995 0.40297968749999996 0.40592187500000004 0.366771875 0.377359375 0.2592890625 0.3760703125 0.25358281250000003 0.373946875 0.2483828125 0.37039374999999997 0.24584687500000002
2 0.4773953125 0.196765625 0.47314531249999997 0.19524375 0.4692796875 0.19524375 0.46419375 0.1998734375 0.45990937499999995 0.21230156249999999 0.4569484375 0.2324671875 0.45012187499999995 0.2596703125 0.4415890625 0.3209890625 0.43646874999999996 0.34039375 0.4330546875 0.3660109375 0.4228140625 0.384590625 0.42027187499999996 0.40247343750000003 0.4211078125 0.41724843749999996 0.4594921875 0.42650625 0.46419375 0.4226375 0.46544687500000004 0.41414062500000004 0.4738765625 0.2289796875 0.47485156249999994 0.222384375 0.47826562499999997 0.2038046875 0.4773953125 0.196765625
2 0.500696875 0.255040625 0.49216249999999995 0.2604953125 0.48707812500000003 0.2721625 0.4832109375 0.3357640625 0.4789625 0.3753328125 0.47425937500000004 0.389346875 0.47042812500000003 0.41261875000000003 0.47129843749999994 0.41959375000000004 0.5186 0.42504687499999994 0.5177640625000001 0.40405781249999995 0.5117734375 0.3342421875 0.5071749999999999 0.2617625 0.5049812499999999 0.25580156249999997 0.5037265625 0.254534375 0.500696875 0.255040625
2 0.555834375 0.2677234375 0.5540578125 0.26708906250000003 0.5508531249999999 0.2683578125 0.5490765625 0.27159218749999997 0.545871875 0.28649375 0.5401953125000001 0.3375390625 0.5369906249999999 0.3498421875 0.5384187500000001 0.3731140625 0.5330890625 0.40938437499999997 0.5345171875 0.42878906250000004 0.5615109375 0.43265624999999996 0.5742953125 0.43265624999999996 0.5757234375 0.4274578125 0.5686171875 0.38218125000000003 0.5664921875 0.361509375 0.5618593749999999 0.3304375 0.558934375 0.2765375 0.5583078125000001 0.27159218749999997 0.5572625 0.2689921875 0.555834375 0.2677234375
2 0.5889234375 0.2603046875 0.5862765624999999 0.2603046875 0.5839078125 0.261953125 0.5812265625 0.26569375 0.5800421874999999 0.282434375 0.580634375 0.3320234375 0.57945 0.3659484375 0.580634375 0.38161093749999997 0.5773953125 0.4020921875 0.5773953125 0.42796406249999996 0.57945 0.4344328125 0.605503125 0.43278437500000005 0.6072796874999999 0.426315625 0.6060953125 0.4031703125 0.6001734375 0.37729843750000003 0.5987109375 0.354090625 0.5948453125000001 0.3255546875 0.591884375 0.2714640625 0.59160625 0.2651875 0.5910140625 0.2624609375 0.5889234375 0.2603046875
1 0.647928125 0.250665625 0.642946875 0.25523125 0.6372687499999999 0.2765375 0.627690625 0.33735 0.6209328125 0.3690546875 0.61738125 0.38909375 0.6152562500000001 0.420165625 0.6305125 0.43887187499999997 0.642946875 0.437603125 0.6461515624999999 0.42790156250000005 0.647928125 0.41236562499999996 0.6461515624999999 0.365821875 0.6493562500000001 0.3502859375 0.6468828125 0.33215 0.6511312499999999 0.2577671875 0.6511312499999999 0.25523125 0.6504359375 0.250665625 0.647928125 0.250665625
4 0.7499828125 0.4249203125 0.7561828125 0.42339843750000006 0.7617203124999999 0.41877031249999996 0.7694875 0.4192765625 0.7718906249999999 0.41154062500000005 0.7725875 0.395625 0.7700453125 0.3796453125 0.766353125 0.36246093749999997 0.7648203125 0.339821875 0.7640890625 0.31800937500000004 0.7643328125 0.30646874999999996 0.7638453125 0.30202968750000003 0.7592125000000001 0.30691250000000003 0.7548234375 0.33183281249999996 0.7528734375 0.3562453125 0.7536046875 0.3668984375 0.7518984375 0.3726703125 0.7509234375 0.368675 0.7528734375 0.33538437499999996 0.7558 0.3144578125 0.75945625 0.30202968750000003 0.75945625 0.296259375 0.7550671875 0.296259375 0.746778125 0.3086875 0.7401609375 0.338934375 0.739428125 0.339378125 0.737234375 0.3629046875 0.737234375 0.376284375 0.7333328125 0.39004374999999997 0.7328453125000001 0.40291718750000005 0.736503125 0.4135703125 0.7378265625 0.4156625 0.74346875 0.42187656249999994 0.7499828125 0.4249203125
4 0.6942875 0.43050156250000005 0.6942875 0.4327203125 0.7089171875 0.438490625 0.716753125 0.43316406250000006 0.7243125 0.4300578125 0.7304078125 0.42555468750000003 0.7333328125 0.41578906250000003 0.7323578125 0.3935953125 0.7304078125 0.38161093749999997 0.72358125 0.379834375 0.72309375 0.368675 0.7296765625 0.3349390625 0.7301640625 0.3349390625 0.7318703125 0.32117968750000003 0.7316265625 0.31268281249999996 0.7262625 0.30913124999999997 0.714525 0.32117968750000003 0.7106234375 0.33582812500000003 0.7072093749999999 0.3451484375 0.7045281250000001 0.34071093750000003 0.705259375 0.33050156249999996 0.7042843750000001 0.32473125 0.6967265625 0.3229546875 0.6903859375 0.33050156249999996 0.6901421875 0.3495875 0.6879484375 0.3740640625 0.6818187499999999 0.4051359375 0.6808421874999999 0.41756562500000005 0.681575 0.4228921875 0.6818187499999999 0.42422343749999997 0.6864859375 0.4296125 0.6942875 0.43050156250000005
