4 0.39194687500000003 0.7387671874999999 0.40824375 0.7351796875 0.413696875 0.7324625 0.413696875 0.7273765625 0.409321875 0.7175203125 0.4000640625 0.70498125 0.385921875 0.6929984375 0.381040625 0.6915015624999999 0.3582125 0.6954015625000001 0.34292968749999997 0.7004875 0.32606250000000003 0.710065625 0.3026640625 0.71933125 0.28306875 0.7303734375000001 0.25802187499999996 0.7533953125 0.3059609375 0.73368125 0.3157265625 0.7280046875 0.320609375 0.72650625 0.3244140625 0.7259140625 0.3277109375 0.72650625 0.33094531250000003 0.7303734375000001 0.3304375 0.7315921875 0.3287890625 0.7327765625 0.26563125 0.7602921874999999 0.2912484375 0.760571875 0.35003125 0.743225 0.39194687500000003 0.7387671874999999
4 0.3679140625 0.64869375 0.2939125 0.6603625 0.2720984375 0.6657609375 0.26506093750000004 0.6705328125000001 0.2661375 0.6753046875 0.275396875 0.6773953125000001 0.301521875 0.673215625 0.3173109375 0.6729359374999999 0.32003750000000003 0.673528125 0.3205453125 0.6762109374999999 0.3173109375 0.680390625 0.29169375 0.6869734375000001 0.28085 0.6905609375 0.27647499999999997 0.6950546875 0.28085 0.7016375 0.2895375 0.701915625 0.3809765625 0.687565625 0.3809765625 0.6788921875 0.3766015625 0.6681296875 0.373875 0.6657609375 0.372796875 0.6621734375 0.37672812499999997 0.6600843750000001 0.379328125 0.6588640625 0.379328125 0.6549984375 0.3766015625 0.6505046875 0.373875 0.64869375 0.3679140625 0.64869375
3 0.2307546875 0.6368515625 0.22574531250000002 0.64085625 0.22574531250000002 0.6435734375 0.22802812499999997 0.6458375000000001 0.27565 0.6430859375 0.311921875 0.6428421875 0.3255546875 0.6435734375 0.33094531250000003 0.6420765625 0.3894734375 0.6458375000000001 0.39086875 0.644828125 0.39175625 0.6351093750000001 0.3940390625 0.6249046875000001 0.3903609375 0.616196875 0.3894734375 0.6149421875 0.3745078125 0.6149421875 0.3205453125 0.6194359375 0.269309375 0.6268890625 0.2307546875 0.6368515625
3 0.3431203125 0.5911875 0.27647499999999997 0.59665625 0.24927031249999998 0.60139375 0.2447046875 0.6056078125 0.22384218749999998 0.612365625 0.220228125 0.6143500000000001 0.220228125 0.61884375 0.2275203125 0.61884375 0.24787499999999998 0.6160921874999999 0.2783125 0.6086031249999999 0.3131890625 0.608115625 0.3617625 0.6108671875 0.387128125 0.6098578125 0.39258125 0.6068625 0.398034375 0.5996515625 0.3992390625 0.5951234375000001 0.395434375 0.5929296875000001 0.392390625 0.58784375 0.3894109375 0.584709375 0.3853515625 0.5839421875 0.367153125 0.585928125 0.3431203125 0.5911875
1 0.3088140625 0.5660390625 0.2608109375 0.57185625 0.2290421875 0.5766281249999999 0.224159375 0.5791015625 0.2237796875 0.5824453125 0.22561874999999998 0.5840828124999999 0.231325 0.5851265625 0.26911874999999996 0.5853359375 0.2928984375 0.586171875 0.33259375 0.5836640625 0.35453437499999996 0.5836640625 0.39004374999999997 0.5824453125 0.40519999999999995 0.5799375 0.41084375 0.5766281249999999 0.41274531249999996 0.5741203125000001 0.4112234375 0.5674671874999999 0.4090671875 0.5637749999999999 0.40583437499999997 0.55945625 0.3979703125 0.5585515625 0.37869375 0.5583421875 0.344325 0.5608500000000001 0.3088140625 0.5660390625
2 0.25313906249999996 0.5507140625 0.28649375 0.5543015625 0.3581484375 0.5550671875 0.3681671875 0.55604375 0.40310781249999994 0.5562875 0.4053265625 0.5545453124999999 0.40577031249999995 0.552559375 0.4018390625 0.5368515625 0.40082500000000004 0.534378125 0.40037968749999997 0.5336125 0.398096875 0.53336875 0.261953125 0.5479625 0.25313906249999996 0.5507140625
2 0.26106562499999997 0.5304078125 0.2620171875 0.533890625 0.2669625 0.5361203125 0.2896640625 0.5381046875 0.377171875 0.534134375 0.40259999999999996 0.5319046875 0.4051359375 0.5187046875 0.40577031249999995 0.515465625 0.40348750000000005 0.5132015625 0.397590625 0.5129578125 0.2892203125 0.52243125 0.26106562499999997 0.5304078125
2 0.3052625 0.5026125 0.28104062500000004 0.5063734375 0.2829421875 0.5115640625 0.28744375 0.5132015625 0.34565625 0.5123656249999999 0.40653125 0.5101015624999999 0.4076734375 0.50905625 0.4076734375 0.5067921875 0.405390625 0.497840625 0.40462968750000006 0.49641250000000003 0.40310781249999994 0.49432187499999997 0.4005078125 0.492859375 0.3944203125 0.4908046875 0.3052625 0.5026125
2 0.34565625 0.47004531250000003 0.2987953125 0.47561875000000003 0.2700703125 0.48021562500000003 0.2651875 0.483315625 0.26556718749999997 0.48620625000000006 0.27044999999999997 0.48808749999999995 0.2958140625 0.4889234375 0.3407734375 0.4887140625 0.3694984375 0.4903859375 0.398225 0.48996874999999995 0.4005078125 0.4874609375 0.4005078125 0.4839421875 0.4031703125 0.4757234375 0.40405781249999995 0.47150781249999996 0.40450156249999997 0.468025 0.402346875 0.46523906249999997 0.398225 0.46502968750000007 0.34565625 0.47004531250000003
1 0.3511734375 0.4323234375 0.3149015625 0.43106875 0.28693749999999996 0.43295000000000006 0.2698796875 0.43667656250000003 0.261571875 0.4433296875 0.261571875 0.44517656250000004 0.285034375 0.45931718750000006 0.35231406249999997 0.4657265625 0.3923265625 0.4640890625 0.403678125 0.4609546875 0.40786249999999996 0.45764531249999996 0.40938437499999997 0.4528734375 0.40786249999999996 0.4495296875 0.40519999999999995 0.44768437499999997 0.3923265625 0.44144843749999996 0.3894109375 0.43907968750000004 0.38706406250000003 0.43521406249999994 0.3836390625 0.4337515625 0.3629046875 0.43295000000000006 0.35345624999999997 0.429815625 0.3511734375 0.4323234375
3 0.33081875 0.38885468749999996 0.3226375 0.3908390625 0.3026640625 0.39432187500000004 0.23462343749999998 0.394565625 0.21693125000000002 0.3963421875 0.2174375 0.39832812500000003 0.2237796875 0.403796875 0.2391890625 0.4082890625 0.27228906249999996 0.41027500000000006 0.3253640625 0.408778125 0.3507296875 0.409265625 0.38522500000000004 0.4078015625 0.3888390625 0.40505 0.3894109375 0.3925109375 0.38839531250000003 0.38885468749999996 0.38649374999999997 0.386590625 0.35421718750000003 0.38066875 0.35003125 0.3831421875 0.33081875 0.38885468749999996
3 0.32117968750000003 0.34500156249999997 0.24483125 0.3423203125 0.23119843750000002 0.3437828125 0.225175 0.347509375 0.22174999999999997 0.3512359375 0.225175 0.3564265625 0.23088125 0.3576796875 0.25275781249999996 0.3583078125 0.37901093750000003 0.37429531250000003 0.38389375000000003 0.3722046875 0.3876984375 0.3547890625 0.388078125 0.3535359375 0.38655625 0.3512359375 0.374825 0.3487640625 0.35180781250000004 0.3466734375 0.32117968750000003 0.34500156249999997
4 0.536715625 0.26060625000000004 0.4811671875 0.2667359375 0.44787499999999997 0.267084375 0.44001250000000003 0.2710203125 0.42695 0.279275 0.42435 0.2867984375 0.42828125000000006 0.29721406250000004 0.439378125 0.3047375 0.43544687499999996 0.311215625 0.43544687499999996 0.3144203125 0.43741250000000004 0.31839062500000004 0.45047499999999996 0.3237546875 0.4681046875 0.3230578125 0.5001265625 0.316928125 0.5451484375 0.30689687499999996 0.574571875 0.296134375 0.5889656249999999 0.2867984375 0.591565625 0.2746078125 0.587634375 0.27819531249999996 0.58046875 0.28213125 0.4922640625 0.30257812500000003 0.4779328125 0.30762812500000003 0.47526875 0.30689687499999996 0.4818015625 0.293975 0.46873750000000003 0.2853703125 0.47526875 0.28463906250000004 0.49296093750000003 0.28105156249999996 0.5027265625 0.277846875 0.5386171875 0.27283124999999997 0.576346875 0.2726578125 0.5889656249999999 0.27495625 0.582434375 0.2681640625 0.5634750000000001 0.2624171875 0.536715625 0.26060625000000004
3 0.608878125 0.356809375 0.5982875 0.3509921875 0.576790625 0.3451765625 0.47850312500000003 0.32504374999999996 0.4452765625 0.321490625 0.43994999999999995 0.32358125000000004 0.43766718750000005 0.3262625 0.435828125 0.332915625 0.4372859375 0.350365625 0.44413437499999997 0.36300937499999997 0.487571875 0.3597 0.5132531250000001 0.3590734375 0.582434375 0.3607453125 0.607990625 0.36879062500000004 0.611921875 0.3700796875 0.6164875000000001 0.371334375 0.61610625 0.3673984375 0.61344375 0.362 0.608878125 0.356809375
3 0.5024734375000001 0.36753749999999996 0.45218749999999996 0.361825 0.44039375 0.36395 0.4364609375 0.36753749999999996 0.435828125 0.3722046875 0.442359375 0.39338281249999996 0.44889062500000004 0.397665625 0.5474953124999999 0.39982656250000004 0.593215625 0.4016375 0.635446875 0.407384375 0.6461640625 0.41024062499999997 0.64483125 0.40773281250000004 0.629803125 0.39515781250000004 0.58605 0.3786828125 0.5024734375000001 0.36753749999999996
1 0.591121875 0.41010156249999996 0.5048828125 0.40111406250000003 0.45003125 0.40041874999999993 0.4383 0.40219375 0.43043750000000003 0.4065140625 0.4278375 0.411878125 0.4278375 0.4172765625 0.4330375 0.42553124999999997 0.45003125 0.4337859375 0.4591625 0.433403125 0.5166765625 0.42838750000000003 0.546734375 0.4301984375 0.57609375 0.42730781249999994 0.62916875 0.42490468750000004 0.6368421875 0.4244515625 0.6374765625000001 0.4194359375 0.6315796875 0.41438593749999997 0.6263796875 0.4129578125 0.591121875 0.41010156249999996
2 0.5866828125 0.45513750000000003 0.5839562500000001 0.45214218749999996 0.577996875 0.44918125 0.5230187500000001 0.442284375 0.476728125 0.44050781250000004 0.46531406249999996 0.4372 0.44521249999999996 0.43751249999999997 0.44083750000000005 0.439603125 0.43868124999999997 0.44705625 0.43868124999999997 0.468303125 0.44952500000000006 0.4698015625 0.47349375 0.46858281249999995 0.48440000000000005 0.4659 0.5715921875000001 0.46562187499999996 0.5823078125000001 0.46562187499999996 0.585034375 0.464403125 0.5883328125 0.46172031249999995 0.5883328125 0.45931718750000006 0.5866828125 0.45513750000000003
2 0.5228921875 0.477115625 0.483703125 0.4753046875 0.4549140625 0.4702890625 0.4418515625 0.4710203125 0.4346859375 0.47244843750000004 0.42682343749999996 0.4753046875 0.42358906249999995 0.48035468750000004 0.42422343749999997 0.490734375 0.43532031250000003 0.5075937500000001 0.4497140625 0.5094046875 0.47780625 0.5075937500000001 0.58605 0.49185 0.591121875 0.48885468750000005 0.59086875 0.48571875000000003 0.588078125 0.483803125 0.5821171875 0.4824796875 0.5228921875 0.477115625
2 0.5238421875 0.524590625 0.47159218750000004 0.5149078125 0.438934375 0.5105890625 0.43436874999999997 0.5109375 0.42847187499999995 0.514525 0.427140625 0.5410999999999999 0.4330375 0.5450359375 0.4591625 0.5478921875 0.4924546875 0.5478921875 0.5401390625 0.5539875000000001 0.57349375 0.5564953125 0.605390625 0.55391875 0.6126828125 0.5522125 0.6122390625 0.5460125 0.60741875 0.5436078125 0.576728125 0.53605 0.5238421875 0.524590625
2 0.5613828125 0.5646109375 0.4362078125 0.54869375 0.4330375 0.549425 0.4307546875 0.5519328125 0.4307546875 0.5683734375 0.4330375 0.570603125 0.4471140625 0.5746078125 0.481546875 0.5790671875 0.48655625 0.57756875 0.53690625 0.5805640624999999 0.5926437499999999 0.583071875 0.6090671875 0.5890984375 0.61350625 0.5910484375 0.6090046874999999 0.583315625 0.604946875 0.5788234375 0.5953703124999999 0.57283125 0.5613828125 0.5646109375
1 0.6166765625 0.6015671874999999 0.599809375 0.596203125 0.5426765625 0.59289375 0.4816734375 0.584221875 0.46537656250000003 0.57945 0.44743125 0.5788578125 0.44089999999999996 0.5797625 0.4283453125 0.5845343749999999 0.4229546875 0.588121875 0.42130625000000005 0.5908046875 0.4234625 0.5988859375 0.43925156249999997 0.6075578125 0.4577671875 0.6084640625 0.47786875 0.6063390625 0.49803437500000003 0.6063390625 0.5214328125 0.6075578125 0.5938484374999999 0.6075578125 0.6251109375 0.6135140625 0.6297406249999999 0.6138281250000001 0.634115625 0.6126437499999999 0.6316421875 0.6096484375 0.6259359375 0.6060609375 0.6166765625 0.6015671874999999
3 0.5716546874999999 0.6195046875 0.48674687499999997 0.6108328125 0.4487 0.6072453125 0.441090625 0.6087421875000001 0.43506718749999995 0.611425 0.432340625 0.6156390625 0.4329109375 0.62340625 0.436715625 0.631765625 0.447621875 0.63744375 0.48459062499999994 0.6344484375 0.523271875 0.632671875 0.5640453125 0.6335765624999999 0.5847171875 0.6311734375 0.601078125 0.6323578125 0.6038046875 0.6323578125 0.6043125 0.6293624999999999 0.6027265625 0.627865625 0.5942921875 0.624834375 0.5716546874999999 0.6195046875
3 0.44438750000000005 0.6374078125 0.436271875 0.63890625 0.43024687500000003 0.6439921875 0.43081875 0.6526640625 0.4335453125 0.66043125 0.4335453125 0.6664234375 0.49067812499999997 0.66224375 0.520609375 0.6607453125 0.5712109375 0.659246875 0.5908046875 0.654440625 0.5964484375 0.64771875 0.5979078125 0.6454890625 0.5989859375 0.643678125 0.5913765625 0.644584375 0.4591 0.6371296875 0.44438750000000005 0.6374078125
4 0.47368437500000005 0.6698015625 0.45085625 0.6653078125 0.432340625 0.6650296875 0.4252375 0.6677109375 0.42251093749999996 0.6709859375 0.41870624999999995 0.6793796875 0.419784375 0.68443125 0.42473124999999995 0.6877390625 0.4214328125 0.6937296875000001 0.42308124999999996 0.6990937500000001 0.426315625 0.7029953124999999 0.439378125 0.705678125 0.46005 0.7065828125 0.4905515625 0.7020906250000001 0.5079906249999999 0.70090625 0.5471781250000001 0.701184375 0.5748890624999999 0.6925109375 0.5847171875 0.6865546874999999 0.514521875 0.6913265625 0.4905515625 0.6901421875 0.4861765625 0.6877390625 0.48509843750000003 0.6853359375 0.491121875 0.6841515625000001 0.5544703125 0.6836984375 0.5629671875 0.683559375 0.5727328125 0.6838390624999999 0.5585921875000001 0.6784749999999999 0.5046921875 0.6724828125 0.47368437500000005 0.6698015625
4 0.5148390625 0.718878125 0.4902984375 0.7120171875 0.4674703125 0.7120171875 0.45332968749999997 0.7132015625 0.44457812499999994 0.7173812500000001 0.4418515625 0.7227796875 0.44730468749999996 0.7269593750000001 0.44730468749999996 0.7371296875 0.45003125 0.7454890625 0.45986093749999996 0.7526640625 0.4745078125 0.7574359375 0.491946875 0.75684375 0.5109703125 0.7502609375 0.5518078125 0.747265625 0.5937218750000001 0.7338203125 0.6274578125 0.7239640625 0.5370953125 0.734134375 0.5300578125000001 0.733228125 0.5294859375 0.7311390624999999 0.5311343749999999 0.7287359375 0.616296875 0.7216296875 0.622003125 0.7203765625 0.6274578125 0.7191921875 0.5883328125 0.719609375 0.5431203124999999 0.7158828125000001 0.5148390625 0.718878125
4 0.33538437499999996 0.3241375 0.341090625 0.31745 0.388459375 0.3244859375 0.4064046875 0.32765625 0.41084375 0.3125390625 0.385921875 0.308325 0.3826890625 0.308325 0.3462265625 0.30198593749999997 0.3468609375 0.29495 0.339821875 0.29355625 0.33468593750000003 0.30198593749999997 0.2688015625 0.2932078125 0.2643 0.29707343750000004 0.2643 0.30268125 0.2829421875 0.3051546875 0.3014578125 0.30689687499999996 0.3270140625 0.31111093749999996 0.331515625 0.3160578125 0.327646875 0.321665625 0.33538437499999996 0.3241375
