3 0.6215609375 0.5444515625 0.6313484375 0.6538999999999999 0.63434375 0.677996875 0.638175 0.6818640625 0.6432953125 0.6787578125 0.646290625 0.6538999999999999 0.64754375 0.5204187499999999 0.6432953125 0.5142046875 0.6364687499999999 0.51344375 0.6258453125 0.5154093750000001 0.6232671875 0.5204187499999999 0.6215609375 0.5250468749999999 0.6215609375 0.5444515625
3 0.60219375 0.562778125 0.612609375 0.6455296875000001 0.618146875 0.664109375 0.622396875 0.664109375 0.624103125 0.6594796875 0.6228140625 0.5873171875 0.6206890625 0.5220671875 0.6189828125 0.5181984374999999 0.6168578124999999 0.5166765625 0.6024734375 0.517628125 0.599234375 0.5207359375 0.5989203125 0.5288515625 0.60219375 0.562778125
1 0.561303125 0.5140781249999999 0.5607109375 0.534559375 0.5748875 0.6620796875 0.5808421874999999 0.6807234375 0.5876703125 0.691565625 0.5923375 0.691565625 0.5949140625 0.6869375 0.5953328124999999 0.6760296875 0.5936265625 0.627140625 0.5932078125 0.518453125 0.590665625 0.5138234374999999 0.5855453125000001 0.5107171875 0.569175 0.509321875 0.5657609375 0.509765625 0.5628 0.5114140625 0.561303125 0.5140781249999999
2 0.5120515625000001 0.5109703125 0.5170328125 0.6946734375 0.519540625 0.72308125 0.534796875 0.72828125 0.5433296875 0.7256812499999999 0.5504359375 0.7127453125 0.5600140625 0.5969562500000001 0.55896875 0.5135703125 0.5550671875 0.5051359375 0.5472312500000001 0.5031703125 0.5246953125 0.5005703125000001 0.5191578125 0.500634375 0.5170328125 0.50126875 0.5120515625000001 0.5109703125
2 0.463671875 0.5296765625 0.47042812500000003 0.6680406249999999 0.4736328125 0.69524375 0.47931093750000003 0.71655 0.48443125 0.7180093750000001 0.4970734375 0.7120484375 0.5006265625 0.695878125 0.5109375 0.569753125 0.5109375 0.5031078124999999 0.5077328125 0.49987343749999996 0.5041796875 0.49860468750000003 0.46983593749999997 0.49499062499999996 0.4665265625 0.4947375 0.4640546875 0.5018390625 0.463671875 0.5296765625
2 0.43368124999999996 0.5017125 0.431209375 0.521115625 0.42908437499999996 0.6200375 0.4305125 0.6608109375 0.43228906250000004 0.6685484374999999 0.437965625 0.6692453125 0.44789218750000004 0.653709375 0.4528734375 0.6246031249999999 0.45785468749999997 0.5851609375 0.46387968749999997 0.5114140625 0.46210312499999995 0.498478125 0.4599796875 0.49327812499999996 0.4557296875 0.4881421875 0.44576874999999994 0.48744375 0.43939374999999997 0.49004375 0.437965625 0.4913765625 0.4354578125 0.49524375000000004 0.43368124999999996 0.5017125
2 0.4013234375 0.5736203125 0.4000703125 0.62390625 0.39540156249999997 0.641915625 0.397875 0.645909375 0.4035171875 0.6450218750000001 0.41069374999999997 0.63785625 0.4146296875 0.6253015625 0.42030625 0.587128125 0.4291890625 0.49860468750000003 0.42525312499999995 0.49727343749999997 0.4044578125 0.49923906249999994 0.40181093749999997 0.5008874999999999 0.4008359375 0.5044390625 0.4013234375 0.5736203125
3 0.362 0.523525 0.3597359375 0.5377296874999999 0.3666671875 0.636525 0.366875 0.674825 0.3691390625 0.695878125 0.37408593749999997 0.6992390625 0.380878125 0.695878125 0.3836296875 0.65954375 0.383734375 0.6192140625 0.3845 0.5831328124999999 0.391396875 0.548446875 0.390978125 0.517184375 0.3860328125 0.5095125 0.37464375 0.5095125 0.37015 0.5123015625 0.3664234375 0.516296875 0.362 0.523525
3 0.639325 0.271909375 0.6342046875 0.26569375 0.6277953125 0.2664546875 0.62438125 0.2703234375 0.6218390625 0.275015625 0.6201328125 0.2842734375 0.6180078124999999 0.4116046875 0.6201328125 0.4496515625 0.622675 0.45814843749999995 0.6277953125 0.4643625 0.632915625 0.46512343749999996 0.6414484375 0.46360156249999995 0.6448625 0.45973437500000003 0.6469875 0.43950468750000005 0.64535 0.31655 0.6431203125 0.2990484375 0.6410312499999999 0.2765375 0.639325 0.271909375
3 0.602578125 0.25605625 0.6008703125 0.25447031249999996 0.59616875 0.25529531250000004 0.5927546875 0.2599234375 0.5910484375 0.2661375 0.58979375 0.34996875 0.5872171875000001 0.40659531250000003 0.587634375 0.43925156249999997 0.5919187499999999 0.4516171875 0.5978749999999999 0.4617 0.6029953124999999 0.46480625 0.6094046875 0.46480625 0.6144890625 0.4594171875 0.6157781250000001 0.45244062500000004 0.6200625 0.44001250000000003 0.6200625 0.4259984375 0.6170671875 0.3794546875 0.6068625 0.2698796875 0.6055375 0.26303125 0.6047015625000001 0.2599234375 0.602578125 0.25605625
4 0.71671875 0.4617 0.7228140625 0.45326562499999995 0.7242765624999999 0.4274578125 0.7223265624999999 0.3986046875 0.7086375 0.38395625 0.6952281250000001 0.38795156249999996 0.6901078125 0.4097015625 0.6871828125 0.4470515625 0.6882265624999999 0.4591625 0.697178125 0.4625875 0.7030296875000001 0.46081093749999996 0.71671875 0.4617
4 0.6598390625 0.4683578125 0.665690625 0.4643625 0.6717875 0.4665828125 0.6773953125000001 0.4661375 0.685684375 0.45726093749999996 0.6896203125 0.4070390625 0.6881578125 0.37951875 0.6810515625 0.36524999999999996 0.6781265624999999 0.3194671875 0.6779515625 0.2735578125 0.6769421875 0.2705765625 0.6675718749999999 0.2709578125 0.664959375 0.2735578125 0.6631140624999999 0.3372859375 0.6612671875 0.367596875 0.6545796875 0.3783765625 0.6497046875 0.3942921875 0.6476484375 0.4283453125 0.64723125 0.45726093749999996 0.6473703125 0.45726093749999996 0.652978125 0.46569374999999996 0.6598390625 0.4683578125
4 0.35799375 0.548509375 0.35896875 0.5227640625000001 0.35604375 0.5116671875 0.3450359375 0.5116671875 0.3333328125 0.5152187500000001 0.3204109375 0.525428125 0.3155 0.5431828125 0.31988906250000004 0.5698796875000001 0.3311390625 0.608940625 0.3304078125 0.6609390625 0.3321140625 0.6907421874999999 0.3333328125 0.6996203125 0.33625937499999997 0.7022828125 0.34064843749999996 0.7013953125 0.3435734375 0.69784375 0.3460125 0.6800890625 0.3479625 0.595625 0.34820625 0.59518125 0.35015625 0.5774250000000001 0.35799375 0.548509375
4 0.2969703125 0.6174375000000001 0.30087031249999996 0.587634375 0.3076984375 0.57343125 0.3081859375 0.57343125 0.3128171875 0.5592265624999999 0.31379375 0.5405203125 0.31086718750000003 0.528090625 0.2967265625 0.5201015625000001 0.2796234375 0.51610625 0.27304062500000004 0.5311984375 0.272796875 0.5525046875 0.2805984375 0.6067218750000001 0.2781609375 0.6698796875 0.2801109375 0.687190625 0.28474374999999996 0.6898546875 0.2896203125 0.687190625 0.290875 0.684971875 0.294775 0.6516171875000001 0.2969703125 0.6174375000000001
2 0.54510625 0.3642359375 0.548971875 0.36391874999999996 0.551028125 0.36131875 0.55245625 0.3498421875 0.5528390625 0.328725 0.55081875 0.2953703125 0.5500171875000001 0.267215625 0.5479625 0.2653765625 0.5440968749999999 0.2661375 0.5428765624999999 0.2879515625 0.5402296875 0.310209375 0.5404390625 0.35757812499999997 0.5404390625 0.35941718749999996 0.54266875 0.362778125 0.54510625 0.3642359375
1 0.46192968749999996 0.29353125 0.46213906250000003 0.2831328125 0.4594921875 0.2783765625 0.4547890625 0.2783765625 0.4438171875 0.328725 0.43793125 0.3657578125 0.44057812500000004 0.369815625 0.44587187500000003 0.3731765625 0.44869375 0.37349375 0.4495296875 0.3731765625 0.45398750000000004 0.3539 0.46192968749999996 0.29353125
3 0.4263328125 0.3661375 0.42897968750000004 0.3642359375 0.4314171875 0.3539 0.4411703125 0.2872546875 0.44200625000000004 0.2735578125 0.4397421875 0.2679765625 0.43629375000000004 0.26873749999999996 0.4326359375 0.27685468750000003 0.4263328125 0.30500937499999997 0.4202375 0.327584375 0.4149421875 0.3553578125 0.415534375 0.359796875 0.415953125 0.359796875 0.42082968750000005 0.3642359375 0.4263328125 0.3661375
3 0.4062 0.3631578125 0.40884687499999994 0.3531390625 0.41250468749999997 0.29353125 0.4120859375 0.2683578125 0.40985781250000003 0.26391875 0.40456250000000005 0.270196875 0.40090624999999996 0.28909375000000004 0.3927546875 0.3446421875 0.3915359375 0.3617 0.3943921875 0.3631578125 0.394984375 0.3631578125 0.40111406250000003 0.3642359375 0.4062 0.3631578125
4 0.37203125 0.3829421875 0.3735625 0.3694359375 0.3743984375 0.34330937499999997 0.3740515625 0.3227015625 0.37464375 0.30297968750000004 0.371334375 0.29873125 0.3662828125 0.301965625 0.3619296875 0.3248578125 0.35802812500000003 0.3501578125 0.3558 0.376284375 0.358725 0.3844640625 0.363671875 0.3863671875 0.36405468750000003 0.3857328125 0.36910468750000003 0.3852890625 0.37203125 0.3829421875
