4 0.7824796875 0.7065953125 0.7836984375 0.6973359375 0.7833859375000001 0.68865 0.7786140625 0.6734312499999999 0.7582718749999999 0.6304375 0.7516890625 0.5923265625 0.7454203125000001 0.5694359375 0.740334375 0.56563125 0.7304765625 0.5672796875 0.7268890625 0.5694359375 0.7248 0.5759671875000001 0.7230234375 0.5781859375 0.71671875 0.5738109375 0.7101359375 0.5781859375 0.7032734375 0.5934046875 0.700278125 0.6020921875 0.700278125 0.6151546875 0.7053640624999999 0.6309453125 0.7158484374999999 0.6467343750000001 0.7268890625 0.6657578125 0.7388359375 0.6892203125 0.7738421875 0.71915 0.7609890625 0.694609375 0.7457328125 0.670703125 0.7409265625 0.6549140625 0.740334375 0.6462265625 0.7421453125 0.6440078125 0.7445140625 0.6435 0.7457328125 0.644578125 0.7630796875 0.6783125 0.7765234375000001 0.7131265625000001 0.7783 0.7126187500000001 0.7824796875 0.7065953125
3 0.6454546875 0.7577046875 0.65343125 0.77083125 0.6574359375000001 0.77171875 0.6621734375 0.7694984375 0.6629046875 0.7662656250000001 0.6591781250000001 0.7440703125 0.6556953125 0.702346875 0.6556953125 0.6688015625 0.654684375 0.607990625 0.6521765625 0.6057078125 0.648971875 0.604375 0.6282828125 0.6025359375 0.626296875 0.6025359375 0.62553125 0.604375 0.62601875 0.619340625 0.63075625 0.671528125 0.6454546875 0.7577046875
3 0.6003828125 0.6565624999999999 0.60759375 0.71864375 0.6123296875 0.7454031249999999 0.6270296875 0.7785671875 0.632253125 0.7785671875 0.6337515625 0.7735578125 0.6312781249999999 0.7540265625 0.6248 0.7354468749999999 0.6213171875 0.702346875 0.6200625 0.6121109375 0.6177984375000001 0.6062140625 0.6048765625 0.6025359375 0.5968296875 0.6102093749999999 0.5941484375 0.6116046875000001 0.592371875 0.61439375 0.59209375 0.6222578125 0.5936609374999999 0.6329734375 0.6003828125 0.6565624999999999
1 0.5757234375 0.6963859375 0.586171875 0.7448953125 0.5907703125 0.7707671875 0.591465625 0.777425 0.5941484375 0.779834375 0.5954015625 0.779390625 0.59665625 0.777996875 0.59811875 0.7725421875 0.5986421875 0.748953125 0.59289375 0.6827515625 0.591396875 0.6346859375 0.5898984375 0.6165499999999999 0.5879140625 0.6011421875 0.5831765625 0.5938484374999999 0.580703125 0.5916296875 0.56826875 0.5956875 0.5657609375 0.600190625 0.5645078125 0.6088140625 0.5662484375 0.632846875 0.56973125 0.65871875 0.5757234375 0.6963859375
2 0.5566359375000001 0.744134375 0.55994375 0.747178125 0.561825 0.7460375 0.5624515625 0.741534375 0.5630796874999999 0.7109062500000001 0.5609890625 0.6504125000000001 0.5616156250000001 0.611096875 0.5611984375 0.6035515625000001 0.5427375 0.6058343749999999 0.537965625 0.606975 0.5375484375 0.613 0.5437484375 0.654596875 0.5529078125 0.7286625 0.5566359375000001 0.744134375
2 0.53336875 0.741534375 0.5400203125 0.7479390625 0.5447921874999999 0.7467984375000001 0.5466734375 0.7419156250000001 0.5452109375 0.7180718749999999 0.5369203125 0.6307546875 0.5337859375 0.6077359375 0.51866875 0.6041218749999999 0.515953125 0.60393125 0.5134453125 0.6050734375 0.5132359375 0.6081171875 0.5250781250000001 0.692390625 0.53336875 0.741534375
2 0.49379999999999996 0.6407109375 0.503553125 0.6928984375 0.5151515625 0.7416609375000001 0.5180765625 0.7454031249999999 0.5247296875 0.7476859375 0.5201328125 0.723525 0.515778125 0.6823078125 0.512678125 0.638046875 0.512678125 0.61693125 0.5139328125 0.6067218750000001 0.5122609375 0.6052 0.5051890625000001 0.60481875 0.49460156250000004 0.6059609375 0.4910828125 0.6071015625 0.48941093750000003 0.6100828125 0.48899375 0.6146484375 0.48962031250000004 0.6214328124999999 0.49379999999999996 0.6407109375
2 0.47485156249999994 0.7289796875000001 0.478090625 0.7330375 0.48157500000000003 0.7321500000000001 0.48481406250000003 0.7239703125 0.488540625 0.6527578125 0.4863109375 0.6192140625 0.483803125 0.6146484375 0.47011562500000004 0.6091953125 0.4663875 0.608940625 0.464403125 0.6087515625 0.46140781249999996 0.6105890625 0.4631484375 0.632340625 0.47185625 0.7149015624999999 0.47485156249999994 0.7289796875000001
1 0.427690625 0.7372859375 0.43277656249999996 0.7465437500000001 0.4387671875 0.751934375 0.4432609375 0.7546609375 0.4498078125 0.754153125 0.453709375 0.7503484375 0.45788906249999994 0.72910625 0.4609203125 0.6516171875000001 0.45994375 0.6244140625 0.4561828125 0.6094484375 0.4509578125 0.6039953125 0.4454890625 0.6045015625 0.441240625 0.6076734375 0.4358765625 0.6161703125 0.43277656249999996 0.6224484375 0.4303734375 0.631134375 0.426784375 0.6599875 0.4244171875 0.7187703125 0.427690625 0.7372859375
3 0.39780625000000003 0.6288515625 0.40202031250000003 0.6533296875 0.4077671875 0.6973359375 0.41125 0.7426765625 0.4129921875 0.7540265625 0.417240625 0.7599234375 0.42096875 0.7608109375 0.42396406249999996 0.7549140624999999 0.4314171875 0.61433125 0.4299546875 0.6116046875000001 0.4261921875 0.609765625 0.416996875 0.608878125 0.40602499999999997 0.609321875 0.4015328125 0.609321875 0.400034375 0.609321875 0.3970390625 0.6124921875 0.3967953125 0.6175015625 0.39780625000000003 0.6288515625
3 0.3822359375 0.7068484374999999 0.3831421875 0.72479375 0.3774640625 0.7743187500000001 0.3807390625 0.7857328125 0.38523125 0.7895375 0.3894109375 0.7890296875 0.3948109375 0.7824984374999999 0.3983984375 0.768865625 0.4004875 0.738934375 0.3986765625 0.6812296875 0.3950890625 0.6202921875 0.3933125 0.6164875000000001 0.3915015625 0.6148390625 0.3724140625 0.612871875 0.3693828125 0.6131890624999999 0.36729375000000003 0.617565625 0.36729375000000003 0.6268234374999999 0.374190625 0.6692453125 0.3822359375 0.7068484374999999
4 0.320028125 0.6283453125 0.3230234375 0.6414078125 0.32661093750000003 0.6642359375 0.3313828125 0.687128125 0.3287015625 0.745909375 0.324834375 0.7785671875 0.3292921875 0.7883328125 0.3349703125 0.7927078125 0.33768750000000003 0.793278125 0.3418671875 0.78345 0.3418671875 0.7720359375 0.34723125 0.741534375 0.3529078125 0.68655625 0.367259375 0.6272671875 0.3681640625 0.6136328125 0.367259375 0.609321875 0.364890625 0.6060234375 0.36067499999999997 0.6060234375 0.35531250000000003 0.6076734375 0.3457328125 0.61255625 0.331940625 0.6113500000000001 0.32661093750000003 0.611478125 0.3239296875 0.611478125 0.32124687500000004 0.6136328125 0.31974843750000004 0.6185796875 0.320028125 0.6283453125
4 0.2710546875 0.42853593749999996 0.2864859375 0.48865 0.28686875 0.5017125 0.2828984375 0.5101453125 0.281121875 0.511478125 0.2750265625 0.511478125 0.273215625 0.5081796875 0.2710546875 0.4847171875 0.2660390625 0.44483125 0.262103125 0.4252375 0.257784375 0.42460312499999997 0.254928125 0.43050156250000005 0.254196875 0.4415984375 0.254928125 0.4821171875 0.25384843749999997 0.519340625 0.255659375 0.557196875 0.25994375000000003 0.56829375 0.2700109375 0.5715921875000001 0.28328125000000004 0.57089375 0.2922328125 0.56309375 0.3001390625 0.5696265625 0.30693125 0.57089375 0.309821875 0.561128125 0.31051875 0.5330375 0.3051546875 0.5029796875 0.295471875 0.4559921875 0.289725 0.4324671875 0.2809828125 0.41756562500000005 0.2771859375 0.41414062500000004 0.2742953125 0.41350625 0.2710546875 0.4148390625 0.2700109375 0.4200375 0.2710546875 0.42853593749999996
3 0.341971875 0.40557968750000006 0.3390109375 0.4148390625 0.3294328125 0.4529484375 0.3210734375 0.5046296875 0.31267812500000003 0.5400125 0.3094046875 0.5574515625 0.31118125 0.5661375 0.3201671875 0.573746875 0.3285265625 0.5732406250000001 0.3381046875 0.5661375 0.34705625 0.5629046875 0.3464640625 0.536778125 0.34886875 0.4801515625 0.35005156249999997 0.43170624999999996 0.3533265625 0.4148390625 0.3593515625 0.4041859375 0.36262656249999997 0.39961875 0.364403125 0.39740000000000003 0.3548234375 0.3958140625 0.35005156249999997 0.396321875 0.341971875 0.40557968750000006
3 0.37997187499999996 0.3823078125 0.37370312499999997 0.40133125 0.3677109375 0.4481296875 0.358446875 0.5052625 0.3494953125 0.5547875 0.3509921875 0.5651875000000001 0.3572625 0.5711484375 0.362034375 0.5711484375 0.3805984375 0.564615625 0.38686875 0.5532015625 0.38955 0.5281546875 0.3898640625 0.48896562499999996 0.39296406250000004 0.3930875 0.3934515625 0.3866203125 0.39463593750000003 0.38122968749999997 0.397909375 0.371971875 0.39073437499999997 0.3720359375 0.37997187499999996 0.3823078125
1 0.40296093749999995 0.3770453125 0.39878125 0.38738125 0.3942875 0.43690625 0.3925109375 0.5707671875 0.3970046875 0.581103125 0.40327343750000005 0.5849078125 0.410728125 0.5854781250000001 0.415534375 0.5827515625 0.42448593749999997 0.5686109375 0.42598437499999997 0.5490171875 0.4242078125 0.520165625 0.413653125 0.387 0.41194687500000005 0.3770453125 0.4110421875 0.37374687500000003 0.409265625 0.373240625 0.40505 0.374825 0.40296093749999995 0.3770453125
2 0.436328125 0.40665781250000005 0.433925 0.525871875 0.43092968750000005 0.558528125 0.43152187499999994 0.5694359375 0.4450015625 0.5732406250000001 0.4602234375 0.575396875 0.4638109375 0.5781234375000001 0.4644375 0.5710203125 0.46412343749999996 0.538934375 0.45903906250000004 0.5182625 0.45963125 0.47419218750000003 0.44966875 0.4036140625 0.44886875000000004 0.3979703125 0.44587187500000003 0.3958140625 0.44109999999999994 0.396321875 0.43869687500000004 0.39904843749999996 0.436328125 0.40665781250000005
2 0.46795468749999997 0.40557968750000006 0.47185625 0.5144578125 0.4697671875 0.536778125 0.4673640625 0.57869375 0.47513125 0.581928125 0.48798281250000003 0.581928125 0.502334375 0.5797718749999999 0.510728125 0.5710203125 0.5083249999999999 0.5438171875 0.503553125 0.5122390625000001 0.496378125 0.4355109375 0.4907 0.4116046875 0.48571875000000003 0.4062140625 0.4832109375 0.40393125 0.4796234375 0.40126875 0.474225 0.40069687500000006 0.47004531250000003 0.40177500000000005 0.46795468749999997 0.40557968750000006
2 0.5461859375 0.39784375 0.54200625 0.40221875 0.536015625 0.42612500000000003 0.5210734375 0.502853125 0.5127140625 0.5594796875 0.5142109375 0.5774250000000001 0.52048125 0.5801515625 0.54200625 0.577996875 0.5506796875 0.57526875 0.5530828125 0.54045625 0.5521765624999999 0.5072296875 0.5578546875 0.46911875 0.5638109375 0.4081796875 0.56321875 0.40602343750000003 0.5614421875 0.4005703125 0.5566703125 0.3956875 0.5509578125 0.3956875 0.5461859375 0.39784375
2 0.5745734375 0.40982812500000004 0.5709859374999999 0.43215000000000003 0.5617203125 0.5127453125 0.5557296875 0.55516875 0.556321875 0.57260625 0.558725 0.573684375 0.5700796875 0.573684375 0.577846875 0.569309375 0.582340625 0.558465625 0.585021875 0.5192765625 0.585928125 0.40171250000000003 0.585928125 0.39949218750000004 0.5838390625 0.39518125 0.5820265625000001 0.39518125 0.5772546875 0.39949218750000004 0.5745734375 0.40982812500000004
1 0.606896875 0.3722890625 0.599721875 0.3984140625 0.5970390625 0.46918125 0.5910484375 0.519784375 0.5847781249999999 0.5486359375000001 0.5859625 0.5589734375 0.5913625 0.5731140625 0.59731875 0.580215625 0.602403125 0.5791375000000001 0.6128875 0.5688015625 0.6173453125 0.5530125 0.6152562500000001 0.5203546875 0.6131656249999999 0.44140781249999994 0.6110765625 0.4033609375 0.6170671875 0.3766640625 0.6173453125 0.3739375 0.6158484375 0.366328125 0.6143859375 0.3657578125 0.61166875 0.3657578125 0.606896875 0.3722890625
3 0.6270984375 0.39949218750000004 0.6226046875 0.42213124999999996 0.6161265625000001 0.523715625 0.6158828125 0.5495875 0.618146875 0.5577671875 0.623859375 0.5622703125 0.6330890625000001 0.565440625 0.6385578125 0.5641093749999999 0.6455234375 0.555484375 0.64005625 0.4788203125 0.6403 0.4294234375 0.63580625 0.4130625 0.6374078125 0.3987953125 0.6373046875 0.3944828125 0.6355625 0.39175625 0.6330890625000001 0.39175625 0.63009375 0.3940390625 0.6270984375 0.39949218750000004
3 0.648484375 0.414521875 0.6473 0.4983515625 0.6473 0.5533296875 0.64966875 0.5592890625 0.656565625 0.56309375 0.6655171875 0.561509375 0.6762796875 0.5538359374999999 0.6774984374999999 0.5424218749999999 0.6750953125 0.522828125 0.6715078125 0.503234375 0.6691046875 0.47875781249999994 0.668234375 0.4532015625 0.6664234375 0.4237796875 0.66043125 0.39873125 0.659246875 0.396575 0.655346875 0.3933421875 0.6520718750000001 0.3933421875 0.6490765625 0.397146875 0.648484375 0.414521875
4 0.6803546875 0.4947375 0.6760015625 0.547875 0.6774984374999999 0.5577046875 0.68018125 0.5625875 0.6903515625 0.5663921875 0.6987109375 0.563665625 0.6998953125 0.5577046875 0.7070703125 0.5620171875 0.7112499999999999 0.5609390624999999 0.71574375 0.5577046875 0.718146875 0.5424218749999999 0.7189484375 0.518896875 0.713165625 0.4947375 0.7064781250000001 0.42435 0.69780625 0.4025359375 0.692128125 0.3954984375 0.6858578125 0.3954984375 0.693034375 0.4096390625 0.70170625 0.46512343749999996 0.700209375 0.48693749999999997 0.6972140625 0.49670312499999997 0.6954374999999999 0.49727343749999997 0.693034375 0.4939765625 0.6900390625 0.4227015625 0.6897593750000001 0.421053125 0.6879484375 0.4183265625 0.684953125 0.4183265625 0.6828624999999999 0.421053125 0.6803546875 0.4947375
4 0.7283875 0.3868109375 0.7253921875 0.4335453125 0.7273765625 0.45669062499999996 0.7279 0.4703234375 0.72291875 0.48750781249999997 0.72291875 0.500253125 0.7244171875000001 0.520165625 0.7264015625 0.5310718750000001 0.7291531250000001 0.5365249999999999 0.7366078125 0.5396953124999999 0.739603125 0.5337984375 0.7597703124999999 0.5292328125 0.767259375 0.5179453125 0.7700109375 0.5029171875 0.76924375 0.48573281250000006 0.76353125 0.47254218750000004 0.7553124999999999 0.4453390625 0.746325 0.3927078125 0.7381046875 0.373240625 0.7298843749999999 0.362778125 0.7381046875 0.385921875 0.744096875 0.43766718750000005 0.744096875 0.448065625 0.7425984375 0.452125 0.740090625 0.452125 0.7388359375 0.44946093749999994 0.7344125 0.38877656250000003 0.7336125 0.384146875 0.7318703125 0.380025 0.7291531250000001 0.3768546875 0.7279 0.3768546875 0.7283875 0.3868109375
4 0.695646875 0.7500312499999999 0.70024375 0.7500312499999999 0.704109375 0.7436265625 0.704109375 0.7314515625 0.70024375 0.705834375 0.6939046875 0.670640625 0.7019859375 0.6296765625 0.6998609375 0.6034875000000001 0.69599375 0.5964484375 0.6787875 0.5977171875 0.661546875 0.601521875 0.65733125 0.6117953125 0.6598046875 0.6296765625 0.66401875 0.646353125 0.6643671875 0.64825625 0.6654125 0.64825625 0.676315625 0.6687375 0.689690625 0.72821875 0.695646875 0.7500312499999999
4 0.2791359375 0.7711484375000001 0.283003125 0.7711484375000001 0.28686875 0.7564359375 0.294253125 0.7097015625 0.30759375 0.67958125 0.31988906250000004 0.657196875 0.3202375 0.6393156249999999 0.3177984375 0.6162328125000001 0.31358437499999997 0.6072921874999999 0.305503125 0.6072921874999999 0.28721718749999997 0.6130625000000001 0.2791359375 0.617565625 0.2738421875 0.6246031249999999 0.272796875 0.6501578125 0.27805625 0.6764109375 0.27983281249999997 0.693025 0.2766625 0.7199109375 0.276315625 0.7218765625 0.2766625 0.7231453125 0.27453906250000004 0.75256875 0.274921875 0.7666453125 0.2791359375 0.7711484375000001
