4 0.7387671874999999 0.608053125 0.7351796875 0.59175625 0.7324625 0.5863031249999999 0.7273765625 0.5863031249999999 0.7175203125 0.5906781249999999 0.70498125 0.5999359375 0.6929984375 0.614078125 0.6915015624999999 0.618959375 0.6954015625000001 0.6417875000000001 0.7004875 0.6570703124999999 0.710065625 0.6739375 0.71933125 0.6973359375 0.7303734375000001 0.71693125 0.7533953125 0.7419781249999999 0.73368125 0.6940390625 0.7280046875 0.6842734375 0.72650625 0.679390625 0.7259140625 0.6755859375 0.72650625 0.6722890625 0.7303734375000001 0.6690546875 0.7315921875 0.6695625 0.7327765625 0.6712109374999999 0.7602921874999999 0.73436875 0.760571875 0.7087515625 0.743225 0.64996875 0.7387671874999999 0.608053125
4 0.64869375 0.6320859375000001 0.6603625 0.7060875 0.6657609375 0.7279015625 0.6705328125000001 0.7349390625 0.6753046875 0.7338625000000001 0.6773953125000001 0.724603125 0.673215625 0.6984781250000001 0.6729359374999999 0.6826890624999999 0.673528125 0.6799625 0.6762109374999999 0.6794546875 0.680390625 0.6826890624999999 0.6869734375000001 0.7083062499999999 0.6905609375 0.71915 0.6950546875 0.723525 0.7016375 0.71915 0.701915625 0.7104625 0.687565625 0.6190234375 0.6788921875 0.6190234375 0.6681296875 0.6233984375 0.6657609375 0.626125 0.6621734375 0.6272031250000001 0.6600843750000001 0.623271875 0.6588640625 0.620671875 0.6549984375 0.620671875 0.6505046875 0.6233984375 0.64869375 0.626125 0.64869375 0.6320859375000001
3 0.6368515625 0.7692453125000001 0.64085625 0.7742546875 0.6435734375 0.7742546875 0.6458375000000001 0.771971875 0.6430859375 0.72435 0.6428421875 0.688078125 0.6435734375 0.6744453125 0.6420765625 0.6690546875 0.6458375000000001 0.6105265625 0.644828125 0.60913125 0.6351093750000001 0.60824375 0.6249046875000001 0.6059609375 0.616196875 0.6096390625 0.6149421875 0.6105265625 0.6149421875 0.6254921875 0.6194359375 0.6794546875 0.6268890625 0.730690625 0.6368515625 0.7692453125000001
3 0.5911875 0.6568796875 0.59665625 0.723525 0.60139375 0.7507296875 0.6056078125 0.7552953125 0.612365625 0.7761578124999999 0.6143500000000001 0.779771875 0.61884375 0.779771875 0.61884375 0.7724796875 0.6160921874999999 0.752125 0.6086031249999999 0.7216875 0.608115625 0.6868109375 0.6108671875 0.6382375 0.6098578125 0.612871875 0.6068625 0.60741875 0.5996515625 0.601965625 0.5951234375000001 0.6007609375 0.5929296875000001 0.604565625 0.58784375 0.607609375 0.584709375 0.6105890625 0.5839421875 0.6146484375 0.585928125 0.632846875 0.5911875 0.6568796875
1 0.5660390625 0.6911859375 0.57185625 0.7391890625 0.5766281249999999 0.7709578125000001 0.5791015625 0.7758406250000001 0.5824453125 0.7762203125 0.5840828124999999 0.77438125 0.5851265625 0.768675 0.5853359375 0.73088125 0.586171875 0.7071015625 0.5836640625 0.66740625 0.5836640625 0.645465625 0.5824453125 0.60995625 0.5799375 0.5948 0.5766281249999999 0.58915625 0.5741203125000001 0.5872546875 0.5674671874999999 0.5887765625 0.5637749999999999 0.5909328125 0.55945625 0.594165625 0.5585515625 0.6020296875 0.5583421875 0.6213062500000001 0.5608500000000001 0.655675 0.5660390625 0.6911859375
2 0.5507140625 0.7468609374999999 0.5543015625 0.71350625 0.5550671875 0.6418515625000001 0.55604375 0.6318328125 0.5562875 0.5968921875000001 0.5545453124999999 0.5946734375 0.552559375 0.5942296875 0.5368515625 0.5981609375 0.534378125 0.599175 0.5336125 0.5996203125 0.53336875 0.601903125 0.5479625 0.738046875 0.5507140625 0.7468609374999999
2 0.5304078125 0.738934375 0.533890625 0.7379828125000001 0.5361203125 0.7330375 0.5381046875 0.7103359375 0.534134375 0.6228281250000001 0.5319046875 0.5974 0.5187046875 0.5948640625 0.515465625 0.5942296875 0.5132015625 0.5965125 0.5129578125 0.6024093749999999 0.52243125 0.7107796875 0.5304078125 0.738934375
2 0.5026125 0.6947375 0.5063734375 0.7189593750000001 0.5115640625 0.7170578125 0.5132015625 0.71255625 0.5123656249999999 0.65434375 0.5101015624999999 0.59346875 0.50905625 0.5923265625 0.5067921875 0.5923265625 0.497840625 0.594609375 0.49641250000000003 0.5953703124999999 0.49432187499999997 0.5968921875000001 0.492859375 0.5994921875 0.4908046875 0.6055796875 0.5026125 0.6947375
2 0.47004531250000003 0.65434375 0.47561875000000003 0.7012046875 0.48021562500000003 0.7299296875 0.483315625 0.7348125 0.48620625000000006 0.7344328124999999 0.48808749999999995 0.7295499999999999 0.4889234375 0.7041859374999999 0.4887140625 0.6592265625 0.4903859375 0.6305015625 0.48996874999999995 0.6017750000000001 0.4874609375 0.5994921875 0.4839421875 0.5994921875 0.4757234375 0.5968296875 0.47150781249999996 0.5959421875 0.468025 0.5954984375000001 0.46523906249999997 0.597653125 0.46502968750000007 0.6017750000000001 0.47004531250000003 0.65434375
1 0.4323234375 0.6488265625 0.43106875 0.6850984375 0.43295000000000006 0.7130625 0.43667656250000003 0.7301203125 0.4433296875 0.738428125 0.44517656250000004 0.738428125 0.45931718750000006 0.7149656249999999 0.4657265625 0.6476859375 0.4640890625 0.6076734375 0.4609546875 0.596321875 0.45764531249999996 0.5921375 0.4528734375 0.5906156250000001 0.4495296875 0.5921375 0.44768437499999997 0.5948 0.44144843749999996 0.6076734375 0.43907968750000004 0.6105890625 0.43521406249999994 0.6129359375 0.4337515625 0.6163609375 0.43295000000000006 0.6370953125 0.429815625 0.64654375 0.4323234375 0.6488265625
3 0.38885468749999996 0.6691812500000001 0.3908390625 0.6773625 0.39432187500000004 0.6973359375 0.394565625 0.7653765625 0.3963421875 0.78306875 0.39832812500000003 0.7825624999999999 0.403796875 0.7762203125 0.4082890625 0.7608109375 0.41027500000000006 0.7277109375 0.408778125 0.6746359375 0.409265625 0.6492703125 0.4078015625 0.6147750000000001 0.40505 0.6111609375 0.3925109375 0.6105890625 0.38885468749999996 0.6116046875000001 0.386590625 0.61350625 0.38066875 0.6457828125 0.3831421875 0.64996875 0.38885468749999996 0.6691812500000001
3 0.34500156249999997 0.6788203125 0.3423203125 0.7551687499999999 0.3437828125 0.7688015625 0.347509375 0.774825 0.3512359375 0.77825 0.3564265625 0.774825 0.3576796875 0.76911875 0.3583078125 0.7472421875 0.37429531250000003 0.6209890625 0.3722046875 0.61610625 0.3547890625 0.6123015625 0.3535359375 0.611921875 0.3512359375 0.61344375 0.3487640625 0.625175 0.3466734375 0.6481921875000001 0.34500156249999997 0.6788203125
4 0.26060625000000004 0.463284375 0.2667359375 0.5188328125 0.267084375 0.552125 0.2710203125 0.5599875 0.279275 0.5730500000000001 0.2867984375 0.57565 0.29721406250000004 0.5717187499999999 0.3047375 0.560621875 0.311215625 0.564553125 0.3144203125 0.564553125 0.31839062500000004 0.5625875 0.3237546875 0.549525 0.3230578125 0.5318953125 0.316928125 0.49987343749999996 0.30689687499999996 0.45485156250000003 0.296134375 0.425428125 0.2867984375 0.411034375 0.2746078125 0.408434375 0.27819531249999996 0.41236562499999996 0.28213125 0.41953125 0.30257812500000003 0.5077359375 0.30762812500000003 0.5220671875 0.30689687499999996 0.52473125 0.293975 0.5181984374999999 0.2853703125 0.5312625 0.28463906250000004 0.52473125 0.28105156249999996 0.5070390625 0.277846875 0.49727343749999997 0.27283124999999997 0.4613828125 0.2726578125 0.42365312499999996 0.27495625 0.411034375 0.2681640625 0.41756562500000005 0.2624171875 0.43652499999999994 0.26060625000000004 0.463284375
3 0.356809375 0.391121875 0.3509921875 0.40171250000000003 0.3451765625 0.423209375 0.32504374999999996 0.521496875 0.321490625 0.5547234375000001 0.32358125000000004 0.56005 0.3262625 0.5623328125 0.332915625 0.564171875 0.350365625 0.5627140625 0.36300937499999997 0.555865625 0.3597 0.512428125 0.3590734375 0.48674687499999997 0.3607453125 0.41756562500000005 0.36879062500000004 0.392009375 0.3700796875 0.388078125 0.371334375 0.38351250000000003 0.3673984375 0.38389375000000003 0.362 0.38655625 0.356809375 0.391121875
3 0.36753749999999996 0.49752656249999994 0.361825 0.5478125 0.36395 0.5596062500000001 0.36753749999999996 0.5635390625000001 0.3722046875 0.564171875 0.39338281249999996 0.557640625 0.397665625 0.551109375 0.39982656250000004 0.4525046875 0.4016375 0.406784375 0.407384375 0.364553125 0.41024062499999997 0.35383593750000003 0.40773281250000004 0.35516875 0.39515781250000004 0.370196875 0.3786828125 0.41395 0.36753749999999996 0.49752656249999994
1 0.41010156249999996 0.40887812500000004 0.40111406250000003 0.4951171875 0.40041874999999993 0.54996875 0.40219375 0.5617 0.4065140625 0.5695625 0.411878125 0.5721625 0.4172765625 0.5721625 0.42553124999999997 0.5669625 0.4337859375 0.54996875 0.433403125 0.5408375000000001 0.42838750000000003 0.4833234375 0.4301984375 0.45326562499999995 0.42730781249999994 0.42390625000000004 0.42490468750000004 0.37083125 0.4244515625 0.3631578125 0.4194359375 0.3625234375 0.41438593749999997 0.36842031249999996 0.4129578125 0.3736203125 0.41010156249999996 0.40887812500000004
2 0.45513750000000003 0.4133171875 0.45214218749999996 0.41604374999999993 0.44918125 0.422003125 0.442284375 0.47698124999999997 0.44050781250000004 0.523271875 0.4372 0.5346859375 0.43751249999999997 0.5547875 0.439603125 0.5591625 0.44705625 0.5613187500000001 0.468303125 0.5613187500000001 0.4698015625 0.5504749999999999 0.46858281249999995 0.52650625 0.4659 0.5156 0.46562187499999996 0.4284078125 0.46562187499999996 0.4176921875 0.464403125 0.41496562499999995 0.46172031249999995 0.4116671875 0.45931718750000006 0.4116671875 0.45513750000000003 0.4133171875
2 0.477115625 0.4771078125 0.4753046875 0.516296875 0.4702890625 0.5450859375 0.4710203125 0.5581484375 0.47244843750000004 0.5653140624999999 0.4753046875 0.5731765625 0.48035468750000004 0.5764109375 0.490734375 0.5757765625 0.5075937500000001 0.5646796875 0.5094046875 0.5502859375 0.5075937500000001 0.52219375 0.49185 0.41395 0.48885468750000005 0.40887812500000004 0.48571875000000003 0.40913125 0.483803125 0.411921875 0.4824796875 0.4178828125 0.477115625 0.4771078125
2 0.524590625 0.4761578125 0.5149078125 0.5284078125 0.5105890625 0.561065625 0.5109375 0.56563125 0.514525 0.571528125 0.5410999999999999 0.572859375 0.5450359375 0.5669625 0.5478921875 0.5408375000000001 0.5478921875 0.5075453125 0.5539875000000001 0.45986093749999996 0.5564953125 0.42650625 0.55391875 0.39460937500000004 0.5522125 0.3873171875 0.5460125 0.3877609375 0.5436078125 0.39258125 0.53605 0.423271875 0.524590625 0.4761578125
2 0.5646109375 0.43861718749999995 0.54869375 0.5637921875 0.549425 0.5669625 0.5519328125 0.5692453125 0.5683734375 0.5692453125 0.570603125 0.5669625 0.5746078125 0.5528859374999999 0.5790671875 0.518453125 0.57756875 0.51344375 0.5805640624999999 0.46309374999999997 0.583071875 0.40735625000000003 0.5890984375 0.3909328125 0.5910484375 0.38649374999999997 0.583315625 0.39099531249999997 0.5788234375 0.395053125 0.57283125 0.40462968750000006 0.5646109375 0.43861718749999995
1 0.6015671874999999 0.3833234375 0.596203125 0.400190625 0.59289375 0.45732343750000004 0.584221875 0.5183265625 0.57945 0.5346234375 0.5788578125 0.55256875 0.5797625 0.5591 0.5845343749999999 0.5716546874999999 0.588121875 0.5770453125 0.5908046875 0.57869375 0.5988859375 0.5765374999999999 0.6075578125 0.5607484375 0.6084640625 0.5422328125 0.6063390625 0.5221312499999999 0.6063390625 0.501965625 0.6075578125 0.47856718750000005 0.6075578125 0.4061515625 0.6135140625 0.3748890625 0.6138281250000001 0.370259375 0.6126437499999999 0.365884375 0.6096484375 0.3683578125 0.6060609375 0.3740640625 0.6015671874999999 0.3833234375
3 0.6195046875 0.4283453125 0.6108328125 0.5132531250000001 0.6072453125 0.5513 0.6087421875000001 0.558909375 0.611425 0.5649328125 0.6156390625 0.5676593750000001 0.62340625 0.5670890625 0.631765625 0.5632843750000001 0.63744375 0.5523781249999999 0.6344484375 0.5154093750000001 0.632671875 0.476728125 0.6335765624999999 0.43595468750000005 0.6311734375 0.4152828125 0.6323578125 0.398921875 0.6323578125 0.3961953125 0.6293624999999999 0.3956875 0.627865625 0.3972734375 0.624834375 0.40570781250000004 0.6195046875 0.4283453125
3 0.6374078125 0.5556125 0.63890625 0.563728125 0.6439921875 0.569753125 0.6526640625 0.56918125 0.66043125 0.5664546875 0.6664234375 0.5664546875 0.66224375 0.509321875 0.6607453125 0.479390625 0.659246875 0.42878906250000004 0.654440625 0.40919531249999996 0.64771875 0.4035515625 0.6454890625 0.4020921875 0.643678125 0.4010140625 0.644584375 0.4086234375 0.6371296875 0.5408999999999999 0.6374078125 0.5556125
4 0.6698015625 0.526315625 0.6653078125 0.54914375 0.6650296875 0.5676593750000001 0.6677109375 0.5747625000000001 0.6709859375 0.5774890625 0.6793796875 0.58129375 0.68443125 0.580215625 0.6877390625 0.57526875 0.6937296875000001 0.5785671875 0.6990937500000001 0.57691875 0.7029953124999999 0.573684375 0.705678125 0.560621875 0.7065828125 0.5399499999999999 0.7020906250000001 0.5094484375 0.70090625 0.492009375 0.701184375 0.452821875 0.6925109375 0.42511093750000006 0.6865546874999999 0.4152828125 0.6913265625 0.48547812500000004 0.6901421875 0.5094484375 0.6877390625 0.5138234374999999 0.6853359375 0.5149015625 0.6841515625000001 0.5088781250000001 0.6836984375 0.4455296875 0.683559375 0.43703281250000003 0.6838390624999999 0.42726718750000003 0.6784749999999999 0.44140781249999994 0.6724828125 0.4953078125 0.6698015625 0.526315625
4 0.718878125 0.4851609375 0.7120171875 0.5097015625 0.7120171875 0.5325296875000001 0.7132015625 0.5466703125000001 0.7173812500000001 0.5554218750000001 0.7227796875 0.5581484375 0.7269593750000001 0.5526953125 0.7371296875 0.5526953125 0.7454890625 0.54996875 0.7526640625 0.5401390625 0.7574359375 0.5254921875 0.75684375 0.508053125 0.7502609375 0.4890296875 0.747265625 0.4481921875 0.7338203125 0.40627812499999993 0.7239640625 0.3725421875 0.734134375 0.4629046875 0.733228125 0.46994218749999994 0.7311390624999999 0.47051406250000005 0.7287359375 0.468865625 0.7216296875 0.383703125 0.7203765625 0.377996875 0.7191921875 0.3725421875 0.719609375 0.4116671875 0.7158828125000001 0.4568796875 0.718878125 0.4851609375
4 0.3241375 0.6646156249999999 0.31745 0.658909375 0.3244859375 0.6115406250000001 0.32765625 0.5935953125 0.3125390625 0.58915625 0.308325 0.614078125 0.308325 0.6173109375 0.30198593749999997 0.6537734375 0.29495 0.6531390625 0.29355625 0.6601781250000001 0.30198593749999997 0.6653140625 0.2932078125 0.7311984375 0.29707343750000004 0.7357 0.30268125 0.7357 0.3051546875 0.7170578125 0.30689687499999996 0.6985421875 0.31111093749999996 0.6729859375 0.3160578125 0.668484375 0.321665625 0.672353125 0.3241375 0.6646156249999999
