4 0.500190625 0.703065625 0.49708281249999997 0.698815625 0.49784375000000003 0.6941140625 0.4947375 0.68474375 0.49086875 0.6817484375 0.4660109375 0.6804953125 0.42568124999999996 0.6898640625 0.3744453125 0.705225 0.3729234375 0.7107625 0.3783125 0.7137234375 0.3852890625 0.7128875 0.4086234375 0.7077671875 0.4209890625 0.7064781250000001 0.4264421875 0.7094734375 0.42568124999999996 0.7115984375 0.422575 0.7141765625 0.37989843749999996 0.724834375 0.37520625 0.728665625 0.3790734375 0.73336875 0.38611249999999997 0.7367468749999999 0.47767968749999995 0.7235453125 0.5069125 0.72291875 0.511034375 0.7218390625 0.5117953125 0.721003125 0.511034375 0.7180078125 0.50481875 0.7145937499999999 0.500190625 0.703065625
4 0.4631578125 0.626471875 0.45383593749999995 0.62863125 0.422828125 0.640125 0.3552953125 0.6554859375000001 0.3304375 0.665690625 0.3366515625 0.6725187499999999 0.35453437499999996 0.6725187499999999 0.379328125 0.6631484375000001 0.3894734375 0.6610234375 0.3979703125 0.6610234375 0.39955625 0.6631484375000001 0.397209375 0.67039375 0.3700703125 0.6810515625 0.35142656250000004 0.6929984375 0.3568171875 0.6972484375 0.3715921875 0.6972484375 0.408053125 0.6857546875 0.43215000000000003 0.6793453125 0.4872546875 0.67635 0.49036093750000004 0.6742250000000001 0.49036093750000004 0.6725187499999999 0.48566875 0.665690625 0.48490781250000003 0.6576109375 0.48649375 0.6520718750000001 0.4818015625 0.648240625 0.4798984375 0.6372687499999999 0.48027968750000005 0.63416875 0.48027968750000005 0.632009375 0.47717187499999997 0.62863125 0.4724796875 0.6269250000000001 0.4631578125 0.626471875
3 0.307990625 0.63319375 0.304121875 0.63744375 0.3088140625 0.6421453125000001 0.31965781249999997 0.6416921875 0.39264375 0.6314875 0.4438171875 0.629328125 0.4516171875 0.6263671875 0.46791406249999995 0.6242421874999999 0.47025937500000003 0.6208296875 0.47336718749999995 0.611425 0.47254218750000004 0.6058859375 0.468675 0.60334375 0.4617625 0.59550625 0.44927031250000005 0.5965171875 0.43145156250000005 0.5995125 0.387190625 0.6122953125 0.307990625 0.63319375
3 0.38928281249999996 0.5810171875 0.3181359375 0.59404375 0.29873125 0.601428125 0.2901078125 0.6058859375 0.2901078125 0.6082546875 0.3036140625 0.6129921875 0.37958125 0.610309375 0.43024687500000003 0.6070703125 0.4513 0.6029265625 0.461509375 0.597596875 0.46474374999999996 0.5934515625000001 0.46582187499999994 0.58899375 0.46531406249999996 0.5857546874999999 0.4631578125 0.583978125 0.4577671875 0.583978125 0.45611875 0.58279375 0.458909375 0.5802515625 0.458275 0.5777421875 0.4556125 0.5762796875 0.4513 0.5756875 0.43887187499999997 0.5750953125 0.38928281249999996 0.5810171875
1 0.42194062499999996 0.555834375 0.352440625 0.55701875 0.27267031249999996 0.5662140625000001 0.2662015625 0.5697671875 0.2640453125 0.5739109375 0.2672796875 0.5783343750000001 0.2731765625 0.579240625 0.2985421875 0.5786484375 0.355675 0.5747828125 0.38801562500000003 0.575375 0.41496562499999995 0.57951875 0.43436874999999997 0.5786484375 0.4391890625 0.5762796875 0.44083750000000005 0.57331875 0.4498421875 0.5655171875 0.4516171875 0.56206875 0.451046875 0.5597000000000001 0.44838281249999995 0.558203125 0.44457812499999994 0.5573312500000001 0.42194062499999996 0.555834375
2 0.3603046875 0.5337859375 0.3253640625 0.5387671875 0.296259375 0.5447921874999999 0.288459375 0.5505046874999999 0.28655624999999996 0.5547546875 0.287190625 0.557959375 0.291059375 0.5583078125000001 0.32213125 0.552978125 0.3499046875 0.550121875 0.41204843750000003 0.552978125 0.439821875 0.552978125 0.447621875 0.5518984375 0.45149062500000003 0.5473 0.45389999999999997 0.5383140625 0.45472343750000005 0.5345171875 0.45472343750000005 0.5330890625 0.452125 0.5313125000000001 0.447621875 0.5309640625000001 0.3603046875 0.5337859375
2 0.3164234375 0.5226046875 0.30297968750000004 0.5291187500000001 0.2937859375 0.537721875 0.2916296875 0.5406828124999999 0.2922 0.543921875 0.2959421875 0.543921875 0.3051359375 0.5368171875 0.3137609375 0.5329843750000001 0.351996875 0.5294328125 0.401078125 0.5276562499999999 0.4194046875 0.5276562499999999 0.44743125 0.5261578124999999 0.45009531249999996 0.5104140625 0.45009531249999996 0.5087078125 0.4495875 0.5075234375 0.44578281249999996 0.507209375 0.37520625 0.5137234375 0.3164234375 0.5226046875
2 0.3197203125 0.4963078125 0.3174375 0.5036921875 0.321496875 0.50790625 0.33227656250000004 0.50839375 0.3731765625 0.5061656250000001 0.42435 0.505434375 0.43874375 0.507140625 0.445909375 0.505678125 0.4549140625 0.5061656250000001 0.458021875 0.5051890625000001 0.458021875 0.5034484375 0.45409062499999997 0.48833125 0.4513 0.484953125 0.44679843750000003 0.484953125 0.43785625 0.48718281250000006 0.3296125 0.49209375 0.3197203125 0.4963078125
2 0.44039375 0.4581328125 0.42530156249999995 0.4605015625 0.3972734375 0.46642343750000004 0.3175015625 0.47206562500000004 0.30995625000000004 0.47412031250000003 0.308878125 0.475896875 0.3116046875 0.4797625 0.31965781249999997 0.48213125 0.3320859375 0.48181874999999996 0.35307499999999997 0.483315625 0.3951171875 0.48300312500000003 0.448509375 0.48390781250000003 0.45389999999999997 0.48213125 0.45440781250000006 0.480946875 0.45440781250000006 0.46687500000000004 0.45389999999999997 0.46377499999999994 0.45332968749999997 0.4616859375 0.45117343749999994 0.45990937499999995 0.4468609375 0.4581328125 0.44039375 0.4581328125
1 0.4159796875 0.4308609375 0.3875078125 0.4376171875 0.3422328125 0.44151875 0.2904875 0.4432953125 0.28662031250000003 0.4461515625 0.2853515625 0.451828125 0.2898546875 0.456078125 0.30019062500000004 0.4600140625 0.32479375 0.46105937499999994 0.37780625 0.45963125 0.45218749999999996 0.45325625 0.4547875 0.451828125 0.4535828125 0.4433296875 0.4502859375 0.4397421875 0.4464171875 0.435840625 0.436715625 0.4326359375 0.42764687500000004 0.4308609375 0.4159796875 0.4308609375
3 0.3018390625 0.3993734375 0.31097031249999996 0.4055734375 0.367596875 0.4230578125 0.41553593749999995 0.42984999999999995 0.44089999999999996 0.43695625 0.44736875 0.4349 0.46188906249999995 0.433125 0.4640453125 0.431940625 0.4640453125 0.428665625 0.46785 0.4233375 0.46677187499999995 0.4132703125 0.46727968750000004 0.40498124999999996 0.4566265625 0.4037265625 0.4424859375 0.4035171875 0.38161093749999997 0.4008359375 0.30830625 0.39404374999999997 0.302346875 0.39609843749999996 0.3018390625 0.3993734375
3 0.430628125 0.3757578125 0.3878890625 0.3715078125 0.3310078125 0.361546875 0.3077359375 0.3501921875 0.2999359375 0.3501921875 0.29803437499999996 0.35266406250000004 0.30126875000000003 0.359421875 0.318071875 0.37112500000000004 0.347178125 0.3828625 0.41376093750000004 0.4013234375 0.4370953125 0.41020625 0.4603671875 0.41769375000000003 0.4694359375 0.4169625 0.47653749999999995 0.415534375 0.478440625 0.4127140625 0.475903125 0.400975 0.47831250000000003 0.38502187499999996 0.478440625 0.380390625 0.47178125 0.3771859375 0.4681046875 0.3764546875 0.449334375 0.3764546875 0.430628125 0.3757578125
4 0.3334171875 0.3308609375 0.33475 0.3340640625 0.3418515625 0.3386625 0.3418515625 0.33939375 0.41426718749999997 0.3592828125 0.43690625 0.367084375 0.4660109375 0.3845 0.48218125 0.386625 0.4925171875 0.3845 0.4951171875 0.3834546875 0.4951171875 0.3766984375 0.4918828125 0.36495937500000003 0.49321562500000005 0.3607109375 0.5029171875 0.3571578125 0.5086875 0.35005156249999997 0.506340625 0.3337171875 0.5003796875 0.3263671875 0.4879515625 0.3225703125 0.4779328125 0.32208281250000004 0.45694375000000004 0.32232656249999997 0.43887187499999997 0.3195046875 0.40069687500000006 0.3024375 0.377425 0.2910828125 0.3683578125 0.29000312500000003 0.3625234375 0.2910828125 0.3625234375 0.2953328125 0.3644890625 0.299234375 0.37545937500000004 0.308115625 0.39942968749999996 0.3208984375 0.41426718749999997 0.3308609375 0.41426718749999997 0.33726875 0.41236562499999996 0.33831406249999996 0.40069687500000006 0.3404390625 0.34445156250000003 0.32553125 0.33475 0.32661093750000003 0.3334171875 0.3308609375
4 0.3738109375 0.2667359375 0.37305 0.2688609375 0.40564375 0.28676406249999997 0.46074843750000005 0.31320156250000003 0.48478125 0.3208640625 0.5104 0.3246953125 0.5166140625 0.31915781249999997 0.522828125 0.30808125 0.5235890624999999 0.30383125 0.53215 0.297421875 0.5329109375 0.2910140625 0.5360171874999999 0.28547500000000003 0.536778125 0.28080781250000003 0.5235890624999999 0.27439843750000004 0.4956875 0.269696875 0.4389984375 0.2650296875 0.3924546875 0.25391875 0.387 0.255625 0.3862390625 0.258203125 0.39086875 0.2633234375 0.44521249999999996 0.2791015625 0.4529484375 0.2803546875 0.45764062499999997 0.2825140625 0.4599875 0.28547500000000003 0.4599875 0.28930625 0.4584015625 0.2910140625 0.4529484375 0.29052656250000003 0.45066562499999996 0.290178125 0.40177500000000005 0.2709859375 0.38313281250000003 0.2645765625 0.3761578125 0.2650296875 0.3738109375 0.2667359375
4 0.49866875000000005 0.238140625 0.49321562500000005 0.24155312499999998 0.4885859375 0.24238906249999997 0.49321562500000005 0.225775 0.5095125 0.19209375 0.503296875 0.1946359375 0.48389375 0.20529375 0.46448906250000005 0.2283171875 0.4513 0.247928125 0.4481921875 0.2547546875 0.4481921875 0.25775000000000003 0.45206093750000004 0.2624171875 0.45516875 0.2645765625 0.463728125 0.26711874999999996 0.482371875 0.26924375 0.5041218749999999 0.2684078125 0.5242859375 0.27011562499999997 0.5327843750000001 0.2696625 0.5389984375 0.2684078125 0.5452125 0.2564609375 0.5382374999999999 0.2376875 0.5351296875 0.20741874999999999 0.5258078125 0.1967609375 0.5227015625 0.191640625 0.5195937500000001 0.18996875 0.5164875 0.18996875 0.5138874999999999 0.1943921875 0.5133796875 0.1972140625 0.5072296875 0.22748125 0.5072296875 0.23214843749999997 0.5041218749999999 0.23726875 0.49866875000000005 0.238140625
4 0.711034375 0.2819921875 0.679328125 0.2777421875 0.6450859375 0.26778124999999997 0.6172484375 0.2585515625 0.5991125 0.25391875 0.5855421875 0.25465 0.5764750000000001 0.2564265625 0.57260625 0.25785468749999996 0.5713375 0.260675 0.5739375 0.26778124999999997 0.5622703125 0.27453906250000004 0.5590359375 0.2805640625 0.5590359375 0.2848484375 0.5629046875 0.290875 0.5700062499999999 0.2951578125 0.59784375 0.299059375 0.6166140625 0.298328125 0.6547875000000001 0.2979796875 0.68129375 0.3008359375 0.707165625 0.2972828125 0.7162328125 0.2944265625 0.7162328125 0.2923015625 0.7142671875 0.2919546875 0.6831953125 0.2919546875 0.6334171875 0.28589375 0.6107796875 0.28450000000000003 0.62695 0.2777421875 0.7046921875 0.287146875 0.7104 0.2876703125 0.713 0.2876703125 0.7162328125 0.2862765625 0.7142671875 0.283071875 0.711034375 0.2819921875
4 0.6327843750000001 0.3120859375 0.6017750000000001 0.3053296875 0.57526875 0.2982234375 0.55516875 0.2975265625 0.548065625 0.29965156249999997 0.5422328125 0.30320468749999996 0.5422328125 0.306409375 0.5487 0.3149078125 0.5357640625 0.3280734375 0.5383640625 0.335528125 0.54743125 0.3458375 0.559734375 0.34761406250000004 0.5979078125 0.3458375 0.648953125 0.3426328125 0.676790625 0.341553125 0.688459375 0.336225 0.6923265625 0.330546875 0.6502859375 0.331975 0.6405828125 0.331278125 0.6386171875 0.3301984375 0.6386171875 0.3266453125 0.6405828125 0.3252171875 0.648953125 0.3237890625 0.6592890625 0.3240328125 0.6638546875 0.3227453125 0.6638546875 0.31884375 0.66125625 0.317415625 0.65351875 0.315290625 0.6327843750000001 0.3120859375
3 0.6906156250000001 0.36067499999999997 0.6789468750000001 0.3598390625 0.6424859374999999 0.35896875 0.5935953125 0.3543015625 0.5594171875 0.3461859375 0.5392515625 0.343225 0.5268234374999999 0.34576875 0.5229546875 0.3500171875 0.516740625 0.359421875 0.5253015624999999 0.363253125 0.527584375 0.37603593750000003 0.53690625 0.3802859375 0.5703234375 0.3802859375 0.6122390625 0.378578125 0.6549140625 0.3802859375 0.692834375 0.3695921875 0.6960046875 0.36879062500000004 0.6983515625 0.3679203125 0.6983515625 0.3666671875 0.6960046875 0.36238281250000004 0.6906156250000001 0.36067499999999997
3 0.6799625 0.3860671875 0.5286625 0.371159375 0.5177546875 0.373284375 0.5092578125 0.37627968749999996 0.5069125 0.3848140625 0.5076734375 0.39035156249999997 0.5154093750000001 0.393765625 0.5123015625 0.405259375 0.519340625 0.41250468749999997 0.5472421875 0.41550000000000004 0.5883953125 0.41166875 0.6582749999999999 0.403553125 0.6953703124999999 0.39411406250000003 0.699365625 0.39289375 0.7001906250000001 0.391640625 0.6986046875 0.3886453125 0.6939765625 0.3869390625 0.6799625 0.3860671875
1 0.6829421875 0.4190875 0.57349375 0.40888125000000003 0.52695 0.4037625 0.50830625 0.40546875 0.49587812500000006 0.41100624999999996 0.4942921875 0.4190875 0.4974 0.4280390625 0.5129359375 0.43573593749999995 0.535446875 0.436571875 0.5579578125 0.4340296875 0.62473125 0.43444843750000006 0.6906156250000001 0.4297109375 0.69613125 0.42890937500000004 0.6992390625 0.42762031250000004 0.697653125 0.42250156250000004 0.6953703124999999 0.421246875 0.6829421875 0.4190875
2 0.64654375 0.44963437500000003 0.5087515625 0.437896875 0.491946875 0.439671875 0.48807812500000003 0.44217968750000003 0.48547812500000004 0.4478578125 0.48611250000000006 0.46137187500000004 0.4887125 0.46562187499999996 0.49327812499999996 0.46704999999999997 0.54305625 0.46492500000000003 0.56569375 0.46098906250000005 0.575396875 0.46172031249999995 0.6303734375000001 0.46137187500000004 0.6568171875 0.459246875 0.6627140625 0.45816718749999996 0.6639828125 0.4574359375 0.6639828125 0.45531249999999995 0.6607484375 0.4528390625 0.64654375 0.44963437500000003
2 0.5617625 0.4714734375 0.5090046874999999 0.47317968749999995 0.49270781250000006 0.48000625 0.48649375 0.484675 0.4896 0.49620312499999997 0.49499062499999996 0.498328125 0.509765625 0.500034375 0.5462265625 0.500034375 0.6114140625 0.4932078125 0.66740625 0.4841171875 0.6727328124999999 0.48255 0.6735578125 0.47830000000000006 0.66734375 0.47443437499999996 0.6518078125 0.47317968749999995 0.5617625 0.4714734375
2 0.5587187499999999 0.5080109375 0.505896875 0.5122953125 0.4974 0.5157093749999999 0.49118593749999995 0.5207937499999999 0.49118593749999995 0.526784375 0.49346875 0.533159375 0.498921875 0.534865625 0.5090046874999999 0.536571875 0.5462906249999999 0.53744375 0.6714640625 0.5197484375 0.6766640625 0.5178328125 0.6766640625 0.5118421875 0.67045 0.5084296875 0.6619531249999999 0.5071749999999999 0.5587187499999999 0.5080109375
2 0.6783765625 0.5516203125 0.6681046875 0.5495640625 0.5660109375 0.53988125 0.503234375 0.543921875 0.493025 0.5469875 0.491121875 0.5485546875 0.491121875 0.5602921875 0.49486406250000003 0.5628703125000001 0.5051359375 0.564925 0.5339890625 0.564925 0.5842734375 0.5638796875 0.657196875 0.5615812499999999 0.6724796875 0.56206875 0.6821171875 0.561825 0.6876984375 0.55775 0.6849078125 0.5541625 0.6783765625 0.5516203125
1 0.69613125 0.5764890625 0.6486359375 0.5729015625 0.5666453125 0.5698359375 0.53779375 0.567259375 0.5135703125 0.56778125 0.4996203125 0.578021875 0.4930875 0.58620625 0.5070390625 0.596446875 0.5228921875 0.6 0.5703875 0.593346875 0.66911875 0.589271875 0.6840843750000001 0.5855453125000001 0.6933421875 0.5836296875 0.6970828124999999 0.58261875 0.6979703125000001 0.5805640624999999 0.6979703125000001 0.578021875 0.69613125 0.5764890625
3 0.6944828125 0.602821875 0.6870640625 0.6018109375 0.6078625 0.5956812499999999 0.5529484375 0.589028125 0.5324671875 0.589028125 0.52219375 0.5910828125 0.512871875 0.5941484375 0.5138234374999999 0.6084640625 0.5054531250000001 0.6202375 0.5054531250000001 0.6243125 0.5194046875 0.6289453125 0.556690625 0.6273765625000001 0.636778125 0.6222921875 0.6820546875 0.6165093749999999 0.688015625 0.6151171875 0.6908046875 0.6141062500000001 0.6944828125 0.61100625 0.6963859375 0.605921875 0.6944828125 0.602821875
3 0.6239703125 0.625496875 0.5559921875 0.62650625 0.527140625 0.625496875 0.5196578125 0.6285609375 0.51781875 0.6352140625 0.5112875 0.640334375 0.5112875 0.647475 0.520609375 0.655171875 0.5299296874999999 0.655659375 0.540203125 0.65465 0.567153125 0.650540625 0.5988578125 0.6449328125 0.62308125 0.64134375 0.685478125 0.6444093750000001 0.6873171874999999 0.643921875 0.692009375 0.640821875 0.6928984375 0.63775625 0.6889031250000001 0.632915625 0.6239703125 0.625496875
4 0.551109375 0.6552078125 0.537159375 0.656078125 0.5340515625 0.6573671875 0.5254921875 0.66844375 0.526253125 0.6735625 0.5340515625 0.684221875 0.5301843749999999 0.693590625 0.533290625 0.696134375 0.5395046875 0.6987109375 0.5558015625 0.699546875 0.5852890625 0.6948796875000001 0.61090625 0.685928125 0.6349390625 0.67951875 0.6768546875 0.6756875 0.6869375 0.67398125 0.685415625 0.6705671875 0.6807234375 0.6692796875 0.6551046875 0.6688609375000001 0.61090625 0.67398125 0.579834375 0.680390625 0.576728125 0.6791015625 0.5774890625 0.6773953125000001 0.579834375 0.6756875 0.579834375 0.67398125 0.571275 0.6709859375 0.571275 0.6705671875 0.5736203125 0.67015 0.594609375 0.6705671875 0.616296875 0.6675718749999999 0.6596062500000001 0.6651 0.6636656249999999 0.6650296875 0.6660109375000001 0.664159375 0.666771875 0.6624875 0.660621875 0.660675 0.551109375 0.6552078125
4 0.5572609374999999 0.7404046875 0.5717187499999999 0.742425 0.595434375 0.7375484375 0.627646875 0.7283875 0.6740015625 0.7198187500000001 0.7027265625 0.7160921874999999 0.7156625 0.7108328125 0.7131890624999999 0.708778125 0.687634375 0.7096484375000001 0.638871875 0.71508125 0.5990484375 0.7182859374999999 0.5959421875 0.7147328125 0.6650609375000001 0.7089515625 0.7095125 0.707453125 0.721559375 0.70759375 0.7224484375 0.7049109375 0.7027265625 0.7011499999999999 0.6752687500000001 0.7001390625 0.632340625 0.7018453124999999 0.5906781249999999 0.7020203125 0.589790625 0.7014984375 0.570640625 0.6998265625 0.5496515625 0.7014984375 0.5468609375 0.703553125 0.5461640625 0.703378125 0.544325 0.7084640624999999 0.5447046875 0.7210734375000001 0.5509828125 0.733890625 0.5572609374999999 0.7404046875
