4 0.5948171875 0.2221609375 0.535778125 0.2324046875 0.4984828125 0.23115000000000002 0.4892546875 0.228153125 0.475221875 0.23024375 0.46131406249999996 0.23756093749999999 0.4573953125 0.2448078125 0.4690265625 0.254215625 0.4643484375 0.2666203125 0.46826875 0.27519218749999996 0.4729453125 0.27986093749999996 0.47838125 0.281603125 0.4884953125 0.2820203125 0.5327437500000001 0.27135937499999996 0.5622 0.26794375000000004 0.6002531249999999 0.2559578125 0.6087234375 0.254634375 0.611125 0.25296093750000004 0.6087234375 0.24696875000000001 0.602528125 0.2448078125 0.57775 0.24996562500000002 0.5567640625 0.25121875 0.54273125 0.2503828125 0.5404546875 0.248640625 0.57775 0.23797968749999998 0.6087234375 0.22599375 0.621996875 0.2187453125 0.5948171875 0.2221609375
4 0.6307203125 0.259303125 0.6211125 0.26041875000000003 0.5757265625 0.27038281249999996 0.5434890625000001 0.2796515625 0.48723124999999995 0.2821609375 0.47420937500000004 0.287875 0.469659375 0.2924734375 0.4723140625 0.2992328125 0.47686406249999996 0.3049484375 0.4826796875 0.3089203125 0.48204843750000004 0.3131703125 0.48786406250000003 0.331359375 0.49165625 0.3359578125 0.49949374999999996 0.337421875 0.5072062500000001 0.337421875 0.5194687499999999 0.33351875 0.533121875 0.3263421875 0.5493046875 0.31533125 0.571934375 0.30926875 0.6321109375 0.28926875 0.6372953125 0.2857140625 0.6398234375 0.2771421875 0.56611875 0.296028125 0.5576484374999999 0.29679375 0.5576484374999999 0.2917765625 0.559671875 0.2903828125 0.6275593749999999 0.2689890625 0.6346390625 0.265784375 0.6359046875 0.261115625 0.6307203125 0.259303125
4 0.6477875 0.3014640625 0.6451328125 0.3006265625 0.6348921875 0.3014640625 0.6187109375000001 0.3050875 0.557775 0.32968593749999997 0.52275625 0.33121875 0.50391875 0.3329609375 0.4984828125 0.3350515625 0.49532187499999997 0.3510796875 0.497471875 0.354703125 0.5065734375 0.35790937500000003 0.5093546875 0.3603484375 0.5098609374999999 0.365365625 0.5055625 0.3724734375 0.5055625 0.3820203125 0.5103671875 0.38648125 0.5158031249999999 0.38794375 0.5265484375 0.38794375 0.5400765625 0.38320625 0.554109375 0.3710109375 0.572440625 0.36599375 0.5993671875000001 0.3618125 0.6262953125 0.3558890625 0.6522125 0.348153125 0.660809375 0.3446 0.66940625 0.3329609375 0.6639703124999999 0.33121875 0.64943125 0.3344953125 0.6144125 0.3454359375 0.590771875 0.350453125 0.5798984375 0.35024375 0.5782546875000001 0.3484328125 0.58053125 0.34515625 0.5993671875000001 0.333309375 0.63274375 0.31811875 0.6477875 0.303275 0.6477875 0.3014640625
3 0.5595453125 0.40689843750000004 0.5958281249999999 0.39512187499999996 0.66169375 0.37658593749999997 0.6940578125 0.36912968749999997 0.6967125000000001 0.3626484375 0.6857140625 0.359790625 0.6676359374999999 0.3612546875 0.612009375 0.3726828125 0.5640953125 0.37763125 0.5226296875 0.3840421875 0.5149171875 0.38620156250000004 0.5149171875 0.39045312499999996 0.5201015625000001 0.4015328125 0.5175734375000001 0.40508749999999993 0.5233875 0.4108015625 0.5233875 0.41832812500000005 0.5246515625 0.4215328125 0.5304671875 0.421115625 0.549178125 0.41400625 0.5595453125 0.40689843750000004
3 0.694690625 0.397421875 0.6776234375 0.3982578125 0.5418453125 0.41191562499999995 0.52161875 0.41707343750000003 0.5169406249999999 0.4218125 0.517825 0.43763125 0.5201015625000001 0.439790625 0.534134375 0.4449484375 0.5418453125 0.44620156250000004 0.5534765625 0.44487812499999996 0.58836875 0.4324734375 0.66839375 0.4166546875 0.694690625 0.397421875
1 0.6673828125 0.4365859375 0.6201015625 0.43735156249999996 0.57105 0.44299687499999996 0.5295828124999999 0.4498265625 0.506321875 0.4572828125 0.4992421875 0.4633453125 0.5011375 0.47045312499999997 0.5056890625 0.4747734375 0.5270546875 0.4801390625 0.530846875 0.47972187499999996 0.5476609375 0.478328125 0.6640953125 0.44766562499999996 0.6829328125 0.44411093749999997 0.6673828125 0.4365859375
2 0.6610625 0.49818749999999995 0.68053125 0.4970734375 0.6836921874999999 0.49428593750000005 0.6824265625 0.492125 0.6656125 0.48996562499999996 0.6326171875 0.4817421875 0.5788875 0.4771421875 0.5601765624999999 0.4728921875 0.536915625 0.4703828125 0.5278125 0.47073124999999993 0.5194687499999999 0.4735890625 0.5132749999999999 0.486271875 0.5128953125 0.48926875000000003 0.5201015625000001 0.4917765625 0.545890625 0.492125 0.576990625 0.4906625 0.6610625 0.49818749999999995
2 0.661946875 0.5110796875 0.639190625 0.5066203125000001 0.5874843750000001 0.498884375 0.5767390625 0.5003484375 0.56384375 0.49533125 0.5276859375 0.492334375 0.5169406249999999 0.49916406249999995 0.514665625 0.5042515625 0.5126421875 0.5095468750000001 0.59721875 0.51345 0.6565109375 0.517909375 0.6710499999999999 0.517003125 0.661946875 0.5110796875
2 0.6704171875 0.540696875 0.64614375 0.5275953125 0.602528125 0.521671875 0.512009375 0.5124734375 0.511378125 0.5296859375 0.514159375 0.5314984375 0.5173203125 0.5326828124999999 0.532490625 0.5338671875000001 0.6446265624999999 0.5377 0.6704171875 0.540696875
2 0.6811625 0.550521875 0.6806578125 0.5484328125 0.6737046875 0.5466203125 0.5906453125 0.5421609375 0.5108718750000001 0.5344953125 0.5077125 0.5356796875 0.5070796875 0.5519859375 0.5077125 0.5543546874999999 0.514159375 0.558815625 0.52161875 0.55909375 0.66940625 0.5543546874999999 0.6811625 0.550521875
1 0.7001265625 0.623903125 0.702275 0.62 0.6877375 0.60041875 0.6737046875 0.592125 0.639696875 0.579303125 0.5917828125 0.5647390624999999 0.5589125 0.5561671875 0.5378000000000001 0.5552609375 0.5163078125 0.5567249999999999 0.513021875 0.558815625 0.512515625 0.5656453124999999 0.5194687499999999 0.5710109375 0.540328125 0.580696875 0.554109375 0.5849484375 0.5723140625 0.58975625 0.6606828124999999 0.604878125 0.6901390625 0.614703125 0.7001265625 0.623903125
3 0.67610625 0.624459375 0.6838171875 0.6176999999999999 0.648925 0.6158890625 0.6390640624999999 0.6131703125 0.612009375 0.6020203125 0.5472812499999999 0.583484375 0.5156765625 0.583484375 0.5098609374999999 0.585575 0.5098609374999999 0.5959578125 0.5123890624999999 0.6005578125000001 0.5182046875 0.6045296875 0.5278125 0.6082921875 0.5395703125 0.6101734375000001 0.5512015625 0.610940625 0.6294562499999999 0.6248078125000001 0.6663718750000001 0.6273171875 0.67610625 0.624459375
3 0.557775 0.6163062499999999 0.5293296875 0.6020203125 0.52225 0.600975 0.5189640625 0.601671875 0.516434375 0.6116375 0.5067 0.6176999999999999 0.5054359374999999 0.6284328125 0.5073328125 0.6319859375 0.51390625 0.63484375 0.528571875 0.6383281249999999 0.5384328125 0.6394421875 0.674209375 0.65909375 0.6729453125 0.6547734375 0.66005 0.6459234375 0.557775 0.6163062499999999
4 0.641340625 0.6668296875 0.602528125 0.6568640625 0.5566375 0.6468984375 0.5534765625 0.64188125 0.543109375 0.6351218750000001 0.512009375 0.6280140624999999 0.5082171875 0.6283624999999999 0.5049296875 0.644390625 0.49911562500000006 0.6529609375 0.49974687500000003 0.6568640625 0.49519531250000004 0.6629265625 0.49329999999999996 0.6714984375 0.49393125 0.6750515625 0.5010109375 0.681115625 0.5082171875 0.6836234375 0.523009375 0.6829265625 0.554109375 0.683971875 0.5831859374999999 0.6954 0.6311 0.7117765625 0.637546875 0.7110796875000001 0.6433625000000001 0.708571875 0.641340625 0.7007671875 0.6323640625 0.6939375 0.5780031250000001 0.6721953125 0.5798984375 0.6696859374999999 0.5740828125 0.6654359375000001 0.5728187499999999 0.6622296875 0.6193421875 0.6721953125 0.669153125 0.687178125 0.6653609375 0.679721875 0.641340625 0.6668296875
4 0.6376734374999999 0.7289890625 0.6037921875000001 0.713240625 0.5504421875000001 0.6939375 0.5278125 0.6841109375000001 0.51163125 0.6793734375 0.501390625 0.6796515624999999 0.498103125 0.681115625 0.49646093750000003 0.6841109375000001 0.49165625 0.68648125 0.4840703125 0.7028578125 0.49266718750000005 0.707875 0.4900125 0.71024375 0.483059375 0.709059375 0.4787609375 0.718884375 0.47977187499999996 0.72599375 0.48457656250000003 0.7301734375 0.498103125 0.73400625 0.5099875 0.732821875 0.5455125 0.7351921875 0.591403125 0.7459234375 0.6338812500000001 0.754215625 0.626928125 0.7459234375 0.5864734375 0.7287109375 0.571428125 0.7236234375 0.56384375 0.7233453125 0.5562578125 0.719790625 0.5562578125 0.71679375 0.5595453125 0.7144250000000001 0.61833125 0.7322640625 0.6312265625 0.7351921875 0.6469031249999999 0.7349125 0.6376734374999999 0.7289890625
4 0.5950703125000001 0.7836234375 0.5957015625000001 0.7729609375 0.569784375 0.75630625 0.5299625 0.743275 0.5142859375 0.7363765625 0.501390625 0.7337281250000001 0.48786406250000003 0.73345 0.47812968749999996 0.7349125 0.4690265625 0.7429265625 0.4700375 0.7539374999999999 0.47812968749999996 0.7586765625 0.4700375 0.7598609374999999 0.46308437500000005 0.7655046875 0.46093593750000006 0.7729609375 0.46194687500000003 0.777421875 0.4700375 0.7812546874999999 0.485209375 0.7857140625000001 0.5228828125 0.78515625 0.5390640624999999 0.7913593750000001 0.5735781249999999 0.8005578124999999 0.580025 0.8011843750000001 0.5864734375 0.79909375 0.5892546875 0.7964453125000001 0.5886218750000001 0.7931703125 0.571428125 0.7848078125 0.5476609375 0.7756093749999999 0.54665 0.7717765625 0.54829375 0.77024375 0.569784375 0.776515625 0.5864734375 0.7848078125 0.5897593750000001 0.7884328125 0.5950703125000001 0.7836234375
4 0.374715625 0.7598609374999999 0.319215625 0.7655046875 0.3142859375 0.7673171875 0.313275 0.7694078125 0.316434375 0.7705921874999999 0.34399531250000004 0.773240625 0.364475 0.772334375 0.3757265625 0.769965625 0.3989890625 0.7750515625000001 0.41833125000000004 0.781603125 0.4312265625 0.7824390625000001 0.43931718750000004 0.7795124999999999 0.445259375 0.7756093749999999 0.44576562500000005 0.773240625 0.45284375 0.7696859375 0.45499375000000003 0.7631359375 0.46194687500000003 0.755121875 0.46194687500000003 0.74975625 0.45764843749999995 0.74648125 0.44045468750000005 0.7417421875 0.426928125 0.7417421875 0.36712968749999997 0.748571875 0.339696875 0.7545640625 0.3299625 0.7583968750000001 0.3359046875 0.7581187500000001 0.3945640625 0.756028125 0.4145390625 0.7565859374999999 0.4026546875 0.7619515625 0.374715625 0.7598609374999999
4 0.36788906250000003 0.72926875 0.330340625 0.7339375 0.3265484375 0.7378390625 0.3290765625 0.7403484375 0.33552499999999996 0.7424390625 0.3529703125 0.743903125 0.38470312500000003 0.7428578124999999 0.4048046875 0.7403484375 0.44943125000000006 0.7417421875 0.4604296875 0.7385359375 0.4610625 0.7303140625 0.45651093749999994 0.723903125 0.4604296875 0.722509375 0.467509375 0.7121953125 0.45651093749999994 0.7021609375 0.42996249999999997 0.7018125000000001 0.3840703125 0.705365625 0.3556265625 0.7082234374999999 0.3161828125 0.7164453125 0.3122625 0.71860625 0.3122625 0.7214640625000001 0.31555 0.7243203125 0.31858437500000003 0.7240421875 0.321996875 0.723903125 0.37370468749999997 0.7203484375 0.38343906250000004 0.7214640625000001 0.381415625 0.7250171875 0.36788906250000003 0.72926875
4 0.4048046875 0.695540625 0.44273125 0.699025 0.46156718750000003 0.6905218750000001 0.471175 0.671428125 0.4764859375 0.667246875 0.4764859375 0.65958125 0.473325 0.6556796874999999 0.464728125 0.651846875 0.45448750000000004 0.6509406249999999 0.435525 0.6524046875 0.42528437500000005 0.6551218750000001 0.40543593749999995 0.66369375 0.375221875 0.669059375 0.3309734375 0.6717078125 0.313275 0.6737984375 0.3040453125 0.6803484375 0.2954484375 0.6803484375 0.29431093750000004 0.6821609375000001 0.2959546875 0.6836234375 0.30139062499999997 0.6854359375 0.31694062500000003 0.6857140625 0.338053125 0.6824390625000001 0.37623281249999996 0.6812546875 0.40328749999999997 0.6842515625 0.3445 0.692821875 0.33742031250000004 0.6942859375 0.32503125 0.7008359375000001 0.32831875 0.7020203125 0.3423515625 0.70320625 0.4048046875 0.695540625
3 0.3307203125 0.6503828125 0.3662453125 0.64926875 0.4400765625 0.6510796875 0.465234375 0.6528921875 0.47307187500000003 0.651428125 0.480784375 0.647875 0.4826796875 0.6375609375 0.47749687500000004 0.6293375 0.4788875 0.622578125 0.465234375 0.617909375 0.4523390625 0.617909375 0.429709375 0.6243203125 0.38242656249999996 0.6303828125 0.3410875 0.6371421875000001 0.304171875 0.64 0.2871046875 0.638396875 0.28154218750000004 0.6371421875000001 0.2750953125 0.6354 0.286725 0.64466875 0.3003796875 0.647875 0.3307203125 0.6503828125
3 0.43716875 0.622090625 0.46687812500000003 0.6253656249999999 0.480278125 0.624459375 0.48685156249999995 0.619721875 0.48786406250000003 0.6084328125 0.48470312499999996 0.6039718749999999 0.48470312499999996 0.594703125 0.47812968749999996 0.5908703125 0.466371875 0.5894078125 0.446396875 0.5911500000000001 0.411378125 0.60188125 0.373578125 0.6108015625000001 0.3326171875 0.6184671875000001 0.30353906249999996 0.621184375 0.298103125 0.621184375 0.273325 0.620278125 0.31377968749999996 0.624459375 0.3520859375 0.624459375 0.43716875 0.622090625
1 0.4384328125 0.5944953125 0.46649843750000003 0.5956796875 0.48584062499999997 0.5870390624999999 0.4896328125 0.5784671875 0.487990625 0.5710109375 0.4798984375 0.5668296875000001 0.465865625 0.5627171875 0.4443734375 0.56236875 0.42275625000000006 0.5680140625 0.33173125 0.5828578125 0.269153125 0.5914984375000001 0.26169375 0.5914984375000001 0.250315625 0.59121875 0.2664984375 0.597421875 0.2864734375 0.5989546875 0.4384328125 0.5944953125
2 0.4265484375 0.557909375 0.449178125 0.55909375 0.47395624999999997 0.5567249999999999 0.484196875 0.5543546874999999 0.4848296875 0.5305921875 0.45625781249999997 0.534146875 0.433628125 0.5350515625 0.40986093749999997 0.5401390625 0.379140625 0.5427875 0.3646015625 0.547246875 0.3165609375 0.5522640625 0.31504374999999996 0.5549828125 0.31504374999999996 0.5570734374999999 0.3187109375 0.55909375 0.3279390625 0.5597218749999999 0.4265484375 0.557909375
2 0.29279375 0.537003125 0.3135265625 0.537003125 0.44285781249999995 0.52878125 0.48874843749999997 0.5270390625 0.4906453125 0.5131015624999999 0.48685156249999995 0.4984671875 0.4156765625 0.50418125 0.3581546875 0.5117078125 0.3228828125 0.520975 0.31605625000000004 0.5227171875 0.2901390625 0.5312890625 0.28824218749999997 0.534146875 0.2901390625 0.5359578125 0.29279375 0.537003125
2 0.299115625 0.48153281249999996 0.3024015625 0.4850875 0.3121359375 0.487246875 0.380025 0.4926125 0.4537296875 0.4943546875 0.4744625 0.49400625 0.48280625 0.48871093749999994 0.4815421875 0.4801390625 0.47319843749999996 0.46975625 0.4188375 0.467665625 0.3381796875 0.4705921875 0.32225000000000004 0.47149843750000003 0.30948125000000004 0.4722640625 0.3024015625 0.47581875 0.299115625 0.4786765625 0.299115625 0.48153281249999996
2 0.389128125 0.45721249999999997 0.46131406249999996 0.4646 0.4824265625 0.4655046875 0.47964531250000003 0.4565859375 0.4812890625 0.4384671875 0.46561250000000004 0.4349125 0.4462703125 0.434634375 0.3262953125 0.4429265625 0.3212390625 0.44529687500000004 0.3217453125 0.4482921875 0.3265484375 0.45184687500000004 0.331984375 0.45303125 0.389128125 0.45721249999999997
1 0.46232656250000004 0.4344953125 0.4726921875 0.434146875 0.49089687499999995 0.42738750000000003 0.4940578125 0.420975 0.49152968750000003 0.4073875 0.47724374999999997 0.400278125 0.4170671875 0.39637656250000003 0.28824218749999997 0.3961671875 0.27939375 0.39637656250000003 0.297471875 0.405296875 0.41643437499999997 0.426271875 0.44424843750000004 0.4331015625 0.46232656250000004 0.4344953125
3 0.3256640625 0.383903125 0.353603125 0.39073125000000003 0.45448750000000004 0.40954687500000003 0.47383125000000004 0.4091296875 0.48394375 0.403971875 0.4824265625 0.39540000000000003 0.4910234375 0.3889890625 0.48938125 0.37400625 0.4824265625 0.3693375 0.46839375 0.3684328125 0.43350156249999994 0.3701734375 0.371428125 0.3684328125 0.3351453125 0.3703140625 0.3279390625 0.3701734375 0.324146875 0.372753125 0.3217453125 0.377909375 0.322503125 0.3821609375 0.3256640625 0.383903125
3 0.461440625 0.373240625 0.47307187500000003 0.372334375 0.4801515625 0.3698265625 0.47383125000000004 0.3668296875 0.4809109375 0.3582578125 0.4824265625 0.34926875 0.4801515625 0.34369375 0.474715625 0.3385359375 0.46839375 0.3385359375 0.4443734375 0.3424390625 0.37067031250000004 0.34794375 0.311884375 0.34878125 0.30391875 0.3501046875 0.3176984375 0.3554703125 0.36131406250000003 0.3629265625 0.4359046875 0.368084375 0.461440625 0.373240625
4 0.43287031249999997 0.29951249999999996 0.44361562499999996 0.29769999999999996 0.4506953125 0.294146875 0.4566375 0.28376250000000003 0.45398281249999994 0.2754703125 0.44804062499999997 0.2710109375 0.445890625 0.256725 0.44146718749999997 0.25581875 0.419975 0.25581875 0.369659375 0.26487812499999996 0.3356515625 0.26508750000000003 0.303665625 0.2675953125 0.303034375 0.27337968749999997 0.30707968750000003 0.27763125 0.38445 0.2754703125 0.39835625 0.27602812499999996 0.408596875 0.281115625 0.4107453125 0.283484375 0.41024062499999997 0.284390625 0.40543593749999995 0.28466874999999997 0.3940578125 0.2820203125 0.36877343749999997 0.2804875 0.35170625 0.2842515625 0.3426046875 0.29024375 0.3273078125 0.297490625 0.3332484375 0.2993734375 0.3887484375 0.29386718749999996 0.43287031249999997 0.29951249999999996
