3 0.5591 0.390490625 0.5621437499999999 0.3960296875 0.56525 0.396865625 0.6312625 0.383246875 0.705009375 0.37429531250000003 0.7329109375 0.36405468750000003 0.6909953125 0.3678859375 0.6584015625 0.36875625 0.6336078125 0.362765625 0.6305015625 0.3695921875 0.6115406250000001 0.3723796875 0.6040578125 0.37300625 0.5644890625000001 0.3789625 0.5613828125 0.38066875 0.5591 0.3840828125 0.5591 0.390490625
1 0.735384375 0.3931734375 0.7360171875 0.390665625 0.73475 0.3892375 0.728915625 0.3892375 0.6674703125 0.391396875 0.5627140625 0.400278125 0.5560562499999999 0.4170328125 0.5555484374999999 0.42159531250000004 0.56785 0.42194374999999995 0.5937218750000001 0.4187390625 0.7036781249999999 0.4006265625 0.735384375 0.3931734375
2 0.7079265625 0.42692500000000005 0.715471875 0.42100312500000003 0.717121875 0.41508124999999996 0.6896 0.41745 0.6502859375 0.42187343750000006 0.61090625 0.4242421875 0.6104 0.42009687500000004 0.6001265625000001 0.4230578125 0.5526953125 0.4242421875 0.5548515625 0.43134843749999996 0.5527578125 0.44622031250000005 0.5543437499999999 0.4491125 0.557578125 0.449425 0.5634750000000001 0.44883281249999996 0.6669625 0.43699062499999997 0.7079265625 0.42692500000000005
2 0.7083062499999999 0.4569484375 0.7131890624999999 0.454859375 0.7131890624999999 0.45308281250000004 0.7104625 0.45130625 0.6959421875 0.44984375 0.654978125 0.447475 0.6097015625 0.44716093749999997 0.5552312500000001 0.4495296875 0.5540265625 0.4655875 0.554153125 0.468790625 0.5552312500000001 0.470846875 0.5633484375 0.470846875 0.6511734375 0.46109375 0.7083062499999999 0.4569484375
2 0.6594171875 0.48404687500000004 0.68998125 0.48059843750000003 0.6949265625 0.47763906250000004 0.697590625 0.47443437499999996 0.697590625 0.47244843750000004 0.6270765625 0.47317968749999995 0.5889031250000001 0.4726921875 0.5570062499999999 0.47419062500000003 0.5570062499999999 0.4791015625 0.5604953125 0.4883671875 0.562396875 0.49167500000000003 0.564171875 0.4939046875 0.5736203125 0.4931734375 0.6078 0.4887140625 0.6594171875 0.48404687500000004
2 0.6011421875 0.5162312499999999 0.61084375 0.517415625 0.614078125 0.515046875 0.6873812499999999 0.512678125 0.7100187499999999 0.5103093750000001 0.7197203125 0.5058859375 0.71864375 0.5035171875 0.715409375 0.5020203125 0.7046296875 0.499965625 0.6625875 0.49700468750000004 0.61781875 0.49491406250000003 0.5994921875 0.49345156250000005 0.5925171875 0.49432187499999997 0.5617625 0.4913625 0.560684375 0.492859375 0.5623328125 0.4981890625 0.560621875 0.5125390624999999 0.560684375 0.5162312499999999 0.560684375 0.5180078124999999 0.562840625 0.519784375 0.57565 0.519540625 0.6011421875 0.5162312499999999
1 0.7344328124999999 0.5574359375 0.7414078125 0.5541625 0.73874375 0.549425 0.732784375 0.5450015625 0.7155359375 0.5402640625 0.6627140625 0.5287015625 0.620671875 0.523371875 0.6115406250000001 0.51981875 0.598034375 0.5227796875 0.5624609375 0.5239640624999999 0.56303125 0.5411359375 0.5641093749999999 0.5440968749999999 0.567596875 0.548728125 0.5710843750000001 0.5521078125 0.575396875 0.552978125 0.6309453125 0.549425 0.728471875 0.5583078125000001 0.7344328124999999 0.5574359375
3 0.6396953125 0.588121875 0.72435 0.5712296875 0.7157265625 0.5659 0.6866203125 0.560884375 0.6208625 0.5587953125 0.5814843749999999 0.5514109375 0.57343125 0.5516890625 0.571275 0.5531875 0.5685484375 0.55701875 0.5669625 0.5626609375 0.56911875 0.567990625 0.5685484375 0.571821875 0.5620171875 0.57951875 0.5610015625 0.5851625 0.5620796875 0.586346875 0.5674703125 0.588121875 0.58744375 0.58930625 0.6396953125 0.588121875
3 0.6300578125 0.61508125 0.738934375 0.604109375 0.750221875 0.59878125 0.7454031249999999 0.59909375 0.6747625 0.591396875 0.6192765625 0.58753125 0.57343125 0.5833859375 0.5669625 0.586346875 0.563728125 0.5896203125 0.5599875 0.5981890625 0.5594171875 0.607384375 0.562840625 0.61556875 0.565884375 0.618634375 0.572353125 0.6227796875 0.58046875 0.6227796875 0.5923265625 0.6180421875000001 0.6300578125 0.61508125
4 0.584084375 0.6823750000000001 0.6196578125000001 0.6776390625000001 0.6859859375 0.6886109375 0.7183265624999999 0.68979375 0.72048125 0.6874265625 0.7199109375 0.6862421875 0.70481875 0.6803203124999999 0.6789468750000001 0.668478125 0.6353203125 0.659875 0.6320859375000001 0.6566359375 0.6320859375000001 0.6509921875 0.7112875 0.651584375 0.7194046875 0.6495296875000001 0.721559375 0.6447921875 0.7194046875 0.642425 0.70215625 0.6376875 0.633671875 0.6293968750000001 0.5868109375 0.6213859375 0.5523140625 0.6175546875 0.5544703125 0.6234765624999999 0.552821875 0.63026875 0.5566265625 0.647753125 0.5560562499999999 0.66401875 0.5603671875 0.6755828125 0.557578125 0.6793796875 0.5577046875 0.6823750000000001 0.5582125 0.683559375 0.5609390624999999 0.6850578125 0.5684843749999999 0.6850578125 0.584084375 0.6823750000000001
4 0.6918203125 0.746325 0.6982875 0.74364375 0.6982875 0.73890625 0.6875078125 0.7335765624999999 0.618515625 0.7190875 0.6314515625 0.7175890625 0.6783125 0.7252875000000001 0.6987953124999999 0.7256015625 0.7063406249999999 0.7235109375000001 0.7069124999999999 0.716996875 0.6831953125 0.710796875 0.6357640625000001 0.701009375 0.6060875 0.6924421875 0.573746875 0.6820625 0.5565 0.6791015625 0.55003125 0.6814703125 0.5489531249999999 0.683559375 0.5489531249999999 0.7016015624999999 0.551109375 0.7078375 0.5457203125000001 0.7110765625 0.539821875 0.72145625 0.539315625 0.7323234375000001 0.54305625 0.7365375000000001 0.5667718749999999 0.7404046875 0.60393125 0.7392203125 0.6918203125 0.746325
2 0.3450859375 0.535284375 0.368040625 0.5419359375 0.4129359375 0.5485890625 0.4713375 0.55081875 0.48839531249999996 0.5488328124999999 0.4951171875 0.5466390624999999 0.49784375000000003 0.54266875 0.49644843749999995 0.5375125 0.490171875 0.5323234375 0.4744453125 0.52863125 0.47178125 0.5298499999999999 0.4573875 0.5303375 0.3577046875 0.5268546875 0.3527578125 0.5264015625 0.3455296875 0.5259140625 0.34330937499999997 0.5268890625 0.34330937499999997 0.5330546875 0.3450859375 0.535284375
2 0.3674703125 0.51476875 0.380025 0.5184609375 0.428090625 0.522675 0.46220625000000004 0.5231625 0.4842109375 0.5214218749999999 0.4927703125 0.516996875 0.49727343749999997 0.509090625 0.4968296875 0.5029265625 0.49321562500000005 0.4987453125 0.4855421875 0.4962734375 0.4712109375 0.49379999999999996 0.4496515625 0.492825 0.4033609375 0.4950546875 0.3657578125 0.50115 0.360240625 0.50268125 0.358465625 0.5049109374999999 0.359353125 0.509334375 0.360684375 0.5108328125 0.3674703125 0.51476875
1 0.487634375 0.4229890625 0.49841406250000003 0.41483749999999997 0.500190625 0.4081859375 0.4908046875 0.40348281249999995 0.474128125 0.39829375 0.39283437499999996 0.3872171875 0.3356375 0.3835953125 0.3268234375 0.383003125 0.34299375 0.39042187500000003 0.3888390625 0.40323906249999997 0.472353125 0.4244515625 0.487634375 0.4229890625
4 0.47786875 0.3355625 0.48465468749999996 0.3382796875 0.49004375 0.34273750000000003 0.4949265625 0.3442 0.5268234374999999 0.343225 0.53088125 0.34225 0.535384375 0.3382796875 0.5434375 0.327446875 0.54483125 0.3234765625 0.5336078125 0.3091953125 0.5120484375000001 0.30449375 0.4985421875 0.30400625 0.481040625 0.30425 0.4666453125 0.3010453125 0.441534375 0.29784062499999997 0.4086875 0.29784062499999997 0.401521875 0.29857187500000004 0.3979078125 0.299546875 0.3984140625 0.3010453125 0.401521875 0.3025078125 0.4096390625 0.3035171875 0.42891562499999997 0.307453125 0.4603671875 0.31215625 0.4720359375 0.3160921875 0.47520625 0.318565625 0.47565 0.320028125 0.47387499999999994 0.3220125 0.470703125 0.3232328125 0.4639828125 0.3232328125 0.4 0.3174859375 0.3948 0.3180765625 0.3948 0.32051562499999997 0.39702031249999997 0.3222578125 0.43252968750000004 0.3301640625 0.47786875 0.3355625
4 0.4684203125 0.27593125 0.4283453125 0.268721875 0.4107796875 0.267084375 0.3924546875 0.27056718750000003 0.38833281249999996 0.27387656250000003 0.40215625 0.2769421875 0.42650625 0.284778125 0.46651875 0.28784375 0.489346875 0.29052656250000003 0.4979703125 0.2969 0.504375 0.2979453125 0.50995625 0.2979453125 0.531325 0.2944265625 0.5372859375 0.291153125 0.540646875 0.28683437500000003 0.543246875 0.27983281249999997 0.543246875 0.2722390625 0.5376671875000001 0.2666671875 0.5309453125 0.2636015625 0.5088140625 0.26008437500000003 0.48490781250000003 0.2592828125 0.4755234375 0.25949218749999997 0.45269531250000006 0.2559734375 0.42910624999999997 0.2559734375 0.41376093750000004 0.25701874999999996 0.40031718749999995 0.26008437500000003 0.408496875 0.26154687499999996 0.4714015625 0.26893125 0.475903125 0.271403125 0.4740015625 0.2750953125 0.4684203125 0.27593125
