4 0.55263125 0.8099968750000001 0.554596875 0.8074890625 0.55003125 0.8024734375 0.541534375 0.795646875 0.5356375 0.7870421875 0.519975 0.782375 0.5192765625 0.7755828124999999 0.5166765625 0.7719953125 0.502346875 0.7684078125 0.48662031250000004 0.7684078125 0.4788203125 0.770184375 0.4735578125 0.77593125 0.4578953125 0.7881218750000001 0.43633437500000005 0.8085687500000001 0.422003125 0.8225703125000001 0.416740625 0.828665625 0.41610625 0.8311734375000001 0.43113437499999996 0.8272375000000001 0.4762203125 0.8042843749999999 0.48338593750000003 0.8024734375 0.4879515625 0.8024734375 0.4912484375 0.8039015624999999 0.49150312500000004 0.8055375 0.48928281250000005 0.8071406250000001 0.4213703125 0.8408562500000001 0.4461640625 0.8408562500000001 0.49708281249999997 0.8268890624999999 0.55263125 0.8099968750000001
4 0.43855468750000004 0.763496875 0.4389984375 0.7667359375 0.45034843750000003 0.7674671875 0.4771078125 0.7674671875 0.4843375 0.7669796875 0.475840625 0.7547890625 0.47349375 0.75155 0.4707671875 0.7485546875 0.4617 0.751028125 0.44946093749999994 0.75653125 0.43855468750000004 0.763496875
4 0.4625875 0.7306859375 0.4611921875 0.7257046875000001 0.4611921875 0.7177296875 0.428090625 0.7359109375 0.4208625 0.7433640625 0.415409375 0.7525953125 0.4185796875 0.7588296875 0.42992968749999994 0.7578203125 0.4444515625 0.7536046875 0.4714015625 0.7411359375 0.4757140625 0.738628125 0.478884375 0.7353890625 0.4712109375 0.73465625 0.46391875000000005 0.732428125 0.4625875 0.7306859375
4 0.3470515625 0.7311390624999999 0.3470515625 0.7347265625 0.3492078125 0.7368171875 0.3573875 0.736225 0.4596703125 0.7111109375 0.490171875 0.7099265625 0.5059609375 0.7066171875 0.5114140625 0.703621875 0.5152187500000001 0.6931734374999999 0.5103359375000001 0.6848140625 0.5114140625 0.671646875 0.5059609375 0.6653781249999999 0.5015859375 0.664159375 0.48636718749999996 0.6632875 0.473303125 0.6632875 0.458084375 0.6692437499999999 0.440646875 0.6740515625 0.39873125 0.6791359375 0.3720984375 0.6871828125 0.3530125 0.69495 0.33779375 0.7054343750000001 0.3361453125 0.7087078124999999 0.3383 0.7120171875 0.3426765625 0.7128875 0.351934375 0.7120171875 0.3601140625 0.7099265625 0.3927703125 0.6979453125 0.42403281249999997 0.6950890625 0.43436874999999997 0.6954374999999999 0.425428125 0.6985375 0.423209375 0.6991640625 0.4090671875 0.7063390625 0.371528125 0.7179734375 0.351934375 0.7266453125 0.3470515625 0.7311390624999999
3 0.40393125 0.6512718750000001 0.38351250000000003 0.6559734374999999 0.34134375 0.6677109375 0.32955 0.6744343749999999 0.3227015625 0.6818875 0.3431203125 0.6809125 0.3852890625 0.6731796875 0.4660109375 0.6624515625 0.4800890625 0.6624515625 0.49733593750000005 0.6609890625 0.4960046875 0.6569843750000001 0.49778124999999995 0.6537437500000001 0.49733593750000005 0.6452796875 0.49067812499999997 0.63434375 0.4887125 0.6313125 0.4864296875 0.630825 0.4805328125 0.6313125 0.4183890625 0.6460125 0.40393125 0.6512718750000001
3 0.463221875 0.6006625 0.42878906250000004 0.6106234374999999 0.3757140625 0.61933125 0.33671562499999996 0.6290484375000001 0.3240328125 0.6375484375 0.315409375 0.64225 0.33354531249999997 0.64151875 0.396575 0.6322890625 0.4383 0.6290484375000001 0.4559921875 0.6290484375000001 0.47685468750000004 0.6305468750000001 0.48319531250000003 0.6285609375 0.4836390625 0.62358125 0.48681093750000004 0.6148734375 0.48636718749999996 0.60815 0.48484531249999996 0.6049109374999999 0.48319531250000003 0.602159375 0.48046875 0.5999296875 0.4772984375 0.5991640625 0.47279687499999995 0.5991640625 0.463221875 0.6006625
1 0.36474375000000003 0.5883671875 0.3284078125 0.6013234375 0.32117968750000003 0.6055734375 0.32117968750000003 0.6082890625 0.331134375 0.608534375 0.350665625 0.6073140625 0.39327812500000003 0.6020546875 0.43912500000000004 0.598084375 0.47495312500000003 0.5963421875 0.48129375 0.5948453125000001 0.48674687499999997 0.5911187499999999 0.48674687499999997 0.5841171875 0.490171875 0.5710203125 0.49036093750000004 0.5674328125 0.49036093750000004 0.5659359375 0.4649328125 0.566840625 0.4318328125 0.5729359374999999 0.36474375000000003 0.5883671875
2 0.433290625 0.5452796875 0.3507296875 0.5659703125 0.323525 0.57495625 0.347559375 0.5739468750000001 0.370259375 0.5711953125 0.40564375 0.5659703125 0.4364609375 0.563740625 0.4909328125 0.56175625 0.4907421875 0.547509375 0.49048749999999997 0.5415890625 0.48909375 0.536084375 0.484084375 0.5345875 0.474128125 0.535840625 0.433290625 0.5452796875
2 0.422003125 0.5177984375 0.36391874999999996 0.5225359375 0.346290625 0.5233015625 0.34445156250000003 0.52504375 0.3448953125 0.5270296875 0.3521875 0.5295015624999999 0.38161093749999997 0.5339953125 0.485921875 0.5337515625 0.4909328125 0.5345171875 0.49321562500000005 0.52601875 0.49258125 0.5182515624999999 0.49182031249999997 0.514071875 0.4909328125 0.5115984375 0.48776093749999994 0.5105890625 0.4650609375 0.5108328125 0.422003125 0.5177984375
2 0.37330312499999996 0.48481406250000003 0.364615625 0.48812187500000004 0.36734374999999997 0.49648281250000004 0.38909375 0.5012546875 0.43975937500000006 0.5048421875 0.49086875 0.5108328125 0.4930875 0.4973875 0.49353125000000003 0.47708125 0.49416562500000005 0.4716828125 0.45605624999999994 0.479728125 0.3983515625 0.48422187499999997 0.37330312499999996 0.48481406250000003
2 0.4051359375 0.4530125 0.3469875 0.44475781249999996 0.3731140625 0.46304375000000003 0.411034375 0.47021875 0.49004375 0.479903125 0.492009375 0.47596718750000006 0.49327812499999996 0.46520312500000005 0.4924546875 0.45841093749999995 0.49067812499999997 0.4533609375 0.48674687499999997 0.4490421875 0.48351249999999996 0.44869375 0.47305 0.44977343750000004 0.4051359375 0.4530125
1 0.4033609375 0.40059218750000003 0.33804687499999997 0.378475 0.3244765625 0.3757578125 0.31629687500000003 0.3766625 0.31521875 0.37934531250000003 0.317375 0.3826546875 0.329359375 0.3898296875 0.344578125 0.396690625 0.378884375 0.41852968749999997 0.426253125 0.43706093749999997 0.454534375 0.4454203125 0.4746984375 0.448415625 0.49315156250000003 0.4535 0.49207343750000004 0.4421453125 0.484084375 0.42309374999999994 0.48173750000000004 0.4179375 0.48122968750000006 0.41671874999999997 0.47742500000000004 0.4149421875 0.4496515625 0.412225 0.4033609375 0.40059218750000003
3 0.37146406249999997 0.3564953125 0.35136406249999996 0.35113125 0.3377296875 0.349634375 0.328471875 0.350540625 0.32251093750000004 0.3520375 0.321940625 0.3550328125 0.3235890625 0.35621718750000003 0.339378125 0.360084375 0.362778125 0.3696625 0.397590625 0.3825140625 0.4346234375 0.397178125 0.4574515625 0.40735 0.46727968750000004 0.41030937500000003 0.47159218750000004 0.41030937500000003 0.48192812500000004 0.4055375 0.4896 0.3983625 0.4899171875 0.385928125 0.4890296875 0.3825140625 0.48579531249999997 0.380425 0.4285984375 0.37324999999999997 0.395434375 0.3654828125 0.37146406249999997 0.3564953125
3 0.4001265625 0.325078125 0.3674703125 0.31849531249999996 0.349525 0.3164046875 0.3435 0.3173109375 0.34134375 0.32058593750000003 0.341915625 0.3256703125 0.34736875 0.32985000000000003 0.36696249999999997 0.3373390625 0.39904843749999996 0.34510625 0.445846875 0.361859375 0.46651875 0.3719953125 0.4779328125 0.375896875 0.48719062500000004 0.37739531249999997 0.4921375 0.3762109375 0.49644843749999995 0.3729015625 0.4970203125 0.365134375 0.49537031249999997 0.3576453125 0.499175 0.3481015625 0.499175 0.3466046875 0.4970203125 0.34392187500000004 0.49156562499999995 0.342703125 0.4529484375 0.3400203125 0.4001265625 0.325078125
4 0.3592890625 0.28411718750000003 0.35548437499999996 0.2874265625 0.3577046875 0.29279062499999997 0.3620171875 0.297875 0.3729234375 0.3068265625 0.40069687500000006 0.3164046875 0.4441984375 0.32358125000000004 0.4627140625 0.3301640625 0.4818015625 0.339115625 0.501903125 0.34183281249999997 0.5079265625 0.3397421875 0.5122390625000001 0.325984375 0.5122390625000001 0.30954375 0.5171218750000001 0.3020546875 0.5171218750000001 0.2972828125 0.5155359374999999 0.2942875 0.5166140625 0.28801875 0.4643625 0.28620625 0.42301875000000005 0.269175 0.3979703125 0.2614078125 0.3903609375 0.260815625 0.383259375 0.262 0.378884375 0.26468125 0.3805328125 0.2700796875 0.3859859375 0.27366718749999996 0.39904843749999996 0.28052968749999996 0.43823749999999995 0.2975625 0.44147187499999996 0.29965156249999997 0.4441984375 0.3029609375 0.44312031249999995 0.30445781250000004 0.44121718750000005 0.304771875 0.43823749999999995 0.3047375 0.41154062500000005 0.30505 0.3826890625 0.29487968750000004 0.365821875 0.28411718750000003 0.3592890625 0.28411718750000003
4 0.395434375 0.218425 0.401965625 0.2342390625 0.4499046875 0.2599796875 0.4694984375 0.2674328125 0.49067812499999997 0.2805984375 0.50215625 0.28955000000000003 0.5086875 0.291640625 0.517375 0.29285937500000003 0.5277109375 0.28927187499999996 0.5304375 0.2853703125 0.5304375 0.274015625 0.5407734375000001 0.2638453125 0.5494609374999999 0.2500875 0.5506031250000001 0.2438171875 0.55003125 0.242040625 0.5435 0.2396375 0.5249843750000001 0.2378265625 0.5086875 0.23396093750000002 0.49613125 0.22796875 0.4738109375 0.2154296875 0.4542171875 0.206165625 0.43735 0.2019859375 0.43081875 0.2022640625 0.4183265625 0.20735 0.4161703125 0.2091609375 0.47057656249999996 0.2429125 0.47057656249999996 0.24472343749999997 0.46727968750000004 0.24681250000000002 0.46480625 0.24684843750000002 0.46239687500000004 0.2465 0.421053125 0.2261921875 0.40691249999999995 0.21720625 0.4025359375 0.20675781249999997 0.395434375 0.218425
4 0.4594171875 0.1786140625 0.4694359375 0.1965515625 0.4939125 0.21100625 0.509765625 0.2192265625 0.5251750000000001 0.2314171875 0.5333546874999999 0.2401609375 0.5383640625 0.2413796875 0.5483203125 0.24064843749999998 0.5592265624999999 0.23765312500000002 0.5859859375 0.2182171875 0.5923265625 0.21076250000000002 0.5927703125 0.20675781249999997 0.5923265625 0.20525937500000002 0.572353125 0.1890625 0.55516875 0.186590625 0.5347500000000001 0.1808421875 0.51433125 0.1726234375 0.5052625 0.171646875 0.4961953125 0.1736328125 0.49435624999999994 0.17638437499999998 0.4961953125 0.1801109375 0.499809375 0.1840828125 0.5052625 0.18833125 0.529740625 0.1975625 0.5324671875 0.20128906249999998 0.5324671875 0.2035171875 0.528090625 0.20773281250000003 0.52473125 0.2084984375 0.49346875 0.1975625 0.47850312500000003 0.186590625 0.466265625 0.1706375 0.4594171875 0.1786140625
4 0.6301203125 0.19498437500000002 0.6072296875000001 0.19679531249999999 0.60126875 0.200975 0.6029171875 0.21382812499999998 0.6078 0.2186 0.6149015624999999 0.2215953125 0.6214328124999999 0.221909375 0.6301203125 0.2311734375 0.6311984374999999 0.24252812499999998 0.641534375 0.2455234375 0.6916296875 0.25088750000000004 0.719340625 0.252071875 0.7395046875 0.2428078125 0.7411546875 0.2392203125 0.7411546875 0.2368515625 0.73785625 0.234134375 0.732403125 0.232671875 0.7264421875 0.2320453125 0.72048125 0.232671875 0.7123015625 0.23653749999999998 0.6889031250000001 0.237721875 0.6785671875 0.236259375 0.6774890625000001 0.23385625000000002 0.6823718750000001 0.2293625 0.6889031250000001 0.22668125 0.732403125 0.2275859375 0.7351296875 0.225775 0.7367781250000001 0.223371875 0.7367781250000001 0.215325 0.7359546875 0.21414218749999997 0.7340515625 0.2135140625 0.6894109375 0.20783749999999998 0.662778125 0.205746875 0.64045625 0.197665625 0.6301203125 0.19498437500000002
4 0.695878125 0.264228125 0.71604375 0.266596875 0.72910625 0.2654125 0.72910625 0.2636015625 0.7247312499999999 0.2615109375 0.7095125 0.25851562499999997 0.674128125 0.25405781250000004 0.6692453125 0.252246875 0.6409640624999999 0.24747499999999997 0.6289796875 0.24656875 0.6262531250000001 0.24716093749999998 0.6224484375 0.249878125 0.6224484375 0.2531515625 0.607165625 0.2600140625 0.5968296875 0.2731796875 0.5892203125 0.28094687500000004 0.6050093750000001 0.2800421875 0.623525 0.2824453125 0.67305 0.2839421875 0.6975265625 0.2797625 0.7051359374999999 0.2755828125 0.7062140625 0.2725875 0.7062140625 0.26990625 0.7040578125 0.267503125 0.699175 0.2669109375 0.6888390625 0.267815625 0.676284375 0.27168281250000004 0.65783125 0.271403125 0.6310718750000001 0.2691046875 0.6279015625000001 0.2684078125 0.62568125 0.266596875 0.62568125 0.26482031250000004 0.6289796875 0.2633234375 0.695878125 0.264228125
4 0.59346875 0.302334375 0.587128125 0.315290625 0.5802796875 0.332740625 0.588459375 0.33075625 0.6043125 0.33075625 0.6315796875 0.3282484375 0.6592265625 0.3232671875 0.676475 0.3160578125 0.6796453125 0.3118078125 0.6773625 0.3078015625 0.673746875 0.30581718750000003 0.66829375 0.30581718750000003 0.6537734375 0.3078015625 0.6284078125 0.31480312499999996 0.6124921875 0.31727656249999997 0.6065953125 0.3175203125 0.6065953125 0.31553437500000003 0.6133796874999999 0.30905625 0.6197843749999999 0.30731406250000004 0.6343062500000001 0.3050859375 0.66829375 0.3018453125 0.702790625 0.297353125 0.703234375 0.296621875 0.7022828125 0.2956109375 0.695053125 0.293103125 0.685478125 0.2925109375 0.6827515625 0.2923015625 0.589346875 0.2888890625 0.5861765625 0.293103125 0.5898546875 0.29885 0.59346875 0.302334375
3 0.641090625 0.34022968750000004 0.6074828125 0.3375125 0.5802796875 0.33462187499999996 0.5591 0.3308953125 0.5390609375000001 0.3308953125 0.5348765625 0.33294999999999997 0.5330375 0.339184375 0.5348765625 0.35433593750000003 0.5394421875 0.360571875 0.5492703125 0.363671875 0.5598609375 0.361825 0.5787578124999999 0.3607796875 0.5911859374999999 0.35743593749999997 0.611984375 0.35621718750000003 0.6248578124999999 0.35433593750000003 0.667153125 0.354128125 0.6826890624999999 0.3495640625 0.704946875 0.3495640625 0.707990625 0.349146875 0.7098921875 0.347684375 0.7098921875 0.344584375 0.7046296875 0.34249375 0.641090625 0.34022968750000004
3 0.6949265625 0.3717875 0.6779328125 0.3707421875 0.590234375 0.3676078125 0.5653140624999999 0.3655515625 0.5513 0.361615625 0.5418515625 0.36098906249999996 0.533925 0.362034375 0.5289796875 0.36659687500000004 0.5267593749999999 0.37262343750000004 0.5293593750000001 0.382375 0.546734375 0.3975265625 0.5618890624999999 0.39773593749999997 0.6544703125 0.3943921875 0.673746875 0.3879828125 0.7034875 0.379240625 0.7126828125 0.377325 0.714584375 0.3740515625 0.7138234375 0.37262343750000004 0.7111609375 0.37136874999999997 0.6949265625 0.3717875
1 0.7036140625 0.40518906250000003 0.6972734375 0.4039359375 0.6791375000000001 0.40296093749999995 0.6636656249999999 0.399721875 0.549396875 0.3937296875 0.5357640625 0.395228125 0.5244765625000001 0.399721875 0.52175 0.40518906250000003 0.526253125 0.41563906250000004 0.5344328125 0.42535625 0.5516796875 0.428353125 0.5748249999999999 0.42859687500000004 0.5920093750000001 0.424625 0.600190625 0.42563593749999995 0.6596062500000001 0.418634375 0.690234375 0.42222187499999997 0.7012046875 0.421490625 0.7081171875 0.41940156249999994 0.7090671875 0.41563906250000004 0.705896875 0.40693124999999997 0.7036140625 0.40518906250000003
2 0.5839562500000001 0.4368171875 0.540203125 0.43646874999999996 0.527140625 0.437896875 0.525871875 0.4389765625 0.5251750000000001 0.44723125 0.5219406249999999 0.4598046875 0.527140625 0.46266093750000004 0.548065625 0.4659 0.572225 0.4623125 0.67786875 0.457228125 0.6858593749999999 0.45750624999999995 0.693025 0.4583421875 0.68649375 0.45332656250000003 0.654534375 0.4397078125 0.5839562500000001 0.4368171875
2 0.7109062500000001 0.47467812499999995 0.702346875 0.4726921875 0.6914390625 0.4726921875 0.6651234374999999 0.4714390625 0.5481296875 0.469940625 0.53176875 0.470184375 0.5218140625000001 0.4714390625 0.5190875 0.47293593749999996 0.5190875 0.48638125 0.5209265624999999 0.5053296875 0.526315625 0.5055734375000001 0.5490171875 0.503309375 0.600696875 0.4968296875 0.687128125 0.48753124999999997 0.6964484375 0.48638125 0.7159156249999999 0.48439531249999995 0.71864375 0.48241093749999997 0.7177546875 0.47864843749999997 0.7109062500000001 0.47467812499999995
2 0.7368421875 0.532428125 0.7368421875 0.52814375 0.7322765625 0.523825 0.7270140625 0.521665625 0.71135 0.5195046875 0.693721875 0.5195046875 0.570259375 0.51125 0.5383 0.5080453125 0.5213062500000001 0.5087421875 0.519975 0.5177296874999999 0.52390625 0.53385625 0.5213062500000001 0.5442703125 0.5748890624999999 0.5421109375000001 0.614078125 0.5414140625 0.6809125 0.5439921875 0.695053125 0.5435390625000001 0.71395 0.5417625 0.7315796875 0.5381750000000001 0.7362078125 0.5349359375 0.7368421875 0.532428125
2 0.540265625 0.5483796875 0.53215 0.5492859375 0.5261250000000001 0.5513765625 0.524540625 0.55465 0.5239703125 0.5731796874999999 0.5305015625 0.5749906250000001 0.5479390625 0.5755828125 0.5925171875 0.5717171875 0.6409640624999999 0.5669109375 0.6714015625 0.5595953125 0.6752687500000001 0.5588640625 0.6850343750000001 0.5564609375 0.628471875 0.55228125 0.554978125 0.549878125 0.540265625 0.5483796875
1 0.69169375 0.58279375 0.6525046875 0.577046875 0.608053125 0.5795546875 0.588459375 0.578475 0.5421046875 0.5781265624999999 0.5310078125000001 0.579903125 0.523209375 0.584221875 0.5185796875 0.5967609375 0.523209375 0.6046671875 0.53430625 0.6089515624999999 0.5532015625 0.6082546875 0.583259375 0.6039359375 0.6041859374999999 0.60431875 0.6485734375 0.5960640625 0.6851609375 0.5924765625 0.7099562500000001 0.594253125 0.71255625 0.5946015625000001 0.72175 0.5964125 0.71781875 0.5924765625 0.711921875 0.5895859375 0.69169375 0.58279375
3 0.674128125 0.6214906250000001 0.6637921875 0.6214906250000001 0.6289796875 0.6158140624999999 0.548446875 0.610728125 0.54299375 0.612225 0.5364609375 0.6172765625000001 0.5293593750000001 0.628665625 0.535384375 0.6370250000000001 0.547875 0.6376171875 0.5701968749999999 0.6358406249999999 0.5881421875 0.6328453125 0.625175 0.62985 0.6338625 0.62985 0.668675 0.6349359375 0.698225 0.633228125 0.7040578125 0.632253125 0.7040578125 0.6283531250000001 0.700825 0.6256703124999999 0.6855421875000001 0.6223609375 0.674128125 0.6214906250000001
3 0.7025359375 0.642284375 0.5787578124999999 0.641309375 0.5492703125 0.6398125 0.5429296875 0.642040625 0.5383640625 0.6452796875 0.53430625 0.6535 0.541090625 0.6614765625000001 0.5587828125 0.6679546875 0.5755859375 0.6674671875 0.594165625 0.6622078124999999 0.6127453125 0.6607453125 0.6268234374999999 0.65750625 0.65263125 0.6542671875 0.698096875 0.6495640625 0.7034875 0.6492859375 0.7071015625 0.6485203125 0.707990625 0.6450359375 0.70481875 0.642528125 0.7025359375 0.642284375
4 0.6773625 0.7112499999999999 0.676475 0.7137234375 0.673303125 0.715709375 0.6651234374999999 0.71745 0.626125 0.7187046875 0.6229546874999999 0.7182171875 0.6188328125 0.7184609375 0.6179453125000001 0.723196875 0.6225109375 0.7361546875 0.636525 0.7334031249999999 0.647875 0.7334031249999999 0.681928125 0.7311734375000001 0.7000640625 0.728665625 0.7077359375000001 0.7261921874999999 0.71864375 0.71671875 0.71864375 0.7132359375 0.7109062500000001 0.7074890625 0.7000640625 0.701009375 0.6868734375 0.6965515625 0.609765625 0.6942875 0.6116046875000001 0.69926875 0.6138874999999999 0.7012890625 0.6211156250000001 0.7032734375 0.6229546874999999 0.7047718749999999 0.6238421875 0.7082546875 0.622003125 0.7112499999999999 0.6248578124999999 0.7106234375 0.6270140625 0.710240625 0.647875 0.7074890625 0.6710203124999999 0.7089859374999999 0.6760296875 0.709753125 0.6773625 0.7112499999999999
4 0.6163609375 0.7387671874999999 0.5905515625 0.7350046875 0.5701328125 0.736503125 0.5637921875 0.7394984375 0.562396875 0.74346875 0.573303125 0.7561828125 0.56918125 0.7671546874999999 0.572859375 0.7723796875 0.5792015625 0.772134375 0.57780625 0.7788578125 0.5855421875 0.782584375 0.598225 0.782340625 0.6227015625 0.777603125 0.637221875 0.771403125 0.655865625 0.7686515625 0.68395625 0.7673984375 0.6852890625 0.7659 0.6835125 0.7629046875000001 0.6798984375 0.7611640625 0.6504125000000001 0.7611640625 0.6344953125 0.7619296875 0.6277109375000001 0.7609203124999999 0.61953125 0.7569484375 0.6190875 0.754440625 0.62048125 0.7502265625 0.636778125 0.7479625000000001 0.6818640625 0.749390625 0.6898546875 0.749459375 0.699365625 0.74820625 0.7066578125 0.7452453125 0.6907421874999999 0.743225 0.6163609375 0.7387671874999999
