4 0.7855046875 0.6332484375 0.7998609375 0.645890625 0.7921953125 0.621996875 0.7733796875000001 0.5748421875 0.7689203124999999 0.545259375 0.7620203125 0.516434375 0.7575609375 0.51061875 0.7531015625 0.51061875 0.74320625 0.52275625 0.7317765625 0.526421875 0.72041875 0.552465625 0.72041875 0.557775 0.7228578125 0.5677625 0.7271078125 0.5757265625 0.74320625 0.621996875 0.7542859375 0.6360296875 0.7622296875 0.641340625 0.7738671874999999 0.64500625 0.7758890625 0.641340625 0.775121875 0.636915625 0.7570734375 0.6161828125000001 0.752334375 0.5996203125 0.7526125 0.5964609375000001 0.75630625 0.5950703125000001 0.7590250000000001 0.5968390625 0.77115 0.6103671875 0.7855046875 0.6332484375
4 0.744459375 0.6715546875 0.751846875 0.676990625 0.7586765625 0.6758531249999999 0.759303125 0.6710499999999999 0.75303125 0.6537296875 0.7331015625 0.611125 0.72745625 0.586978125 0.717421875 0.554109375 0.6855749999999999 0.5620734374999999 0.6767937500000001 0.56826875 0.6808359375 0.606321875 0.6906625 0.6268015625000001 0.7064109375000001 0.6565109375 0.7250875 0.68394375 0.7387453125000001 0.7011375 0.7459234375 0.7055625 0.7473875 0.7032875 0.74648125 0.6968390624999999 0.7420203125 0.6882421875 0.7266203124999999 0.66826875 0.7179796875 0.6520859375 0.71533125 0.642478125 0.7149828125 0.6338812500000001 0.7166546874999999 0.628571875 0.719790625 0.6284453125 0.7331015625 0.6537296875 0.744459375 0.6715546875
4 0.679790625 0.67610625 0.68926875 0.6916562500000001 0.697003125 0.699746875 0.68188125 0.6189640625 0.67860625 0.5699109375 0.6770734375 0.56611875 0.657490625 0.56611875 0.6387453125 0.5606828125 0.6334500000000001 0.56498125 0.63254375 0.5687734375 0.632821875 0.5773703125 0.637003125 0.6065734375 0.6582578125 0.6845765625 0.662578125 0.6924140624999999 0.66794375 0.6897593750000001 0.666759375 0.6756 0.6586765625 0.629709375 0.65958125 0.6270546875 0.662578125 0.626421875 0.6655046875 0.629709375 0.67205625 0.6561312499999999 0.679790625 0.67610625
3 0.6080140625 0.5756 0.6202093750000001 0.6548671875000001 0.6294078125 0.69949375 0.6329609375 0.7070796875 0.63860625 0.7065734375 0.6397906250000001 0.6984828125 0.6324046875 0.6337546875 0.632125 0.5691531249999999 0.6285015625 0.5648546875 0.623484375 0.5627046874999999 0.6142859374999999 0.5627046874999999 0.6112890625 0.5648546875 0.6089203125 0.5691531249999999 0.6080140625 0.5756
3 0.58515625 0.584703125 0.6014640625000001 0.68280625 0.60418125 0.6892546875 0.6089203125 0.6898859374999999 0.6112890625 0.6855875 0.611915625 0.6790140625000001 0.6071078125 0.5648546875 0.5982578125 0.566371875 0.5872468750000001 0.5637171875 0.5854359375 0.5648546875 0.5842515625 0.569659375 0.58515625 0.584703125
1 0.555121875 0.5529703125000001 0.5548437500000001 0.5604296875 0.5554703125 0.5815421875 0.561115625 0.648925 0.5670390624999999 0.7054359375 0.5708703125000001 0.7163078125 0.5735890625 0.72060625 0.5759578125 0.72060625 0.5780484375 0.7173203125 0.579790625 0.7027812499999999 0.582509375 0.651075 0.58188125 0.567509375 0.5795125 0.5604296875 0.5735890625 0.5529703125000001 0.563484375 0.545890625 0.5607671875 0.5465234375 0.558396875 0.547534375 0.555121875 0.5529703125000001
2 0.5403484375 0.6876109375 0.543484375 0.6987359375 0.5488500000000001 0.613021875 0.5482234375 0.5994937499999999 0.5494078124999999 0.572565625 0.55303125 0.5386859375 0.5362375 0.5337546875 0.531915625 0.5327437500000001 0.5291984375000001 0.5321109374999999 0.5403484375 0.6876109375
2 0.5177703124999999 0.6304671875000001 0.5227875 0.6676359374999999 0.528153125 0.616434375 0.5296171875 0.5695328125 0.5317078125 0.5409609375 0.5169343750000001 0.5402015625 0.510034375 0.5412140625 0.5105921875 0.55613125 0.5177703124999999 0.6304671875000001
2 0.502090625 0.6544875 0.5018125 0.6859671875 0.5095468750000001 0.66169375 0.510034375 0.55613125 0.5122640625 0.5372953125000001 0.510521875 0.5345125000000001 0.5013234375 0.531353125 0.4910796875 0.533121875 0.48794375 0.5353984374999999 0.495121875 0.5848296875 0.502090625 0.6544875
2 0.47205624999999996 0.584703125 0.4875265625 0.6864734375 0.490034375 0.6905187500000001 0.49184687499999996 0.6879906250000001 0.4926828125 0.6834390625 0.49017343750000003 0.5318578125 0.47337968750000003 0.54058125 0.46794375 0.54386875 0.4636234375 0.547534375 0.47205624999999996 0.584703125
1 0.44975624999999997 0.7269281249999999 0.45345 0.736409375 0.45721249999999997 0.7367890625 0.4636234375 0.7251578125 0.4678046875 0.6878640625 0.46933749999999996 0.58053125 0.4675953125 0.5539828124999999 0.463903125 0.5432359375 0.457421875 0.5400765625 0.45400625000000006 0.5400765625 0.450521875 0.5428578125 0.441115625 0.553603125 0.4401390625 0.555878125 0.43763125 0.573325 0.44975624999999997 0.7269281249999999
3 0.4049484375 0.5653609375 0.40822343749999995 0.597725 0.41477343749999995 0.637546875 0.41769999999999996 0.714159375 0.4308015625 0.6796453125 0.43379843749999997 0.6251578125 0.4331703125 0.5782546875000001 0.43107968750000003 0.5632109375 0.4133796875 0.5610625 0.40850156249999997 0.5610625 0.4064109375 0.5610625 0.4049484375 0.5653609375
3 0.36926875 0.5857140625 0.37463437499999996 0.6159296875 0.37846718749999997 0.6778765625000001 0.377909375 0.726421875 0.389478125 0.7064468749999999 0.39540000000000003 0.674209375 0.4004875 0.6170671875 0.401671875 0.5754734375 0.40076718749999996 0.5723140625 0.39630624999999997 0.5690265625 0.377909375 0.566371875 0.3716375 0.565865625 0.3698953125 0.5701640625 0.36926875 0.5857140625
4 0.268640625 0.3996203125 0.2680140625 0.41200937499999996 0.2710109375 0.451328125 0.2745640625 0.4718078125 0.2745640625 0.5251578125 0.279303125 0.5343875 0.30041875 0.5472812499999999 0.305784375 0.5467765625000001 0.314703125 0.5359046875 0.32 0.5154234375 0.3185359375 0.4992421875 0.3149828125 0.48584062499999997 0.31107968750000003 0.4625796875 0.30815312499999997 0.43249062499999996 0.30250937499999997 0.40278125 0.2935890625 0.376990625 0.290034375 0.3715546875 0.28885 0.3720609375 0.28794375 0.374209375 0.28940781250000003 0.3984828125 0.294146875 0.4529703125 0.292125 0.45613125 0.290034375 0.4523390625 0.28648125 0.4384328125 0.27811875 0.3984828125 0.2754703125 0.39582812500000003 0.2710109375 0.395321875 0.268640625 0.3996203125
4 0.3117078125 0.36940625 0.31024375000000004 0.3720609375 0.31024375000000004 0.376359375 0.3117078125 0.3984828125 0.32118437499999997 0.45613125 0.32090625 0.46852031250000004 0.31672500000000003 0.4965859375 0.31672500000000003 0.5046781250000001 0.3185359375 0.5101140625 0.331915625 0.5187109375000001 0.34139375 0.5165609375 0.3482234375 0.5101140625 0.351846875 0.5122625000000001 0.36369375000000004 0.5068265625 0.36724687500000003 0.4992421875 0.36878125 0.486346875 0.3655046875 0.4653609375 0.3565859375 0.44538593750000005 0.34466874999999997 0.3903921875 0.3378390625 0.3689 0.331915625 0.36611875 0.330453125 0.36826875000000003 0.3301046875 0.3748421875 0.336096875 0.42389374999999996 0.3351921875 0.43893750000000004 0.3321953125 0.4384328125 0.32926875 0.43034062500000003 0.3161671875 0.3748421875 0.3149828125 0.3715546875 0.31379843749999997 0.36940625 0.3117078125 0.36940625
3 0.3631359375 0.35941875 0.3592328125 0.3627046875 0.3577703125 0.3681421875 0.3595125 0.44146718749999997 0.36369375000000004 0.4903921875 0.367875 0.494184375 0.379721875 0.49696562499999997 0.3868984375 0.496334375 0.39163749999999997 0.4910234375 0.3933796875 0.48394375 0.39254375 0.46460156250000006 0.37679375 0.36953281250000003 0.3740765625 0.3632109375 0.370521875 0.3589125 0.3631359375 0.35941875
3 0.38926875 0.365234375 0.388084375 0.47092343750000004 0.391359375 0.4892546875 0.3951921875 0.4957015625 0.3999296875 0.4967125 0.40383281249999997 0.49507031250000005 0.40794375 0.490265625 0.41421562500000003 0.47307187500000003 0.4154 0.4585328125 0.405853125 0.41377968750000005 0.3954703125 0.348040625 0.3921953125 0.3474078125 0.39045312499999996 0.35170625 0.38926875 0.365234375
1 0.4201390625 0.3029078125 0.4201390625 0.481921875 0.42460000000000003 0.4900125 0.435609375 0.4877375 0.44299687499999996 0.4829328125 0.4454359375 0.47104999999999997 0.44717812500000004 0.42528437500000005 0.4377 0.3643484375 0.43115 0.30455156250000004 0.42878125 0.301896875 0.42522656249999996 0.2996203125 0.4201390625 0.3029078125
2 0.5578390625 0.33426093749999997 0.552753125 0.3499375 0.54090625 0.4534765625 0.5426484375 0.484196875 0.54655 0.49494375 0.5510109375 0.498103125 0.55958125 0.4970921875 0.5599296875 0.3445 0.5604875 0.33919062499999997 0.561671875 0.3311 0.5578390625 0.33426093749999997
1 0.5908015625 0.329709375 0.5822296875 0.36093593749999997 0.567665625 0.42718125 0.565296875 0.44614374999999995 0.5744953125000001 0.4967125 0.578328125 0.4988625 0.58515625 0.4957015625 0.58696875 0.488115625 0.5899656249999999 0.453603125 0.5970734375 0.42136562499999997 0.60090625 0.37383125 0.6024390625 0.328571875 0.6006265625 0.3242734375 0.5940765625 0.3232609375 0.5908015625 0.329709375
3 0.609478125 0.37989843749999996 0.5995812500000001 0.422503125 0.598328125 0.45979843750000005 0.6035546875 0.49393125 0.605784375 0.500253125 0.6089890625 0.5046781250000001 0.6139375 0.5046781250000001 0.617421875 0.5011375 0.6198609375 0.49216249999999995 0.6248078125000001 0.41441249999999996 0.6248781250000001 0.3862203125 0.621184375 0.369784375 0.6151921875 0.3681421875 0.609478125 0.37989843749999996
3 0.6478046875000001 0.3690265625 0.6416031249999999 0.373325 0.6350515624999999 0.3964609375 0.6231359375000001 0.48432343749999995 0.6252265625 0.49089687499999995 0.6400703125 0.5032875 0.64188125 0.5021484375 0.6436234375 0.4945640625 0.6468984375 0.469784375 0.651915625 0.3906453125 0.6519859375 0.383565625 0.6510796875 0.37496874999999996 0.6478046875000001 0.3690265625
4 0.66926875 0.388115625 0.6600703125 0.41238906249999996 0.6559578125 0.4307203125 0.6538671875000001 0.4506953125 0.64466875 0.48685156249999995 0.645853125 0.48950625 0.6781875 0.501896875 0.6859234375 0.5024015625 0.688640625 0.498103125 0.6868296875000001 0.466371875 0.6912890625 0.4378 0.7037625000000001 0.3968390625 0.705575 0.37737031249999997 0.7037625000000001 0.373578125 0.6987453125 0.3838171875 0.6910109375 0.3940578125 0.676725 0.43565156250000003 0.6731703125 0.43994999999999995 0.676725 0.413021875 0.6838328125 0.3823015625 0.6835546875 0.376359375 0.677909375 0.37737031249999997 0.66926875 0.388115625
4 0.7103140625 0.3948171875 0.7028578125 0.4240203125 0.696934375 0.435778125 0.6891984375 0.46712968750000006 0.6871078125000001 0.48647343750000005 0.688640625 0.4967125 0.6942859375 0.5021484375 0.6999296875 0.5026546875 0.70885 0.5010109375 0.7180484375 0.49507031250000005 0.7251562500000001 0.48217499999999996 0.730521875 0.4579015625 0.7373515625 0.44665 0.7450875 0.41643437499999997 0.7480140625 0.39165625 0.7480140625 0.3781296875 0.7468296875 0.37281875000000003 0.7450875 0.371175 0.742996875 0.3721875 0.7263421875 0.417446875 0.717421875 0.435778125 0.7319859375 0.364475 0.7326125 0.3571421875 0.7156796875 0.37863437499999997 0.7103140625 0.3948171875
4 0.360278125 0.655246875 0.3652265625 0.655246875 0.3652265625 0.6493046875 0.36348437499999997 0.6451328125 0.3584671875 0.6445000000000001 0.3584671875 0.6093546875 0.3564453125 0.5768640625 0.3517078125 0.5768640625 0.34264843749999996 0.5810359375 0.3420203125 0.59608125 0.34320625 0.6493046875 0.338815625 0.6487984375 0.3381875 0.654109375 0.338815625 0.6579015625 0.346759375 0.6579015625 0.349965625 0.7240203125 0.3564453125 0.7223765625 0.35881562499999997 0.719215625 0.357003125 0.6573953125 0.360278125 0.655246875
4 0.2896859375 0.6557515625 0.29205625 0.653096875 0.292334375 0.6487984375 0.287665625 0.6456390625 0.2917765625 0.62060625 0.301184375 0.58053125 0.287665625 0.574209375 0.27825781250000003 0.6098609374999999 0.274146875 0.635525 0.26794375000000004 0.63173125 0.265575 0.639696875 0.2724046875 0.64614375 0.26118437499999997 0.7096078125 0.26411093750000003 0.7144125 0.268571875 0.7134 0.2694078125 0.7117578124999999 0.28236875 0.654109375 0.2896859375 0.6557515625
