4 0.55085625 0.2113546875 0.5535187500000001 0.21466406249999997 0.568675 0.22048125000000002 0.5746984375 0.22048125000000002 0.575840625 0.22504375 0.578503125 0.2288046875 0.5943562499999999 0.2339953125 0.603425 0.23420468749999998 0.617375 0.2302328125 0.627584375 0.223615625 0.6521874999999999 0.19495 0.6151546875 0.20825468749999998 0.6102093749999999 0.2063734375 0.595878125 0.1974578125 0.595878125 0.1905953125 0.5937859375000001 0.18150468749999998 0.590171875 0.18310625 0.5561828125 0.198084375 0.551996875 0.20222968749999998 0.5504749999999999 0.20741874999999999 0.55085625 0.2113546875
4 0.695053125 0.2251125 0.6954343749999999 0.2215609375 0.6942921875 0.2201328125 0.686746875 0.21950468750000002 0.660684375 0.221978125 0.6338625 0.2308953125 0.6126828125 0.23608437499999999 0.562778125 0.24005625 0.5521874999999999 0.2427375 0.5431203124999999 0.2481359375 0.5400765625 0.251271875 0.5400765625 0.25416249999999996 0.5427390625 0.25851562499999997 0.5514265625 0.268059375 0.5473046874999999 0.271403125 0.5461640625 0.276384375 0.5473046874999999 0.279275 0.559734375 0.2861375 0.568040625 0.28881875 0.57565 0.2892375 0.5907421875 0.28676406249999997 0.608878125 0.28052968749999996 0.623271875 0.2772203125 0.663284375 0.26642343749999997 0.683703125 0.2583078125 0.6958140625 0.2487640625 0.7048828125 0.2404734375 0.7064046875 0.23671250000000002 0.70564375 0.2325671875 0.7029796875 0.2323578125 0.6973359375 0.233403125 0.6720359375 0.2466734375 0.6565000000000001 0.2531171875 0.6414078125 0.2572625 0.627775 0.257471875 0.6188328125 0.25444062500000003 0.62175 0.254371875 0.6338625 0.2531171875 0.672415625 0.2323578125 0.6890296874999999 0.2275859375 0.695053125 0.2251125
4 0.73088125 0.2630796875 0.6823718750000001 0.277290625 0.6270140625 0.2892375 0.5966390625 0.290734375 0.57349375 0.2910140625 0.557196875 0.29348593749999996 0.5544703125 0.294740625 0.5535187500000001 0.2974578125 0.5594171875 0.30445781250000004 0.5553578124999999 0.3081859375 0.5558015625 0.313409375 0.5594171875 0.3204109375 0.57349375 0.3194015625 0.56265 0.3251125 0.5608109375 0.328875 0.5599234375 0.3330890625 0.5603671875 0.340821875 0.5635390625000001 0.3443046875 0.5694359375 0.345803125 0.578503125 0.345803125 0.5894109375000001 0.3443046875 0.6225109375 0.3330890625 0.636525 0.32960625 0.682815625 0.3216296875 0.69778125 0.317415625 0.709575 0.31267812500000003 0.723653125 0.30320468749999996 0.7295499999999999 0.2982234375 0.7349390625 0.290490625 0.7222578125 0.29348593749999996 0.6914390625 0.30693125 0.6800890625 0.3099265625 0.6592265625 0.31069375 0.6464171875 0.3076625 0.6528859375 0.3041796875 0.6705765625 0.29648281249999997 0.7045656250000001 0.285021875 0.7218140625 0.2755484375 0.73088125 0.2630796875
3 0.705834375 0.348484375 0.737159375 0.3387671875 0.7498421875 0.330025 0.7516796875 0.32556562499999997 0.7312624999999999 0.330025 0.6650609375000001 0.3387671875 0.5715921875000001 0.348728125 0.5679765625 0.3514796875 0.5661375 0.354196875 0.5634109375 0.3664234375 0.578884375 0.376628125 0.5818015625 0.3803203125 0.5833859375 0.381853125 0.585225 0.3828625 0.591121875 0.382340625 0.6255546875 0.3673984375 0.705834375 0.348484375
3 0.7143312500000001 0.38958593750000003 0.7382375 0.3836296875 0.745846875 0.38063437499999997 0.7469875 0.3764546875 0.7431828125 0.37464375 0.7301203125 0.37464375 0.700696875 0.3788234375 0.6577671875 0.38115625 0.601078125 0.38136562500000004 0.5912484375 0.38011093749999997 0.581040625 0.3805296875 0.569753125 0.3850921875 0.566328125 0.3876 0.5632843750000001 0.398815625 0.5644265625 0.402125 0.5799624999999999 0.406896875 0.5809124999999999 0.410065625 0.582625 0.41201718749999994 0.5896640625 0.41650937499999996 0.592390625 0.41650937499999996 0.6218140625 0.4072453125 0.7143312500000001 0.38958593750000003
1 0.6592890625 0.43852343749999995 0.7168671875 0.431034375 0.7477484375000001 0.42131718749999997 0.7526953125 0.41584843749999995 0.7518078125 0.41410625 0.7200375 0.412609375 0.5790109375 0.4160921875 0.566328125 0.41859999999999997 0.5604312499999999 0.42107343750000004 0.5577046875 0.42358124999999996 0.556753125 0.42779531249999997 0.5572609374999999 0.43253281250000003 0.560875 0.43702500000000005 0.5667718749999999 0.43852343749999995 0.5703875 0.4445140625 0.5717187499999999 0.4454890625 0.5744453125 0.4465 0.5925812500000001 0.4469875 0.6148390625 0.4432609375 0.6592890625 0.43852343749999995
2 0.6211796875 0.471890625 0.6733671875 0.4684078125 0.6905515624999999 0.46492500000000003 0.692390625 0.45970000000000005 0.6892203125 0.45771562499999996 0.6547234375000001 0.45245625 0.6062140625 0.4502265625 0.57083125 0.45047031249999997 0.5640453125 0.4522125 0.5649328125 0.4696625 0.5653765625 0.4733890625 0.566328125 0.4771515625 0.5681046875 0.47788281250000003 0.597146875 0.475653125 0.6211796875 0.471890625
2 0.6755859375 0.49185 0.681040625 0.48885468750000005 0.682878125 0.48683437500000004 0.6824343749999999 0.48460468749999996 0.6805953125 0.48261875 0.6751421875 0.481365625 0.597590625 0.4796234375 0.566328125 0.47788281250000003 0.5669625 0.4946359375 0.5667718749999999 0.498571875 0.5663921875 0.500696875 0.598034375 0.499790625 0.629359375 0.49533281249999994 0.6755859375 0.49185
2 0.6833859375 0.518321875 0.6861125 0.5165796874999999 0.68560625 0.5120859375 0.6838296875000001 0.5096140625000001 0.6792640624999999 0.507871875 0.5636015624999999 0.502125 0.5740640625 0.5258093749999999 0.5745078125 0.5273078124999999 0.5935312500000001 0.5258093749999999 0.6343687499999999 0.5213171875 0.6779328125 0.51933125 0.6833859375 0.518321875
2 0.584971875 0.5559390625 0.66474375 0.5462203125 0.692009375 0.541728125 0.70646875 0.536259375 0.6833859375 0.5315218749999999 0.6320859375000001 0.5307906250000001 0.5899171875 0.5292921875000001 0.575903125 0.5295375 0.5729859375 0.5450015625 0.5731765625 0.54820625 0.5740640625 0.5512015625 0.575903125 0.5529437500000001 0.58129375 0.5559390625 0.584971875 0.5559390625
1 0.7589734375 0.580146875 0.7655046875 0.5786484375 0.767153125 0.5726578124999999 0.7622703125 0.569696875 0.7486359375 0.5669796875 0.669753125 0.5598046875 0.633228125 0.5586203125 0.6076734375 0.5562171874999999 0.58865 0.5586203125 0.5783125 0.5705671875 0.5783125 0.5777421875 0.583703125 0.58255 0.5908046875 0.5855109374999999 0.60221875 0.5879140625 0.6076734375 0.5882265624999999 0.6294234375000001 0.5858234375 0.6664546875 0.5837343749999999 0.7437546875 0.58164375 0.7589734375 0.580146875
3 0.73176875 0.61786875 0.7562453125 0.6163703125 0.7594171875 0.6141421874999999 0.7521875 0.6091609375 0.71864375 0.60041875 0.6329109374999999 0.5907 0.6065953125 0.5859625 0.5975265624999999 0.5877046874999999 0.5916296875 0.5926859375 0.5880156249999999 0.596934375 0.578503125 0.602403125 0.578503125 0.6056421875 0.5866203125 0.6186 0.5975265624999999 0.6218390625 0.599809375 0.6218390625 0.610653125 0.6213515625 0.641090625 0.617625 0.6859859375 0.6151171875 0.73176875 0.61786875
3 0.7549140624999999 0.6619640625 0.7762203125 0.6572281249999999 0.7698796875 0.652978125 0.7440078125 0.647509375 0.67825 0.63629375 0.642865625 0.629571875 0.621559375 0.6218390625 0.6020921875 0.61738125 0.5970828125 0.619365625 0.5966390625 0.62309375 0.5848453124999999 0.6323234375 0.5844 0.6355625 0.589346875 0.6435390625 0.589790625 0.6517593749999999 0.589790625 0.652978125 0.5907421875 0.65423125 0.6074828125 0.6562171875 0.6333546875 0.6552421875000001 0.7549140624999999 0.6619640625
4 0.7605578125 0.7048062500000001 0.70386875 0.6796234375 0.6617 0.6726578125 0.6389984375 0.6681640625 0.615409375 0.6597000000000001 0.6022828125 0.6567046875 0.5896 0.6562171875 0.5827515625 0.65896875 0.5809765625 0.66395 0.5827515625 0.6736671875 0.5909328125 0.6818875 0.5845906249999999 0.6828624999999999 0.574128125 0.69160625 0.573684375 0.694078125 0.5755234375 0.6965859375 0.5809765625 0.698815625 0.5746359375 0.7025421875 0.5750796874999999 0.7052937499999999 0.5814203124999999 0.709021875 0.59004375 0.7115296875 0.6081796875000001 0.7132703125 0.631325 0.7115296875 0.65174375 0.7137578125 0.6789468750000001 0.71999375 0.729740625 0.7334375 0.7442609375 0.73295 0.7460375 0.731696875 0.7460375 0.7292234375 0.742421875 0.7252171875 0.7192765624999999 0.71525625 0.6907421874999999 0.7050500000000001 0.6789468750000001 0.6998265625 0.6716546875 0.693834375 0.6718453125 0.6897593750000001 0.678440625 0.687146875 0.7025359375 0.6901078125 0.741090625 0.70578125 0.75694375 0.7140015625 0.7605578125 0.7048062500000001
4 0.7360171875 0.77495625 0.7296125 0.7657953125 0.6842734375 0.7411 0.6479390625 0.7294671875 0.6131890624999999 0.7164046875000001 0.5992390624999999 0.7118421875000001 0.590171875 0.7099609375 0.5829421875 0.711215625 0.57691875 0.71410625 0.5738749999999999 0.71745 0.5617625 0.7249046875 0.5651875000000001 0.7330203125 0.5689921874999999 0.7371640625 0.5603046875000001 0.7392546875 0.5565 0.7417281250000001 0.554596875 0.7469171875 0.554596875 0.752525 0.5617625 0.7579234375 0.5829421875 0.764159375 0.6309453125 0.771821875 0.664996875 0.781575 0.6933421875 0.7882265625 0.7043125 0.792371875 0.7088140625 0.7932078125 0.713 0.7921625 0.7126187500000001 0.78801875 0.702790625 0.7799375000000001 0.6506031250000001 0.7575062499999999 0.6434375 0.7533609375 0.6396328125 0.7498437499999999 0.6377937499999999 0.7467078125 0.6407734375 0.7469171875 0.644578125 0.7473359375 0.65700625 0.7479625000000001 0.6827515625 0.7566703125 0.7088140625 0.768721875 0.7360171875 0.77495625
4 0.6370328125 0.795925 0.6427390625 0.7981890625 0.65256875 0.80090625 0.6699421875 0.8089859374999999 0.662778125 0.7981890625 0.649525 0.781190625 0.6412171875 0.7757921875 0.6298671875 0.7739109375 0.60646875 0.77495625 0.5951171875 0.7809828125 0.593215625 0.7845 0.5935953125 0.7876000000000001 0.5852890625 0.7886453125 0.57089375 0.7919546875 0.568675 0.7940437499999999 0.5701328125 0.80090625 0.5766015624999999 0.8079421874999999 0.5883328125 0.8141765624999999 0.609828125 0.82145625 0.6211796875 0.8272734375 0.618515625 0.8218734375000001 0.618515625 0.8096140625 0.6200375 0.8085687500000001 0.6268859375 0.8060953124999999 0.630628125 0.7965515625 0.633671875 0.7957156249999999 0.6370328125 0.795925
4 0.36651875 0.7386625 0.35783125 0.7368515625 0.34476874999999996 0.7323578125 0.3382375 0.7311734375000001 0.3344328125 0.731765625 0.330628125 0.7350749999999999 0.32955 0.7392546875 0.355675 0.75538125 0.3779328125 0.7673640625 0.3942921875 0.771821875 0.40139531249999993 0.772134375 0.406784375 0.77154375 0.40627812499999993 0.764959375 0.4182625 0.761371875 0.41984843749999995 0.757471875 0.4340515625 0.7562875 0.4275203125 0.7455234374999999 0.4340515625 0.7416578125 0.4318328125 0.73744375 0.41173125 0.7264015625 0.36220625 0.71623125 0.34476874999999996 0.713828125 0.33988593749999996 0.713828125 0.33608125 0.7147328125 0.33608125 0.718321875 0.33988593749999996 0.7198187500000001 0.34476874999999996 0.7207250000000001 0.34692500000000004 0.7207250000000001 0.377425 0.7326718750000001 0.377425 0.7359453125 0.37305 0.7380703125 0.36651875 0.7386625
4 0.41553593749999995 0.717659375 0.40900468749999996 0.7182515625 0.36823125 0.7170671875 0.3655046875 0.7191578125 0.3660109375 0.7230578125 0.4285984375 0.7290140625 0.46563125000000005 0.7344125 0.49175625 0.7394984375 0.5042484375 0.740090625 0.5168046875 0.7346921875 0.5173109375 0.726925 0.5276468750000001 0.7227453125000001 0.5314515625 0.7179734375 0.5303734375 0.7116687500000001 0.51953125 0.700034375 0.4939125 0.6985375 0.47000624999999996 0.7003140625000001 0.3937859375 0.703621875 0.3660109375 0.706896875 0.361128125 0.7093 0.35947968750000003 0.7116687500000001 0.36005 0.7128875 0.362778125 0.7137578125 0.3660109375 0.7137578125 0.3711484375 0.7109375 0.3725421875 0.710484375 0.4133796875 0.7122953125 0.41934062499999997 0.7137578125 0.41991093749999997 0.71525625 0.41553593749999995 0.717659375
4 0.3744453125 0.694496875 0.4107796875 0.69501875 0.4565625 0.6907703125 0.4669625 0.6922671874999999 0.49327812499999996 0.6974921875 0.5168671875 0.6980140625 0.527775 0.694496875 0.535003125 0.6875312499999999 0.534559375 0.6845343749999999 0.5259359375 0.6793109375 0.535446875 0.6638796874999999 0.533671875 0.65963125 0.5254921875 0.6521765625 0.514584375 0.6484156249999999 0.5078 0.6484156249999999 0.48287812499999994 0.6514109375 0.466075 0.655659375 0.4533921875 0.6576453124999999 0.397146875 0.6628703125000001 0.376284375 0.6695921874999999 0.372225 0.67234375 0.37083125 0.6748171875 0.371275 0.676315625 0.3740015625 0.67756875 0.3939765625 0.6735984375 0.422575 0.6693484375 0.43252968750000004 0.671334375 0.43481249999999994 0.6735984375 0.43481249999999994 0.6760703125 0.43113437499999996 0.67805625 0.418453125 0.6812953125 0.377615625 0.6872859375 0.37584062500000004 0.6875312499999999 0.372225 0.688540625 0.37083125 0.6902828125 0.371275 0.6927546875 0.3744453125 0.694496875
3 0.3504125 0.6357015625 0.35263125 0.6405078125 0.3564359375 0.643190625 0.362396875 0.64559375 0.39613125 0.6473703125 0.46366562499999997 0.647684375 0.5164234375000001 0.649459375 0.5305640625 0.64886875 0.5338625 0.6464640625 0.5376671875000001 0.63988125 0.539315625 0.63483125 0.5376671875000001 0.632428125 0.5229546875 0.6282484375 0.52568125 0.6246609375000001 0.524603125 0.6177640625 0.5218765624999999 0.6144890625 0.51261875 0.6129921875 0.4974 0.6123999999999999 0.47343124999999997 0.613896875 0.41521875 0.6219781249999999 0.36480625 0.6275171875 0.3585921875 0.6279343749999999 0.35586562499999996 0.6285265625 0.3520609375 0.6309296875 0.3504125 0.6330203125 0.3504125 0.6357015625
3 0.3244765625 0.6089171875 0.3258078125 0.610728125 0.3375390625 0.6153953125 0.3721625 0.6189828125 0.4890296875 0.6200281249999999 0.50995625 0.6196796875 0.5164875 0.6186 0.53088125 0.6096484375 0.5301843749999999 0.6060609375 0.5132531250000001 0.5974578125 0.5190875 0.5898984375 0.5190875 0.5870421875 0.5151546875 0.583803125 0.4988578125 0.5812953125 0.4746984375 0.5805984375000001 0.4452765625 0.5863109375 0.34895312500000003 0.5931375 0.3421046875 0.5934859375 0.338871875 0.59421875 0.32904218749999997 0.5988859375 0.3244765625 0.60498125 0.3244765625 0.6089171875
1 0.3842734375 0.5850578125 0.4533921875 0.5877749999999999 0.4724796875 0.589271875 0.504565625 0.5946359375 0.5258078125 0.58328125 0.5279640624999999 0.5778828125000001 0.5274578125 0.5751999999999999 0.5127453125 0.566840625 0.49258125 0.5590734375 0.4604953125 0.562346875 0.39682968750000003 0.5671546875 0.3473046875 0.5722046875 0.3298671875 0.5751999999999999 0.31477499999999997 0.5791015625 0.31027343749999997 0.5805984375000001 0.31027343749999997 0.5829671875 0.3131890625 0.585475 0.3353203125 0.5862765624999999 0.3842734375 0.5850578125
2 0.345909375 0.5513765625 0.34857343749999997 0.5528390625 0.3531390625 0.5535359375 0.4105890625 0.5542671875 0.453075 0.5556953124999999 0.46480625 0.55750625 0.5020296875 0.5610937500000001 0.5118578125 0.5600140625 0.5196578125 0.5571234375 0.5242234375 0.55245625 0.5255546875 0.5442 0.5255546875 0.5338203125 0.5170578124999999 0.5288046875 0.5046296875 0.5280734375 0.49486406250000003 0.528421875 0.4902984375 0.5309296875 0.48636718749999996 0.5349 0.40665781250000005 0.539915625 0.35903593749999996 0.5441312500000001 0.3531390625 0.5442 0.3505390625 0.544584375 0.3472421875 0.5460125 0.3452765625 0.5485203125 0.345909375 0.5513765625
2 0.3588453125 0.5301984375 0.453646875 0.5293281249999999 0.49752656249999994 0.5327765624999999 0.5171218750000001 0.5319046875 0.528090625 0.5293281249999999 0.5359546875000001 0.5258796875 0.536715625 0.520725 0.528090625 0.5000703125 0.4740015625 0.5039359375 0.3862390625 0.5146984375 0.3376671875 0.52243125 0.33608125 0.5228843750000001 0.333734375 0.5237203125 0.3329734375 0.5254609375 0.3344953125 0.5293281249999999 0.3588453125 0.5301984375
2 0.3521875 0.488575 0.3573875 0.4896546875 0.44229531250000004 0.49501875 0.49258125 0.49752656249999994 0.529803125 0.49536718750000003 0.52916875 0.47349375 0.52656875 0.46990625 0.5194046875 0.4688265625 0.48021562500000003 0.468478125 0.4481921875 0.47098593749999995 0.4129359375 0.47279687499999995 0.360240625 0.4790671875 0.355421875 0.479240625 0.352821875 0.48032031249999996 0.35085625 0.4824796875 0.35085625 0.48533593750000004 0.3521875 0.488575
2 0.3809125 0.46353125000000006 0.458021875 0.46569062499999997 0.48218125 0.46387968749999997 0.5213703125 0.46353125000000006 0.5194046875 0.4452453125 0.51610625 0.4394984375 0.5121749999999999 0.4380703125 0.505009375 0.437721875 0.49524375000000004 0.4394984375 0.381990625 0.4469171875 0.3757140625 0.44775312500000003 0.37045 0.44991250000000005 0.369815625 0.45419687499999994 0.3757140625 0.46137187500000004 0.3809125 0.46353125000000006
1 0.2989859375 0.41769375000000003 0.30386875 0.418878125 0.3240328125 0.419784375 0.398034375 0.42845625 0.4355734375 0.43504062499999996 0.4633484375 0.43890624999999994 0.5008874999999999 0.43504062499999996 0.518896875 0.4293625 0.5259359375 0.42577499999999996 0.525428125 0.4227796875 0.518896875 0.4156046875 0.50741875 0.41020625 0.48947343749999994 0.4078375 0.41762812499999996 0.409021875 0.363728125 0.40811562500000004 0.31135 0.40975312500000005 0.304946875 0.40961406250000004 0.300634375 0.40992656250000004 0.296259375 0.41142500000000004 0.296259375 0.41379374999999996 0.2989859375 0.41769375000000003
3 0.3288515625 0.3988859375 0.33145156249999996 0.402821875 0.339315625 0.40606093750000005 0.375903125 0.41142500000000004 0.43855468750000004 0.417171875 0.4712109375 0.421490625 0.4908046875 0.420759375 0.501903125 0.41790312500000004 0.4908046875 0.40606093750000005 0.51433125 0.39637812499999997 0.517628125 0.3934859375 0.514965625 0.387390625 0.49733593750000005 0.3805640625 0.4686109375 0.3812953125 0.36753281250000003 0.3826546875 0.3405828125 0.3841515625 0.3340515625 0.3877390625 0.32821875 0.392790625 0.3288515625 0.3988859375
3 0.3408375 0.3676078125 0.352821875 0.37001093749999997 0.4497140625 0.38136562500000004 0.491059375 0.384953125 0.50304375 0.3834546875 0.512809375 0.36941875 0.5209890625 0.36401875 0.51173125 0.35447656250000004 0.5035515625 0.3532921875 0.439378125 0.3535703125 0.33918906249999997 0.355659375 0.33538437499999996 0.35775 0.33430624999999997 0.36165156249999997 0.3348765625 0.36374062500000004 0.3364609375 0.3652390625 0.3408375 0.3676078125
4 0.350665625 0.3366078125 0.3797078125 0.33956875000000003 0.4372859375 0.3440609375 0.45903593750000005 0.3490421875 0.48719062500000004 0.3520375 0.4989859375 0.35130625000000004 0.5057703124999999 0.34705625 0.5130625 0.3380703125 0.5116671875 0.3313484375 0.5034875000000001 0.3241375 0.5098281250000001 0.318146875 0.5121109374999999 0.3144203125 0.5116671875 0.31118125 0.508496875 0.3081859375 0.5007609375000001 0.30445781250000004 0.48579531249999997 0.30320468749999996 0.46220625000000004 0.3051890625 0.4381734375 0.3091953125 0.36696249999999997 0.3057125 0.360178125 0.30644375 0.35523125 0.3081859375 0.350665625 0.312190625 0.351553125 0.3151515625 0.3533921875 0.31591718750000003 0.3679140625 0.31616093749999996 0.41008281249999995 0.3204109375 0.41553593749999995 0.32389375 0.41553593749999995 0.32713281250000004 0.412809375 0.32911875 0.4096390625 0.32960625 0.351996875 0.32911875 0.349778125 0.3293625 0.3466078125 0.3311046875 0.34565625 0.33336875 0.34609999999999996 0.33434375 0.350665625 0.3366078125
4 0.372859375 0.299721875 0.435003125 0.30073125 0.48579531249999997 0.30073125 0.5062140625 0.2967265625 0.5107796875 0.2927546875 0.51439375 0.28376875 0.5098281250000001 0.277290625 0.5034875000000001 0.273075 0.49264374999999994 0.27056718750000003 0.4939765625 0.267815625 0.49353125000000003 0.266075 0.49036093750000004 0.2631140625 0.48040625 0.25987499999999997 0.4649328125 0.261371875 0.39873125 0.277290625 0.34933437500000003 0.2787875 0.34071093750000003 0.2795546875 0.339759375 0.2800421875 0.3424859375 0.2825140625 0.35611875 0.28376875 0.402346875 0.28328125000000004 0.41553593749999995 0.2855109375 0.41642343750000005 0.2865203125 0.4150921875 0.2882625 0.40462968750000006 0.290490625 0.39740000000000003 0.290734375 0.35523125 0.28899375 0.350221875 0.28899375 0.3470515625 0.289759375 0.3470515625 0.2927546875 0.3542796875 0.29721406250000004 0.372859375 0.299721875
4 0.381103125 0.2757921875 0.4038046875 0.2702890625 0.411984375 0.267571875 0.41699374999999994 0.2640546875 0.4183265625 0.2583421875 0.4164875 0.255834375 0.40741875 0.2528734375 0.41242812500000003 0.24639531250000002 0.401965625 0.24413125 0.401965625 0.2396375 0.390234375 0.2344125 0.38972656250000004 0.2296765625 0.3875078125 0.22845624999999997 0.3824984375 0.227446875 0.37298593750000003 0.22995468749999998 0.3566265625 0.2354234375 0.32942343749999997 0.24737031250000002 0.32492031250000003 0.2516203125 0.327584375 0.2583421875 0.3457828125 0.2593171875 0.349396875 0.26008437500000003 0.352125 0.2628359375 0.352125 0.26631875 0.349396875 0.2702890625 0.339378125 0.2742953125 0.33671562499999996 0.2750265625 0.3357640625 0.2760359375 0.338490625 0.27725468750000004 0.35757812499999997 0.277778125 0.381103125 0.2757921875
