4 0.65085625 0.3194015625 0.7187703125 0.293103125 0.7433734375000001 0.27464374999999996 0.7427390625 0.2696625 0.7375390625 0.26823437499999997 0.7304375000000001 0.26893125 0.724603125 0.271090625 0.6948640625 0.28707812499999996 0.6799625 0.29062968749999996 0.672225 0.2913265625 0.6715921875 0.28955000000000003 0.6760937499999999 0.28422187499999996 0.6864296875 0.279971875 0.7168671875 0.270359375 0.731071875 0.2600484375 0.728471875 0.255103125 0.7227015625 0.252246875 0.7149015624999999 0.2525953125 0.681928125 0.26112812500000004 0.6372859375 0.27464374999999996 0.598478125 0.2760359375 0.5933421875 0.2774640625 0.5907421875 0.28565 0.5913765625 0.2938 0.5952437500000001 0.298084375 0.5933421875 0.3080109375 0.593659375 0.31448906249999997 0.5939765625 0.31797343749999996 0.6004437499999999 0.3239984375 0.6088140625 0.3275515625 0.6198484375 0.327934375 0.65085625 0.3194015625
4 0.7322124999999999 0.3564265625 0.7629671874999999 0.3395328125 0.761065625 0.33288125 0.7471140625 0.3313484375 0.7163609375 0.33799999999999997 0.6800890625 0.340578125 0.6800890625 0.34005625 0.676346875 0.33904531250000003 0.6791375000000001 0.336990625 0.75085625 0.316021875 0.758275 0.3103796875 0.755484375 0.3063046875 0.7433734375000001 0.30679218750000004 0.6930875000000001 0.3155 0.649334375 0.32675 0.62048125 0.32675 0.6046296875 0.3282828125 0.5999359375 0.3318703125 0.598096875 0.33646875 0.5999359375 0.351828125 0.596259375 0.361546875 0.598225 0.37251875 0.6027265625 0.37533906250000004 0.6148390625 0.3779171875 0.6297406249999999 0.3779171875 0.6614453124999999 0.36973124999999996 0.7322124999999999 0.3564265625
3 0.6494609375 0.40313437499999993 0.7473046875 0.37756875 0.7696265624999999 0.3729359375 0.7696265624999999 0.367328125 0.7547234375 0.3657953125 0.65783125 0.3729359375 0.6466703125000001 0.3765234375 0.634559375 0.3821671875 0.601965625 0.3831765625 0.5935953125 0.387775 0.5926437499999999 0.391884375 0.5935953125 0.39495 0.599175 0.39801406250000004 0.6029171875 0.402125 0.60393125 0.40825468750000005 0.60475625 0.41232968750000004 0.6057078125 0.416440625 0.614078125 0.4184953125 0.6252375 0.4153953125 0.6494609375 0.40313437499999993
3 0.7757765625 0.4076625 0.7552953125 0.401009375 0.6873171874999999 0.4020546875 0.6239703125 0.40512031249999997 0.5987953125 0.40919531249999996 0.5857953124999999 0.4168578125 0.5857953124999999 0.4235109375 0.587634375 0.4260890625 0.6023468750000001 0.43260156250000004 0.6100187499999999 0.435284375 0.62213125 0.436328125 0.6537734375 0.42709843750000004 0.7776796874999999 0.41738125000000004 0.7757765625 0.4076625
1 0.7568796875 0.46245156249999997 0.7731765625 0.45733125 0.779390625 0.45391875 0.779390625 0.45050468749999995 0.7739375 0.44796250000000004 0.74134375 0.44625624999999997 0.7157265625 0.4437125 0.6520609375 0.439846875 0.6272671875 0.43688593750000004 0.6124921875 0.43814062500000006 0.5853515625 0.43814062500000006 0.576790625 0.44029999999999997 0.573684375 0.44454843750000006 0.5732406250000001 0.45423125000000003 0.5746359375 0.4571921875 0.5786296875 0.45990937499999995 0.5876984375000001 0.4607453125 0.6885859375 0.46502968750000007 0.7568796875 0.46245156249999997
2 0.7411546875 0.48133125000000004 0.7427390625 0.4779171875 0.736525 0.474503125 0.6503484375 0.470671875 0.6115406250000001 0.465134375 0.575840625 0.46172031249999995 0.571971875 0.4638453125 0.5696265625 0.46642343750000004 0.5618890624999999 0.4830375 0.5634109375 0.48474375 0.6084343750000001 0.48474375 0.6899171875000001 0.487321875 0.7279640625 0.48516250000000005 0.7411546875 0.48133125000000004
2 0.7143312500000001 0.5067578125 0.7259984375 0.5039015625000001 0.7311984375 0.5003484375 0.7247312499999999 0.4946703125 0.6807234375 0.49324218750000004 0.6277109375000001 0.489690625 0.6083062499999999 0.4864859375 0.58566875 0.48756562499999995 0.5643 0.485440625 0.560178125 0.499478125 0.559796875 0.50285625 0.563665625 0.503553125 0.5694984375 0.503553125 0.615409375 0.5024734375000001 0.7143312500000001 0.5067578125
2 0.717375 0.5264375 0.7238421875000001 0.5246609375 0.7264421875 0.520759375 0.7232093749999999 0.5175546875 0.7070390625 0.5143500000000001 0.5621437499999999 0.5061656250000001 0.5621437499999999 0.5232328125000001 0.562778125 0.5246609375 0.56734375 0.5257046875 0.5738109375 0.5260890625 0.6268234374999999 0.5239296875 0.717375 0.5264375
2 0.7457828125 0.5493203125 0.7457828125 0.5439921875 0.7315796875 0.535109375 0.6946734375 0.530825 0.649396875 0.5311734375 0.595053125 0.528353125 0.5666453125 0.529396875 0.5634109375 0.53368125 0.5625234375 0.543678125 0.5640453125 0.5464640625 0.575015625 0.5478921875 0.65263125 0.54754375 0.7431828125 0.5507140625 0.7457828125 0.5493203125
1 0.74305625 0.5731796874999999 0.755484375 0.5676421875 0.7562453125 0.5625218750000001 0.752378125 0.5595609375 0.744578125 0.558271875 0.7057703125 0.5569843750000001 0.636715625 0.5518640625 0.5986687500000001 0.5497390625 0.580025 0.5523156250000001 0.5699421874999999 0.5574015625000001 0.5703875 0.5635671875 0.5709578125 0.5682 0.5777421875 0.5714734375 0.5940390625 0.5731796874999999 0.7104625 0.5753390625 0.74305625 0.5731796874999999
3 0.7647437499999999 0.6077671875 0.7647437499999999 0.6012546875 0.757196875 0.5971093749999999 0.7437546875 0.5938703125 0.703296875 0.5903171875 0.6618265625 0.5858578125 0.6122390625 0.5766984374999999 0.6036140624999999 0.5772906250000001 0.58744375 0.581434375 0.5820546875 0.5879484374999999 0.5847171875 0.5929640625 0.5929609375 0.599721875 0.597146875 0.6018453125 0.623525 0.6039359375 0.73348125 0.6089515624999999 0.7610015625 0.609265625 0.7647437499999999 0.6077671875
3 0.761065625 0.650784375 0.76918125 0.6484156249999999 0.7718453125 0.6457328125 0.7713375 0.6433640625 0.676475 0.618809375 0.6521874999999999 0.6093 0.6370953125 0.6016015625 0.622003125 0.5962734375000001 0.6064046875 0.5939046875 0.6090671875 0.60073125 0.6074828125 0.605746875 0.60475625 0.6078375 0.594546875 0.610484375 0.5918203125 0.615534375 0.592390625 0.61999375 0.5964484375 0.6266109375 0.5982875 0.6282828125 0.60475625 0.630059375 0.6279640625 0.6336125 0.75085625 0.6510625 0.761065625 0.650784375
4 0.7615093749999999 0.6839421875 0.762840625 0.683246875 0.764109375 0.6786140625 0.760875 0.6722390625 0.7382375 0.6619296875 0.6690546875 0.6448625 0.6386171875 0.63988125 0.632846875 0.636328125 0.6270140625 0.6292234375 0.6199109375 0.6264015625 0.607609375 0.628178125 0.6024093749999999 0.6342046875 0.5940390625 0.6381046875 0.5940390625 0.64559375 0.5979078125 0.660153125 0.5933421875 0.6647515625 0.5933421875 0.6676078125 0.599809375 0.6828984375 0.606975 0.6839421875 0.64914375 0.68474375 0.6677234375000001 0.6882265624999999 0.7337343749999999 0.6985015625 0.7544078125 0.7024375 0.760240625 0.70170625 0.76220625 0.6974578124999999 0.7499046875000001 0.6903515625 0.6942921875 0.6786140625 0.6729234374999999 0.6708109375 0.6716546875 0.6676078125 0.6722890625 0.6647515625 0.6741921875 0.6633578124999999 0.7078625 0.6665265625 0.7447046875 0.676140625 0.758275 0.683246875 0.7615093749999999 0.6839421875
4 0.7402031250000001 0.74151875 0.742803125 0.7407874999999999 0.7434375 0.737965625 0.7408375 0.7347609375 0.6942921875 0.7116687500000001 0.631515625 0.68645 0.6095125 0.683246875 0.599175 0.6860671875000001 0.5914390625 0.6931734374999999 0.5901078125 0.708115625 0.584971875 0.7202015625 0.584971875 0.7273078125 0.6024093749999999 0.732984375 0.6211796875 0.732984375 0.6393156249999999 0.7347609375 0.676790625 0.74576875 0.7149656249999999 0.7560781249999999 0.7220671875 0.7557296874999999 0.7272671875000001 0.7543015625 0.7272671875000001 0.7514453125 0.7233984375 0.74754375 0.7052625 0.740090625 0.679390625 0.7312093749999999 0.6716546875 0.7265765625 0.6703234375 0.7230234375 0.6716546875 0.7215953125000001 0.6741921875 0.7215953125000001 0.713 0.7347609375 0.7285359375 0.7407874999999999 0.7337343749999999 0.74151875 0.7402031250000001 0.74151875
4 0.41261875000000003 0.73368125 0.46043124999999996 0.7365375000000001 0.48826875000000003 0.7376171874999999 0.5024734375000001 0.7407874999999999 0.519340625 0.7454203125000001 0.5348124999999999 0.74576875 0.5426124999999999 0.7439921875 0.5497140625 0.7376171874999999 0.5497140625 0.72978125 0.5549140625 0.7202015625 0.5561828125 0.7159171875 0.5542171875 0.7091953125 0.548446875 0.7056421875 0.5315796875000001 0.703134375 0.48566875 0.710240625 0.42618906250000005 0.714525 0.40095156249999997 0.718425 0.3989859375 0.719853125 0.3989859375 0.7212468750000001 0.40031718749999995 0.72340625 0.4015859375 0.7237546874999999 0.45206093750000004 0.7216296875 0.461128125 0.7223265624999999 0.46563125000000005 0.7237546874999999 0.46366562499999997 0.72765625 0.41724843749999996 0.72699375 0.411921875 0.7273078125 0.408053125 0.7287359375 0.408053125 0.730128125 0.4086875 0.73155625 0.41261875000000003 0.73368125
4 0.43532031250000003 0.705746875 0.50215625 0.701009375 0.5253640625 0.7039703125 0.5441984375 0.703378125 0.554978125 0.7001046875 0.5582125 0.689446875 0.554978125 0.6728671875 0.554978125 0.6633921875000001 0.546353125 0.6583765625 0.5334171875 0.6574718749999999 0.5226375 0.65865625 0.5118578125 0.6610234375 0.4859859375 0.67021875 0.4407109375 0.6764187500000001 0.41699374999999994 0.6805640625 0.41433125000000004 0.6820625 0.41376093750000004 0.68443125 0.415409375 0.6864859375 0.41972031249999997 0.6882625 0.42726718750000003 0.6882625 0.46873750000000003 0.6820625 0.47305 0.6838390624999999 0.47305 0.6879828125 0.469815625 0.69094375 0.4622703125 0.6939046875 0.43100781250000003 0.6985015625 0.42561875000000005 0.6998265625 0.41972031249999997 0.70188125 0.41972031249999997 0.703378125 0.42238437500000003 0.705746875 0.43532031250000003 0.705746875
3 0.397146875 0.664715625 0.41914999999999997 0.6643671875 0.477996875 0.660815625 0.5303734375 0.6611640624999999 0.543309375 0.6590390625 0.551109375 0.6551375 0.5537093750000001 0.6483796875000001 0.548509375 0.6430515625 0.54914375 0.6345171875 0.5414078124999999 0.626715625 0.5310718750000001 0.626715625 0.5071015625 0.6298843749999999 0.45732343750000004 0.6444796875 0.40583437499999997 0.655103125 0.4010140625 0.6561828125 0.39327812500000003 0.658690625 0.39264375 0.6611640624999999 0.3939125 0.6636359374999999 0.397146875 0.664715625
3 0.3776796875 0.6278296875 0.378946875 0.6335078125 0.384146875 0.6391843749999999 0.3918828125 0.6416921875 0.39644843750000003 0.642040625 0.41325312500000005 0.6416921875 0.51090625 0.63385625 0.5471140625 0.6278296875 0.5535828125 0.623196875 0.5549140625 0.6203765625 0.545846875 0.6139671875 0.5315796875000001 0.6104140625000001 0.53874375 0.601184375 0.536778125 0.5965515625 0.5296765625 0.5933828125 0.51350625 0.5933828125 0.44299375 0.606165625 0.4035515625 0.6118421875 0.3938484375 0.612921875 0.38865 0.6139671875 0.38218125000000003 0.617171875 0.378946875 0.620725 0.3776796875 0.6278296875
1 0.3634109375 0.6043890625 0.36924531250000003 0.6068625 0.378946875 0.60759375 0.4223203125 0.6068625 0.5315796875000001 0.59265 0.539378125 0.5884015625 0.54388125 0.5819921875 0.5426124999999999 0.5766625000000001 0.5251109375 0.5756187500000001 0.5102734375 0.5706375 0.48440000000000005 0.5709859374999999 0.372225 0.5896203125 0.3666453125 0.590875 0.361509375 0.5937296875 0.360178125 0.5990593750000001 0.360875 0.6015328125 0.3634109375 0.6043890625
2 0.3629671875 0.5746781249999999 0.44121718750000005 0.5690000000000001 0.5078 0.568303125 0.5285359374999999 0.5665265625 0.53436875 0.564403125 0.536271875 0.5611984375 0.535003125 0.5526640625 0.5304375 0.54625625 0.5246671875 0.5455593750000001 0.5162328125 0.5459078125 0.47419218750000003 0.5519671875000001 0.4107796875 0.556565625 0.36563124999999996 0.5630796874999999 0.36036718749999996 0.56401875 0.35776718750000003 0.5657953124999999 0.3565 0.571125 0.35776718750000003 0.5729015625 0.3629671875 0.5746781249999999
2 0.35947968750000003 0.5559390625 0.369815625 0.5562875 0.40342500000000003 0.5523859375 0.4868734375 0.5463250000000001 0.5347500000000001 0.5452796875 0.5379828125 0.5438515625 0.5405828125000001 0.538871875 0.5405828125000001 0.5228843750000001 0.5379828125 0.5111453125 0.5211796875 0.5111453125 0.4868734375 0.515778125 0.360684375 0.53629375 0.3549140625 0.536746875 0.351046875 0.5381750000000001 0.348446875 0.5420765624999999 0.3516796875 0.5516546875 0.35947968750000003 0.5559390625
2 0.3584015625 0.49327812499999996 0.3661375 0.49470625 0.40044375 0.500034375 0.472225 0.5060609375 0.5129359375 0.5103453124999999 0.5381734375 0.5110421875 0.5407734375000001 0.480146875 0.536271875 0.47659375 0.508434375 0.4762109375 0.4773625 0.47763906250000004 0.4411546875 0.477290625 0.358909375 0.47788281250000003 0.3512359375 0.47941406249999996 0.34996875 0.4822703125 0.3512359375 0.4872515625 0.3532015625 0.48937656250000006 0.3584015625 0.49327812499999996
2 0.37374687500000003 0.4574015625 0.464553125 0.47230937500000003 0.497146875 0.47830000000000006 0.5211796875 0.48000625 0.5305015625 0.48000625 0.5328468749999999 0.474015625 0.5351296875 0.462521875 0.53436875 0.4603625 0.509575 0.4561125 0.417184375 0.450575 0.38611249999999997 0.4480328125 0.35269531249999997 0.44266875 0.3473046875 0.442459375 0.34654375000000004 0.4454546875 0.3473046875 0.44757968750000005 0.35434375 0.45141093750000005 0.37374687500000003 0.4574015625
1 0.3385546875 0.4246609375 0.347875 0.42723750000000005 0.4774890625 0.454928125 0.487571875 0.45621718749999995 0.509321875 0.4545109375 0.5318328125 0.451096875 0.5411546875 0.451096875 0.5442609375 0.44939062500000004 0.54654375 0.44301562499999997 0.5388078125 0.43448281250000004 0.512428125 0.423825 0.45960625000000005 0.41616093750000005 0.3505390625 0.41396718750000006 0.3440078125 0.41400156250000003 0.33779375 0.4148734375 0.3331015625 0.417415625 0.3338625 0.422953125 0.3385546875 0.4246609375
3 0.35954375 0.386625 0.3634109375 0.39258125 0.37349375 0.39599375000000003 0.43018437499999995 0.410065625 0.494609375 0.4271328125 0.5140140625 0.42796874999999995 0.5334171875 0.4271328125 0.5372859375 0.4237203125 0.5357000000000001 0.418146875 0.5349390625 0.4113546875 0.5357000000000001 0.41048437499999996 0.54039375 0.4096484375 0.559796875 0.40195 0.5605578125 0.39811874999999997 0.555865625 0.39470625 0.5411546875 0.38787812499999996 0.509321875 0.3819234375 0.4588453125 0.376803125 0.39740000000000003 0.3733890625 0.3890296875 0.3729703125 0.36886562500000003 0.3733890625 0.3618265625 0.376803125 0.35954375 0.382340625 0.35954375 0.386625
3 0.40577031249999995 0.36255625 0.505896875 0.3877046875 0.5284078125 0.39453125 0.5447046875 0.39453125 0.553265625 0.3919546875 0.5540265625 0.383003125 0.5578953125 0.3778828125 0.5648703125 0.3715078125 0.5617625 0.36468124999999996 0.552440625 0.360396875 0.517565625 0.3561484375 0.4124921875 0.34991249999999996 0.401903125 0.3493203125 0.397209375 0.35102812499999997 0.39644843750000003 0.3552765625 0.39955625 0.3595609375 0.40577031249999995 0.36255625
4 0.4460375 0.33904531250000003 0.4801515625 0.3475796875 0.5003796875 0.35440625 0.5244140625 0.36419375 0.54305625 0.364646875 0.5507921875 0.363775 0.5585921875000001 0.3569484375 0.5624609375 0.342459375 0.559353125 0.3352140625 0.568675 0.3220125 0.5639828125 0.318146875 0.5492703125 0.314315625 0.5097015625 0.3134796875 0.479390625 0.316021875 0.458465625 0.31260937499999997 0.45535781249999996 0.3130265625 0.45535781249999996 0.313896875 0.458465625 0.316440625 0.46930937500000003 0.3194359375 0.4771078125 0.3228484375 0.47862968749999996 0.3262625 0.4771078125 0.33009374999999996 0.4740015625 0.3313828125 0.46930937500000003 0.3313828125 0.42447656250000004 0.3291890625 0.41731093750000003 0.32925781249999997 0.41496562499999995 0.32925781249999997 0.41344375 0.3313828125 0.418071875 0.3330890625 0.4460375 0.33904531250000003
4 0.421496875 0.2908046875 0.42612500000000003 0.2925109375 0.482815625 0.2984671875 0.522384375 0.309125 0.5417875000000001 0.3125390625 0.554978125 0.3112859375 0.5604312499999999 0.30658281249999997 0.5619531249999999 0.2993375 0.5573234375 0.2882625 0.5588453125 0.281434375 0.5627140625 0.27331875 0.5565 0.270359375 0.5324671875 0.2690703125 0.4921375 0.27331875 0.46962656249999996 0.27206562500000003 0.45174375 0.273771875 0.4152828125 0.27589687500000004 0.40748281249999996 0.278021875 0.40830625 0.281434375 0.41217499999999996 0.281853125 0.4594796875 0.281434375 0.4703875 0.281853125 0.47349375 0.2822703125 0.4757765625 0.2852671875 0.4727328125 0.28780937500000003 0.4303109375 0.2865546875 0.42301875000000005 0.285684375 0.41914999999999997 0.286103125 0.4183890625 0.287390625 0.41914999999999997 0.28909843749999997 0.421496875 0.2908046875
4 0.5366515625 0.2676421875 0.55954375 0.2661796875 0.569815625 0.2593171875 0.5770453125 0.251340625 0.5582125 0.23981249999999998 0.5582125 0.233890625 0.5533296875 0.2318 0.533925 0.2303375 0.514521875 0.237721875 0.4455296875 0.2483796875 0.44394375 0.249878125 0.445021875 0.2516546875 0.45415312500000005 0.252525 0.5161703125 0.249878125 0.5231453125 0.2540234375 0.521559375 0.2552078125 0.46873750000000003 0.2540234375 0.45472343750000005 0.2540234375 0.45256875 0.25489375000000003 0.45256875 0.256078125 0.46442656250000003 0.258759375 0.5366515625 0.2676421875
