4 0.533121875 0.20794375 0.49532187499999997 0.229965625 0.45499375000000003 0.23909375000000002 0.43565156250000003 0.25024375 0.4400765625 0.2577 0.45398281249999994 0.26682968749999997 0.4571421875 0.27177656250000004 0.481415625 0.2821609375 0.49494375 0.2824390625 0.5011375 0.2804875 0.5128953125 0.2722640625 0.5290765625 0.2663421875 0.5505687499999999 0.2554703125 0.5685203125 0.2240421875 0.5667515625 0.22125468750000002 0.5555 0.2215328125 0.5505687499999999 0.22571406249999998 0.5415921875 0.24132343750000002 0.5290765625 0.2482921875 0.5201015625000001 0.24801406250000002 0.51833125 0.24655 0.5187109375000001 0.242578125 0.5204796875000001 0.24007031250000002 0.5484203125 0.2126125 0.5484203125 0.20843281249999998 0.544753125 0.20689843749999998 0.533121875 0.20794375
4 0.5866 0.23853593750000002 0.5537296875 0.25958125 0.533121875 0.269965625 0.5134000000000001 0.27519218749999996 0.49089687499999995 0.2843203125 0.5097343750000001 0.31972187500000004 0.5142859375 0.3219515625 0.5195953125 0.32369375 0.5290765625 0.32418125 0.5515796875000001 0.31679375 0.5582812500000001 0.31282187499999997 0.6135265624999999 0.2724734375 0.6193421875 0.265784375 0.6211125 0.254146875 0.6193421875 0.2489203125 0.6112515625 0.2526828125 0.5987359375 0.266271875 0.588875 0.27421562499999996 0.5798984375 0.2793734375 0.570796875 0.28188124999999997 0.5646015625 0.28209062500000004 0.5640953125 0.2793734375 0.5996203125 0.244459375 0.6 0.23756093749999999 0.5946906249999999 0.235540625 0.5866 0.23853593750000002
4 0.633375 0.29707343750000004 0.6300890625 0.28759531250000003 0.6188374999999999 0.284878125 0.6214921875 0.294425 0.6193421875 0.29707343750000004 0.5654874999999999 0.31846718749999997 0.5395703125 0.31909375 0.5207328125 0.3208359375 0.5142859375 0.3235546875 0.5190890625 0.33630625 0.5201015625000001 0.354425 0.5195953125 0.3603484375 0.517446875 0.363065625 0.5190890625 0.36515624999999996 0.528825 0.3654359375 0.5395703125 0.363971875 0.5859671875 0.35205625 0.6386859375 0.3336578125 0.642478125 0.3312890625 0.643615625 0.32648125 0.6414671875 0.3247390625 0.6338812500000001 0.3247390625 0.59721875 0.335121875 0.5778765625 0.3386765625 0.5735781249999999 0.3372125 0.586978125 0.3262015625 0.61555 0.314634375 0.6290765625 0.3068984375 0.633375 0.29707343750000004
3 0.6270546875 0.36898906249999996 0.6562578125 0.35888437500000003 0.6615671875 0.3561671875 0.6620734374999999 0.3528921875 0.6599234375 0.351428125 0.6567640625 0.351428125 0.6298359375 0.3540765625 0.5898859375 0.3633453125 0.53059375 0.36898906249999996 0.5279390625 0.37282187499999997 0.5311 0.39003437500000004 0.5327437500000001 0.39184687500000004 0.541340625 0.39330937499999996 0.5560046875 0.3906625 0.5915296875 0.37846718749999997 0.6270546875 0.36898906249999996
3 0.636409375 0.3978390625 0.6476609375 0.3936578125 0.6584078124999999 0.3868296875 0.66005 0.382996875 0.653096875 0.37853593750000003 0.53501875 0.3936578125 0.5338812500000001 0.40557499999999996 0.5360296875 0.40794375 0.53830625 0.41414687499999997 0.544753125 0.41414687499999997 0.5619468750000001 0.41212499999999996 0.636409375 0.3978390625
1 0.5906453125 0.438815625 0.6611890625 0.42522656249999996 0.6823015625 0.419790625 0.6859671875 0.41679374999999996 0.6859671875 0.41456406250000005 0.6773703125 0.4093375 0.667003125 0.40885 0.6073328124999999 0.41205625 0.5381796875 0.4187453125 0.533628125 0.4212546875 0.52604375 0.43533125000000006 0.5255375 0.439790625 0.5278125 0.44376249999999995 0.5327437500000001 0.4455046875 0.5434890625000001 0.44501718749999997 0.5906453125 0.438815625
2 0.66169375 0.4475953125 0.6585328125000001 0.4461328125 0.653096875 0.445784375 0.5706703125 0.44878125 0.5242734375 0.44787499999999997 0.5204796875000001 0.44905937500000004 0.5168140625000001 0.46871093750000004 0.5161828125000001 0.47163750000000004 0.6056890625 0.46153281249999994 0.6573953125 0.4537984375 0.6623265625 0.4517765625 0.66169375 0.4475953125
2 0.620228125 0.4777703125 0.638559375 0.47449531250000004 0.6456390625 0.472125 0.64665 0.46975625 0.6418453125 0.468571875 0.6170671875 0.468571875 0.535778125 0.4698953125 0.529203125 0.46975625 0.5204796875000001 0.4703828125 0.5211125 0.48731718749999997 0.5490515625 0.4861328125 0.620228125 0.4777703125
2 0.623009375 0.4850171875 0.5726921875000001 0.4880140625 0.5300890625 0.48850156250000004 0.5228828125 0.48947812500000004 0.5214921875 0.49121875 0.5255375 0.5078046875 0.526928125 0.50926875 0.5309734374999999 0.5098265625 0.538559375 0.508571875 0.651328125 0.48850156250000004 0.623009375 0.4850171875
2 0.658028125 0.509965625 0.65941875 0.507246875 0.6576484375 0.5055046875 0.653096875 0.5048078125 0.5704171875 0.5082921875 0.5219968749999999 0.5065500000000001 0.5188375 0.509478125 0.5188375 0.5142156250000001 0.526928125 0.5221609375 0.5283187500000001 0.52885 0.5290765625 0.5322640625 0.533121875 0.5342859375 0.559165625 0.5282921875000001 0.6455124999999999 0.513240625 0.658028125 0.509965625
1 0.6968390624999999 0.5514984375 0.7070796875 0.5461328125 0.7075859375 0.5419515625 0.7042984375 0.539025 0.6924140624999999 0.536028125 0.6676359374999999 0.5327531249999999 0.601896875 0.5291984375000001 0.5501890625 0.5291984375000001 0.5378000000000001 0.5306625 0.5226296875 0.5345640625 0.52161875 0.5407671875 0.5242734375 0.54878125 0.53059375 0.5564453125 0.5351453125 0.56041875 0.5437421875 0.5627875 0.581415625 0.5621609375000001 0.6735781249999999 0.5556796875 0.6968390624999999 0.5514984375
3 0.668015625 0.588640625 0.686978125 0.5910109375 0.685840625 0.588640625 0.6723140625 0.5814640625 0.6432359375 0.575540625 0.58938125 0.5701734375 0.5446265625 0.5675265625 0.5451328125 0.5740765624999999 0.539190625 0.5877359375 0.5381796875 0.5906625 0.541971875 0.5942859375 0.56940625 0.5933796874999999 0.6298359375 0.588640625 0.668015625 0.588640625
3 0.6437421875 0.628153125 0.6772437499999999 0.6322640625 0.684196875 0.6310796875 0.684196875 0.628153125 0.6713015625 0.6200703125 0.6432359375 0.6114984375 0.602275 0.602578125 0.5462703125 0.5972125 0.541340625 0.6007671875 0.5370421875 0.6091296875000001 0.5332484375 0.6248781250000001 0.5332484375 0.6257140625 0.5353984374999999 0.630521875 0.541971875 0.6317078125 0.6001265625000001 0.628153125 0.6437421875 0.628153125
4 0.4218703125 0.7219515624999999 0.45423437499999997 0.7237625000000001 0.464475 0.7199296875 0.4704171875 0.7154703125 0.47307187500000003 0.7062015625 0.48166875 0.6964453125000001 0.4801515625 0.6910796875 0.47092343750000004 0.6827875 0.455878125 0.6774218750000001 0.4407078125 0.6759578125 0.42831875 0.6791640625 0.40682656250000004 0.6824390625000001 0.3566375 0.68515625 0.327559375 0.6887109375 0.3189640625 0.6919859374999999 0.3168140625 0.69581875 0.3168140625 0.6993734375 0.32060625 0.7026484375 0.3270546875 0.702996875 0.3723140625 0.6973515625 0.3836921875 0.6981875 0.386346875 0.699721875 0.38520937499999997 0.7026484375 0.3782546875 0.70418125 0.3318578125 0.7106625 0.330846875 0.71303125 0.3318578125 0.71958125 0.3372953125 0.7231359375 0.40568906250000003 0.7193031249999999 0.4218703125 0.7219515624999999
4 0.349684375 0.6767937500000001 0.3884953125 0.6729609375 0.40682656250000004 0.6723343749999999 0.43211093749999996 0.6791640625 0.4456390625 0.67860625 0.45157968750000005 0.6765156250000001 0.45423437499999997 0.6682234375 0.45423437499999997 0.6477359375 0.44943125000000006 0.6278046875000001 0.44285781249999995 0.6257140625 0.43539843749999996 0.6257140625 0.37610625 0.63763125 0.30707968750000003 0.64975625 0.3049296875 0.6521250000000001 0.30707968750000003 0.6545640625 0.3211125 0.6577703125000001 0.33299687499999997 0.6577703125000001 0.3653609375 0.654215625 0.3792671875 0.65630625 0.3804046875 0.6581187500000001 0.37989843749999996 0.65958125 0.31946875 0.67115 0.3168140625 0.673240625 0.3168140625 0.678328125 0.32161875 0.6812546875 0.32806562499999997 0.6812546875 0.349684375 0.6767937500000001
3 0.40682656250000004 0.6349828125 0.439696875 0.63351875 0.4487984375 0.6285015625 0.45335000000000003 0.6228578125 0.45271875 0.6139375 0.4448796875 0.6018125000000001 0.439696875 0.601115625 0.3056890625 0.610034375 0.2993671875 0.611428125 0.2896328125 0.6185359375 0.2896328125 0.6235546875 0.30328750000000004 0.6310109374999999 0.40682656250000004 0.6349828125
3 0.4096078125 0.603275 0.4432359375 0.603275 0.4548671875 0.5993734374999999 0.4604296875 0.5901734375000001 0.4470296875 0.571428125 0.44058125 0.568084375 0.39279375 0.5808359375000001 0.30227499999999996 0.5908015625 0.300253125 0.5929609375 0.300253125 0.595121875 0.3048046875 0.5961671875000001 0.343615625 0.5993734374999999 0.4096078125 0.603275
1 0.45954531249999997 0.57763125 0.468646875 0.5733796875 0.47635937500000003 0.566271875 0.47635937500000003 0.558396875 0.46599218750000004 0.546271875 0.4402015625 0.5420203124999999 0.401390625 0.5427171875 0.299115625 0.5519859375 0.25575156250000003 0.5641109375 0.251328125 0.5659234375 0.2428578125 0.5701734375 0.3055625 0.5705218750000001 0.395575 0.5737281249999999 0.45954531249999997 0.57763125
2 0.3175734375 0.5280843749999999 0.455878125 0.5437624999999999 0.4701640625 0.541671875 0.48179531249999996 0.5366546875 0.4824265625 0.5248781250000001 0.47724374999999997 0.521671875 0.44943125000000006 0.5199296875 0.36472812499999996 0.5195125 0.3026546875 0.5174218749999999 0.2987359375 0.5174218749999999 0.29481718749999997 0.5184671875 0.294184375 0.523484375 0.29683906250000003 0.5248781250000001 0.3175734375 0.5280843749999999
2 0.381921875 0.5110109375 0.42983593750000004 0.5145640625000001 0.4640953125 0.5184671875 0.47964531250000003 0.5170734375 0.4848296875 0.5138671875 0.48609375000000005 0.49533125 0.48280625 0.48926875000000003 0.4750953125 0.488153125 0.43173125 0.48926875000000003 0.3838171875 0.492125 0.3082171875 0.49958125000000003 0.3042984375 0.4999296875 0.3003796875 0.5031359375 0.303665625 0.5070390625 0.3198484375 0.50885 0.381921875 0.5110109375
2 0.381415625 0.47818750000000004 0.43539843749999996 0.48264843749999997 0.46826875 0.4889203125 0.48280625 0.488571875 0.48975937500000005 0.4859234375 0.4940578125 0.4743546875 0.4957015625 0.4591640625 0.4611890625 0.458328125 0.43211093749999996 0.460696875 0.31782499999999997 0.460975 0.31251562499999996 0.460975 0.3065734375 0.46216093750000004 0.309228125 0.46599375 0.327559375 0.47198593750000006 0.381415625 0.47818750000000004
2 0.4 0.4529609375 0.4474078125 0.4571421875 0.47926718749999997 0.45651562500000004 0.481921875 0.4529609375 0.4824265625 0.4410453125 0.47977187499999996 0.43721249999999995 0.471175 0.43393750000000003 0.45979843750000005 0.43275312499999996 0.43236406250000003 0.43393750000000003 0.4107453125 0.43630625 0.3040453125 0.44020937499999996 0.298609375 0.4404875 0.298609375 0.4431359375 0.30353906249999996 0.4449484375 0.3256640625 0.44940781249999995 0.4 0.4529609375
1 0.411125 0.43066250000000006 0.42895000000000005 0.43393750000000003 0.4520859375 0.43393750000000003 0.4692796875 0.43156718749999995 0.47420937500000004 0.4268296875 0.4773703125 0.42000000000000004 0.474715625 0.41191562499999995 0.464475 0.40989531250000005 0.455878125 0.4045296875 0.4499375 0.4045296875 0.4231359375 0.40968593750000004 0.40885 0.405784375 0.3518328125 0.40334531250000005 0.3189640625 0.4042515625 0.2677625 0.40243906249999994 0.2623265625 0.40334531250000005 0.2623265625 0.40543593749999995 0.26725625000000003 0.4089890625 0.3184578125 0.4181875 0.411125 0.43066250000000006
3 0.31555 0.39115 0.3490515625 0.398884375 0.42237656250000005 0.4042515625 0.44386875000000003 0.4036234375 0.454109375 0.39832812500000003 0.46005 0.3896859375 0.46005 0.3834140625 0.455246875 0.3777703125 0.4487984375 0.376028125 0.41580312499999994 0.37811875 0.3857140625 0.375121875 0.3207328125 0.375121875 0.310240625 0.376934375 0.305309375 0.38139375000000003 0.305309375 0.3846 0.308596875 0.3875953125 0.31555 0.39115
3 0.31504374999999996 0.361671875 0.33957031249999997 0.3638328125 0.40492968749999997 0.37345 0.43463906249999995 0.37345 0.4462703125 0.369546875 0.45082187500000004 0.36418125 0.45082187500000004 0.35665468749999996 0.44829375000000005 0.35345 0.439190625 0.3505921875 0.40885 0.34669062500000003 0.326675 0.3438328125 0.3221234375 0.34418125 0.31504374999999996 0.345296875 0.304678125 0.35135937500000003 0.3098609375 0.35881562499999997 0.31504374999999996 0.361671875
4 0.3495578125 0.3434140625 0.4131484375 0.3526125 0.426675 0.3529609375 0.4314796875 0.35114999999999996 0.43527187500000003 0.32411093750000003 0.4395703125 0.31756093750000003 0.43211093749999996 0.3101734375 0.383059375 0.31191562500000003 0.3259171875 0.30543593750000003 0.3188375 0.3068984375 0.319975 0.311359375 0.366371875 0.3259234375 0.3490515625 0.32766562499999996 0.311884375 0.32439062500000004 0.310240625 0.32682968749999997 0.310240625 0.3315671875 0.3123890625 0.3344953125 0.3166875 0.3365859375 0.3495578125 0.3434140625
4 0.4211125 0.3126125 0.4256640625 0.31107968750000003 0.42793906249999997 0.307665625 0.42831875 0.29303124999999997 0.4233875 0.285853125 0.423009375 0.27888437499999996 0.41757343750000003 0.2721953125 0.4117578125 0.27149843749999997 0.37623281249999996 0.27275312500000004 0.357775 0.266271875 0.3187109375 0.262578125 0.30391875 0.2638328125 0.2873578125 0.27024375 0.3084703125 0.2721953125 0.3498109375 0.281603125 0.3551203125 0.2850875 0.354740625 0.2868296875 0.29178281250000004 0.281115625 0.2900125 0.2838328125 0.29355312499999997 0.2878046875 0.31061875 0.2947734375 0.3982296875 0.31205625000000003 0.4211125 0.3126125
