4 0.774703125 0.50505625 0.7754703125 0.4996203125 0.7729609375 0.490265625 0.7635546875 0.47939375 0.745784375 0.413021875 0.7445296875 0.3882421875 0.736096875 0.370796875 0.7328921875 0.3699109375 0.7289203125 0.370796875 0.722509375 0.377496875 0.708153125 0.397725 0.7061328125 0.40581562499999996 0.7059234375 0.4151703125 0.707875 0.4443734375 0.7380484375 0.5145390625 0.7462718749999999 0.5418453125 0.7507312500000001 0.54058125 0.7536578125 0.536915625 0.7549125 0.53059375 0.7521953124999999 0.519721875 0.738884375 0.4910234375 0.7335890625 0.47319843749999996 0.732125 0.454740625 0.73484375 0.4529703125 0.7598609374999999 0.5015171875 0.774703125 0.50505625
3 0.6337984375 0.417446875 0.6335890625 0.43274375000000004 0.6444593750000001 0.5154234375 0.6568640625 0.5678890625 0.6647390625 0.5745890625000001 0.666271875 0.572440625 0.666759375 0.5597984375 0.6627875000000001 0.528825 0.658815625 0.445259375 0.6442515625 0.4151703125 0.642509375 0.41390625 0.635540625 0.4151703125 0.6337984375 0.417446875
3 0.605853125 0.4529703125 0.613728125 0.49608125000000003 0.6268984375 0.5575218750000001 0.6298265625 0.564728125 0.63581875 0.5687734375 0.6372828125 0.56611875 0.6382578125 0.5585328125 0.63581875 0.5270546875 0.631359375 0.495575 0.628640625 0.451075 0.6202093750000001 0.4255375 0.60878125 0.41163125 0.605853125 0.41163125 0.604878125 0.41390625 0.605853125 0.4529703125
1 0.56975625 0.43501874999999995 0.5724046875 0.4764859375 0.5798609375 0.5562578125 0.5905218750000001 0.6144125 0.59351875 0.6187109375000001 0.5973515625 0.6187109375000001 0.6000703125 0.6165609375 0.6012546875 0.6101140625 0.6015328125 0.5843234374999999 0.5991640625 0.539190625 0.5993734374999999 0.426928125 0.5977 0.41390625 0.5959578125 0.411125 0.5801390625 0.4034140625 0.5756796875 0.40366562500000003 0.57121875 0.4096078125 0.56975625 0.43501874999999995
2 0.54188125 0.4426046875 0.5618125 0.5994937499999999 0.56599375 0.5946906249999999 0.5689203125 0.58445 0.5698265625000001 0.5639703125 0.565365625 0.47281874999999995 0.566271875 0.4432359375 0.565365625 0.40227500000000005 0.5624390625 0.396334375 0.5463421875 0.39279375 0.5427875 0.393046875 0.540696875 0.394184375 0.54188125 0.4426046875
2 0.5344249999999999 0.5630843750000001 0.5373515624999999 0.565234375 0.5406265625 0.5625796875 0.5418125 0.5544875 0.539721875 0.50278125 0.53679375 0.4704171875 0.535609375 0.42085937500000004 0.5361671875 0.4020234375 0.530521875 0.403034375 0.5196515625 0.40063281249999994 0.5119859375 0.399746875 0.5293375 0.5410874999999999 0.5344249999999999 0.5630843750000001
2 0.49783906250000004 0.540328125 0.5043203125 0.5546140625 0.5077359375 0.540834375 0.5065500000000001 0.3929203125 0.5060625 0.389759375 0.5035546875 0.3876109375 0.4845296875 0.3920359375 0.48153281249999996 0.3943109375 0.48250937499999996 0.418584375 0.49783906250000004 0.540328125
2 0.4756796875 0.5685203125 0.48104531250000004 0.5737046875 0.4835546875 0.573071875 0.486759375 0.5640953125 0.4871078125 0.5342609375 0.47818750000000004 0.39051874999999997 0.460278125 0.39721875 0.4483625 0.4010109375 0.4610453125 0.4721875 0.4756796875 0.5685203125
1 0.4144953125 0.42616875 0.433240625 0.578634375 0.43498281250000004 0.5855875 0.439790625 0.5878640625 0.4436234375 0.586725 0.44745625 0.5824265625 0.4501734375 0.5646015625 0.45073125 0.51719375 0.4522640625 0.48862187500000004 0.44926875 0.4293296875 0.446271875 0.40935468750000004 0.4391640625 0.401896875 0.4326125 0.4012640625 0.41867656249999996 0.413653125 0.4168640625 0.41580312499999994 0.415121875 0.4195953125 0.4144953125 0.42616875
3 0.3787453125 0.4756 0.3787453125 0.5513281250000001 0.3751921875 0.5706703125 0.38411093749999997 0.566878125 0.3901734375 0.5590390625 0.39728281249999997 0.5345125000000001 0.4040421875 0.4788875 0.4126125 0.4348921875 0.41442500000000004 0.4168140625 0.4122640625 0.4135265625 0.387665625 0.414790625 0.38411093749999997 0.417446875 0.38090625 0.4251578125 0.3787453125 0.4756
3 0.34418125 0.4759796875 0.3431359375 0.6001265625000001 0.34564531249999997 0.6059421875 0.34885 0.6084703124999999 0.3545640625 0.6032875 0.35811875 0.58394375 0.3673875 0.48432343749999995 0.37630625 0.41441249999999996 0.34278749999999997 0.4170671875 0.340278125 0.4189640625 0.33958125 0.424778125 0.34418125 0.4759796875
4 0.2821609375 0.427434375 0.28041875 0.4506953125 0.277909375 0.545765625 0.2789546875 0.5671296875 0.2807671875 0.5729453125 0.283275 0.5748421875 0.28648125 0.5748421875 0.2896859375 0.5716812499999999 0.294634375 0.5179515625 0.2978390625 0.506953125 0.30466875 0.5075859375 0.30822343750000003 0.510240625 0.3103140625 0.5154234375 0.30996562499999997 0.5283187500000001 0.30641093750000004 0.550315625 0.305365625 0.574209375 0.30641093750000004 0.577496875 0.3117765625 0.577496875 0.316028125 0.574209375 0.3192328125 0.5619468750000001 0.3381875 0.4203546875 0.337421875 0.4176984375 0.33456406250000004 0.41580312499999994 0.2917765625 0.41833125000000004 0.28857187500000003 0.4189640625 0.283971875 0.4228828125 0.2821609375 0.427434375
4 0.225853125 0.42414687500000003 0.21909375 0.48432343749999995 0.20585312500000003 0.5206062499999999 0.1827171875 0.5594187500000001 0.17951250000000002 0.57105 0.1805578125 0.5735781249999999 0.186271875 0.5735781249999999 0.19449531250000002 0.5690265625 0.20445937500000003 0.5594187500000001 0.21477343750000003 0.5432359375 0.2275953125 0.5108718750000001 0.24188125 0.483059375 0.24759531250000003 0.48495625000000003 0.2454359375 0.4992421875 0.2315671875 0.5360296875 0.22160312499999998 0.5573953125 0.2219515625 0.5664984375000001 0.22369374999999997 0.5702906249999999 0.22836249999999997 0.569659375 0.23763125000000002 0.5594187500000001 0.254703125 0.5276859375 0.2661328125 0.4920359375 0.27505156249999996 0.45651093749999994 0.2757484375 0.4409609375 0.274703125 0.4326171875 0.27038281249999996 0.42414687500000003 0.25651562499999997 0.41441249999999996 0.2468296875 0.41340000000000005 0.24188125 0.41377968750000005 0.231915625 0.4151703125 0.225853125 0.42414687500000003
4 0.6960968750000001 0.21744687499999998 0.69484375 0.221365625 0.6824390625000001 0.330846875 0.679025 0.3400765625 0.67860625 0.35170625 0.679025 0.3633375 0.6820203125 0.369659375 0.68885 0.374209375 0.696515625 0.374209375 0.7012546875 0.3781296875 0.7064109375000001 0.37737031249999997 0.712821875 0.369659375 0.718396875 0.3370421875 0.718396875 0.3059421875 0.7268984374999999 0.27180781249999997 0.729478125 0.2322375 0.7268984374999999 0.2221234375 0.7243203125 0.2221234375 0.7119156249999999 0.2804046875 0.7068296875 0.29355312499999997 0.7008359375000001 0.29355312499999997 0.6974218750000001 0.28495625 0.696515625 0.278003125 0.7003484375 0.22667500000000002 0.7008359375000001 0.21820468750000002 0.6986765625 0.2159296875 0.6960968750000001 0.21744687499999998
3 0.627246875 0.24715625000000002 0.6247390625 0.256890625 0.6233453124999999 0.269153125 0.6222296875 0.30278125 0.6186765624999999 0.3389375 0.6215328125 0.3673828125 0.6254359375 0.375853125 0.6329609375 0.379140625 0.6411156250000001 0.37775 0.6429265625 0.37395625 0.644390625 0.3571421875 0.6450875 0.3254109375 0.643971875 0.28988593749999997 0.640278125 0.2443734375 0.637909375 0.23931718750000003 0.62975625 0.2426046875 0.627246875 0.24715625000000002
1 0.622509375 0.1484203125 0.6177703125 0.153096875 0.6131015625 0.1632109375 0.594215625 0.273325 0.583971875 0.34943124999999997 0.5843906249999999 0.3633375 0.5873875 0.371175 0.59121875 0.375853125 0.5972125 0.375853125 0.6113593749999999 0.3820484375 0.6181875 0.35802812500000003 0.615609375 0.3237671875 0.616934375 0.281921875 0.6203484375 0.2268015625 0.627246875 0.1601765625 0.626759375 0.15069531249999998 0.6250171875 0.1484203125 0.622509375 0.1484203125
2 0.5771421875 0.1748421875 0.5737281249999999 0.17800312499999998 0.5719859375 0.18267968750000002 0.5617421874999999 0.2509484375 0.5561671875 0.313021875 0.5510109375 0.3378 0.5501734375 0.366625 0.5514984375 0.37281875000000003 0.55400625 0.3750953125 0.5749828124999999 0.3782546875 0.5788156250000001 0.3689 0.5805578125 0.3595453125 0.579303125 0.30758593749999996 0.5813937499999999 0.1834390625 0.5813937499999999 0.1795203125 0.5805578125 0.176359375 0.5771421875 0.1748421875
2 0.535540625 0.1611890625 0.5205578125 0.2286984375 0.51115 0.3179515625 0.5098265625 0.3443734375 0.5115671875000001 0.355246875 0.51581875 0.36295781250000003 0.5282234375 0.37067031250000004 0.544459375 0.3676359375 0.5462015625000001 0.3606828125 0.5470390625 0.22010156250000001 0.545365625 0.17041718749999998 0.545365625 0.16422187500000002 0.5446 0.140328125 0.535540625 0.1611890625
2 0.4750515625 0.1788875 0.46432031250000005 0.181921875 0.4604875 0.1920359375 0.46432031250000005 0.3566375 0.4668984375 0.36826875000000003 0.4698953125 0.37446250000000003 0.4806265625 0.37446250000000003 0.49811875 0.36826875000000003 0.505853125 0.3620734375 0.506690625 0.3581546875 0.5050171875 0.34576562499999997 0.5036937499999999 0.314665625 0.48599375 0.20075781250000002 0.48445937499999997 0.1920359375 0.48188125 0.1843234375 0.4750515625 0.1788875
2 0.4289203125 0.20113750000000002 0.42641093750000003 0.30050625000000003 0.42167187500000003 0.34399531250000004 0.4234140625 0.3587859375 0.42940781250000004 0.3734515625 0.45630625 0.36725625 0.4580484375 0.3618203125 0.45930312500000003 0.3462703125 0.4528921875 0.2656125 0.443065625 0.1996203125 0.44090625 0.19494375 0.43407656250000004 0.19418437500000002 0.4289203125 0.20113750000000002
1 0.373309375 0.1898859375 0.369059375 0.1929203125 0.3673171875 0.1968390625 0.36822343750000003 0.217825 0.37630625 0.2806578125 0.384459375 0.36295781250000003 0.387875 0.37610625 0.392125 0.3838171875 0.39728281249999997 0.3854609375 0.41268281250000005 0.371428125 0.42041874999999995 0.36055625 0.42000000000000004 0.34273125000000004 0.41484375 0.31163124999999997 0.38620156250000004 0.19443749999999999 0.384459375 0.1898859375 0.38188125 0.1882421875 0.373309375 0.1898859375
3 0.3459234375 0.201896875 0.34292656250000003 0.20973437499999997 0.34292656250000003 0.21517031250000002 0.3505921875 0.2912765625 0.3485015625 0.323009375 0.352821875 0.3618203125 0.35665468749999996 0.3726921875 0.3622296875 0.37496874999999996 0.37672500000000003 0.371175 0.3866203125 0.3618203125 0.387875 0.352465625 0.38703906250000003 0.33628281250000003 0.37672500000000003 0.31061875 0.3673171875 0.2532234375 0.35665468749999996 0.20113750000000002 0.3540765625 0.1988625 0.3510796875 0.198103125 0.3459234375 0.201896875
3 0.30975625 0.23514531249999998 0.3075953125 0.242225 0.30724687500000003 0.25006249999999997 0.3200703125 0.3723140625 0.3229265625 0.382553125 0.3282921875 0.385840625 0.337909375 0.382553125 0.3461328125 0.377496875 0.3475265625 0.374209375 0.343971875 0.342478125 0.32508750000000003 0.232490625 0.322578125 0.2299625 0.3129609375 0.2312265625 0.30975625 0.23514531249999998
4 0.1885015625 0.25739531250000003 0.17428593750000002 0.35056875 0.17533125 0.36346406249999996 0.1781875 0.3757265625 0.1810453125 0.3815421875 0.189965625 0.3854609375 0.20383281250000002 0.38280625 0.21170781249999998 0.3757265625 0.21421562500000002 0.3640953125 0.21421562500000002 0.352465625 0.21170781249999998 0.3259171875 0.21135937500000002 0.2677625 0.2073875 0.25284375 0.2056453125 0.2509484375 0.20243906250000002 0.25284375 0.2013234375 0.25739531250000003 0.200278125 0.33628281250000003 0.198884375 0.3433625 0.196028125 0.3433625 0.1931703125 0.3381796875 0.1945640625 0.3117578125 0.1945640625 0.2556265625 0.192821875 0.2522125 0.189965625 0.2534765625 0.1885015625 0.25739531250000003
4 0.21303125 0.284703125 0.215121875 0.29279375 0.22160312499999998 0.303034375 0.22487812499999998 0.3142859375 0.22397187500000001 0.3423515625 0.22160312499999998 0.36169375000000004 0.2234140625 0.3692796875 0.2424390625 0.3806578125 0.26320625 0.3854609375 0.2715671875 0.38495625 0.2739375 0.37901406249999997 0.27275312500000004 0.3623265625 0.2620203125 0.30948125000000004 0.260278125 0.2781296875 0.2551921875 0.2604296875 0.2521953125 0.25499375 0.248084375 0.25335 0.2424390625 0.25663749999999996 0.2403484375 0.2609359375 0.24334531250000002 0.2792671875 0.2436234375 0.2878640625 0.239721875 0.2938046875 0.2361671875 0.2933 0.23205625 0.2878640625 0.22160312499999998 0.265234375 0.21804843749999997 0.264221875 0.213309375 0.27496875 0.21303125 0.284703125
4 0.2898265625 0.2687734375 0.2898265625 0.274715625 0.29581875 0.3037921875 0.29581875 0.311884375 0.294634375 0.3140328125 0.290453125 0.3140328125 0.28745625 0.310871875 0.2824390625 0.28280625000000004 0.2779796875 0.2709234375 0.2728921875 0.27256562500000003 0.2693375 0.2790140625 0.276515625 0.37446250000000003 0.2791640625 0.3868515625 0.282996875 0.39279375 0.28745625 0.39279375 0.293728125 0.3878640625 0.29909375 0.39115 0.310034375 0.3884953125 0.316028125 0.383059375 0.31749062499999997 0.37446250000000003 0.314215625 0.346903125 0.29909375 0.2632109375 0.29581875 0.2601765625 0.29073125 0.264475 0.2898265625 0.2687734375
