4 0.77920625 0.6116671874999999 0.77495625 0.5903609375000001 0.7642984375 0.5644890625000001 0.7603625 0.5327843750000001 0.7557640625000001 0.52048125 0.75113125 0.5198484375 0.74723125 0.521115625 0.741553125 0.52821875 0.7354921875 0.5405203125 0.7283875 0.5644890625000001 0.7280390625 0.58389375 0.73124375 0.6058343749999999 0.740125 0.6343062500000001 0.7497046875 0.655040625 0.7561125 0.6601781250000001 0.7614421874999999 0.662778125 0.7664234375000001 0.662778125 0.7688953125 0.65434375 0.766771875 0.6421046875 0.759665625 0.6317062499999999 0.7531875 0.6146484375 0.748659375 0.5942296875 0.7498781250000001 0.5902984375 0.7529078124999999 0.5916296875 0.7543359374999999 0.5935953125 0.7664234375000001 0.6181359375000001 0.7781265625 0.6472421875000001 0.7820625 0.6343062500000001 0.77920625 0.6116671874999999
4 0.6829328125 0.6433093750000001 0.68589375 0.658909375 0.691221875 0.6718453125 0.6974578124999999 0.6783125 0.7036578125 0.6761578125 0.706025 0.6740015625 0.7072093749999999 0.6696890625 0.7036578125 0.6433093750000001 0.701009375 0.629803125 0.70188125 0.6190234375 0.70839375 0.6168671875 0.7101703125000001 0.6179453125000001 0.714315625 0.62821875 0.716684375 0.6470515625 0.7184609375 0.656753125 0.7226046875 0.6659484375 0.7270640625 0.6691812500000001 0.7306171875 0.6664546875 0.7308953125000001 0.6573234375 0.7199578125 0.5565 0.7190531250000001 0.5543437499999999 0.7107625 0.553265625 0.7012890625 0.5554218750000001 0.6918140625 0.5489531249999999 0.683246875 0.5489531249999999 0.6817484375 0.549525 0.6758265625 0.5559921875 0.6731796875 0.5603046875000001 0.6728671875 0.5791375000000001 0.6829328125 0.6433093750000001
4 0.636084375 0.668675 0.64200625 0.6700062499999999 0.6439921875 0.6664546875 0.6464640625 0.6197203124999999 0.6489375 0.61344375 0.6518984375 0.613 0.655590625 0.6166140625 0.656809375 0.621496875 0.656809375 0.6529484375 0.6595265625 0.663728125 0.6664578125 0.6714015625 0.671125 0.6714015625 0.6755828125 0.661065625 0.676559375 0.5582125 0.6750609375 0.5487640625 0.6735984375 0.5455921874999999 0.6667015625 0.5438171875 0.662975 0.5447046875 0.655834375 0.539759375 0.64869375 0.5370953125 0.6435046875 0.538428125 0.6392890625 0.5438171875 0.6336125 0.5433734375 0.6323921875 0.5442609375 0.6314171875000001 0.5455921874999999 0.6299203125 0.554153125 0.633890625 0.662396875 0.636084375 0.668675
3 0.6025078125000001 0.655421875 0.6010093750000001 0.68560625 0.6027859375 0.701775 0.604284375 0.707165625 0.606653125 0.711478125 0.609021875 0.7104 0.6122609375 0.7033609375000001 0.6143500000000001 0.6931515625 0.62145625 0.612809375 0.6235109375000001 0.5821171875 0.631209375 0.549778125 0.631209375 0.5422328125 0.6297453125 0.53735 0.6261921874999999 0.53519375 0.6217343750000001 0.5357640625 0.6137937499999999 0.5389984375 0.6098921875000001 0.5405828125000001 0.6051546875 0.5427390625 0.6027859375 0.5470515625 0.601915625 0.5740015625 0.6025078125000001 0.655421875
3 0.58753125 0.663284375 0.5898984375 0.6735578125 0.59404375 0.6740640625000001 0.5955421875 0.6729859375 0.59731875 0.656309375 0.5964125 0.6277109375000001 0.5964125 0.5457828124999999 0.59495 0.54039375 0.592859375 0.537159375 0.584465625 0.5305640625 0.5795546875 0.5263796875 0.577325 0.5249203125 0.5768718749999999 0.535003125 0.5836984375000001 0.6412171875 0.58753125 0.663284375
1 0.5522125 0.6663921875 0.554684375 0.6700062499999999 0.5581328125 0.6695625 0.56060625 0.6663921875 0.5630796874999999 0.6578953125 0.5667718749999999 0.6304375 0.5707078125 0.5447046875 0.5709859374999999 0.51953125 0.56011875 0.514140625 0.5525249999999999 0.5116671875 0.5482765625 0.5109703125 0.5455234375 0.5101453125 0.544340625 0.5657578125 0.5482765625 0.6340515625 0.5522125 0.6663921875
2 0.5249734375 0.6663921875 0.527934375 0.6695625 0.5294328125 0.6659484375 0.53336875 0.6452765625 0.5375828125 0.5985421875 0.5407875 0.5109703125 0.5210375 0.5020296875 0.5222921875 0.5303109375 0.5239984375 0.61699375 0.5230234375 0.6605578125 0.5249734375 0.6663921875
2 0.5140374999999999 0.638871875 0.5165093749999999 0.6379828125 0.5177296874999999 0.6298671875 0.5197140625000001 0.5643 0.5184609375 0.505896875 0.507628125 0.504565625 0.5039015625000001 0.5024093749999999 0.50219375 0.5005078125 0.500453125 0.5000640625 0.5046671875000001 0.615028125 0.5088468749999999 0.6357 0.5140374999999999 0.638871875
2 0.48962031250000004 0.6173109375 0.4923375 0.6451484375 0.4955421875 0.6231453124999999 0.4987453125 0.499175 0.4836296875 0.49860468750000003 0.4804953125 0.49873124999999996 0.479484375 0.49873124999999996 0.48195781249999997 0.5355734375 0.4834546875 0.573303125 0.48962031250000004 0.6173109375
2 0.47864843749999997 0.6974 0.4801109375 0.6435 0.47641875 0.59004375 0.476175 0.54825625 0.47666250000000004 0.5051359375 0.473459375 0.5051359375 0.462 0.5086875 0.45938749999999995 0.5100828125 0.45792343750000003 0.513696875 0.46098906250000005 0.5679140625 0.476384375 0.68998125 0.47864843749999997 0.6974
1 0.44824062500000006 0.727140625 0.45475468750000003 0.7320234375 0.4592125 0.7314515625 0.4612671875 0.7260625 0.453884375 0.6311984374999999 0.4535703125 0.5929609375 0.45475468750000003 0.5476859375 0.453884375 0.5190875 0.449425 0.513696875 0.443225 0.5121109374999999 0.439671875 0.51261875 0.4282484375 0.5258078125 0.425740625 0.531515625 0.42486875 0.544959375 0.42929218750000003 0.608053125 0.44350468750000005 0.711540625 0.44824062500000006 0.727140625
3 0.39961718749999997 0.6479390625 0.40087031250000005 0.665884375 0.40257812499999995 0.6748890624999999 0.40602499999999997 0.6833859375 0.40999687500000004 0.6838296875000001 0.412434375 0.6802796875 0.41368906250000004 0.6740015625 0.4225703125 0.529803125 0.41344531250000005 0.5356375 0.40442343750000004 0.5344953125 0.4001046875 0.53430625 0.3981546875 0.5356375 0.39665625000000004 0.5401390625 0.3973875 0.6007609375 0.39961718749999997 0.6479390625
3 0.3621390625 0.71135 0.3665625 0.7102734374999999 0.3733890625 0.696259375 0.38376875 0.640203125 0.396203125 0.536715625 0.39146562500000004 0.532403125 0.38641562500000004 0.530246875 0.38108749999999997 0.529740625 0.3733890625 0.5318953125 0.367328125 0.538871875 0.3655515625 0.5453390625 0.36273125 0.6278374999999999 0.35562499999999997 0.6914390625 0.3576796875 0.7048828125 0.3621390625 0.71135
4 0.31671875 0.6331015625 0.31671875 0.6537734375 0.317415625 0.6731765625 0.318146875 0.6770453125 0.32096874999999997 0.6783765625 0.3259484375 0.6738109375 0.327725 0.665440625 0.3316265625 0.63176875 0.3330546875 0.6279015625000001 0.33483125 0.6266328125 0.3387328125 0.6272671875 0.34266874999999997 0.6343687499999999 0.34266874999999997 0.642803125 0.3387328125 0.6731765625 0.3387328125 0.6835125 0.3415890625 0.6887125000000001 0.3458375 0.688078125 0.350121875 0.6783765625 0.3657609375 0.5431828125 0.3629046875 0.5399499999999999 0.35155 0.5347500000000001 0.3394640625 0.5464171875 0.3245203125 0.5464171875 0.323128125 0.5476859375 0.320271875 0.5528859374999999 0.31849531249999996 0.5684203125 0.31671875 0.6331015625
4 0.2917109375 0.6722890625 0.302090625 0.6426125 0.3139328125 0.594103125 0.319540625 0.560178125 0.3115640625 0.5477484375 0.30445781250000004 0.5461640625 0.2979453125 0.5461640625 0.290246875 0.5418515625 0.281365625 0.5386171875 0.2784046875 0.5386171875 0.27544375 0.5418515625 0.2724828125 0.5634109375 0.26597031250000003 0.6410265625 0.2665625 0.648003125 0.26893125 0.6518078125 0.274259375 0.6496515625 0.28018125 0.639378125 0.284778125 0.612365625 0.2890625 0.6048828125 0.29143125 0.60221875 0.292615625 0.6027265625 0.29557656250000003 0.61350625 0.2908390625 0.636715625 0.2881578125 0.6733671875 0.2917109375 0.6722890625
4 0.24966875000000002 0.6415984375 0.263253125 0.596703125 0.26941875 0.571971875 0.2733546875 0.5522515625 0.27854375 0.5374125000000001 0.2783 0.5324671875 0.262521875 0.5230187500000001 0.2531515625 0.5212421875000001 0.24771875 0.514521875 0.2442703125 0.5136328125 0.23733906249999998 0.5086875 0.233890625 0.51001875 0.2319046875 0.5131265625 0.22995468749999998 0.5216875 0.22845624999999997 0.5464171875 0.2200625 0.5930875 0.2082203125 0.6290421875 0.2062703125 0.6366515625 0.204771875 0.6506031250000001 0.2065140625 0.653265625 0.21044999999999997 0.651934375 0.22354531249999998 0.6290421875 0.2311734375 0.6088140625 0.23462187499999998 0.5913125 0.2368515625 0.5845906249999999 0.23883593749999998 0.5823078125000001 0.24078750000000002 0.5814203124999999 0.2479625 0.5809765625 0.24966875000000002 0.5845906249999999 0.2504359375 0.6020921875 0.24966875000000002 0.6415984375
3 0.35472031249999997 0.32003750000000003 0.3540234375 0.3239703125 0.3558 0.3472421875 0.36962656250000003 0.44229531250000004 0.377115625 0.483703125 0.38136562500000004 0.4882046875 0.394496875 0.48566875 0.39592499999999997 0.4694984375 0.39132656250000003 0.44489531250000003 0.38491875000000003 0.4177546875 0.3739109375 0.3634109375 0.363496875 0.323525 0.3621734375 0.3194046875 0.3614765625 0.3168046875 0.36004843750000004 0.3168046875 0.35719218750000004 0.3175015625 0.35472031249999997 0.32003750000000003
1 0.3836296875 0.320228125 0.38258437500000003 0.32606250000000003 0.3829328125 0.3351296875 0.4017765625 0.46899218749999994 0.41065781250000005 0.47805937500000006 0.422709375 0.48192812500000004 0.43124375 0.47805937500000006 0.43267187500000004 0.47545937499999996 0.43124375 0.46385468750000003 0.422709375 0.4211796875 0.4113546875 0.38040625 0.397840625 0.3285359375 0.3962734375 0.3222578125 0.3925109375 0.31699375 0.38969062499999996 0.3157265625 0.3857890625 0.3176921875 0.3836296875 0.320228125
2 0.4264375 0.3942296875 0.434134375 0.4643 0.435596875 0.47343124999999997 0.4595953125 0.47019687499999996 0.45039999999999997 0.405009375 0.436328125 0.3152828125 0.43500468750000004 0.31065312500000003 0.42967656249999997 0.31065312500000003 0.4258453125 0.31553593750000003 0.4246609375 0.32308125 0.4264375 0.3942296875
2 0.45653125 0.3057078125 0.4535703125 0.3116046875 0.452978125 0.31591562500000003 0.454440625 0.353646875 0.45890000000000003 0.4361453125 0.4612671875 0.45605624999999994 0.4636359375 0.466328125 0.47015 0.4614453125 0.491153125 0.45389999999999997 0.4881921875 0.4107796875 0.47499062500000006 0.3118578125 0.473703125 0.3057078125 0.47133437499999997 0.301903125 0.4686515625 0.3003171875 0.4597703125 0.301903125 0.45653125 0.3057078125
2 0.5214562500000001 0.30989218749999997 0.506896875 0.359734375 0.504771875 0.42764687500000004 0.5065484375 0.45218749999999996 0.512225 0.458021875 0.5239640624999999 0.45611875 0.5363984375 0.46125625000000003 0.5349703124999999 0.4438171875 0.536015625 0.42504687499999994 0.5342390625 0.41274531249999996 0.5350406249999999 0.3177546875 0.53531875 0.3105265625 0.533890625 0.30019062500000004 0.5321140625 0.29695625 0.527865625 0.2982875 0.5214562500000001 0.30989218749999997
2 0.5516890625 0.313 0.5484843749999999 0.3194671875 0.5406828124999999 0.4112875 0.540334375 0.46563125000000005 0.542459375 0.4668984375 0.563428125 0.47209843749999997 0.565203125 0.46303124999999995 0.564471875 0.4112875 0.5614078124999999 0.3212421875 0.560571875 0.3156 0.559875 0.313 0.5573671874999999 0.3104 0.55489375 0.31103437500000003 0.5516890625 0.313
1 0.5781953125 0.36962656250000003 0.5725875 0.43265624999999996 0.57021875 0.44667031250000006 0.5669453125 0.45047499999999996 0.5669453125 0.4574515625 0.568721875 0.46448906250000005 0.572275 0.47254218750000004 0.5767328125 0.47685468750000004 0.5838390625 0.4779328125 0.594496875 0.47146406250000006 0.598328125 0.44292968750000006 0.599234375 0.41972031249999997 0.5995125 0.3744453125 0.6045625 0.33348125 0.6032390624999999 0.3183890625 0.6024734375 0.31515468750000003 0.59805 0.3157265625 0.5939046875 0.3178828125 0.5894468749999999 0.3248578125 0.5781953125 0.36962656250000003
3 0.624103125 0.3366515625 0.619365625 0.3544703125 0.6113890625 0.39004374999999997 0.6016015625 0.453646875 0.6025078125000001 0.4681671875 0.6039703125 0.478440625 0.606653125 0.48218125 0.6134453125 0.48490781250000003 0.6226406250000001 0.4838296875 0.62796875 0.476284375 0.626471875 0.44610000000000005 0.6261921874999999 0.39004374999999997 0.6321140625 0.34908125 0.6311734375 0.33519375 0.6309296875 0.32910625 0.6309296875 0.3253640625 0.6297453125 0.3242859375 0.62765625 0.325871875 0.624103125 0.3366515625
3 0.6572625000000001 0.3455296875 0.651584375 0.3487640625 0.640578125 0.390171875 0.629571875 0.469753125 0.6306171875000001 0.4807234375 0.6388015625000001 0.48395625000000003 0.6469515625 0.4826890625 0.654440625 0.47362031250000003 0.6683734375 0.361509375 0.669 0.3539625 0.667746875 0.3502859375 0.66614375 0.3481296875 0.6625921875 0.3455296875 0.6572625000000001 0.3455296875
4 0.6841859375 0.41116093749999993 0.681365625 0.420165625 0.6788578125 0.42276406250000004 0.6760359375 0.42339843750000006 0.674259375 0.41693125000000003 0.6778125 0.38395625 0.6767328125 0.37298593750000003 0.6749562499999999 0.3703875 0.673528125 0.3703875 0.6664234375 0.389790625 0.6532921875000001 0.46030468750000003 0.6525593749999999 0.47907343750000003 0.6571921875 0.48807812500000003 0.66321875 0.49067812499999997 0.67283125 0.49264374999999994 0.68491875 0.498478125 0.68881875 0.49327812499999996 0.69306875 0.46220625000000004 0.6984671875 0.37089375 0.6983984375000001 0.364553125 0.6934171874999999 0.363284375 0.6895156250000001 0.3677875 0.6856140625 0.390425 0.6841859375 0.41116093749999993
4 0.699059375 0.442803125 0.6944625 0.48681093750000004 0.7004875 0.49587812500000006 0.7058171875 0.5017125 0.7129218749999999 0.5042484375 0.722153125 0.502346875 0.731034375 0.498478125 0.73744375 0.4855421875 0.7360156250000001 0.45707031249999996 0.7360156250000001 0.44216875 0.749146875 0.4020921875 0.755903125 0.372353125 0.7466734374999999 0.3755859375 0.73744375 0.387190625 0.720028125 0.418896875 0.7119125000000001 0.376475 0.708846875 0.3674703125 0.70644375 0.360875 0.7004875 0.3826890625 0.699059375 0.4208625 0.699059375 0.442803125
