4 0.732009375 0.5222578125 0.7298843749999999 0.5248578125 0.7295375 0.530628125 0.732740625 0.5629671875 0.7466046875 0.6031078125 0.761859375 0.6393156249999999 0.7792749999999999 0.6651875 0.785684375 0.6677875 0.7881578124999999 0.6651875 0.785684375 0.6522515624999999 0.775375 0.638046875 0.760815625 0.609575 0.75963125 0.5973359375 0.7633578125 0.5879515625 0.768025 0.5861125 0.773215625 0.591503125 0.795959375 0.6393156249999999 0.80236875 0.6405828125 0.803796875 0.6360812499999999 0.80236875 0.627646875 0.7949140625 0.6005078125 0.7814 0.5733671874999999 0.7678515625 0.5290421875 0.7654124999999999 0.523525 0.7629390625 0.5202921875000001 0.732009375 0.5222578125
4 0.6857890624999999 0.5246671875 0.6857890624999999 0.5401390625 0.6913265625 0.6084343750000001 0.696446875 0.648065625 0.6981546875 0.6565624999999999 0.704109375 0.6651234374999999 0.708359375 0.6620171874999999 0.7088125 0.6558015625 0.7028218749999999 0.599175 0.7028218749999999 0.5898546875 0.7058171875 0.5851609375 0.7092296874999999 0.5844 0.713896875 0.586746875 0.7156046875000001 0.5929609375 0.71818125 0.6325296875 0.7211765625 0.6511734375 0.72455625 0.6596703125000001 0.7292578125 0.6620171874999999 0.7330890625 0.66125625 0.734796875 0.6457203125000001 0.728840625 0.5246671875 0.725009375 0.519975 0.72243125 0.5192140625 0.6934515625000001 0.51610625 0.6892031249999999 0.51610625 0.6870421875 0.519975 0.6857890624999999 0.5246671875
3 0.6506796875 0.5303734375 0.6515500000000001 0.5940390625 0.6566703125 0.6530125 0.6605015625 0.6747625 0.665621875 0.683259375 0.669871875 0.683259375 0.6732843749999999 0.6817375 0.675409375 0.674571875 0.675409375 0.655040625 0.6848828124999999 0.5399499999999999 0.6834546875 0.5166140625 0.6781265624999999 0.51084375 0.6745734375 0.5095125 0.66711875 0.5095125 0.6571921875 0.5116046875 0.6545453125 0.5124921875 0.6515500000000001 0.5156 0.6506796875 0.5303734375
3 0.6203765625 0.513696875 0.6189484375000001 0.517565625 0.6189484375000001 0.5279015625000001 0.6292578125 0.6107171874999999 0.6313828125 0.644325 0.633159375 0.6572609375 0.636015625 0.6617625 0.6402640625 0.6617625 0.6423890625 0.6566265625 0.6441656250000001 0.63785625 0.6487984375 0.5279015625000001 0.6480671874999999 0.5214328125 0.6423890625 0.5169312500000001 0.6287015625000001 0.511478125 0.6249734375 0.511096875 0.6225015625 0.51173125 0.6203765625 0.513696875
1 0.575234375 0.5194671875 0.584465625 0.6203546875 0.5890984375 0.66043125 0.594078125 0.6740640625000001 0.598328125 0.6792015625000001 0.60188125 0.6792015625000001 0.6040062500000001 0.6746984375 0.606165625 0.659796875 0.6160921874999999 0.5142671875 0.6146640624999999 0.50913125 0.6079421875000001 0.5052 0.583803125 0.4974640625 0.5787875 0.498096875 0.5755828125 0.503296875 0.575234375 0.5194671875
1 0.3964125 0.4876984375 0.3943921875 0.4914390625 0.3923375 0.5007609375000001 0.3872171875 0.6022828125 0.38568437499999997 0.6441984374999999 0.38669375 0.6628406250000001 0.3923375 0.6684203125 0.396934375 0.66563125 0.40257812499999995 0.6479390625 0.4189484375 0.571528125 0.42507812500000003 0.49518125 0.42507812500000003 0.4876984375 0.4199578125 0.48402031250000005 0.41020625 0.48313281249999995 0.40459843749999996 0.48402031250000005 0.39982656250000004 0.4847171875 0.3964125 0.4876984375
3 0.35360468749999996 0.5036140625 0.3518984375 0.5129359375 0.3561828125 0.5897265625 0.3518984375 0.63785625 0.35276874999999996 0.654978125 0.35701875 0.6596062500000001 0.36255625 0.658021875 0.366840625 0.64565625 0.3736671875 0.60215625 0.37408593749999997 0.60215625 0.3838734375 0.5121109374999999 0.3809125 0.49816093749999996 0.376628125 0.4942921875 0.36795468750000004 0.492834375 0.361303125 0.49270781250000006 0.3561828125 0.4974 0.35360468749999996 0.5036140625
3 0.3208640625 0.5418515625 0.3283171875 0.6213703125000001 0.3287015625 0.6407734375 0.33082500000000004 0.6518078125 0.336503125 0.656309375 0.34252812499999996 0.655040625 0.3450359375 0.6395046875 0.3510625 0.5114140625 0.3500171875 0.5075453125 0.34824062499999997 0.5056437500000001 0.3450359375 0.5043124999999999 0.3311734375 0.5043124999999999 0.32441718750000004 0.5101453125 0.32194375000000003 0.5146484375 0.3201671875 0.52048125 0.3208640625 0.5418515625
4 0.2766625 0.5525046875 0.27951875 0.6029171875 0.2834203125 0.6327203124999999 0.2862765625 0.644959375 0.2884015625 0.646925 0.29052656250000003 0.64565625 0.2919546875 0.639821875 0.2948109375 0.5828781249999999 0.296203125 0.5757765625 0.2979796875 0.5738109375 0.301915625 0.5738109375 0.3036921875 0.5783765625 0.3047375 0.5861125 0.3036921875 0.61395 0.3036921875 0.6339890625 0.30578125 0.646290625 0.3078375 0.6537734375 0.312190625 0.6546609375 0.31361875 0.6501578125 0.319296875 0.5499046875 0.3175203125 0.5188328125 0.31574375 0.516296875 0.312921875 0.51433125 0.3065140625 0.513696875 0.3036921875 0.5156 0.2987109375 0.5233984375 0.2867984375 0.5227015625 0.283071875 0.5227640625000001 0.2766625 0.533734375 0.2766625 0.5525046875
4 0.234553125 0.5391250000000001 0.2342390625 0.54825625 0.2404734375 0.6431203125 0.2419359375 0.648003125 0.243434375 0.6490812499999999 0.2466734375 0.64743125 0.24817187500000001 0.641534375 0.2500875 0.5970203125 0.25604375 0.5966390625 0.25914375 0.6 0.259421875 0.6199749999999999 0.2582375 0.6377296875 0.2582375 0.648003125 0.26060625000000004 0.6544703125 0.26534375 0.6577046875 0.2694875 0.6544703125 0.27450312499999996 0.6038046875 0.2786484375 0.53696875 0.257053125 0.5391250000000001 0.2428078125 0.532403125 0.23988125 0.5320859375 0.236015625 0.5353203125 0.234553125 0.5391250000000001
4 0.1972484375 0.5025359375 0.1946015625 0.5036140625 0.191640625 0.5068484375 0.18571875 0.5273296875 0.179484375 0.57045 0.164403125 0.6022828125 0.164403125 0.6092578125 0.1673640625 0.61090625 0.1721 0.6092578125 0.17593125 0.6055171875 0.1913265625 0.5741921875 0.1946015625 0.5731140625 0.1977703125 0.5749531250000001 0.200034375 0.57780625 0.200034375 0.58560625 0.19697031250000002 0.6022828125 0.1956109375 0.6055171875 0.19045625 0.6130625000000001 0.173284375 0.6286625 0.1729703125 0.63081875 0.1762453125 0.636778125 0.18540625 0.6372859375 0.1913265625 0.6329734375 0.20644374999999998 0.6146484375 0.21118125000000001 0.602790625 0.2251484375 0.5837671875 0.2273765625 0.578503125 0.2307203125 0.57349375 0.232253125 0.5685484375 0.236328125 0.5435 0.23605 0.5337984375 0.23336874999999999 0.5273296875 0.221246875 0.514965625 0.21236562499999997 0.5133171875 0.20358749999999998 0.5051359375 0.20170625000000003 0.5036140625 0.20052187500000002 0.5025359375 0.1972484375 0.5025359375
4 0.260675 0.42022812500000006 0.256984375 0.42175 0.252978125 0.41972031249999997 0.248971875 0.41008281249999995 0.24555937499999997 0.3757765625 0.2409609375 0.3577046875 0.23775624999999997 0.3531390625 0.2327765625 0.35383593750000003 0.230303125 0.3609390625 0.23598124999999998 0.44045625 0.24200624999999998 0.4876984375 0.24486249999999998 0.500634375 0.2491125 0.5071015625 0.2569484375 0.5071015625 0.2605015625 0.50386875 0.2665265625 0.5083703125000001 0.28181875 0.49613125 0.283246875 0.48509843750000003 0.2676078125 0.3783765625 0.2611640625 0.3528859375 0.257296875 0.3499046875 0.25586875 0.3512359375 0.25541562500000003 0.3535828125 0.25586875 0.3577046875 0.26154687499999996 0.40824375 0.260675 0.42022812500000006
4 0.308603125 0.331959375 0.3053984375 0.333290625 0.3039703125 0.335890625 0.3018453125 0.35269531249999997 0.3056421875 0.401521875 0.3032390625 0.409321875 0.29352187500000004 0.4072296875 0.29094375 0.39784375 0.289759375 0.3565625 0.28833125000000004 0.3481296875 0.28620625 0.3436265625 0.28443125 0.3436265625 0.28018125 0.3474953125 0.2791015625 0.35269531249999997 0.2791015625 0.3759671875 0.2826546875 0.4677875 0.2840828125 0.485921875 0.2894109375 0.491121875 0.296865625 0.48979062500000003 0.3032734375 0.48205468749999997 0.3089515625 0.48719062500000004 0.3171015625 0.48465468749999996 0.32243125 0.4762203125 0.3235109375 0.46391875000000005 0.3134796875 0.3433734375 0.3125046875 0.336525 0.3110765625 0.33392499999999997 0.308603125 0.331959375
3 0.33155625 0.33544687500000003 0.3283171875 0.3381109375 0.326540625 0.341915625 0.3241734375 0.3505390625 0.3229890625 0.4340515625 0.32535625 0.4642359375 0.327725 0.475015625 0.3324625 0.47774218749999997 0.34134375 0.47774218749999997 0.34845000000000004 0.47178125 0.354371875 0.4642359375 0.3564265625 0.4561828125 0.3540578125 0.423271875 0.34315625 0.3426765625 0.3416234375 0.3370328125 0.3404390625 0.3348765625 0.33155625 0.33544687500000003
3 0.36990625 0.334178125 0.366353125 0.33633437499999996 0.3633921875 0.33956875000000003 0.36043125 0.3471140625 0.3562875 0.4268859375 0.3562875 0.45707031249999996 0.3610234375 0.468928125 0.36753749999999996 0.47216250000000004 0.37997187499999996 0.47159218750000004 0.38530156249999997 0.46569374999999996 0.3864859375 0.45275781249999997 0.38261875 0.34330937499999997 0.3817484375 0.340646875 0.3781953125 0.33525625 0.36990625 0.334178125
1 0.41253906249999994 0.3287890625 0.409578125 0.3266328125 0.40512031249999997 0.3277109375 0.3962375 0.3336078125 0.394775 0.33956875000000003 0.390909375 0.40748281249999996 0.391221875 0.4640453125 0.3938703125 0.47216250000000004 0.403065625 0.47647500000000004 0.418146875 0.47755156249999997 0.4184609375 0.47216250000000004 0.4175546875 0.43874375 0.41637031249999995 0.3411546875 0.41637031249999995 0.338490625 0.41550000000000004 0.33468593750000003 0.41253906249999994 0.3287890625
2 0.43775624999999996 0.31141406250000003 0.434553125 0.3146484375 0.433125 0.32175 0.42319687500000003 0.46854843749999997 0.4242421875 0.47634687500000006 0.430303125 0.48085000000000006 0.45162031249999995 0.482815625 0.45266406249999996 0.46987968750000003 0.4473359375 0.3954984375 0.4444796875 0.3240328125 0.44413125000000003 0.3152828125 0.44308593749999997 0.31268281249999996 0.43775624999999996 0.31141406250000003
2 0.46541249999999995 0.312428125 0.46043124999999996 0.3745078125 0.45510312500000005 0.47089375 0.4568796875 0.4824984375 0.46185937499999996 0.48509843750000003 0.49383437499999994 0.4896640625 0.49383437499999994 0.47476250000000003 0.4853015625 0.3486359375 0.4745390625 0.312871875 0.47251875 0.3072296875 0.4671890625 0.3085609375 0.46541249999999995 0.312428125
2 0.542284375 0.28338593749999996 0.541065625 0.27888437499999996 0.5385921875 0.2775515625 0.5361203125 0.2775515625 0.531696875 0.27983437499999997 0.5284921875 0.28338593749999996 0.52650625 0.291059375 0.519121875 0.333734375 0.511703125 0.36696249999999997 0.5018453125 0.4455296875 0.4981546875 0.48953749999999996 0.5003484375 0.4913765625 0.5245203125 0.496321875 0.53368125 0.49587812500000006 0.5371296875 0.49048749999999997 0.5383484375 0.47831250000000003 0.5351453125 0.4185796875 0.5432953125 0.306278125 0.5437828125 0.2973359375 0.5437828125 0.293278125 0.542284375 0.28338593749999996
2 0.563984375 0.3071015625 0.56255625 0.3083703125 0.5597000000000001 0.312871875 0.5579234375000001 0.32130625 0.5518984375 0.37178125 0.543015625 0.4591 0.5415890625 0.48883906250000003 0.5636359375 0.4933421875 0.5689656249999999 0.4914390625 0.570359375 0.48300625 0.5714390625 0.44679843750000003 0.5678859375 0.396321875 0.5686171875 0.3183265625 0.5685828125 0.3111609375 0.56680625 0.3071015625 0.563984375 0.3071015625
1 0.6027859375 0.2835125 0.6010093750000001 0.2835125 0.599234375 0.2851609375 0.5965859375 0.2927078125 0.5877046874999999 0.3287890625 0.573771875 0.41502812499999997 0.572309375 0.45871874999999995 0.5740859375 0.47488906249999996 0.5805984375000001 0.48459062499999994 0.5900734375 0.48833281250000005 0.6031 0.48243437499999997 0.6060609375 0.47488906249999996 0.6069312499999999 0.46030468750000003 0.6013234375 0.41395 0.60073125 0.3746359375 0.6053640625 0.292390625 0.6051546875 0.28566875 0.6045625 0.284084375 0.6027859375 0.2835125
3 0.6331249999999999 0.27691875 0.6314171875000001 0.27691875 0.624590625 0.280025 0.6220125000000001 0.28623906250000003 0.6177640625 0.347559375 0.6139328125 0.4220671875 0.6101015624999999 0.440646875 0.61051875 0.46474374999999996 0.6143500000000001 0.47869375 0.626296875 0.49036093750000004 0.6365375 0.49036093750000004 0.6442 0.48338593750000003 0.6459078125 0.47019687499999996 0.6424937500000001 0.39955625 0.6381046875 0.2878890625 0.6377921875 0.2831328125 0.6373734375 0.280025 0.6331249999999999 0.27691875
3 0.670846875 0.2770453125 0.66419375 0.27894687500000004 0.6600843750000001 0.284528125 0.6580640625 0.28915625 0.64576875 0.4176921875 0.6437125 0.468928125 0.6478234375 0.481040625 0.6595953125 0.49219999999999997 0.668790625 0.49315156250000003 0.6769765624999999 0.487571875 0.68310625 0.47824999999999995 0.6826187499999999 0.41959375000000004 0.6781265624999999 0.295878125 0.6774984374999999 0.2873171875 0.6744343749999999 0.27983437499999997 0.670846875 0.2770453125
4 0.7716828125 0.3088140625 0.767815625 0.3104 0.7644031250000001 0.3181359375 0.7629046875000001 0.388903125 0.7611984374999999 0.4044390625 0.7560781249999999 0.414521875 0.7504703125 0.40431249999999996 0.7503656249999999 0.3825625 0.7554515625 0.3274578125 0.7456640625000001 0.325175 0.7435390625 0.3274578125 0.740125 0.33525625 0.730303125 0.4260625 0.726471875 0.467153125 0.728178125 0.4826890625 0.734134375 0.4881421875 0.744375 0.4912484375 0.7512015625 0.48738125 0.7588640625 0.4912484375 0.7673984375 0.492009375 0.7725187499999999 0.4842734375 0.77593125 0.4610015625 0.777846875 0.3270140625 0.7767671875 0.311921875 0.7755140625 0.3088140625 0.7716828125 0.3088140625
4 0.7170671875 0.4947375 0.7254265625 0.49321562500000005 0.7311046875 0.48655625 0.732740625 0.4639828125 0.7325328125 0.42878906250000004 0.7268203125 0.3961953125 0.7252171875 0.32916875 0.7260187499999999 0.3013953125 0.722953125 0.2977171875 0.7148375 0.29695625 0.7107625 0.3076734375 0.7099609375 0.33215 0.7050859375 0.39733593749999996 0.6922671874999999 0.405453125 0.6859625 0.41433125000000004 0.6839078125 0.44952500000000006 0.6836984375 0.47209843749999997 0.6871828125 0.48655625 0.6952984375 0.4939765625 0.7046671875 0.49099531250000006 0.710553125 0.4913765625 0.7117734375 0.49175625 0.7117734375 0.4925171875 0.7170671875 0.4947375
