4 0.7927531250000001 0.580025 0.7943546875 0.5756 0.793309375 0.5619468750000001 0.7714984375 0.5142859375 0.7631359375 0.487484375 0.7547734375 0.4704171875 0.7185359375 0.503034375 0.7189546874999999 0.512009375 0.72648125 0.5309734374999999 0.7581187500000001 0.591403125 0.7650171875 0.6001265625000001 0.7824390625000001 0.6049296875 0.7786765625000001 0.593046875 0.7593734375000001 0.557775 0.75958125 0.5539828124999999 0.762090625 0.54943125 0.7650171875 0.547534375 0.7673171875 0.54943125 0.7896171875 0.5778765625 0.7927531250000001 0.580025
4 0.74320625 0.623640625 0.74696875 0.6195953125 0.74696875 0.609734375 0.7379796875 0.5854609375 0.7255046875 0.5601765624999999 0.72466875 0.551075 0.7181875 0.5356515625 0.7152609375 0.512515625 0.7135890625 0.5073328125 0.7098265625 0.506953125 0.69484375 0.5201015625000001 0.6773515625 0.528065625 0.670453125 0.5337546875 0.6729609375 0.544753125 0.6834140625 0.5723140625 0.6908703125 0.5866 0.6998609375 0.5994937499999999 0.7073875000000001 0.6228828125 0.716934375 0.6410875 0.72655 0.654740625 0.7294078125000001 0.6555 0.7310796875000001 0.6479140625 0.7275953125 0.6312265625 0.7181875 0.609734375 0.7160968750000001 0.5983562499999999 0.716515625 0.5884953125 0.7198609375 0.586978125 0.73484375 0.619215625 0.74320625 0.623640625
4 0.6979796875 0.6520859375 0.7 0.6484203125 0.700696875 0.6338812500000001 0.6921953125 0.604425 0.677490625 0.5772437499999999 0.6724734375 0.5609359375 0.6729609375 0.5450062499999999 0.670940625 0.5327437500000001 0.66696875 0.5300890625 0.6524734375000001 0.5323640625 0.64696875 0.5378000000000001 0.6374906250000001 0.5372953125000001 0.6339375 0.5395703125 0.63121875 0.544121875 0.630940625 0.5595453125 0.6351921875000001 0.5721875 0.6649484375 0.6512015625 0.6739375 0.66839375 0.6779796874999999 0.6657390624999999 0.6789546875 0.6624531250000001 0.6762374999999999 0.644753125 0.66696875 0.6184578125 0.663971875 0.6049296875 0.663971875 0.6007578125 0.6654359375000001 0.5994937499999999 0.66794375 0.6012640625000001 0.6944953125 0.650315625 0.6979796875 0.6520859375
3 0.61533125 0.6035390625 0.6273875 0.6493046875 0.640278125 0.708596875 0.6438328125 0.7006328125 0.6457140625 0.682553125 0.644878125 0.6273078125 0.6336578125 0.5737046875 0.626759375 0.5573953125 0.62320625 0.5543609375 0.616096875 0.5532234375 0.6124046875 0.5589125 0.6073875 0.56005 0.604878125 0.5623265625 0.604459375 0.5702906249999999 0.61533125 0.6035390625
3 0.57860625 0.5811625 0.5878046875 0.6020234375 0.591359375 0.6265484375 0.6000703125 0.654109375 0.6130312499999999 0.702528125 0.61860625 0.719975 0.6234140625 0.723009375 0.6261328125000001 0.7218703125 0.626759375 0.7165609374999999 0.6250875 0.6975984375000001 0.61860625 0.6579015625 0.6098953125000001 0.617446875 0.6034140625 0.5687734375 0.5915671875 0.5634640625 0.58885 0.56384375 0.5861328125 0.56839375 0.5821609375000001 0.566878125 0.5804875 0.5676359375 0.5788156250000001 0.5695328125 0.57860625 0.5811625
1 0.5543546874999999 0.6376734374999999 0.5603484375 0.6785078125 0.5673874999999999 0.710240625 0.575609375 0.730215625 0.5883625 0.75335 0.5903828125 0.730215625 0.591359375 0.6816687499999999 0.5871078125 0.6376734374999999 0.5831359375 0.620859375 0.5793734374999999 0.6140328125 0.5743546875 0.6140328125 0.572125 0.6091031250000001 0.568640625 0.5868515624999999 0.56515625 0.5754734375 0.5606265625 0.5737046875 0.5531015625 0.574209375 0.5516375 0.5773703125 0.552125 0.6082171875 0.5543546874999999 0.6376734374999999
2 0.553728125 0.73830625 0.55763125 0.7295828125 0.5581875000000001 0.7056890625000001 0.5517765625 0.648671875 0.5488500000000001 0.5798984375 0.5475953125 0.5764859375 0.54236875 0.5753484375 0.5250874999999999 0.5795203124999999 0.5223687499999999 0.58166875 0.5468296875 0.7246515625 0.553728125 0.73830625
2 0.500278125 0.59608125 0.503065625 0.607459375 0.5080843749999999 0.6477875 0.5140765625 0.7103671874999999 0.5170734375 0.718078125 0.522578125 0.7221234375 0.525784375 0.7198484374999999 0.5280843749999999 0.705309375 0.525296875 0.639190625 0.5210453125 0.5897593750000001 0.5200703125 0.584703125 0.5137984375 0.5815421875 0.505784375 0.5824265625 0.503065625 0.5829328125 0.5000703125 0.5897593750000001 0.500278125 0.59608125
2 0.485575 0.7112515625 0.488084375 0.71946875 0.492821875 0.7175734375 0.49630625000000006 0.7103671874999999 0.499790625 0.688115625 0.5007671874999999 0.5901390625 0.4820203125 0.595575 0.47958125 0.5992421875 0.47958125 0.6141593750000001 0.485575 0.7112515625
2 0.45205624999999994 0.6500625 0.45651562500000004 0.6826796875000001 0.46432031250000005 0.7103671874999999 0.46926875 0.6826796875000001 0.47902500000000003 0.5969656249999999 0.4770734375 0.5829328125 0.47303125 0.5792671875 0.4678046875 0.5792671875 0.459025 0.5866 0.45679375 0.5892546875 0.45484375000000005 0.6003796875 0.45205624999999994 0.6500625
1 0.4212546875 0.61061875 0.40850156249999997 0.7212390625 0.40724687499999995 0.7429828125 0.4087109375 0.7589125 0.42222968749999995 0.7429828125 0.43574843750000003 0.70720625 0.4452265625 0.655878125 0.45121874999999995 0.6087234375 0.45351875 0.5815421875 0.452753125 0.5797718749999999 0.4452265625 0.5797718749999999 0.4336578125 0.5857140625 0.42926875000000003 0.58836875 0.4242515625 0.5932999999999999 0.4212546875 0.61061875
3 0.38313593749999997 0.6853343749999999 0.3823 0.7026546875 0.38334531250000003 0.7098609375 0.3856453125 0.7091031250000001 0.39003437500000004 0.701896875 0.397909375 0.6838171875 0.422509375 0.5900125 0.422509375 0.58445 0.4191640625 0.580278125 0.41024374999999996 0.5795203124999999 0.40689843750000004 0.5772437499999999 0.3970734375 0.5776234375 0.3937984375 0.5780031250000001 0.3914984375 0.5810359375 0.38313593749999997 0.6853343749999999
3 0.3496171875 0.6137796875 0.34662031249999997 0.6551203125 0.348153125 0.700884375 0.3508703125 0.7073328125 0.3549125 0.7073328125 0.35811875 0.702275 0.377909375 0.6193421875 0.3891296875 0.5797718749999999 0.3891296875 0.5757265625 0.3864109375 0.5734515625000001 0.3673875 0.5639703125 0.3641109375 0.5639703125 0.3591640625 0.572565625 0.3496171875 0.6137796875
4 0.321115625 0.6261687499999999 0.318884375 0.6412140625 0.318884375 0.65385625 0.32439062500000004 0.6629578125 0.3308703125 0.6443734375 0.3386765625 0.61390625 0.3498953125 0.5840703125 0.35888437500000003 0.5704171875 0.3599296875 0.56498125 0.3586765625 0.5622 0.3516375 0.5576484374999999 0.3464109375 0.5518328125 0.335121875 0.5522125 0.331915625 0.5486718749999999 0.323903125 0.5486718749999999 0.3168640625 0.5445 0.314634375 0.5450062499999999 0.312125 0.5781296874999999 0.298884375 0.62161875 0.29686406249999997 0.6357781250000001 0.29790937500000003 0.6429828125 0.30090625000000004 0.6479140625 0.304878125 0.64665 0.3096171875 0.6407078125 0.3154 0.624778125 0.3171421875 0.62161875 0.3201390625 0.6212390625 0.321115625 0.6261687499999999
4 0.2673875 0.5835656250000001 0.238396875 0.6415921875 0.244390625 0.6393171875 0.257909375 0.6275593749999999 0.272125 0.6061953124999999 0.30139375 0.55271875 0.3034140625 0.5381796875 0.29965156249999997 0.5300890625 0.267178125 0.5159296875 0.2636234375 0.531353125 0.2266203125 0.5958281249999999 0.22466875000000003 0.605815625 0.228153125 0.618078125 0.23261250000000003 0.6161828125000001 0.26216093749999997 0.5726921875000001 0.26487812499999996 0.5704171875 0.2683625 0.5744625 0.2673875 0.5835656250000001
4 0.305784375 0.385334375 0.303971875 0.3862203125 0.30153281249999997 0.383565625 0.290034375 0.3372953125 0.2885015625 0.37939375000000003 0.2852265625 0.412515625 0.28376250000000003 0.473325 0.28452968749999996 0.4787609375 0.292753125 0.4833125 0.3210453125 0.48445 0.3185359375 0.44108749999999997 0.3192328125 0.390265625 0.313728125 0.364475 0.30822343750000003 0.35170625 0.3022296875 0.34500625 0.30369375 0.35195937499999996 0.3050171875 0.3562578125 0.306759375 0.3776234375 0.305784375 0.385334375
4 0.341603125 0.4156765625 0.3401390625 0.41871093750000005 0.3384671875 0.41340000000000005 0.3384671875 0.3975984375 0.3336578125 0.377496875 0.3285015625 0.3632109375 0.32515625 0.357521875 0.320975 0.357521875 0.325784375 0.4304671875 0.32411093750000003 0.487484375 0.3315671875 0.49620781249999996 0.34181249999999996 0.5015171875 0.363275 0.501896875 0.3662015625 0.49393125 0.36599375 0.467509375 0.3485015625 0.38394375 0.3428578125 0.3689 0.33825781250000003 0.3632109375 0.33637656250000003 0.3632109375 0.33533124999999997 0.3689 0.341603125 0.40290781249999996 0.341603125 0.4156765625
3 0.4062015625 0.32806562499999997 0.392821875 0.3525921875 0.38745625 0.3685203125 0.3799296875 0.444121875 0.3726125 0.486346875 0.365784375 0.4988625 0.3703828125 0.506446875 0.3828578125 0.5117578125 0.3921953125 0.509103125 0.39512187499999996 0.503034375 0.3940765625 0.4512015625 0.39533125 0.38053125 0.4094078125 0.3318578125 0.4108015625 0.32768593749999997 0.4126125 0.3204796875 0.4062015625 0.32806562499999997
3 0.4165859375 0.364475 0.4144953125 0.36750937499999997 0.4116375 0.3743359375 0.4062015625 0.40227500000000005 0.3961671875 0.49228750000000004 0.3961671875 0.509228125 0.39763125 0.5126421875 0.403903125 0.51719375 0.41121875 0.5175734375000001 0.41721250000000004 0.5156765625 0.42034843750000006 0.5126421875 0.42041874999999995 0.381921875 0.42034843750000006 0.37244062499999997 0.4184671875 0.364475 0.4165859375 0.364475
1 0.4372828125 0.3611890625 0.4298265625 0.39165625 0.4238328125 0.44146718749999997 0.4218125 0.50278125 0.4243203125 0.51719375 0.42829218750000003 0.528065625 0.43609687499999994 0.530846875 0.4440421875 0.52718125 0.4478046875 0.51719375 0.44654999999999995 0.3979765625 0.4414640625 0.3639703125 0.4408359375 0.3571421875 0.4408359375 0.3520859375 0.4372828125 0.3611890625
2 0.46717812500000006 0.3866 0.46418125000000005 0.38773749999999996 0.460278125 0.3964609375 0.45853593750000005 0.4073328125 0.4542859375 0.45903906250000004 0.4512890625 0.5211125 0.4542859375 0.533628125 0.4572828125 0.5362828125 0.46752656249999996 0.5384328125 0.473240625 0.5362828125 0.474703125 0.533628125 0.47198593750000006 0.4051828125 0.471428125 0.4012640625 0.46898906250000005 0.38938125 0.46717812500000006 0.3866
2 0.4861328125 0.390771875 0.48250937499999996 0.3950703125 0.47951249999999995 0.44576562500000005 0.478328125 0.5399499999999999 0.4801390625 0.5426046875 0.4882234375 0.544753125 0.5071078124999999 0.5442484375000001 0.5101046874999999 0.5388109375 0.5073875 0.5067 0.5038328125 0.48546093749999997 0.497490625 0.4037921875 0.49602812500000004 0.3989890625 0.49149843750000005 0.390771875 0.4861328125 0.390771875
2 0.5284328125 0.38445 0.5236234375000001 0.3920359375 0.5206265625000001 0.40897656250000003 0.5121953125 0.5270546875 0.513728125 0.54386875 0.53679375 0.5477875 0.5422296875 0.54386875 0.5443203125 0.5362828125 0.5392328125 0.476990625 0.5413234375 0.4573953125 0.5374218749999999 0.39860937500000004 0.53679375 0.3910234375 0.533240625 0.38394375 0.5284328125 0.38445
2 0.5475265625 0.37901406249999997 0.5457140625 0.40834374999999995 0.5475265625 0.5281921875 0.5510796874999999 0.533628125 0.5660624999999999 0.533628125 0.5696859375 0.530340625 0.57121875 0.52161875 0.564878125 0.42414687500000003 0.5577703125 0.3657390625 0.5545640625 0.341340625 0.5475265625 0.37901406249999997
1 0.5737984375 0.4896328125 0.5749828124999999 0.513653125 0.5782578125 0.5201015625000001 0.58188125 0.5207328125 0.5896859375 0.5195953125 0.5989546875 0.513653125 0.601671875 0.509228125 0.601115625 0.49127656249999996 0.59630625 0.458659375 0.5959578125 0.43527187500000003 0.579790625 0.3089765625 0.578884375 0.30353906249999996 0.5765156250000001 0.304678125 0.5737984375 0.4896328125
3 0.6101046875 0.3212390625 0.605296875 0.3767390625 0.601671875 0.4910234375 0.60320625 0.501390625 0.6151921875 0.509103125 0.626271875 0.506321875 0.6310796875 0.49494375 0.6289890625 0.4378 0.6222296875 0.366625 0.619303125 0.3523390625 0.6158187500000001 0.336915625 0.6101046875 0.3212390625
3 0.6442515625 0.32806562499999997 0.6377703125 0.33299687499999997 0.636725 0.3384328125 0.63024375 0.4640953125 0.63024375 0.48495625000000003 0.63121875 0.49127656249999996 0.6387453125 0.49494375 0.6582578125 0.486725 0.6547734375 0.35069531249999997 0.6542859375 0.338053125 0.65024375 0.330340625 0.6442515625 0.32806562499999997
4 0.68745625 0.316434375 0.684459375 0.318078125 0.671915625 0.34525937500000003 0.665853125 0.3915296875 0.6637625 0.42528437500000005 0.6562375 0.4618203125 0.6562375 0.47433593749999997 0.6598609375 0.47926718749999997 0.6796515624999999 0.47433593749999997 0.6970734375000001 0.46283124999999997 0.6946343749999999 0.42591718749999996 0.6922640624999999 0.4073328125 0.6952609375 0.39051874999999997 0.698815625 0.33173125 0.6961671875000001 0.320228125 0.6949125 0.320859375 0.692821875 0.33008906250000003 0.6841109375000001 0.374209375 0.6793734375 0.3817953125 0.679025 0.3785078125 0.6817421875 0.350821875 0.68745625 0.3268015625 0.6877359375000001 0.323009375 0.6889203125 0.318078125 0.68745625 0.316434375
4 0.707665625 0.33299687499999997 0.701671875 0.36586562499999997 0.6989546875 0.429203125 0.70041875 0.455246875 0.7056453125 0.457775 0.7166546874999999 0.4518328125 0.7298953125 0.44134062500000004 0.730453125 0.4359046875 0.72466875 0.41049375 0.7234140625000001 0.396965625 0.7234140625000001 0.3633375 0.7321953125 0.3184578125 0.7321953125 0.3121359375 0.72745625 0.31074531250000004 0.72466875 0.3161828125 0.7224390625 0.32528437499999996 0.7106625 0.4024015625 0.7086406249999999 0.4024015625 0.7096859375 0.3701640625 0.7089203125 0.3610625 0.7139375 0.33249062500000004 0.7124046875000001 0.3279390625 0.7096859375 0.32894999999999996 0.707665625 0.33299687499999997
