4 0.800453125 0.520671875 0.8034140624999999 0.52390625 0.80815 0.5249843750000001 0.8102406249999999 0.52390625 0.800765625 0.47488906249999996 0.796621875 0.4096390625 0.7924765625 0.392390625 0.7889234375 0.3918828125 0.7844656249999999 0.39778125000000003 0.77945 0.3972734375 0.7741203125 0.3999359375 0.7682 0.396703125 0.7619640624999999 0.4010140625 0.7530828125 0.417184375 0.7495296875 0.4268859375 0.7495296875 0.43335468749999995 0.7507140625 0.44413437499999997 0.7738078125000001 0.515853125 0.780634375 0.5255546875 0.7859625 0.529296875 0.79355625 0.5294859375 0.7944625000000001 0.5233984375 0.792371875 0.5168046875 0.7869734375 0.5112875 0.7808078125 0.501078125 0.7735624999999999 0.47856718750000005 0.7729359375 0.4714015625 0.77464375 0.46702656249999996 0.777046875 0.46391875000000005 0.7852671875 0.4613828125 0.7874953125 0.46512343749999996 0.7972140624999999 0.5131265625 0.800453125 0.520671875
4 0.7708468749999999 0.5525046875 0.77234375 0.55516875 0.7755828124999999 0.5546609375 0.7779515625 0.549778125 0.778265625 0.5379203125 0.7761750000000001 0.527140625 0.7575406250000001 0.4738109375 0.7513062500000001 0.45060312500000005 0.74656875 0.422575 0.7406484375 0.42796406249999996 0.7258453125 0.4565625 0.712225 0.47431875 0.709578125 0.47970781249999994 0.7101703125000001 0.48186406249999997 0.7125390625 0.48566875 0.7178687499999999 0.48941093750000003 0.7285265625 0.5190875 0.747475 0.5594796875 0.75179375 0.572796875 0.7572281249999999 0.5746984375 0.7583421875 0.573303125 0.75963125 0.5670890625 0.7575406250000001 0.554090625 0.746290625 0.5174375 0.7475796875 0.5107171875 0.7509921875 0.505390625 0.7533953125 0.5038046875 0.755103125 0.5034875000000001 0.7584109375 0.5098921875 0.7708468749999999 0.5525046875
4 0.7192609375 0.5960046875 0.7229890625000001 0.6013953125 0.7237203125 0.6013953125 0.7257046875000001 0.5955609374999999 0.7259484375 0.5883953125 0.7237203125 0.5596703125 0.7118781249999999 0.50393125 0.7059562500000001 0.4724796875 0.6933828125 0.47343124999999997 0.67635 0.4837671875 0.6672234375 0.49182031249999997 0.662034375 0.49499062499999996 0.65538125 0.49315156250000003 0.661790625 0.510209375 0.66844375 0.523715625 0.6950890625 0.5960046875 0.70644375 0.6149015624999999 0.7109015624999999 0.6153453125 0.712609375 0.6112875 0.7118781249999999 0.6018390625000001 0.69094375 0.540203125 0.6903859375 0.5357000000000001 0.6915359375000001 0.530246875 0.692859375 0.5272671875 0.6954374999999999 0.5253015624999999 0.6983984375000001 0.530246875 0.6998609375 0.533925 0.7118781249999999 0.5748890624999999 0.7192609375 0.5960046875
3 0.625565625 0.5103359375000001 0.6369203125 0.5444515625 0.667015625 0.654090625 0.676384375 0.6742546875000001 0.6791015625 0.6729234374999999 0.6786140625 0.64914375 0.6692437499999999 0.5992390624999999 0.6586203125 0.5305640625 0.6578890625 0.51344375 0.65343125 0.4905515625 0.6285265625 0.4968296875 0.6270296875 0.49727343749999997 0.624834375 0.5008874999999999 0.625565625 0.5103359375000001
3 0.5934859375 0.5150921875 0.6067921875 0.5781234375000001 0.6287015625000001 0.6681671875 0.6316609375 0.6735578125 0.6369906249999999 0.6746359375 0.638175 0.6681671875 0.6361203125 0.6433734375 0.630790625 0.6002531249999999 0.6278296875 0.554978125 0.6263328125000001 0.5209890625 0.6269250000000001 0.4983515625 0.6026812500000001 0.502853125 0.5977359375 0.5040578124999999 0.5924421875 0.50481875 0.5934859375 0.5150921875
1 0.5573671874999999 0.48909375 0.557959375 0.5041859375 0.571890625 0.593659375 0.5851968750000001 0.6572609375 0.59289375 0.6798984375 0.59616875 0.6798984375 0.6 0.6755859375 0.6014984375 0.6680406249999999 0.5914312500000001 0.5473046874999999 0.5911187499999999 0.5014578125 0.587565625 0.49067812499999997 0.5840124999999999 0.48478125 0.5757234375 0.481546875 0.563009375 0.48484531249999996 0.5591437499999999 0.485859375 0.558271875 0.48636718749999996 0.5573671874999999 0.48909375
2 0.5580640625 0.66525 0.5622078125 0.6663281249999999 0.5648546875 0.6620171874999999 0.566353125 0.641534375 0.5645765625 0.5881421875 0.5598390625 0.5353203125 0.5556953124999999 0.5062140625 0.5547890625 0.48896562499999996 0.5380359375 0.48807812500000003 0.5298499999999999 0.48839531249999996 0.5580640625 0.66525
2 0.5216296875 0.5863671874999999 0.5322890625000001 0.6348765625 0.5334734375 0.6370328125 0.5370250000000001 0.6386171875 0.53939375 0.635384375 0.5411703125 0.6219406249999999 0.5388015625 0.5911859374999999 0.5275515625 0.4947375 0.523128125 0.496321875 0.514803125 0.49638593750000004 0.5083249999999999 0.49581406250000004 0.5103796875 0.5281546875 0.5216296875 0.5863671874999999
2 0.48206249999999995 0.5013953124999999 0.49958125000000003 0.60735625 0.5025421875 0.615028125 0.5055031249999999 0.6190875 0.5084640625 0.6190875 0.51166875 0.615915625 0.51215625 0.6033609375 0.5084640625 0.5499046875 0.5074890625 0.52473125 0.5089515625 0.5000640625 0.5074890625 0.49239062499999997 0.5055031249999999 0.4887765625 0.5015671875 0.49239062499999997 0.49662187500000005 0.49416562500000005 0.48551093749999996 0.49372187500000003 0.48453437499999996 0.49372187500000003 0.48255 0.4951171875 0.48206249999999995 0.5013953124999999
2 0.45245625 0.5027265625 0.4527 0.5072296875 0.455171875 0.5216234375 0.4660390625 0.60735625 0.46875625000000004 0.615471875 0.4714734375 0.6176921875 0.475896875 0.6172484375 0.4788578125 0.6127453125 0.48181874999999996 0.593025 0.47983281250000004 0.5507921875 0.4801109375 0.49372187500000003 0.46259218750000003 0.5000640625 0.4561484375 0.49778124999999995 0.455171875 0.49733593750000005 0.4531875 0.498225 0.45245625 0.5027265625
1 0.416684375 0.4960046875 0.41570937499999994 0.5000640625 0.416684375 0.5494609374999999 0.424590625 0.667153125 0.426540625 0.6783765625 0.42978125 0.6864296875 0.432740625 0.68915625 0.4361890625 0.6873171874999999 0.4396375 0.681928125 0.44186718750000004 0.6635390625 0.44259843749999994 0.6253640625 0.44604687500000006 0.5719093749999999 0.44998281249999994 0.5305640625 0.45565937500000003 0.5000640625 0.44604687500000006 0.49467343750000003 0.4264015625 0.4905515625 0.42309374999999994 0.49061562500000006 0.41842499999999994 0.49239062499999997 0.416684375 0.4960046875
3 0.380146875 0.49955625000000003 0.37837031250000003 0.504946875 0.37777812499999996 0.5469875 0.3807390625 0.658021875 0.38279375 0.6661374999999999 0.38665937499999997 0.6698796875 0.3910828125 0.6688015625 0.3943578125 0.6618265625 0.399965625 0.6202921875 0.4056078125 0.5594171875 0.4133046875 0.525428125 0.413584375 0.5087515625 0.4109375 0.5044390625 0.38871406249999996 0.49581406250000004 0.38753125 0.49524375000000004 0.38279375 0.49581406250000004 0.380146875 0.49955625000000003
3 0.3537796875 0.510209375 0.3385234375 0.6027265625 0.32535625 0.6596062500000001 0.3257046875 0.6725421875 0.32998906250000004 0.676475 0.33531875 0.673875 0.3377921875 0.669309375 0.3626609375 0.5988578125 0.3765234375 0.5496515625 0.397840625 0.51084375 0.397840625 0.49860468750000003 0.3921625 0.4960046875 0.3807734375 0.49537031249999997 0.3626609375 0.4914390625 0.3612328125 0.4908046875 0.3584109375 0.490171875 0.3537796875 0.510209375
4 0.2933828125 0.46556718750000003 0.29090937499999997 0.49467343750000003 0.25715781249999997 0.5613187500000001 0.251096875 0.5807234375 0.2500515625 0.58915625 0.2504 0.59169375 0.25322187500000004 0.5975265624999999 0.2557296875 0.5975265624999999 0.2614078125 0.593659375 0.2812953125 0.5625875 0.293346875 0.5400765625 0.2960296875 0.536715625 0.30115 0.5344953125 0.30320468749999996 0.5374765625 0.30425 0.5520609375000001 0.27809062500000004 0.6007609375 0.2759671875 0.6130625000000001 0.2766984375 0.6207984375 0.278475 0.62473125 0.2812953125 0.62473125 0.283071875 0.61953125 0.3047375 0.590425 0.333890625 0.539315625 0.3509578125 0.5057078125000001 0.3523515625 0.4979078125 0.3523515625 0.490171875 0.3509578125 0.484971875 0.3474046875 0.48306875 0.338871875 0.48243437499999997 0.3239296875 0.47336718749999995 0.305921875 0.4659484375 0.301184375 0.4643 0.299059375 0.46366562499999997 0.2933828125 0.46556718750000003
4 0.2263671875 0.5646796875 0.22162968749999998 0.5814203124999999 0.22309375 0.5835765625 0.22814375 0.5824984375 0.231696875 0.5797718749999999 0.28261875000000003 0.49353125000000003 0.29090937499999997 0.47197187500000004 0.29209375 0.462840625 0.289725 0.45637343750000003 0.283803125 0.45256875 0.2757921875 0.45149062500000003 0.2660390625 0.44610000000000005 0.251515625 0.43424218750000004 0.2438171875 0.43157968750000003 0.2313828125 0.47305 0.21480312499999998 0.5172484374999999 0.2053296875 0.54045625 0.2056421875 0.55174375 0.20741874999999999 0.5560562499999999 0.2103796875 0.5560562499999999 0.21866875000000002 0.548509375 0.24176250000000002 0.505009375 0.24757968749999998 0.503296875 0.24945937499999998 0.5044390625 0.2509234375 0.505834375 0.25113125 0.5116046875 0.24817187500000001 0.517375 0.23848906250000002 0.54045625 0.2263671875 0.5646796875
4 0.18948125 0.392009375 0.18474375 0.4000640625 0.181190625 0.4318953125 0.18296718750000002 0.475015625 0.182375 0.523525 0.18328125 0.5278375 0.185928125 0.5310718750000001 0.18979375 0.5315796875000001 0.19216249999999999 0.5251109375 0.1965859375 0.4890296875 0.1989546875 0.46043124999999996 0.1998609375 0.4577671875 0.206965625 0.4577671875 0.2087421875 0.4599234375 0.21051875 0.4668984375 0.2072453125 0.4847171875 0.1951234375 0.533734375 0.19453125 0.5440078125000001 0.197178125 0.549396875 0.1989546875 0.5488265625000001 0.2087421875 0.5267593749999999 0.2196796875 0.49923906249999994 0.2264015625 0.47083125 0.22793437499999997 0.4596703125 0.23416874999999998 0.4410265625 0.23615468750000002 0.42967656249999997 0.23110468750000002 0.42238437500000003 0.21138906249999997 0.403296875 0.201915625 0.3963859375 0.19867656250000001 0.39416562499999996 0.1948109375 0.392009375 0.18948125 0.392009375
4 0.25074843750000003 0.2559296875 0.2473 0.2568171875 0.24434062499999998 0.2603671875 0.2425984375 0.269371875 0.23841874999999998 0.32999375 0.23521406250000002 0.3381109375 0.2290484375 0.348446875 0.22385937500000003 0.3556125 0.2206546875 0.35833906249999997 0.2206546875 0.362778125 0.2221171875 0.37089375 0.22755156250000003 0.37989843749999996 0.244584375 0.3888390625 0.2485203125 0.3888390625 0.2549640625 0.378503125 0.262346875 0.37672812499999997 0.2665265625 0.3681671875 0.273946875 0.32777500000000004 0.274921875 0.2990484375 0.274190625 0.28509843749999997 0.2783703125 0.2603671875 0.2747125 0.2601140625 0.2724484375 0.26220625000000003 0.2700109375 0.2648703125 0.26729375 0.2711484375 0.2628359375 0.294103125 0.2589 0.32821875 0.2588296875 0.3357 0.2576453125 0.338490625 0.254371875 0.33785625 0.2521421875 0.3337984375 0.25172343750000004 0.3268859375 0.252734375 0.3062140625 0.25249062499999997 0.28104062500000004 0.2547890625 0.268484375 0.25468437499999996 0.26309375 0.25249062499999997 0.25770468750000003 0.25074843750000003 0.2559296875
4 0.2849875 0.2720984375 0.282340625 0.27698125 0.2805640625 0.3076734375 0.2832109375 0.3540265625 0.28261875000000003 0.38744375 0.2832109375 0.3944828125 0.28589375 0.398225 0.29240625 0.4025359375 0.298328125 0.4079265625 0.3107625 0.41439375 0.3217 0.41496562499999995 0.32675 0.39987343750000004 0.32615781250000003 0.390678125 0.3160921875 0.3222578125 0.30689687499999996 0.2791375 0.3015671875 0.26778749999999996 0.29655156250000003 0.2683578125 0.295646875 0.2705140625 0.294775 0.275903125 0.3050859375 0.34565625 0.305259375 0.3521875 0.3027171875 0.35421718750000003 0.29975625 0.3544703125 0.2967953125 0.3539625 0.2888546875 0.2774890625 0.288540625 0.274825 0.2876703125 0.27267031249999996 0.2849875 0.2720984375
3 0.3714734375 0.300253125 0.36495937500000003 0.30291718749999996 0.363775 0.30615156250000003 0.3623125 0.380025 0.363496875 0.44521249999999996 0.36495937500000003 0.45383593749999995 0.3726578125 0.455484375 0.397840625 0.45440781250000006 0.4055375 0.4447046875 0.40494531250000004 0.42365312499999996 0.39665625000000004 0.390234375 0.3886453125 0.3298671875 0.383071875 0.312175 0.3812609375 0.30615156250000003 0.378578125 0.30291718749999996 0.3714734375 0.300253125
1 0.407209375 0.27609374999999997 0.404353125 0.27869375 0.400453125 0.2876984375 0.3936953125 0.4487640625 0.3951234375 0.451996875 0.40505 0.4591 0.41180781250000004 0.457196875 0.425321875 0.45009531249999996 0.4334734375 0.43779375 0.43277656249999996 0.4105890625 0.41626562500000003 0.28046875 0.4146640625 0.275459375 0.41215624999999995 0.2747625 0.407209375 0.27609374999999997
2 0.45799375 0.29961875 0.45583437499999996 0.2951171875 0.4498078125 0.29638593750000003 0.4466046875 0.2989859375 0.444828125 0.302853125 0.4349 0.3895375 0.43667656250000003 0.42897968750000004 0.4380703125 0.43741250000000004 0.44555937500000004 0.44388125 0.45621718749999995 0.44128125 0.4618953125 0.43284687499999996 0.46509999999999996 0.40894062499999995 0.46224375 0.3746359375 0.459421875 0.3135703125 0.45938749999999995 0.308053125 0.45938749999999995 0.305453125 0.45799375 0.29961875
2 0.4817484375 0.3088140625 0.4773953125 0.31268281249999996 0.46823437500000004 0.385478125 0.46823437500000004 0.40431249999999996 0.46941875 0.42536406250000003 0.47206562500000004 0.44312031249999995 0.47533906249999996 0.448509375 0.479484375 0.4512359375 0.49251093749999997 0.45174375 0.4972484375 0.4495875 0.50285625 0.44312031249999995 0.502578125 0.42479374999999997 0.49902499999999994 0.3725421875 0.4944265625 0.3190875 0.4933828125 0.3105265625 0.48962031250000004 0.308496875 0.4817484375 0.3088140625
2 0.533925 0.29074218749999997 0.531765625 0.2927078125 0.5296406250000001 0.2985421875 0.5260890625 0.3172484375 0.5189828125 0.3592890625 0.5143500000000001 0.3929609375 0.5115296875 0.44660781250000003 0.5143500000000001 0.45180781249999996 0.5306859375 0.458909375 0.542771875 0.458909375 0.544896875 0.45377343750000004 0.544896875 0.44407031249999995 0.5431203124999999 0.40526249999999997 0.5452796875 0.3573875 0.5403 0.30741874999999996 0.5385578125 0.295053125 0.5373734375 0.29226406250000003 0.533925 0.29074218749999997
2 0.5657265625 0.28605 0.560396875 0.288015625 0.555415625 0.2989859375 0.554684375 0.31255625 0.5557640625 0.361065625 0.5515156250000001 0.4329109375 0.553640625 0.45034843750000003 0.5564609375 0.45554843749999996 0.560396875 0.4594171875 0.5735281249999999 0.458084375 0.5746078125 0.445846875 0.5760015625 0.362396875 0.56893125 0.2940390625 0.5682 0.2892828125 0.567503125 0.28738125000000003 0.5657265625 0.28605
1 0.60334375 0.2389984375 0.6013578125000001 0.24800312500000002 0.5919890624999999 0.304121875 0.5784046875 0.42764687500000004 0.5793796875 0.453709375 0.580878125 0.4591 0.5924765625 0.4617625 0.6087421875000001 0.45865625000000004 0.61246875 0.45415312500000005 0.6127140625 0.4330375 0.6109718749999999 0.384528125 0.61246875 0.3157890625 0.6094390625 0.2542796875 0.6087421875000001 0.24616406249999997 0.6065484375 0.2322765625 0.60334375 0.2389984375
3 0.6361890625 0.23785625000000002 0.6318703125 0.23696875 0.62814375 0.241534375 0.6256703124999999 0.24927031249999998 0.6206890625 0.2868109375 0.6103796874999999 0.4097015625 0.609334375 0.44464218750000006 0.6096828125 0.44717812500000004 0.6263671875 0.45497812499999996 0.6313484375 0.451109375 0.6430859375 0.4452765625 0.6452109375 0.4303734375 0.64413125 0.35795781249999997 0.639846875 0.2613828125 0.6390109374999999 0.2459734375 0.6361890625 0.23785625000000002
3 0.6623828125 0.2679765625 0.6595265625 0.2679765625 0.655625 0.2699421875 0.6531171875 0.2738109375 0.6495640625 0.290615625 0.6428421875 0.3507921875 0.6421109375 0.43424218750000004 0.6428421875 0.44394375 0.6485203125 0.44908125 0.6538484375 0.44908125 0.665203125 0.44394375 0.6737375 0.4329109375 0.6698359375 0.366328125 0.6642984375000001 0.287825 0.664159375 0.2816109375 0.663428125 0.27121093749999997 0.6623828125 0.2679765625
4 0.7024375 0.2788203125 0.7003484375 0.2788203125 0.6977015625 0.28040625 0.6956109374999999 0.28421093750000004 0.69355625 0.2911859375 0.687634375 0.326759375 0.6737031250000001 0.4248578125 0.6731109375 0.4329734375 0.6754796875 0.4405203125 0.6805296875 0.4405203125 0.6861375 0.43887187499999997 0.7039015625 0.43024687500000003 0.71428125 0.418959375 0.7181124999999999 0.40602343750000003 0.7192609375 0.3914390625 0.7180765625000001 0.3532015625 0.7210375 0.290678125 0.71835625 0.28744375 0.7142109375000001 0.288521875 0.7115640625 0.290678125 0.7091953125 0.298225 0.7080109375 0.3418515625 0.7065828125 0.3609390625 0.7047375 0.365440625 0.702890625 0.365821875 0.6991984375 0.3617 0.697353125 0.34565625 0.7032046875 0.2921375 0.703621875 0.2868734375 0.7039015625 0.2831328125 0.7024375 0.2788203125
