4 0.8408562500000001 0.5538359374999999 0.8268890624999999 0.5029171875 0.8099968750000001 0.44736875 0.8074890625 0.445403125 0.8024734375 0.44996875000000003 0.795646875 0.458465625 0.7870421875 0.4643625 0.782375 0.48002500000000003 0.7755828124999999 0.4807234375 0.7719953125 0.4833234375 0.7684078125 0.497653125 0.7684078125 0.5133796875 0.770184375 0.5211796875 0.77593125 0.5264421875 0.7881218750000001 0.5421046875 0.8085687500000001 0.563665625 0.8225703125000001 0.577996875 0.828665625 0.583259375 0.8311734375000001 0.58389375 0.8272375000000001 0.568865625 0.8042843749999999 0.5237796875 0.8024734375 0.5166140625 0.8024734375 0.5120484375000001 0.8039015624999999 0.5087515625 0.8055375 0.508496875 0.8071406250000001 0.5107171875 0.8408562500000001 0.5786296875 0.8408562500000001 0.5538359374999999
4 0.751028125 0.5383 0.75653125 0.5505390625000001 0.763496875 0.5614453125 0.7667359375 0.5610015625 0.7674671875 0.5496515625 0.7674671875 0.5228921875 0.7669796875 0.5156625 0.7547890625 0.524159375 0.75155 0.52650625 0.7485546875 0.5292328125 0.751028125 0.5383
4 0.73465625 0.5287890625 0.732428125 0.53608125 0.7306859375 0.5374125000000001 0.7257046875000001 0.5388078125 0.7177296875 0.5388078125 0.7359109375 0.5719093749999999 0.7433640625 0.5791375000000001 0.7525953125 0.5845906249999999 0.7588296875 0.5814203124999999 0.7578203125 0.5700703125000001 0.7536046875 0.5555484374999999 0.7411359375 0.5285984375 0.738628125 0.5242859375 0.7353890625 0.521115625 0.73465625 0.5287890625
4 0.7179734375 0.628471875 0.7266453125 0.648065625 0.7311390624999999 0.6529484375 0.7347265625 0.6529484375 0.7368171875 0.6507921875 0.736225 0.6426125 0.7111109375 0.5403296875 0.7099265625 0.5098281250000001 0.7066171875 0.4940390625 0.703621875 0.4885859375 0.6931734374999999 0.48478125 0.6848140625 0.4896640625 0.671646875 0.4885859375 0.6653781249999999 0.4940390625 0.664159375 0.49841406250000003 0.6632875 0.5136328125 0.6632875 0.5266968750000001 0.6692437499999999 0.541915625 0.6740515625 0.559353125 0.6791359375 0.60126875 0.6871828125 0.6279015625000001 0.69495 0.6469875 0.7054343750000001 0.66220625 0.7087078124999999 0.6638546875 0.7120171875 0.6617 0.7128875 0.6573234375 0.7120171875 0.648065625 0.7099265625 0.6398859375 0.6979453125 0.6072296875000001 0.6950890625 0.5759671875000001 0.6954374999999999 0.56563125 0.6985375 0.574571875 0.6991640625 0.576790625 0.7063390625 0.5909328125 0.7179734375 0.628471875
3 0.6313125 0.5194671875 0.6460125 0.5816109375 0.6512718750000001 0.5960687499999999 0.6559734374999999 0.6164875000000001 0.6677109375 0.65865625 0.6744343749999999 0.67045 0.6818875 0.6772984375 0.6809125 0.6568796875 0.6731796875 0.6147109375 0.6624515625 0.5339890625 0.6624515625 0.5199109375 0.6609890625 0.5026640625 0.6569843750000001 0.5039953125000001 0.6537437500000001 0.50221875 0.6452796875 0.5026640625 0.63434375 0.509321875 0.6313125 0.5112875 0.630825 0.5135703125 0.6313125 0.5194671875
3 0.5991640625 0.5227015625 0.5991640625 0.527203125 0.6006625 0.536778125 0.6106234374999999 0.5712109375 0.61933125 0.6242859375 0.6290484375000001 0.663284375 0.6375484375 0.6759671875000001 0.64225 0.684590625 0.64151875 0.6664546875 0.6322890625 0.603425 0.6290484375000001 0.5617 0.6290484375000001 0.5440078125000001 0.6305468750000001 0.5231453125 0.6285609375 0.5168046875 0.62358125 0.5163609375 0.6148734375 0.5131890625 0.60815 0.5136328125 0.6049109374999999 0.5151546875 0.602159375 0.5168046875 0.5999296875 0.51953125 0.5991640625 0.5227015625
1 0.566840625 0.5350671874999999 0.5729359374999999 0.5681671875000001 0.5883671875 0.6352562500000001 0.6013234375 0.6715921875 0.6055734375 0.6788203125 0.6082890625 0.6788203125 0.608534375 0.668865625 0.6073140625 0.649334375 0.6020546875 0.6067218750000001 0.598084375 0.560875 0.5963421875 0.5250468749999999 0.5948453125000001 0.5187062499999999 0.5911187499999999 0.5132531250000001 0.5841171875 0.5132531250000001 0.5710203125 0.5098281250000001 0.5674328125 0.5096390625 0.5659359375 0.5096390625 0.566840625 0.5350671874999999
2 0.5345875 0.515915625 0.535840625 0.525871875 0.5452796875 0.5667093750000001 0.5659703125 0.6492703125 0.57495625 0.676475 0.5739468750000001 0.652440625 0.5711953125 0.6297406249999999 0.5659703125 0.5943562499999999 0.563740625 0.5635390625000001 0.56175625 0.5090671875 0.547509375 0.5092578125 0.5415890625 0.5095125 0.536084375 0.51090625 0.5345875 0.515915625
2 0.5105890625 0.5122390625000001 0.5108328125 0.5349390625 0.5177984375 0.577996875 0.5225359375 0.6360812499999999 0.5233015625 0.653709375 0.52504375 0.6555484375 0.5270296875 0.6551046875 0.5295015624999999 0.6478125 0.5339953125 0.6183890625 0.5337515625 0.5140781249999999 0.5345171875 0.5090671875 0.52601875 0.506784375 0.5182515624999999 0.50741875 0.514071875 0.5081796875 0.5115984375 0.5090671875 0.5105890625 0.5122390625000001
2 0.479728125 0.5439437500000001 0.48422187499999997 0.6016484375 0.48481406250000003 0.626696875 0.48812187500000004 0.635384375 0.49648281250000004 0.6326562499999999 0.5012546875 0.61090625 0.5048421875 0.5602406249999999 0.5108328125 0.50913125 0.4973875 0.5069125 0.47708125 0.50646875 0.4716828125 0.505834375 0.479728125 0.5439437500000001
2 0.44869375 0.5164875 0.44977343750000004 0.52695 0.4530125 0.5948640625 0.44475781249999996 0.6530125 0.46304375000000003 0.6268859375 0.47021875 0.5889656249999999 0.479903125 0.50995625 0.47596718750000006 0.5079906249999999 0.46520312500000005 0.506721875 0.45841093749999995 0.5075453125 0.4533609375 0.509321875 0.4490421875 0.5132531250000001 0.44869375 0.5164875
1 0.4149421875 0.522575 0.412225 0.5503484375000001 0.40059218750000003 0.5966390625 0.378475 0.6619531249999999 0.3757578125 0.6755234375 0.3766625 0.683703125 0.37934531250000003 0.68478125 0.3826546875 0.682625 0.3898296875 0.670640625 0.396690625 0.655421875 0.41852968749999997 0.6211156250000001 0.43706093749999997 0.573746875 0.4454203125 0.5454656250000001 0.448415625 0.5253015624999999 0.4535 0.5068484375 0.4421453125 0.5079265625 0.42309374999999994 0.515915625 0.4179375 0.5182625 0.41671874999999997 0.5187703124999999 0.4149421875 0.522575
3 0.37324999999999997 0.5714015625 0.3654828125 0.604565625 0.3564953125 0.6285359374999999 0.35113125 0.6486359375 0.349634375 0.6622703125 0.350540625 0.671528125 0.3520375 0.6774890625000001 0.3550328125 0.678059375 0.35621718750000003 0.6764109375 0.360084375 0.660621875 0.3696625 0.637221875 0.3825140625 0.6024093749999999 0.397178125 0.5653765625 0.40735 0.5425484375 0.41030937500000003 0.5327203125 0.41030937500000003 0.5284078125 0.4055375 0.518071875 0.3983625 0.5104 0.385928125 0.5100828125 0.3825140625 0.5109703125 0.380425 0.5142046875 0.37324999999999997 0.5714015625
3 0.342703125 0.508434375 0.3400203125 0.5470515625 0.325078125 0.5998734375 0.31849531249999996 0.6325296875 0.3164046875 0.6504749999999999 0.3173109375 0.6565000000000001 0.32058593750000003 0.65865625 0.3256703125 0.6580843749999999 0.32985000000000003 0.65263125 0.3373390625 0.6330375 0.34510625 0.6009515624999999 0.361859375 0.554153125 0.3719953125 0.53348125 0.375896875 0.5220671875 0.37739531249999997 0.512809375 0.3762109375 0.5078625 0.3729015625 0.5035515625 0.365134375 0.5029796875 0.3576453125 0.5046296875 0.3481015625 0.5008250000000001 0.3466046875 0.5008250000000001 0.34392187500000004 0.5029796875 0.342703125 0.508434375
4 0.29487968750000004 0.6173109375 0.28411718750000003 0.634178125 0.28411718750000003 0.6407109375 0.2874265625 0.644515625 0.29279062499999997 0.6422953125 0.297875 0.6379828125 0.3068265625 0.6270765625 0.3164046875 0.5993031249999999 0.32358125000000004 0.5558015625 0.3301640625 0.5372859375 0.339115625 0.5181984374999999 0.34183281249999997 0.498096875 0.3397421875 0.49207343750000004 0.325984375 0.48776093749999994 0.30954375 0.48776093749999994 0.3020546875 0.48287812499999994 0.2972828125 0.48287812499999994 0.2942875 0.4844640625 0.28801875 0.48338593750000003 0.28620625 0.5356375 0.269175 0.57698125 0.2614078125 0.6020296875 0.260815625 0.6096390625 0.262 0.616740625 0.26468125 0.6211156250000001 0.2700796875 0.6194671875 0.27366718749999996 0.6140140625 0.28052968749999996 0.6009515624999999 0.2975625 0.5617625 0.29965156249999997 0.558528125 0.3029609375 0.5558015625 0.30445781250000004 0.5568796875 0.304771875 0.5587828125 0.3047375 0.5617625 0.30505 0.588459375 0.29487968750000004 0.6173109375
4 0.21720625 0.5930875 0.20675781249999997 0.5974640625000001 0.218425 0.604565625 0.2342390625 0.598034375 0.2599796875 0.5500953125 0.2674328125 0.5305015625 0.2805984375 0.509321875 0.28955000000000003 0.49784375000000003 0.291640625 0.4913125 0.29285937500000003 0.48262499999999997 0.28927187499999996 0.47228906249999997 0.2853703125 0.4695625 0.274015625 0.4695625 0.2638453125 0.45922656249999994 0.2500875 0.45053906250000003 0.2438171875 0.449396875 0.242040625 0.44996875000000003 0.2396375 0.4565 0.2378265625 0.475015625 0.23396093750000002 0.4913125 0.22796875 0.50386875 0.2154296875 0.5261890625000001 0.206165625 0.5457828124999999 0.2019859375 0.56265 0.2022640625 0.56918125 0.20735 0.5816734375 0.2091609375 0.5838296875 0.2429125 0.5294234375 0.24472343749999997 0.5294234375 0.24681250000000002 0.5327203125 0.24684843750000002 0.53519375 0.2465 0.537603125 0.2261921875 0.578946875 0.21720625 0.5930875
4 0.186590625 0.521496875 0.1706375 0.533734375 0.1786140625 0.5405828125000001 0.1965515625 0.5305640625 0.21100625 0.5060875 0.2192265625 0.490234375 0.2314171875 0.47482499999999994 0.2401609375 0.4666453125 0.2413796875 0.4616359375 0.24064843749999998 0.4516796875 0.23765312500000002 0.44077343750000003 0.2182171875 0.4140140625 0.21076250000000002 0.4076734375 0.20675781249999997 0.4072296875 0.20525937500000002 0.4076734375 0.1890625 0.42764687500000004 0.186590625 0.44483125 0.1808421875 0.46525 0.1726234375 0.48566875 0.171646875 0.4947375 0.1736328125 0.5038046875 0.17638437499999998 0.5056437500000001 0.1801109375 0.5038046875 0.1840828125 0.500190625 0.18833125 0.4947375 0.1975625 0.47025937500000003 0.20128906249999998 0.4675328125 0.2035171875 0.4675328125 0.20773281250000003 0.47190937499999996 0.2084984375 0.47526875 0.1975625 0.50653125 0.186590625 0.521496875
4 0.205746875 0.337221875 0.197665625 0.35954375 0.19498437500000002 0.3698796875 0.19679531249999999 0.3927703125 0.200975 0.39873125 0.21382812499999998 0.3970828125 0.2186 0.3922 0.2215953125 0.3850984375 0.221909375 0.37856718749999996 0.2311734375 0.3698796875 0.24252812499999998 0.36880156249999996 0.2455234375 0.358465625 0.25088750000000004 0.3083703125 0.252071875 0.28065937500000004 0.2428078125 0.2604953125 0.2392203125 0.2588453125 0.2368515625 0.2588453125 0.234134375 0.26214375 0.232671875 0.267596875 0.2320453125 0.2735578125 0.232671875 0.27951875 0.23653749999999998 0.2876984375 0.237721875 0.311096875 0.236259375 0.3214328125 0.23385625000000002 0.32251093750000004 0.2293625 0.31762812500000004 0.22668125 0.311096875 0.2275859375 0.267596875 0.225775 0.2648703125 0.223371875 0.263221875 0.215325 0.263221875 0.21414218749999997 0.2640453125 0.2135140625 0.26594843749999997 0.20783749999999998 0.31058906249999996 0.205746875 0.337221875
4 0.26482031250000004 0.37431875 0.2633234375 0.3710203125 0.264228125 0.304121875 0.266596875 0.28395625 0.2654125 0.27089375000000004 0.2636015625 0.27089375000000004 0.2615109375 0.27526875 0.25851562499999997 0.2904875 0.25405781250000004 0.325871875 0.252246875 0.3307546875 0.24747499999999997 0.35903593749999996 0.24656875 0.3710203125 0.24716093749999998 0.37374687500000003 0.249878125 0.3775515625 0.2531515625 0.3775515625 0.2600140625 0.39283437499999996 0.2731796875 0.4031703125 0.28094687500000004 0.4107796875 0.2800421875 0.39499062500000004 0.2824453125 0.376475 0.2839421875 0.32694999999999996 0.2797625 0.3024734375 0.2755828125 0.29486406249999997 0.2725875 0.2937859375 0.26990625 0.2937859375 0.267503125 0.2959421875 0.2669109375 0.300825 0.267815625 0.3111609375 0.27168281250000004 0.323715625 0.271403125 0.34216875 0.2691046875 0.368928125 0.2684078125 0.3720984375 0.266596875 0.37431875 0.26482031250000004 0.37431875
4 0.293103125 0.41382343749999995 0.29885 0.41014531249999997 0.302334375 0.40653125 0.315290625 0.412871875 0.332740625 0.41972031249999997 0.33075625 0.41154062500000005 0.33075625 0.3956875 0.3282484375 0.36842031249999996 0.3232671875 0.3407734375 0.3160578125 0.323525 0.3118078125 0.32035468749999996 0.3078015625 0.3226375 0.30581718750000003 0.326253125 0.30581718750000003 0.33170625 0.3078015625 0.3462265625 0.31480312499999996 0.3715921875 0.31727656249999997 0.3875078125 0.3175203125 0.3934046875 0.31553437500000003 0.3934046875 0.30905625 0.3866203125 0.30731406250000004 0.380215625 0.3050859375 0.36569375000000004 0.3018453125 0.33170625 0.297353125 0.297209375 0.296621875 0.29676562500000003 0.2956109375 0.2977171875 0.293103125 0.304946875 0.2925109375 0.314521875 0.2923015625 0.3172484375 0.2888890625 0.41065312499999995 0.293103125 0.41382343749999995
3 0.344584375 0.2901078125 0.34249375 0.2953703125 0.34022968750000004 0.358909375 0.3375125 0.39251718750000003 0.33462187499999996 0.41972031249999997 0.3308953125 0.44089999999999996 0.3308953125 0.46093906249999994 0.33294999999999997 0.46512343749999996 0.339184375 0.4669625 0.35433593750000003 0.46512343749999996 0.360571875 0.4605578125 0.363671875 0.4507296875 0.361825 0.4401390625 0.3607796875 0.42124218750000003 0.35743593749999997 0.4088140625 0.35621718750000003 0.38801562500000003 0.35433593750000003 0.3751421875 0.354128125 0.332846875 0.3495640625 0.3173109375 0.3495640625 0.295053125 0.349146875 0.292009375 0.347684375 0.2901078125 0.344584375 0.2901078125
3 0.37262343750000004 0.2861765625 0.37136874999999997 0.2888390625 0.3717875 0.30507343750000004 0.3707421875 0.32206718749999996 0.3676078125 0.409765625 0.3655515625 0.4346859375 0.361615625 0.4487 0.36098906249999996 0.45814843749999995 0.362034375 0.466075 0.36659687500000004 0.4710203125 0.37262343750000004 0.473240625 0.382375 0.470640625 0.3975265625 0.45326562499999995 0.39773593749999997 0.4381109375 0.3943921875 0.3455296875 0.3879828125 0.326253125 0.379240625 0.2965125 0.377325 0.2873171875 0.3740515625 0.285415625 0.37262343750000004 0.2861765625
1 0.41563906250000004 0.2909328125 0.40693124999999997 0.294103125 0.40518906250000003 0.29638593750000003 0.4039359375 0.3027265625 0.40296093749999995 0.3208625 0.399721875 0.33633437499999996 0.3937296875 0.45060312500000005 0.395228125 0.4642359375 0.399721875 0.4755234375 0.40518906250000003 0.47824999999999995 0.41563906250000004 0.47374687499999996 0.42535625 0.46556718750000003 0.428353125 0.44832031250000004 0.42859687500000004 0.425175 0.424625 0.40799062499999994 0.42563593749999995 0.39980937499999997 0.418634375 0.34039375 0.42222187499999997 0.309765625 0.421490625 0.2987953125 0.41940156249999994 0.29188281250000003 0.41563906250000004 0.2909328125
2 0.45332656250000003 0.31350625 0.4397078125 0.345465625 0.4368171875 0.41604374999999993 0.43646874999999996 0.459796875 0.437896875 0.47285937499999997 0.4389765625 0.474128125 0.44723125 0.47482499999999994 0.4598046875 0.47805937500000006 0.46266093750000004 0.47285937499999997 0.4659 0.451934375 0.4623125 0.427775 0.457228125 0.32213125 0.45750624999999995 0.314140625 0.4583421875 0.306975 0.45332656250000003 0.31350625
2 0.48241093749999997 0.28135625000000003 0.47864843749999997 0.2822453125 0.47467812499999995 0.28909375000000004 0.4726921875 0.29765312499999996 0.4726921875 0.3085609375 0.4714390625 0.3348765625 0.469940625 0.4518703125 0.470184375 0.46823125 0.4714390625 0.4781859375 0.47293593749999996 0.48091249999999997 0.48638125 0.48091249999999997 0.5053296875 0.47907343750000003 0.5055734375000001 0.47368437500000005 0.503309375 0.45098281250000005 0.4968296875 0.399303125 0.48753124999999997 0.312871875 0.48638125 0.3035515625 0.48439531249999995 0.284084375 0.48241093749999997 0.28135625000000003
2 0.5381750000000001 0.2684203125 0.5349359375 0.2637921875 0.532428125 0.2631578125 0.52814375 0.2631578125 0.523825 0.2677234375 0.521665625 0.2729859375 0.5195046875 0.28864999999999996 0.5195046875 0.306278125 0.51125 0.429740625 0.5080453125 0.4617 0.5087421875 0.47869375 0.5177296874999999 0.48002500000000003 0.53385625 0.47609375 0.5442703125 0.47869375 0.5421109375000001 0.42511093750000006 0.5414140625 0.385921875 0.5439921875 0.3190875 0.5435390625000001 0.304946875 0.5417625 0.28605 0.5381750000000001 0.2684203125
2 0.55228125 0.371528125 0.549878125 0.445021875 0.5483796875 0.45973437500000003 0.5492859375 0.46785 0.5513765625 0.47387499999999994 0.55465 0.47545937499999996 0.5731796874999999 0.47602968749999997 0.5749906250000001 0.4694984375 0.5755828125 0.45206093750000004 0.5717171875 0.40748281249999996 0.5669109375 0.35903593749999996 0.5595953125 0.3285984375 0.5588640625 0.32473125 0.5564609375 0.314965625 0.55228125 0.371528125
1 0.5924765625 0.28218125 0.5895859375 0.288078125 0.58279375 0.30830625 0.577046875 0.3474953125 0.5795546875 0.39194687500000003 0.578475 0.41154062500000005 0.5781265624999999 0.4578953125 0.579903125 0.46899218749999994 0.584221875 0.476790625 0.5967609375 0.48142031249999995 0.6046671875 0.476790625 0.6089515624999999 0.46569374999999996 0.6082546875 0.44679843750000003 0.6039359375 0.416740625 0.60431875 0.3958140625 0.5960640625 0.35142656250000004 0.5924765625 0.31483906250000004 0.594253125 0.29004375 0.5946015625000001 0.28744375 0.5964125 0.27825 0.5924765625 0.28218125
3 0.6256703124999999 0.299175 0.6223609375 0.3144578125 0.6214906250000001 0.325871875 0.6214906250000001 0.3362078125 0.6158140624999999 0.3710203125 0.610728125 0.45155312500000006 0.612225 0.45700624999999995 0.6172765625000001 0.46353906250000004 0.628665625 0.470640625 0.6370250000000001 0.464615625 0.6376171875 0.452125 0.6358406249999999 0.429803125 0.6328453125 0.4118578125 0.62985 0.374825 0.62985 0.3661375 0.6349359375 0.331325 0.633228125 0.301775 0.632253125 0.2959421875 0.6283531250000001 0.2959421875 0.6256703124999999 0.299175
3 0.6450359375 0.292009375 0.642528125 0.29518125 0.642284375 0.2974640625 0.641309375 0.42124218750000003 0.6398125 0.4507296875 0.642040625 0.45707031249999996 0.6452796875 0.4616359375 0.6535 0.46569374999999996 0.6614765625000001 0.458909375 0.6679546875 0.44121718750000005 0.6674671875 0.4244140625 0.6622078124999999 0.40583437499999997 0.6607453125 0.38725468749999997 0.65750625 0.3731765625 0.6542671875 0.34736875 0.6495640625 0.301903125 0.6492859375 0.2965125 0.6485203125 0.2928984375 0.6450359375 0.292009375
4 0.7089859374999999 0.3289796875 0.709753125 0.3239703125 0.7112499999999999 0.3226375 0.7137234375 0.323525 0.715709375 0.326696875 0.71745 0.3348765625 0.7187046875 0.373875 0.7182171875 0.3770453125 0.7184609375 0.3811671875 0.723196875 0.3820546875 0.7361546875 0.37748906249999997 0.7334031249999999 0.363475 0.7334031249999999 0.352125 0.7311734375000001 0.318071875 0.728665625 0.2999359375 0.7261921874999999 0.29226406250000003 0.71671875 0.28135625000000003 0.7132359375 0.28135625000000003 0.7074890625 0.28909375000000004 0.701009375 0.2999359375 0.6965515625 0.31312656250000004 0.6942875 0.390234375 0.69926875 0.38839531250000003 0.7012890625 0.38611249999999997 0.7032734375 0.378884375 0.7047718749999999 0.3770453125 0.7082546875 0.3761578125 0.7112499999999999 0.377996875 0.7106234375 0.3751421875 0.710240625 0.37298593750000003 0.7074890625 0.352125 0.7089859374999999 0.3289796875
4 0.7452453125 0.2933421875 0.743225 0.3092578125 0.7387671874999999 0.3836390625 0.7350046875 0.40944843750000004 0.736503125 0.4298671875 0.7394984375 0.4362078125 0.74346875 0.437603125 0.7561828125 0.42669687500000003 0.7671546874999999 0.43081875 0.7723796875 0.427140625 0.772134375 0.42079843749999996 0.7788578125 0.42219375000000003 0.782584375 0.41445781249999997 0.782340625 0.40177500000000005 0.777603125 0.37729843750000003 0.771403125 0.362778125 0.7686515625 0.344134375 0.7673984375 0.31604375 0.7659 0.3147109375 0.7629046875000001 0.3164875 0.7611640625 0.3201015625 0.7611640625 0.3495875 0.7619296875 0.3655046875 0.7609203124999999 0.3722890625 0.7569484375 0.38046875 0.754440625 0.3809125 0.7502265625 0.37951875 0.7479625000000001 0.36322187499999997 0.749390625 0.3181359375 0.749459375 0.3101453125 0.74820625 0.300634375 0.7452453125 0.2933421875
