4 0.77015 0.6512359375 0.7745734375 0.6577046875 0.777846875 0.6587828124999999 0.7802156250000001 0.6566265625 0.7819921875 0.6490812499999999 0.7814 0.641534375 0.7695578125 0.6048828125 0.756809375 0.5790109375 0.7541625 0.56823125 0.74705625 0.5305015625 0.7292921875 0.5305015625 0.7186343749999999 0.5267593749999999 0.7118078125 0.52568125 0.7076625 0.5267593749999999 0.70856875 0.5440078125000001 0.726925 0.6264421875 0.7366765625 0.6496515625 0.7464640625000001 0.6679765625 0.750609375 0.673875 0.7541625 0.6744453125 0.7559390625 0.672796875 0.7559390625 0.66740625 0.75179375 0.6539625 0.7399515625 0.6237796875 0.7359109375 0.6070390625 0.7417625 0.6005703125 0.7449328125 0.5994296875 0.7485546875 0.599746875 0.7526640625 0.6084968749999999 0.761546875 0.6248578124999999 0.77015 0.6512359375
4 0.6668406250000001 0.5219406249999999 0.6657953125 0.5290421875 0.6654125 0.5633484375 0.6664921875 0.5944203124999999 0.671125 0.64743125 0.6735984375 0.65516875 0.67823125 0.6565000000000001 0.682828125 0.6538999999999999 0.68425625 0.645465625 0.6814 0.5898546875 0.6817828125000001 0.5840203125000001 0.6839078125 0.5840203125000001 0.6902828125 0.5859859375 0.6931375 0.5930875 0.6973874999999999 0.6364609375 0.700940625 0.648065625 0.7034484375 0.6513 0.710553125 0.653265625 0.7109015624999999 0.6357640625000001 0.7041453125 0.5348765625 0.70236875 0.519340625 0.683559375 0.5200375 0.6742953125 0.5168046875 0.671125 0.5168046875 0.66826875 0.5187062499999999 0.6668406250000001 0.5219406249999999
3 0.6368515625 0.5055171875 0.6339953125 0.5100828125 0.6318703125 0.515853125 0.6293624999999999 0.5488906250000001 0.6290140625 0.6394421875 0.63221875 0.6678499999999999 0.63824375 0.6859859375 0.6428765624999999 0.6904874999999999 0.6428765624999999 0.669815625 0.6535359374999999 0.598034375 0.6659703125 0.5307546875 0.66419375 0.515853125 0.6602921875 0.51135 0.64559375 0.5046921875 0.6428765624999999 0.5042484375 0.6368515625 0.5055171875
3 0.5993375000000001 0.4996203125 0.5985015625 0.505834375 0.6044578125 0.627646875 0.6070359375 0.6424218749999999 0.6104499999999999 0.6486359375 0.6146984375 0.647875 0.6168234375 0.6431828125 0.6313125 0.5089406249999999 0.6270640625 0.505834375 0.6110421875000001 0.498225 0.6074531249999999 0.49651249999999997 0.6010453124999999 0.49651249999999997 0.5993375000000001 0.4996203125
1 0.5550328125 0.4851609375 0.5533265625 0.49296093750000003 0.5520375 0.5138874999999999 0.5546156250000001 0.6140140625 0.557575 0.6450859375 0.5609890625 0.6629046875 0.565690625 0.6683578125 0.569940625 0.6668359374999999 0.57251875 0.6590359375 0.5805984375000001 0.6124921875 0.598084375 0.4953078125 0.5967953125000001 0.4898546875 0.5874265624999999 0.4859859375 0.567503125 0.4800890625 0.562278125 0.47977187499999996 0.5571578125000001 0.4805328125 0.5550328125 0.4851609375
2 0.522396875 0.489346875 0.5192265625 0.5358906250000001 0.5046328124999999 0.6219406249999999 0.50856875 0.6238421875 0.515290625 0.6219406249999999 0.523128125 0.61610625 0.5394640625 0.5798984375 0.547996875 0.48801562499999995 0.5465687499999999 0.48611250000000006 0.5394640625 0.48287812499999994 0.5295015624999999 0.48091249999999997 0.5259484375000001 0.48091249999999997 0.5241734375 0.48351249999999996 0.522396875 0.489346875
2 0.49574999999999997 0.483259375 0.48261875 0.6061515625 0.48366406250000005 0.6164875000000001 0.48829687499999996 0.6281546875 0.49219843750000003 0.6287890625 0.4960984375 0.6242234375 0.5049812499999999 0.5951171875 0.522396875 0.483259375 0.5206203125 0.47869375 0.5138625 0.4761578125 0.5007312500000001 0.476790625 0.49895468750000005 0.47805937500000006 0.49787499999999996 0.47869375 0.49574999999999997 0.483259375
2 0.4517234375 0.58040625 0.45029531250000004 0.6023468750000001 0.4517234375 0.6114140625 0.45597343749999997 0.6114140625 0.461303125 0.6069125 0.47408593750000005 0.578440625 0.48937656250000006 0.5137609375000001 0.4943578125 0.47171874999999996 0.48902812500000004 0.469753125 0.47314531249999997 0.469753125 0.470846875 0.4772359375 0.4517234375 0.58040625
2 0.43841875 0.46740624999999997 0.41281718749999996 0.6187703124999999 0.41034531249999995 0.63690625 0.41177343750000006 0.6388078125 0.4270296875 0.6278374999999999 0.43556249999999996 0.6194046875 0.44054374999999996 0.6078 0.45189843749999997 0.5625234375 0.47039375000000005 0.46873750000000003 0.44594218750000003 0.464553125 0.4423203125 0.464171875 0.44019531250000005 0.4648703125 0.43841875 0.46740624999999997
1 0.3910828125 0.46239687500000004 0.3889578125 0.47019687499999996 0.39143125 0.600825 0.3903859375 0.6383640625 0.3921625 0.6441984374999999 0.3960640625 0.6441984374999999 0.40247343750000003 0.6357640625000001 0.4113546875 0.59955625 0.4184609375 0.524540625 0.422709375 0.4604953125 0.41772968749999995 0.4533921875 0.40442343750000004 0.45244062500000004 0.40139375 0.45269531250000006 0.39676093749999997 0.4552953125 0.3910828125 0.46239687500000004
3 0.35879531249999996 0.4772359375 0.3576109375 0.481546875 0.3593875 0.50741875 0.3611640625 0.5876984375000001 0.360571875 0.6076734375 0.36175625 0.620609375 0.3659 0.62219375 0.36826875000000003 0.6211156250000001 0.37300625 0.6087515625 0.3824796875 0.541915625 0.3848484375 0.472353125 0.3716125 0.4710203125 0.36767656249999997 0.4718453125 0.3614765625 0.4740015625 0.35879531249999996 0.4772359375
3 0.33820937500000003 0.5939125 0.3417625 0.6046921875 0.345315625 0.609575 0.35005156249999997 0.610653125 0.354196875 0.60741875 0.3556953125 0.5944828125 0.356565625 0.520609375 0.3556953125 0.4818015625 0.33793125 0.48021562500000003 0.33319375 0.48287812499999994 0.327865625 0.49099531250000006 0.3275515625 0.493659375 0.3275515625 0.5076734375 0.33820937500000003 0.5939125
4 0.283071875 0.5266968750000001 0.28631093750000003 0.55256875 0.2993375 0.6140140625 0.30320468749999996 0.6226375 0.3067578125 0.623715625 0.3097171875 0.621559375 0.31118125 0.6156625 0.31118125 0.6075453125 0.306165625 0.5622703125 0.30762812500000003 0.5579578125 0.31386250000000004 0.5579578125 0.3171015625 0.5617625 0.3194703125 0.6091953125 0.32156093750000003 0.6183265625 0.32420781249999997 0.62213125 0.3277609375 0.62213125 0.3313125 0.6194046875 0.3319046875 0.6107796875 0.32629687500000004 0.49651249999999997 0.3233375 0.495434375 0.319784375 0.4960046875 0.3171015625 0.49759062500000006 0.3147328125 0.501903125 0.31118125 0.5040578124999999 0.30170625 0.5057078125000001 0.2889234375 0.513696875 0.28571875 0.5169937499999999 0.28335 0.51915 0.283071875 0.5266968750000001
4 0.2452796875 0.5322125 0.2455234375 0.5488265625000001 0.2497390625 0.579834375 0.25294374999999997 0.61261875 0.255659375 0.62473125 0.25910781250000003 0.6305640625 0.26182500000000003 0.6314515625 0.2640546875 0.6310078125 0.26649218750000003 0.6279015625000001 0.267746875 0.6229546874999999 0.266771875 0.587 0.26551718750000003 0.5744453125 0.2662484375 0.5717187499999999 0.267503125 0.571275 0.26945312499999996 0.5717187499999999 0.2739109375 0.5757765625 0.276140625 0.5906156250000001 0.27809062500000004 0.6148390625 0.2800765625 0.62473125 0.2830375 0.6292328125 0.2864859375 0.6287890625 0.28895781249999997 0.6270140625 0.289690625 0.6148390625 0.2877390625 0.558275 0.2857546875 0.5205453125 0.26997499999999997 0.524603125 0.251096875 0.5213062500000001 0.248240625 0.5218765624999999 0.247265625 0.5223203125 0.2452796875 0.5322125
4 0.20222968749999998 0.50653125 0.197875 0.52473125 0.19289375 0.5762203125 0.1808078125 0.599175 0.1808078125 0.606340625 0.1817828125 0.60995625 0.18523125000000001 0.6104 0.189446875 0.6095125 0.197353125 0.5987312499999999 0.2029953125 0.5875078125 0.21159843750000001 0.553265625 0.2165453125 0.553265625 0.220725 0.5573234375 0.2089171875 0.5964484375 0.2015328125 0.606340625 0.1938703125 0.61395 0.189203125 0.6229546874999999 0.189446875 0.6283453125 0.19313750000000002 0.6355109375 0.20498124999999998 0.632846875 0.21581406250000001 0.61870625 0.23437812500000002 0.5783765625 0.24284218750000003 0.5644265625 0.244584375 0.55516875 0.2454203125 0.5453390625 0.2454203125 0.5287890625 0.24322499999999997 0.5209890625 0.23657187500000001 0.5106531249999999 0.2311390625 0.5057078125000001 0.2135140625 0.4987953125 0.20940468750000002 0.49816093749999996 0.2056421875 0.5009515625 0.20222968749999998 0.50653125
4 0.25750625 0.40481875 0.254196875 0.40481875 0.249878125 0.40297968749999996 0.2466734375 0.39942968749999996 0.2368859375 0.326696875 0.2342390625 0.3185796875 0.22890937500000003 0.3164234375 0.22682031249999998 0.318071875 0.22417343750000002 0.32073593749999996 0.2229890625 0.32777500000000004 0.2345171875 0.42853593749999996 0.2389765625 0.46195312499999996 0.2416234375 0.46791406249999995 0.2466734375 0.4694984375 0.2564265625 0.47007031250000003 0.265621875 0.466265625 0.2724140625 0.4614453125 0.2771515625 0.45605624999999994 0.2786484375 0.45174375 0.2786484375 0.44039375 0.27331875 0.41344375 0.26799062500000004 0.380025 0.2525953125 0.3116046875 0.24872812500000002 0.30779999999999996 0.2478578125 0.30779999999999996 0.24622031249999998 0.31350625 0.247265625 0.32454062499999997 0.258934375 0.39771718749999996 0.25750625 0.40481875
4 0.29829374999999997 0.3178828125 0.29582031249999996 0.321940625 0.2950890625 0.32777500000000004 0.29707343750000004 0.350665625 0.30076562500000004 0.3748890625 0.300278125 0.38839531250000003 0.29731874999999997 0.3933421875 0.2938703125 0.3933421875 0.290178125 0.391503125 0.28916718750000003 0.38795156249999996 0.28620625 0.3452765625 0.283246875 0.3322125 0.2812953125 0.3304375 0.27833437499999997 0.3304375 0.2741203125 0.33538437499999996 0.2726578125 0.3435 0.278578125 0.418009375 0.2820265625 0.445403125 0.28450000000000003 0.44901718749999997 0.28819218750000003 0.44946093749999994 0.2960984375 0.444515625 0.29805000000000004 0.43912500000000004 0.30498125 0.4431828125 0.312121875 0.43868124999999997 0.31358437499999997 0.43373437499999995 0.31630156249999997 0.433290625 0.3195046875 0.42435 0.3185296875 0.40995625 0.303796875 0.322575 0.3027515625 0.3187703125 0.30076562500000004 0.31655 0.29829374999999997 0.3178828125
3 0.331940625 0.29632187499999996 0.328665625 0.2968296875 0.3245203125 0.2979078125 0.3195046875 0.3017125 0.31623125 0.3103359375 0.315953125 0.3183890625 0.3195046875 0.40570781250000004 0.32096874999999997 0.42244843750000005 0.3254265625 0.4283453125 0.33075625 0.42891562499999997 0.3378609375 0.42460312499999997 0.3414140625 0.4202921875 0.3497046875 0.41382343749999995 0.35057499999999997 0.408434375 0.3485203125 0.381484375 0.337653125 0.3112234375 0.33695624999999996 0.30653125000000003 0.33490000000000003 0.2979078125 0.331940625 0.29632187499999996
3 0.36175625 0.293721875 0.357540625 0.2972734375 0.3538484375 0.3026640625 0.3528734375 0.306721875 0.35162031250000003 0.41097031250000005 0.3538484375 0.41636093750000003 0.35952656250000004 0.42079843749999996 0.3681640625 0.42079843749999996 0.3753046875 0.41724843749999996 0.378021875 0.40957499999999997 0.37154375 0.30646874999999996 0.37136874999999997 0.30044375 0.3684078125 0.294609375 0.36175625 0.293721875
1 0.39885000000000004 0.2842734375 0.39209375 0.2901078125 0.3888890625 0.2979078125 0.3828625 0.3787578125 0.3828625 0.39682968750000003 0.3849875 0.409765625 0.38996875000000003 0.4201015625 0.395646875 0.4233359375 0.40202031250000003 0.42403281249999997 0.40735 0.4220671875 0.409509375 0.4168671875 0.408778125 0.39682968750000003 0.40905625 0.29359531250000004 0.40842968749999997 0.2868734375 0.40595625 0.28300625 0.39885000000000004 0.2842734375
2 0.433228125 0.25783125 0.427690625 0.2609390625 0.4251125 0.26563125 0.42427656249999995 0.2718453125 0.41915781250000006 0.3494609375 0.41616093750000005 0.41388749999999996 0.41745 0.4216234375 0.4225703125 0.426253125 0.44005625000000004 0.42473124999999995 0.44346874999999997 0.4231453125 0.44301562499999997 0.4014578125 0.43918437499999996 0.32694999999999996 0.43793125 0.26563125 0.43793125 0.26252343749999996 0.43622500000000003 0.25783125 0.433228125 0.25783125
2 0.47826562499999997 0.23297343750000002 0.4747125 0.2278375 0.4700796875 0.22650625 0.4640546875 0.22847187500000002 0.46154687499999997 0.23107187499999998 0.4590734375 0.24914375 0.45586874999999993 0.281484375 0.44663906249999996 0.41864375000000004 0.44806718749999996 0.42447656250000004 0.454440625 0.42897968750000004 0.48429062500000003 0.4322125 0.488575 0.43024687500000003 0.4853703125 0.3882046875 0.4835953125 0.32999375 0.4821671875 0.256309375 0.4821671875 0.251109375 0.4810875 0.24267656249999997 0.47826562499999997 0.23297343750000002
2 0.5416234375 0.263221875 0.533125 0.263221875 0.5288406250000001 0.26778749999999996 0.5192609375 0.29169375 0.503621875 0.3771078125 0.49366093749999995 0.41655 0.4922671875 0.4313890625 0.5047015625 0.43658906249999996 0.5291890625 0.44045625 0.5338203125 0.4391890625 0.53629375 0.43398906249999997 0.537721875 0.41591562499999996 0.5429125 0.27786875 0.5434 0.27362031249999996 0.5434 0.2684203125 0.5416234375 0.263221875
2 0.5708109375 0.2509828125 0.5690359375 0.25358281250000003 0.5650999999999999 0.265884375 0.5512718750000001 0.3357640625 0.5388359375 0.4398859375 0.55374375 0.445021875 0.5665265625 0.4469875 0.56973125 0.4398859375 0.5708109375 0.42048125000000003 0.5693828125 0.37260624999999997 0.5693828125 0.342865625 0.5779171875 0.25618281249999997 0.5779171875 0.25358281250000003 0.575409375 0.2509828125 0.5708109375 0.2509828125
1 0.61556875 0.2481921875 0.6096484375 0.24927031249999998 0.6072796874999999 0.25358281250000003 0.5965171875 0.2864296875 0.5800421874999999 0.3613828125 0.5717515625 0.41204843750000003 0.5738078125 0.4303734375 0.5809124999999999 0.442803125 0.5921624999999999 0.44977812500000003 0.60195 0.44546562500000003 0.6084640625 0.4346859375 0.609334375 0.418009375 0.6063734375000001 0.3781234375 0.6069656250000001 0.3511734375 0.6108328125 0.308053125 0.61818125 0.2591 0.6182171875 0.2525046875 0.617625 0.2498421875 0.61556875 0.2481921875
3 0.6477875 0.24825624999999998 0.6447921875 0.2466703125 0.638384375 0.2466703125 0.634134375 0.24825624999999998 0.6290140625 0.257578125 0.6268890625 0.27698125 0.6170671875 0.3918203125 0.6136890625 0.40659531250000003 0.61198125 0.4313890625 0.6153953125 0.44692499999999996 0.6277250000000001 0.459353125 0.6430859375 0.4585921875 0.6469171874999999 0.45003125 0.6486234375000001 0.4205453125 0.6521765625 0.263475 0.65245625 0.257578125 0.6520374999999999 0.2528859375 0.6477875 0.24825624999999998
3 0.686834375 0.2617625 0.679728125 0.26112812500000004 0.67544375 0.262396875 0.67331875 0.264996875 0.6697671875 0.27406406250000004 0.6502265625 0.40082500000000004 0.6473703125 0.43703281250000003 0.6487984375 0.449334375 0.652003125 0.4610015625 0.6644375 0.4713375 0.6765234375 0.4739375 0.6857546875 0.4655046875 0.6882265624999999 0.43715937499999996 0.6901421875 0.27438125 0.6900031249999999 0.26823125000000003 0.6886109375 0.263728125 0.686834375 0.2617625
4 0.783525 0.328915625 0.780878125 0.33056406250000003 0.778509375 0.3337984375 0.7725875 0.36880156249999996 0.768721875 0.407609375 0.767571875 0.4131265625 0.7654828124999999 0.4162328125 0.7595609375000001 0.4162328125 0.7565999999999999 0.4151546875 0.755415625 0.409765625 0.7642984375 0.34292968749999997 0.7633921875 0.33430624999999997 0.7610234375 0.32999375 0.7583765625 0.32999375 0.7548234375 0.331071875 0.7518640624999999 0.33430624999999997 0.7370609375 0.4194671875 0.732009375 0.455040625 0.7326015625 0.4690546875 0.7346921875 0.47767968749999995 0.746534375 0.48630312499999995 0.7548234375 0.4847171875 0.7669453125000001 0.488459375 0.77464375 0.48522499999999996 0.7779171875 0.47767968749999995 0.7814703125 0.4431828125 0.7876703125 0.34134375 0.7882625 0.33056406250000003 0.7864859375 0.328915625 0.783525 0.328915625
4 0.6989203125000001 0.47951875 0.7068625 0.479834375 0.7101015625 0.47824999999999995 0.7211078125 0.48630312499999995 0.7322890625 0.48351249999999996 0.7345171875000001 0.477996875 0.7361890625 0.41471093750000004 0.733159375 0.40114218749999997 0.7260187499999999 0.39524375 0.7140015625 0.387571875 0.7075578124999999 0.386303125 0.696690625 0.3924546875 0.690421875 0.40944843750000004 0.6880531249999999 0.44312031249999995 0.6885749999999999 0.46651875 0.68875 0.4677875 0.6929640625 0.4739375 0.6989203125000001 0.47951875
