3 0.554534375 0.3882625 0.5635390625000001 0.3882625 0.60304375 0.38115625 0.6903609375 0.3736671875 0.7142671875 0.3665625 0.7259359375 0.3566359375 0.7045656250000001 0.3662140625 0.6677234375000001 0.3665625 0.62695 0.36374062500000004 0.6178828125 0.3665625 0.5694984375 0.36875625 0.5635390625000001 0.36941875 0.5570703124999999 0.371890625 0.55516875 0.374746875 0.55256875 0.3815046875 0.554534375 0.3882625
1 0.7197203125 0.393103125 0.7251109375 0.3903859375 0.7233359375 0.3886796875 0.7179453125 0.38645 0.6905515624999999 0.384953125 0.5741921875 0.392128125 0.558465625 0.3948453125 0.553075 0.400765625 0.5472421875 0.412853125 0.5472421875 0.41382812500000005 0.54996875 0.41508124999999996 0.5746359375 0.41382812500000005 0.6469875 0.4044578125 0.7197203125 0.393103125
2 0.6752687500000001 0.42950156249999993 0.7038046875 0.4218046875 0.707609375 0.4179734375 0.707609375 0.41410625 0.705453125 0.41114531249999997 0.69086875 0.411459375 0.6003171875 0.41619687499999997 0.5987312499999999 0.41469843749999996 0.5901078125 0.41588281250000003 0.5674703125 0.41738125000000004 0.5437546875 0.41765937500000005 0.545909375 0.426540625 0.5405203125 0.43956875 0.5405203125 0.44106562499999996 0.5410265625 0.4419359375 0.5437546875 0.44225000000000003 0.5658218749999999 0.43956875 0.6752687500000001 0.42950156249999993
2 0.696765625 0.44695156249999995 0.6937859375000001 0.4457328125 0.6818015625 0.4446875 0.6638546875 0.43977656249999997 0.6327843750000001 0.43894062500000003 0.6062140625 0.439359375 0.543309375 0.44346874999999997 0.5417875000000001 0.44409687499999995 0.5407109375 0.4609546875 0.5410265625 0.46259218750000003 0.5470515625 0.4628 0.6892828125 0.45064374999999995 0.6963859375 0.44963437500000003 0.696765625 0.44695156249999995
2 0.5960687499999999 0.4810171875 0.6701328125 0.4709515625 0.694103125 0.46642343750000004 0.696703125 0.4643671875 0.6956249999999999 0.46335781249999997 0.6907421874999999 0.4629390625 0.656309375 0.4629390625 0.6057703125 0.4618953125 0.5986687500000001 0.46273125000000004 0.5417875000000001 0.4643671875 0.543690625 0.4810171875 0.5443875 0.4836984375 0.5462265625 0.48575468749999995 0.5575140625 0.48575468749999995 0.585921875 0.4812265625 0.5960687499999999 0.4810171875
2 0.5942296875 0.5086734374999999 0.5996203125 0.507453125 0.685415625 0.499790625 0.6966390625 0.497840625 0.7011421875 0.49561093749999996 0.700696875 0.49265 0.6984781250000001 0.491153125 0.6310718750000001 0.4874609375 0.6090671875 0.4867296875 0.5982875 0.48401249999999996 0.58345 0.485475 0.5695625 0.485475 0.5439437500000001 0.4815390625 0.5457203125000001 0.4943578125 0.5439437500000001 0.5101703125 0.5439437500000001 0.513375 0.5461640625 0.5143500000000001 0.551109375 0.5143500000000001 0.5844 0.5079421875000001 0.5942296875 0.5086734374999999
1 0.728471875 0.5368515625 0.7233359375 0.5318703124999999 0.7142671875 0.5272375 0.648953125 0.5165796874999999 0.5866828125 0.513165625 0.561509375 0.5144203125 0.5453390625 0.513165625 0.5471140625 0.51835625 0.5471140625 0.532671875 0.549396875 0.54054375 0.5539625 0.5441312500000001 0.5590359375 0.5464296875 0.5835765625 0.5460812500000001 0.655421875 0.5410999999999999 0.728471875 0.5404046874999999 0.728471875 0.5368515625
3 0.579328125 0.5846750000000001 0.633228125 0.5796234375 0.6979078125 0.5645421875000001 0.7091953125 0.5583078125000001 0.709765625 0.5523859375 0.7048828125 0.5488328124999999 0.557196875 0.5464640625 0.554534375 0.565134375 0.5514265625 0.5717171875 0.550221875 0.5751999999999999 0.54914375 0.5784390625 0.550221875 0.581121875 0.556690625 0.5840828124999999 0.579328125 0.5846750000000001
3 0.7181984375 0.59909375 0.729803125 0.595890625 0.73176875 0.5909093750000001 0.731134375 0.5898296875 0.7149656249999999 0.588053125 0.6703234375 0.581678125 0.6050093750000001 0.5766984374999999 0.5687375 0.5642640625 0.5565 0.5646109375 0.551934375 0.5667359375000001 0.55003125 0.5710203125 0.5435640625 0.59731875 0.5461 0.608325 0.5497140625 0.6108671875 0.5539 0.613653125 0.557134375 0.6143500000000001 0.5694359375 0.6143500000000001 0.5868734375 0.6093703125000001 0.7181984375 0.59909375
4 0.7134437499999999 0.634621875 0.6817375 0.626784375 0.5814843749999999 0.6165093749999999 0.573684375 0.61118125 0.5478125 0.6065484375 0.5400765625 0.610796875 0.5445781249999999 0.6271687499999999 0.5452765625 0.63605 0.5445781249999999 0.6698015625 0.54914375 0.6786828125000001 0.5575140625 0.6829328125 0.5633484375 0.6829328125 0.5730500000000001 0.679728125 0.5801515625 0.676175 0.5873171875 0.6747468750000001 0.602790625 0.6737031250000001 0.6429296875 0.6758265625 0.6979078125 0.6829328125 0.731515625 0.691465625 0.6823718750000001 0.66729375 0.6281546875 0.6535 0.6214328124999999 0.6510281250000001 0.618959375 0.6445484375 0.6202921875 0.64315625 0.6513 0.641728125 0.6979078125 0.6420765625 0.70564375 0.6406484375 0.7134437499999999 0.634621875
4 0.6965749999999999 0.721665625 0.697653125 0.7187046875 0.6960046875 0.71574375 0.6841468749999999 0.7089515625 0.6356375 0.6953328125 0.604375 0.687634375 0.57526875 0.67756875 0.5623328125 0.6737031250000001 0.5407734375000001 0.6722390625 0.5386171875 0.683490625 0.5381109375 0.6967953125 0.5348765625 0.7089515625 0.5310718750000001 0.7139671875 0.5294859375 0.724625 0.52999375 0.7317312499999999 0.5396953124999999 0.7350046875 0.560178125 0.73678125 0.5930875 0.7350046875 0.6194671875 0.737653125 0.686303125 0.7412046875 0.6901078125 0.73824375 0.68306875 0.7311390624999999 0.661509375 0.725809375 0.6259359375 0.7187046875 0.6162328125000001 0.715465625 0.613 0.713375 0.614078125 0.7125046875 0.6464171875 0.7151515625 0.6836390625 0.7231625 0.6911859375 0.7231625 0.6965749999999999 0.721665625
3 0.4809765625 0.5852671875000001 0.49327812499999996 0.5838390625 0.5022828125000001 0.5760015625 0.5022828125000001 0.5621734375 0.49974687500000003 0.5483109374999999 0.494546875 0.5522125 0.48807812500000003 0.5550671875 0.461571875 0.5586203125 0.4249203125 0.5678859375 0.418896875 0.5696265625 0.4130625 0.5710546875 0.4027265625 0.5763843750000001 0.41819843749999996 0.57920625 0.4809765625 0.5852671875000001
1 0.4044390625 0.527203125 0.4398859375 0.5368171875 0.48256249999999995 0.54103125 0.504565625 0.5385578125 0.5153453125 0.536328125 0.518515625 0.5326359375 0.5171218750000001 0.528421875 0.5104 0.5227453125 0.49556093749999997 0.5207937499999999 0.4681671875 0.52055 0.3953078125 0.5120859375 0.3904875 0.511425 0.3837671875 0.5119125 0.3837671875 0.5163359375 0.3859859375 0.518321875 0.4044390625 0.527203125
2 0.38826875 0.4999296875 0.4055171875 0.5043890625 0.4577671875 0.5103093750000001 0.508434375 0.5105890625 0.515471875 0.50735 0.519784375 0.4987453125 0.517628125 0.490178125 0.5090046874999999 0.486625 0.48636718749999996 0.4824796875 0.43785625 0.48157500000000003 0.3922 0.4846390625 0.38826875 0.48571875000000003 0.38395625 0.4886796875 0.3823078125 0.49104843750000005 0.3823078125 0.49519375 0.38826875 0.4999296875
2 0.39587812499999997 0.4196453125 0.4783765625 0.43622500000000003 0.485921875 0.43650312500000005 0.4885859375 0.43504062499999996 0.48807812500000003 0.4282125 0.48915625 0.4234765625 0.49613125 0.4184609375 0.49239062499999997 0.4172765625 0.47190937499999996 0.416684375 0.3894109375 0.4116328125 0.38725468749999997 0.41194687500000005 0.38566875 0.41253906249999994 0.38566875 0.41431562499999997 0.38725468749999997 0.416684375 0.39587812499999997 0.4196453125
1 0.5126828125 0.417171875 0.5268859375 0.417171875 0.5307546875 0.41435000000000005 0.5379203125 0.399790625 0.5353203125 0.3912578125 0.4842109375 0.385196875 0.41953125 0.37561875 0.385921875 0.374190625 0.3448953125 0.36778125 0.3477484375 0.369209375 0.363284375 0.37561875 0.4156625 0.3912578125 0.47970781249999994 0.40794218750000005 0.5126828125 0.417171875
3 0.41902343750000004 0.356775 0.4411546875 0.366840625 0.5187703124999999 0.38665937499999997 0.530628125 0.3869734375 0.5381734375 0.38310625 0.5408375000000001 0.37777812499999996 0.5414078124999999 0.37185625 0.537603125 0.36711875 0.5246671875 0.361790625 0.42853593749999996 0.3464296875 0.42390625000000004 0.3452109375 0.41959375000000004 0.34434062499999996 0.4152828125 0.3463953125 0.4152828125 0.3526296875 0.41902343750000004 0.356775
3 0.423271875 0.3338203125 0.4355734375 0.34092656250000003 0.501521875 0.3611640625 0.52999375 0.3657953125 0.5435640625 0.3632875 0.554534375 0.3540578125 0.5591 0.3444796875 0.555865625 0.3401953125 0.53259375 0.3359453125 0.444959375 0.3233375 0.43684218750000003 0.32208281250000004 0.427775 0.323859375 0.42194062499999996 0.3277609375 0.42194062499999996 0.3309640625 0.423271875 0.3338203125
4 0.5224484375 0.324765625 0.5629046875 0.3324625 0.5698796875000001 0.331 0.576346875 0.3244859375 0.5747625000000001 0.31825156250000003 0.580659375 0.31264375 0.5823078125000001 0.30759375 0.5823078125000001 0.3008015625 0.578503125 0.29811875 0.5618265625000001 0.29665625 0.5187062499999999 0.2975265625 0.50304375 0.2960640625 0.488521875 0.2883671875 0.4340515625 0.28982968750000004 0.42435 0.2913265625 0.421115625 0.2933828125 0.4216875 0.294565625 0.4588453125 0.30285625 0.48636718749999996 0.30790625 0.49010781249999996 0.3117375 0.488521875 0.3135140625 0.4836390625 0.313828125 0.43715937499999996 0.30815000000000003 0.42561875000000005 0.30731406250000004 0.4162328125 0.30644375 0.4281546875 0.315290625 0.48205468749999997 0.3268546875 0.5224484375 0.324765625
4 0.4898546875 0.2685828125 0.44083750000000005 0.2641234375 0.4208625 0.263253125 0.43975937500000006 0.2712296875 0.46829375000000006 0.27983281249999997 0.5081796875 0.281609375 0.5259984375 0.28338593749999996 0.5259984375 0.28425625 0.554534375 0.2910828125 0.571275 0.2934515625 0.5777421875 0.2934515625 0.5814843749999999 0.2913625 0.588521875 0.2836640625 0.5901078125 0.2801109375 0.58744375 0.2747828125 0.5906781249999999 0.2697671875 0.5933421875 0.2673984375 0.5944203124999999 0.2614765625 0.588521875 0.2564265625 0.5820546875 0.25346562499999997 0.5604953125 0.2505046875 0.5329734375 0.252003125 0.4974 0.2502265625 0.47260625 0.247265625 0.43436874999999997 0.2526296875 0.43975937500000006 0.25405781250000004 0.44349999999999995 0.2549640625 0.49581406250000004 0.260571875 0.5033609375 0.2641234375 0.5001265625 0.2685828125 0.4898546875 0.2685828125
