3 0.3932078125 0.7677234375 0.39676093749999997 0.7709578125000001 0.403553125 0.7666453125 0.4094734375 0.755865625 0.4153953125 0.7337343749999999 0.41866875 0.7008875 0.42486875 0.61084375 0.423684375 0.60386875 0.42131718749999997 0.6017125 0.41511718750000004 0.59955625 0.39763125 0.60221875 0.3955765625 0.6060234375 0.394078125 0.6205453125 0.3932078125 0.6394421875 0.3932078125 0.679834375 0.3958546875 0.7138234375 0.39526249999999996 0.728915625 0.3905265625 0.750475 0.39111875 0.7509828125 0.39143125 0.7574515625 0.3932078125 0.7677234375
3 0.42932812499999995 0.77958125 0.4334734375 0.776346875 0.43671249999999995 0.7677234375 0.4411703125 0.7488265625 0.4500515625 0.6938484375 0.4509234375 0.6610015625 0.4527 0.625428125 0.45151562500000003 0.614078125 0.4461859375 0.6086875 0.43848906249999997 0.6060234375 0.4299203125 0.6081796875000001 0.4275515625 0.6124921875 0.4263671875 0.62916875 0.4254609375 0.6663921875 0.426053125 0.7213703125 0.42695937500000003 0.723525 0.42723750000000005 0.7752687500000001 0.42932812499999995 0.77958125
2 0.4450015625 0.5596703125 0.451828125 0.5596703125 0.4574359375 0.558021875 0.4586203125 0.552125 0.45715781250000004 0.4933421875 0.4524203125 0.4259984375 0.4500515625 0.416296875 0.4482765625 0.416296875 0.4438171875 0.429740625 0.43848906249999997 0.48744375 0.43702500000000005 0.5133171875 0.4373046875 0.528915625 0.438209375 0.5337984375 0.438209375 0.5327203125 0.44144843749999996 0.5537093750000001 0.4450015625 0.5596703125
2 0.4704625 0.5644890625000001 0.4755140625 0.5634109375 0.48408281249999996 0.5639828125 0.4929640625 0.5607484375 0.49474062500000004 0.5547875 0.4944625 0.5472421875 0.4950546875 0.523525 0.4929640625 0.49930312499999996 0.4870421875 0.47343124999999997 0.48230625 0.4426765625 0.477290625 0.41953125 0.47373750000000003 0.4087515625 0.470184375 0.4055171875 0.4680953125 0.4081796875 0.4684078125 0.421115625 0.47136875 0.443246875 0.4704625 0.4745078125 0.46691093749999996 0.5090046874999999 0.46454218750000004 0.546734375 0.46454218750000004 0.5515531250000001 0.46691093749999996 0.5618265625000001 0.4704625 0.5644890625000001
2 0.5160578124999999 0.5650609375 0.5199234374999999 0.5634109375 0.5261234375 0.5639828125 0.5290843749999999 0.5623328125 0.53058125 0.5547875 0.5296765625 0.5337984375 0.5296765625 0.498225 0.53295 0.421115625 0.5311734375 0.402790625 0.5284921875 0.398478125 0.5237546875 0.3979703125 0.5169625 0.41090625000000003 0.5140015625000001 0.43570000000000003 0.5119125 0.4599234375 0.5030296875 0.5100828125 0.5003828125 0.5348765625 0.49919843750000004 0.552125 0.5003828125 0.558021875 0.503621875 0.5639828125 0.503621875 0.5629046875 0.5101359375000001 0.5650609375 0.5160578124999999 0.5650609375
2 0.5459765625 0.5629046875 0.5498078125 0.5644890625000001 0.5557296875 0.5623328125 0.558690625 0.5564359375000001 0.563740625 0.5327203125 0.5643328125 0.519784375 0.5601875 0.44432499999999997 0.5580984375 0.4124921875 0.556321875 0.40120468750000005 0.5533609375 0.40120468750000005 0.5507140625 0.411984375 0.545071875 0.4469875 0.540334375 0.51655 0.540334375 0.5364609375 0.54151875 0.5537093750000001 0.5459765625 0.5629046875
1 0.5672937499999999 0.5504749999999999 0.5681640625 0.5569437500000001 0.571125 0.5650609375 0.5758625 0.5720359375 0.5817828125 0.571528125 0.5927546875 0.5741921875 0.597178125 0.571528125 0.5983625 0.567215625 0.5983625 0.5504749999999999 0.6016375 0.5181359375000001 0.6031 0.4842109375 0.6034140625 0.44914375 0.601915625 0.4001265625 0.5983625 0.39365937500000003 0.5936265625 0.3947375 0.5892031249999999 0.4071015625 0.584465625 0.436778125 0.5794140624999999 0.4755859375 0.5740859375 0.5100828125 0.5738078125 0.5111609374999999 0.569940625 0.5386171875 0.5672937499999999 0.5504749999999999
3 0.623825 0.587128125 0.627690625 0.580659375 0.62796875 0.5435 0.6321140625 0.4556125 0.6321140625 0.418959375 0.630059375 0.40171250000000003 0.625321875 0.4001265625 0.62176875 0.4076734375 0.6184953125 0.429740625 0.6134796875 0.4739375 0.6010453124999999 0.5504749999999999 0.600453125 0.5661375 0.6027171874999999 0.5765374999999999 0.610796875 0.5833859375 0.61671875 0.5882046875 0.623825 0.587128125
3 0.6285609375 0.5585921875000001 0.6282828125 0.573684375 0.6309296875 0.57958125 0.640125 0.5876984375000001 0.6516546875 0.5903609375000001 0.6540234375 0.5887765625 0.657296875 0.5817375 0.6557999999999999 0.56829375 0.6552078125 0.5122390625000001 0.657296875 0.4087515625 0.6561125 0.40386875 0.6540234375 0.40228281250000003 0.647509375 0.4103359375 0.6407171875000001 0.4426765625 0.633890625 0.48040625 0.6303375 0.51655 0.6303375 0.515471875 0.6297453125 0.5429296875 0.6285609375 0.5585921875000001
4 0.6567046875 0.5575140625 0.657575 0.5688015625 0.6590734375 0.573684375 0.665865625 0.5790734375000001 0.6753390625 0.5790734375000001 0.6999296875 0.5747625000000001 0.702890625 0.5688015625 0.7031703125 0.549396875 0.7008015624999999 0.52999375 0.6999296875 0.5127453125 0.7022984375 0.4922640625 0.7073140625 0.46531406249999996 0.7096828125 0.443246875 0.7096828125 0.4281546875 0.7061296875 0.42219375000000003 0.6999296875 0.42707656250000003 0.6880875 0.4766640625 0.6863109374999999 0.4868734375 0.6836296875000001 0.4939125 0.680390625 0.49442031249999996 0.6797984375 0.4788203125 0.6818531250000001 0.45237812499999996 0.6821671874999999 0.4329734375 0.6836296875000001 0.4178828125 0.6824453125 0.4124921875 0.6777078125 0.4071015625 0.6729703125000001 0.411984375 0.663496875 0.44375468749999997 0.6602578125 0.4755859375 0.662034375 0.5122390625000001 0.6623125 0.5105890625 0.6599437499999999 0.5381109375 0.6567046875 0.5575140625
