3 0.408153125 0.274715625 0.40724687499999995 0.2632109375 0.40188125 0.25828125 0.3970734375 0.26055625 0.3943546875 0.267003125 0.3922640625 0.406321875 0.3961671875 0.4226296875 0.40243906249999994 0.4270546875 0.41142812500000003 0.42490468750000004 0.4135890625 0.4242734375 0.41477343749999995 0.4221234375 0.4162375 0.3970921875 0.4138671875 0.3878640625 0.408153125 0.274715625
1 0.4378390625 0.2643484375 0.43003437499999997 0.26156718749999996 0.42766562500000005 0.2823015625 0.42466875000000004 0.3748421875 0.4219515625 0.40088437499999996 0.4210453125 0.4242734375 0.42222968749999995 0.43249062499999996 0.425853125 0.43678906250000005 0.439025 0.442225 0.44473906249999995 0.44171875 0.446271875 0.4400765625 0.448640625 0.429203125 0.446271875 0.402528125 0.441184375 0.2795203125 0.4378390625 0.2643484375
2 0.4573515625 0.3051828125 0.4522640625 0.40796406249999995 0.44898906250000004 0.433628125 0.4561671875 0.4374203125 0.4696859375 0.4400765625 0.47205624999999996 0.4362828125 0.46905937499999995 0.376990625 0.466690625 0.24361562499999997 0.46216093750000004 0.25941875 0.4573515625 0.3051828125
2 0.482578125 0.28609375 0.4801390625 0.3987359375 0.4777703125 0.435778125 0.48195156250000004 0.4395703125 0.4954703125 0.4400765625 0.49783906250000004 0.43906406249999996 0.490940625 0.33995000000000003 0.49038281250000004 0.293678125 0.492125 0.2620734375 0.482578125 0.28609375
2 0.5101734375 0.28053125 0.5064109375 0.30227499999999996 0.5029265625 0.3585328125 0.49616718750000005 0.434765625 0.49693437500000004 0.4402015625 0.49867656250000003 0.44108749999999997 0.501671875 0.4388109375 0.512821875 0.4386859375 0.5186765624999999 0.4388109375 0.514703125 0.3766125 0.5156796875 0.2831859375 0.514703125 0.2782546875 0.5101734375 0.28053125
2 0.5303828125 0.290896875 0.5314281249999999 0.3948171875 0.5303828125 0.441971875 0.5484328125 0.4374203125 0.5521953125 0.43198437500000003 0.5524046874999999 0.426928125 0.5489203125000001 0.40290781249999996 0.536934375 0.2723140625 0.5328921875 0.2782546875 0.5303828125 0.290896875
1 0.56320625 0.272440625 0.5547734375 0.24740781250000002 0.5526828125 0.257775 0.5524046874999999 0.2838171875 0.5554 0.3796453125 0.5589546875 0.41504375 0.5619515625 0.4221234375 0.567665625 0.42591718749999996 0.5763765624999999 0.4221234375 0.5778390625000001 0.419975 0.5793734374999999 0.41618281250000005 0.580278125 0.3975984375 0.5754703125 0.3534765625 0.56320625 0.272440625
3 0.630940625 0.265234375 0.627178125 0.2525921875 0.6249484375 0.248925 0.6214640625000001 0.248546875 0.6149828125 0.250821875 0.6124734375 0.255246875 0.609965625 0.26940624999999996 0.60696875 0.3845765625 0.6075265625 0.40581562499999996 0.611915625 0.4145390625 0.6174906250000001 0.41264218750000003 0.6257140625 0.4077125 0.637421875 0.3959546875 0.6394421875 0.38773749999999996 0.6392328125 0.3718078125 0.630940625 0.265234375
4 0.6817421875 0.2975984375 0.679025 0.2790140625 0.6757484375 0.271934375 0.6724046875 0.2709234375 0.6688500000000001 0.27307187499999996 0.6675953125 0.278003125 0.6675953125 0.327434375 0.6664109375 0.3340078125 0.662509375 0.3356515625 0.6592328125 0.3345125 0.6580484375 0.3242734375 0.6595125000000001 0.2801515625 0.6577 0.2664984375 0.653240625 0.26055625 0.6498953125 0.26156718749999996 0.64090625 0.352465625 0.6403484374999999 0.407459375 0.6433453124999999 0.408090625 0.66369375 0.40037968749999997 0.67484375 0.405309375 0.67630625 0.405309375 0.6805578125 0.4010109375 0.6820203125 0.39165625 0.6841109375000001 0.352465625 0.6817421875 0.2975984375
4 0.7128921874999999 0.2695328125 0.7103828125 0.25575156250000003 0.7052968749999999 0.248546875 0.69345 0.2499375 0.6901734375 0.256384375 0.6786765625 0.40467812500000006 0.6823 0.40796406249999995 0.6901734375 0.4073328125 0.6974218750000001 0.4040453125 0.7024390625 0.412515625 0.7103828125 0.41643437499999997 0.7128921874999999 0.41643437499999997 0.7150515625 0.4151703125 0.719025 0.40075781250000003 0.719025 0.3850828125 0.7128921874999999 0.2695328125
4 0.72655 0.5032875 0.7290593750000001 0.486346875 0.7287109375 0.4640953125 0.72041875 0.45499375000000003 0.6926828125 0.45044218750000004 0.6883625 0.45499375000000003 0.687665625 0.47067031249999997 0.6916375 0.5059421875 0.6912890625 0.531353125 0.6944953125 0.5680156249999999 0.7056453125 0.6195953125 0.708571875 0.6228828125 0.7099656249999999 0.6221234375 0.7114281250000001 0.616940625 0.7060625 0.5437421875 0.708571875 0.538559375 0.7099656249999999 0.5437421875 0.7152609375 0.5912765624999999 0.714703125 0.6006328125 0.7135890625 0.6189640625 0.72188125 0.575853125 0.7243906250000001 0.5568906250000001 0.72655 0.5032875
4 0.6567937500000001 0.5754734375 0.6582578125 0.5689 0.661115625 0.5193421875 0.662578125 0.514665625 0.6668984375 0.5154234375 0.6675953125 0.5212390625000001 0.6650875 0.5597984375 0.6654359375000001 0.5754734375 0.6729609375 0.5754734375 0.676934375 0.5702906249999999 0.6870390625 0.487990625 0.6902437499999999 0.45006250000000003 0.684878125 0.442225 0.678396875 0.44285781249999995 0.6636234375 0.43893750000000004 0.64885 0.4409609375 0.645296875 0.4506953125 0.6463421874999999 0.555878125 0.6463421874999999 0.5585328125 0.6474562500000001 0.574209375 0.6510109374999999 0.5787609375 0.6549828125 0.5781296874999999 0.6567937500000001 0.5754734375
3 0.6397906250000001 0.5073328125 0.6385359375 0.45954531249999997 0.6352609375 0.45461406249999997 0.631359375 0.4529703125 0.6187453125 0.4556265625 0.60975625 0.46498125 0.609478125 0.47307187500000003 0.6163765625 0.5051828125 0.6358890625 0.581921875 0.6396515625 0.615803125 0.643065625 0.624778125 0.6468296875 0.61504375 0.648153125 0.5988625 0.644878125 0.554234375 0.6397906250000001 0.5073328125
3 0.6154703125000001 0.5938046875 0.6115671875 0.4801515625 0.6091296875000001 0.468646875 0.5929609375 0.4622 0.587875 0.4637171875 0.583971875 0.4681421875 0.5905218750000001 0.5084703125 0.5896171875 0.524146875 0.5986765625 0.603665625 0.6010453124999999 0.6079640625 0.6031359375 0.6107453125 0.6103140625 0.6096078125 0.612753125 0.606321875 0.6154703125000001 0.5938046875
1 0.587875 0.5987359375 0.58515625 0.5219968749999999 0.5803484375 0.469784375 0.5752609375 0.4676359375 0.5614640625 0.471428125 0.5572125 0.4773703125 0.5557484374999999 0.48609375000000005 0.5671781250000001 0.5731984375 0.5793734374999999 0.651453125 0.5827171875 0.659165625 0.5896171875 0.655878125 0.5911500000000001 0.6515796875000001 0.5917765625 0.6433625000000001 0.587875 0.5987359375
2 0.5521953125 0.5506953125 0.551915625 0.4737046875 0.5371421875 0.4754734375 0.5317078125 0.479140625 0.5301734375 0.48546093749999997 0.54139375 0.614665625 0.544459375 0.639190625 0.548153125 0.65284375 0.5494078124999999 0.6568906250000001 0.5577 0.654109375 0.5599296875 0.6477875 0.554146875 0.6042984375 0.5521953125 0.5506953125
2 0.525296875 0.47168124999999994 0.5198609375000001 0.46776249999999997 0.508153125 0.46776249999999997 0.5009750000000001 0.4721875 0.5012546875 0.4929203125 0.5048781250000001 0.52225 0.5063421875 0.558659375 0.5105921875 0.5940578125 0.5240421875 0.65499375 0.5270390625 0.6659921875 0.5306625 0.6082171875 0.529478125 0.5255375 0.5270390625 0.4764859375 0.525296875 0.47168124999999994
2 0.495540625 0.511884375 0.4970734375 0.473325 0.483275 0.4689 0.4715671875 0.473325 0.467665625 0.47926718749999997 0.4724734375 0.538053125 0.4715671875 0.5555 0.4728921875 0.6323640625 0.472753125 0.6408343750000001 0.4751921875 0.6490515625 0.47874531249999996 0.6414671875 0.4856453125 0.616940625 0.495540625 0.511884375
2 0.4638328125 0.47711718750000004 0.459025 0.47307187500000003 0.450034375 0.47168124999999994 0.445575 0.47357812499999996 0.4440421875 0.4767390625 0.44432031250000004 0.5188375 0.4427875 0.5461437499999999 0.4440421875 0.616434375 0.439303125 0.643615625 0.44153281250000004 0.6467765625 0.44954687499999996 0.633121875 0.4542859375 0.6168140625 0.459025 0.5692796875 0.4638328125 0.47711718750000004
1 0.4270390625 0.6366625 0.4384671875 0.5664984375000001 0.4399296875 0.5316062500000001 0.43421562500000005 0.4744625 0.42460000000000003 0.461440625 0.416515625 0.462453125 0.4117078125 0.4756 0.4066203125 0.5103671875 0.40543593749999995 0.526675 0.4048078125 0.626928125 0.40543593749999995 0.6323640625 0.41442500000000004 0.6366625 0.4213234375 0.6453859375000001 0.42460000000000003 0.6448796875 0.4270390625 0.6366625
3 0.4171421875 0.5046781250000001 0.41505156249999997 0.4773703125 0.4126125 0.469784375 0.40689843750000004 0.46649843750000003 0.389546875 0.46649843750000003 0.3850171875 0.471934375 0.3838328125 0.486725 0.3856453125 0.526928125 0.38801406250000003 0.5372953125000001 0.3891984375 0.5525921874999999 0.391915625 0.6140328125 0.39344999999999997 0.6161828125000001 0.4048078125 0.6161828125000001 0.40843281249999996 0.6140328125 0.41115 0.609734375 0.4171421875 0.5046781250000001
4 0.3496859375 0.5773703125 0.35114999999999996 0.5518328125 0.3543546875 0.540834375 0.3572828125 0.5381796875 0.35902500000000004 0.540834375 0.35763124999999996 0.60606875 0.3586765625 0.6112515625 0.36160312499999997 0.6165609375 0.36627187499999997 0.6126421875 0.3698265625 0.6067 0.3842515625 0.47420937500000004 0.38320625 0.46826875 0.372753125 0.46169374999999996 0.3496859375 0.457775 0.3370734375 0.45979843750000005 0.336028125 0.46826875 0.33247343749999997 0.593553125 0.332753125 0.6048046874999999 0.334215625 0.612009375 0.336725 0.613275 0.34390312500000003 0.6067 0.3496859375 0.5773703125
4 0.32703906250000003 0.571934375 0.3310109375 0.543109375 0.33170781250000003 0.5156765625 0.33860625 0.4804046875 0.337490625 0.4640953125 0.336028125 0.45954531249999997 0.3291984375 0.45689062500000005 0.31303125 0.45625781249999997 0.2957484375 0.45170625 0.29031406249999997 0.45499375000000003 0.2889203125 0.460809375 0.2878046875 0.47724374999999997 0.288153125 0.49608125000000003 0.2935890625 0.5098609374999999 0.2939375 0.5300890625 0.28926875 0.5490515625 0.28599375 0.5967125 0.28599375 0.6398234375 0.299303125 0.5862203125 0.3165859375 0.539190625 0.3165859375 0.5556265625 0.3151921875 0.5640953125 0.2954703125 0.6235140625 0.2935890625 0.6299625 0.2896171875 0.6410875 0.299303125 0.628065625 0.32090625 0.590896875 0.32703906250000003 0.571934375
