4 0.26975625000000003 0.6629578125 0.274703125 0.651328125 0.289546875 0.6046781250000001 0.2954703125 0.59608125 0.2972125 0.59608125 0.2984671875 0.5978515625 0.2979796875 0.623009375 0.29226406250000003 0.645890625 0.285296875 0.6643484374999999 0.2846 0.6706703125 0.285784375 0.6750953125 0.290521875 0.67383125 0.2954703125 0.66611875 0.3036234375 0.6481671875 0.31010468750000003 0.629709375 0.31749062499999997 0.5871046875 0.3264109375 0.5601765624999999 0.32989531250000004 0.5439953125 0.32989531250000004 0.533628125 0.328640625 0.526421875 0.32515625 0.5223765625000001 0.3152609375 0.5170671875 0.305365625 0.5188375 0.2929609375 0.5075859375 0.2914984375 0.5098609374999999 0.2848078125 0.511125 0.281603125 0.51390625 0.2771421875 0.526421875 0.2763765625 0.53501875 0.27763125 0.552465625 0.2763765625 0.588875 0.269965625 0.6221234375 0.26306562499999997 0.6455124999999999 0.2620203125 0.6620734374999999 0.26327500000000004 0.666625 0.26648125 0.666625 0.26975625000000003 0.6629578125
4 0.31491250000000004 0.6633375 0.3171421875 0.6750953125 0.31860625 0.678634375 0.3243203125 0.6740828125 0.32975625000000003 0.6606828124999999 0.34188125 0.6117578124999999 0.345575 0.6045515625 0.34759531250000003 0.6040453125 0.35031406249999997 0.60948125 0.3515671875 0.6418453125 0.344390625 0.6700375000000001 0.3428578125 0.6840703125 0.3446 0.69115 0.349059375 0.69115 0.35400624999999997 0.6840703125 0.360209375 0.6606828124999999 0.3649484375 0.6346390625 0.368640625 0.60050625 0.375540625 0.5667515625 0.37630625 0.5465234375 0.37533125 0.5412140625 0.3731015625 0.5384328125 0.3542859375 0.531353125 0.33073125000000003 0.52945625 0.3285015625 0.533121875 0.32780468749999997 0.5420984375 0.3285015625 0.5860937500000001 0.3285015625 0.5906453125 0.3156796875 0.6453859375000001 0.31491250000000004 0.6633375
3 0.38494843749999996 0.7055625 0.387665625 0.7020234375000001 0.396096875 0.6561312499999999 0.39958125 0.6300890625 0.4037625 0.5776234375 0.40599375000000004 0.5713015625 0.40773593750000003 0.5560046875 0.40675937500000003 0.5443734375 0.4008359375 0.535778125 0.3965859375 0.537546875 0.3889203125 0.533121875 0.3820203125 0.5362828125 0.37658593749999997 0.5434890625000001 0.375540625 0.56725625 0.37630625 0.6107453125 0.37679375 0.6117578124999999 0.383275 0.7015171875 0.38494843749999996 0.7055625
3 0.4191640625 0.6979765625 0.421115625 0.7011375 0.42536562499999997 0.7001265625 0.4275953125 0.6965859375 0.428571875 0.683059375 0.42954687500000005 0.594184375 0.43400625000000004 0.563590625 0.43400625000000004 0.5565109374999999 0.43198593750000003 0.5501890625 0.42508749999999995 0.5415921875 0.4201390625 0.530846875 0.4171421875 0.52945625 0.40926875 0.5353984374999999 0.406271875 0.540328125 0.4043203125 0.5505687499999999 0.403275 0.5623265625 0.40801406250000005 0.6233875 0.4087109375 0.62604375 0.4129609375 0.6624531250000001 0.4191640625 0.6979765625
1 0.4391640625 0.6378 0.443903125 0.6651078125 0.4508015625 0.6916562500000001 0.45874531249999995 0.7082171875000001 0.46397187500000003 0.713275 0.46745625 0.7096078125 0.468153125 0.7015171875 0.466690625 0.6890015625 0.46641093749999996 0.6606828124999999 0.46320625 0.6077125 0.45700312500000007 0.5384328125 0.4505921875 0.5268015625 0.44689843749999997 0.5268015625 0.44139375000000003 0.5353984374999999 0.4359578125 0.5398234375000001 0.4344953125 0.544753125 0.43400625000000004 0.5551203124999999 0.43421562500000005 0.5551203124999999 0.4354703125 0.5915296875 0.4391640625 0.6378
2 0.46599375 0.6070796875 0.47463437500000005 0.6735781249999999 0.4800703125 0.6915296875 0.4835546875 0.6933 0.48655 0.6892546875 0.4880140625 0.6771171875 0.4880140625 0.6565109375 0.4835546875 0.5944375 0.48306562499999994 0.539190625 0.48230000000000006 0.5365359375 0.46871093750000004 0.5360296875 0.46230000000000004 0.5379265625 0.4605578125 0.5428578125 0.4618125 0.5671296875 0.46599375 0.6070796875
2 0.485784375 0.5706703125 0.49170781249999995 0.623640625 0.494215625 0.6646015625 0.49770000000000003 0.6816687499999999 0.5006265625 0.6829328125 0.5041109374999999 0.6785078125 0.505365625 0.6649812500000001 0.504390625 0.60164375 0.505575 0.5787609375 0.505575 0.541971875 0.5050874999999999 0.5370421875 0.5026484375 0.5360296875 0.49073124999999995 0.5379265625 0.490034375 0.5374203125 0.485784375 0.5428578125 0.485784375 0.5706703125
2 0.5073171875 0.558028125 0.5073171875 0.5750953125 0.5103140625 0.6065734375 0.5182578125 0.6686468750000001 0.5221609375 0.6811625 0.52418125 0.6811625 0.5264109375 0.6766125 0.5268984375 0.659165625 0.5264109375 0.5729453125 0.52418125 0.5360296875 0.52320625 0.534765625 0.5112890625000001 0.541971875 0.510521875 0.5437421875 0.5082921875 0.5477875 0.5073171875 0.558028125
2 0.5268984375 0.569784375 0.5303828125 0.6012640625000001 0.531359375 0.6366625 0.535540625 0.665865625 0.5382578125 0.6766125 0.5420203124999999 0.6811625 0.544459375 0.6771171875 0.54696875 0.6048046874999999 0.550940625 0.5472812499999999 0.5496859374999999 0.534765625 0.54745625 0.5302156250000001 0.5429968749999999 0.5284453124999999 0.5331015625 0.5319843750000001 0.5303828125 0.532490625 0.5254359375 0.5342609375 0.5268984375 0.569784375
1 0.5533796875 0.539696875 0.5514281249999999 0.5625796875 0.551915625 0.579140625 0.5536578125 0.5868515624999999 0.5575609375 0.6384328125 0.56648125 0.6924140624999999 0.5724734375 0.7098609375 0.5766546875 0.7117578124999999 0.57860625 0.7089765625 0.5796515624999999 0.6924140624999999 0.57860625 0.5859671875 0.5736578125 0.5379265625 0.570940625 0.5360296875 0.5608359375 0.54058125 0.5578390625 0.539190625 0.554146875 0.5370421875 0.5533796875 0.539696875
3 0.5771421875 0.5567640625 0.5779093750000001 0.5666249999999999 0.5977 0.706321875 0.5996515625 0.7103671874999999 0.6024390625 0.7067 0.6029265625 0.7 0.6056453125 0.579140625 0.6071078125 0.5634640625 0.6061328125000001 0.5486718749999999 0.6036234375 0.5414671875 0.592753125 0.5302156250000001 0.5860624999999999 0.539190625 0.5860624999999999 0.5400765625 0.5791640625000001 0.5428578125 0.5771421875 0.5567640625
3 0.6026484375 0.5590390625 0.6071078125 0.5689 0.6142859374999999 0.590896875 0.6345640625 0.66725625 0.639303125 0.6762328125 0.6410453125 0.6753484375000001 0.6415328125 0.6681421875 0.6380484375 0.64386875 0.636096875 0.6201015625 0.632125 0.5409609375 0.6294078125 0.533375 0.6140765625 0.5279390625 0.605853125 0.53830625 0.6034140625 0.539696875 0.60188125 0.5481671875 0.6026484375 0.5590390625
4 0.6282921875 0.5233875 0.62745625 0.5428578125 0.6314984375 0.5623265625 0.6347031249999999 0.568646875 0.6371421875000001 0.5780031250000001 0.6384671875000001 0.5901390625 0.6454359375000001 0.62275625 0.657003125 0.66169375 0.67121875 0.6893812500000001 0.674703125 0.688875 0.6773515625 0.682553125 0.6770734375 0.6757265625 0.66369375 0.6407078125 0.660975 0.6300890625 0.660975 0.612009375 0.6631359375 0.6056890625 0.6677359375 0.6027812499999999 0.6719859375 0.6096078125 0.676028125 0.6212390625 0.6846 0.6587859375 0.6899656249999999 0.6704171875 0.6940062499999999 0.67281875 0.6966546874999999 0.6699109375 0.6980484375 0.6640953125 0.6942859375 0.636409375 0.6795125 0.5701640625 0.6789546875 0.5585328125 0.6808359375 0.5370421875 0.6803484375 0.528825 0.6754703125 0.51276875 0.6674562500000001 0.5161828125000001 0.6545640625 0.5112515625 0.64975625 0.518078125 0.6395125 0.5233875 0.632821875 0.5194687499999999 0.6298953125 0.5194687499999999 0.6282921875 0.5233875
4 0.6843203124999999 0.51061875 0.6770734375 0.5131484375 0.6754703125 0.53059375 0.6784671875 0.5432359375 0.6942859375 0.5855875 0.70041875 0.6084703124999999 0.7098265625 0.6323640625 0.7181875 0.643109375 0.7243203125 0.654740625 0.7289203125 0.6571421875000001 0.73073125 0.6537296875 0.7296859375 0.6465234375 0.7146343749999999 0.615803125 0.71254375 0.6012640625000001 0.71254375 0.5900125 0.714146875 0.584703125 0.716515625 0.584703125 0.7208359375 0.5900125 0.7414640625 0.6367890625 0.745784375 0.6420984375 0.749546875 0.6386859375 0.7508703125 0.6323640625 0.7485015625 0.6211125 0.7347734375 0.5744625 0.731846875 0.560303125 0.7289203125 0.5326171875 0.7289203125 0.51555 0.7227171875 0.50391875 0.7157484375000001 0.501390625 0.7135890625 0.497471875 0.7082234374999999 0.4984828125 0.6996515624999999 0.5068265625 0.6990937500000001 0.505815625 0.6905218750000001 0.505815625 0.6843203124999999 0.51061875
4 0.7243203125 0.4610625 0.7275265625 0.4653609375 0.730521875 0.4639703125 0.73345 0.45954531249999997 0.7363765625 0.4493046875 0.7372124999999999 0.43906406249999996 0.736096875 0.4195953125 0.73073125 0.40164375 0.7294078125000001 0.3866 0.730521875 0.3627046875 0.7289203125 0.34171874999999996 0.725365625 0.3159296875 0.721671875 0.3042984375 0.7189546874999999 0.30328750000000004 0.7151921875 0.30720625 0.714146875 0.32225000000000004 0.716028125 0.356890625 0.7149125 0.368015625 0.709059375 0.371428125 0.7052968749999999 0.3587859375 0.704459375 0.3335015625 0.7052968749999999 0.317446875 0.70418125 0.3061953125 0.7012546875 0.3061953125 0.6958890625 0.316434375 0.6908015625 0.3412140625 0.688640625 0.360303125 0.6912890625 0.3943109375 0.6899656249999999 0.44399531249999996 0.6915671875 0.4581546875 0.6950515625 0.4678890625 0.700209375 0.4756 0.7028578125 0.47610625000000006 0.70369375 0.4756 0.7138671875 0.4737046875 0.7243203125 0.4610625
4 0.681115625 0.48609375000000005 0.6841109375000001 0.48217499999999996 0.6867593750000001 0.4748421875 0.6896859375 0.4622 0.6902437499999999 0.44905156249999995 0.6883625 0.4300890625 0.6835546875 0.409103125 0.6867593750000001 0.361946875 0.68648125 0.34487968750000003 0.6857140625 0.33615625 0.683275 0.3332484375 0.6808359375 0.334134375 0.669059375 0.385334375 0.665296875 0.38723125 0.663971875 0.3809109375 0.663971875 0.3414671875 0.6631359375 0.3332484375 0.660209375 0.32831875 0.6558890625 0.3307203125 0.6491984375000001 0.35613125 0.6459937499999999 0.381921875 0.6473171875 0.4193421875 0.6427875000000001 0.432996875 0.6419515625 0.44665 0.6473171875 0.47775 0.653240625 0.48508281249999996 0.6607671875000001 0.48609375000000005 0.6674562500000001 0.48217499999999996 0.6719859375 0.4753484375 0.6722640625 0.47635937500000003 0.6765859375 0.483059375 0.681115625 0.48609375000000005
3 0.639721875 0.33426093749999997 0.6378390625 0.3323640625 0.6335890625 0.33375468750000004 0.6282234375 0.3484203125 0.6217421875 0.37370468749999997 0.6176999999999999 0.401390625 0.614215625 0.4534765625 0.614215625 0.4823015625 0.61533125 0.4871046875 0.6212546875 0.48862187500000004 0.6273875 0.48609375000000005 0.632753125 0.4934265625 0.6443203125 0.48470312499999996 0.647246875 0.4729453125 0.646690625 0.460809375 0.6410453125 0.43021562500000005 0.6406968749999999 0.426928125 0.639721875 0.405309375 0.639721875 0.33426093749999997
3 0.6062015625 0.500253125 0.610521875 0.4968390625 0.6166546875 0.4871046875 0.6214640625000001 0.47395624999999997 0.6217421875 0.4632109375 0.6150515624999999 0.417446875 0.612125 0.32402031249999996 0.61073125 0.311378125 0.60696875 0.3065734375 0.600278125 0.30948125000000004 0.5885015625000001 0.32894999999999996 0.5820203125 0.3595453125 0.580975 0.42047968750000003 0.5766546875 0.460809375 0.5780484375 0.47686406249999996 0.5828578125 0.48862187500000004 0.5873875 0.4920359375 0.5938671875 0.4866 0.5954703125 0.4836921875 0.60139375 0.496334375 0.6062015625 0.500253125
1 0.5705218750000001 0.5089765625 0.5750515625 0.508090625 0.5785359375 0.5042984374999999 0.5823 0.4940578125 0.5855046875000001 0.47749687500000004 0.5799296875 0.3455125 0.5777703125 0.320228125 0.5750515625 0.3149171875 0.5659234375 0.3188375 0.561115625 0.328571875 0.5581875000000001 0.3518328125 0.5522640625 0.4487984375 0.5549125 0.48571406250000004 0.556028125 0.48761093750000006 0.5646 0.5060687500000001 0.5705218750000001 0.5089765625
2 0.5531015625 0.488115625 0.5531015625 0.468646875 0.549546875 0.43906406249999996 0.54745625 0.40885 0.5456453125 0.3426046875 0.5432750000000001 0.33122656250000004 0.539721875 0.3323640625 0.5343546875 0.3462703125 0.5310796875 0.3748421875 0.5268984375 0.43792656250000006 0.523971875 0.452465625 0.523971875 0.4934265625 0.5266203125 0.49936718750000003 0.5310796875 0.5015171875 0.5426484375 0.5015171875 0.5477359374999999 0.49936718750000003 0.5531015625 0.488115625
2 0.515609375 0.5131484375 0.5212546875 0.5082171875 0.523065625 0.5006328124999999 0.5204187499999999 0.4543609375 0.51533125 0.43173125 0.514425 0.354109375 0.5126828125 0.3481671875 0.5082234375 0.3455125 0.5040421875 0.3476609375 0.5004875 0.3664984375 0.48919843749999997 0.4532234375 0.48682968750000005 0.4920359375 0.4877359375 0.5115046875 0.48982656249999995 0.5131484375 0.49303125000000003 0.5131484375 0.5096859375 0.514665625 0.515609375 0.5131484375
2 0.4657140625 0.5168140625000001 0.48418124999999995 0.513653125 0.4850171875 0.5029078124999999 0.48418124999999995 0.458659375 0.482090625 0.4522125 0.47909375 0.43388125000000005 0.4752609375 0.395575 0.46306562500000004 0.35195937499999996 0.45797968750000007 0.3400765625 0.454703125 0.3384328125 0.45205624999999994 0.33957031249999997 0.44996562500000004 0.351328125 0.453240625 0.441971875 0.44968593749999997 0.4689 0.44968593749999997 0.494184375 0.45087031250000004 0.50505625 0.453240625 0.5098609374999999 0.45386718750000005 0.5103671875 0.4591640625 0.514665625 0.4657140625 0.5168140625000001
2 0.44654999999999995 0.50164375 0.4485015625 0.49266718750000005 0.4485015625 0.476990625 0.4455046875 0.44058125 0.44898906250000004 0.3996203125 0.449478125 0.3795203125 0.44654999999999995 0.34083437499999997 0.44452968750000005 0.33678906249999996 0.442578125 0.33678906249999996 0.4405578125 0.341340625 0.43435468750000006 0.37408281250000003 0.427178125 0.43287031249999997 0.4207671875 0.45625781249999997 0.419790625 0.47067031249999997 0.4204875 0.48723124999999995 0.427178125 0.5034140625 0.4316375 0.5034140625 0.430940625 0.5042984374999999 0.44452968750000005 0.5034140625 0.44654999999999995 0.50164375
1 0.4204875 0.4848296875 0.4210453125 0.47939375 0.4182578125 0.4443734375 0.4180484375 0.42376718750000003 0.41533125000000004 0.39544843749999997 0.41456406250000005 0.364475 0.41135937499999997 0.33173125 0.40885 0.326675 0.4061328125 0.326675 0.40320625000000004 0.3321109375 0.401671875 0.3442484375 0.399721875 0.3882421875 0.392821875 0.44310937499999997 0.3868296875 0.4723140625 0.3875953125 0.4804046875 0.3937984375 0.5024015625 0.396725 0.5082171875 0.4 0.5099875 0.4029265625 0.5068265625 0.41010468749999995 0.5024015625 0.4204875 0.4848296875
3 0.39003437500000004 0.49494375 0.3947734375 0.48950625 0.397003125 0.48053125 0.3957484375 0.460809375 0.39205625 0.4495578125 0.38139375000000003 0.4024015625 0.374215625 0.3584078125 0.3714984375 0.354740625 0.36926875 0.357521875 0.3673171875 0.3646015625 0.3648078125 0.4585328125 0.36257812500000003 0.4756 0.36257812500000003 0.49089687499999995 0.3650875 0.4984828125 0.37345 0.5061953124999999 0.377421875 0.502528125 0.3834140625 0.493046875 0.39003437500000004 0.49494375
3 0.3482234375 0.5021484375 0.35345 0.49355312500000004 0.358396875 0.49620781249999996 0.36257812500000003 0.49355312500000004 0.36655000000000004 0.4823015625 0.3682921875 0.453603125 0.36432031249999997 0.4270546875 0.36285781250000004 0.40278125 0.35860625 0.3677625 0.3556796875 0.34892500000000004 0.3524046875 0.33678906249999996 0.3491984375 0.336409375 0.3450171875 0.34943124999999997 0.34181249999999996 0.36826875000000003 0.3365859375 0.45044218750000004 0.33358906250000003 0.469784375 0.3333796875 0.48318593749999994 0.33533124999999997 0.4940578125 0.33630625 0.4944375 0.3445296875 0.503034375 0.3482234375 0.5021484375
4 0.25958125 0.4592921875 0.265784375 0.47092343750000004 0.2680140625 0.4718078125 0.2724734375 0.46953281249999995 0.274703125 0.4753484375 0.2786765625 0.4790140625 0.2908015625 0.47812968749999996 0.2992328125 0.46776249999999997 0.301671875 0.46232656250000004 0.3029265625 0.44804062499999997 0.3026484375 0.4362828125 0.30041875 0.4188375 0.29992968750000004 0.36131406250000003 0.297003125 0.3262953125 0.29498281249999997 0.32275624999999997 0.2914984375 0.3433625 0.290521875 0.38647343749999996 0.2868296875 0.3882421875 0.2836234375 0.3833125 0.285575 0.3618203125 0.29226406250000003 0.32275624999999997 0.290034375 0.319975 0.28654999999999997 0.32402031249999996 0.282578125 0.33388125 0.2786765625 0.35056875 0.2717078125 0.39140312499999996 0.266759375 0.4067 0.26104531249999996 0.419215625 0.2578390625 0.42958281249999997 0.2568640625 0.4381796875 0.2568640625 0.438559375 0.2573515625 0.4512015625 0.25958125 0.4592921875
4 0.2262015625 0.3795203125 0.2273875 0.3929203125 0.23094062499999998 0.4021484375 0.24048750000000002 0.407459375 0.2428578125 0.41340000000000005 0.24348437500000003 0.4188375 0.2452265625 0.42098593749999996 0.2514984375 0.4193421875 0.2591640625 0.4140328125 0.2648078125 0.40429843749999994 0.2701734375 0.389759375 0.2793734375 0.3400765625 0.287246875 0.3089765625 0.2840421875 0.3061953125 0.27630625000000003 0.3156765625 0.27038281249999996 0.3290765625 0.26571406249999996 0.33501875000000003 0.2627171875 0.334134375 0.264459375 0.3228828125 0.280278125 0.293678125 0.2807671875 0.2896328125 0.278328125 0.281921875 0.2724046875 0.28331249999999997 0.2612546875 0.29494375 0.2424390625 0.326421875 0.225853125 0.3484203125 0.22188124999999997 0.3573953125 0.2217421875 0.3611890625 0.222090625 0.37193437500000004 0.2262015625 0.3795203125
