4 0.814559375 0.6253640625 0.8166140625 0.62916875 0.819296875 0.630246875 0.8210734375 0.6237796875 0.8169281249999999 0.58605 0.8089171875 0.5461640625 0.8098218749999999 0.5315796875000001 0.8068625 0.5138234374999999 0.8003484375 0.5062781249999999 0.7970734375 0.5052 0.7881921875 0.5089406249999999 0.7808078125 0.5170578124999999 0.7733890625 0.5154093750000001 0.7674671875 0.5202921875000001 0.7627312500000001 0.5305015625 0.7636359374999999 0.5483203125 0.768965625 0.56823125 0.7822703125 0.5968296875 0.793834375 0.628090625 0.7982578124999999 0.63348125 0.8101015625000001 0.6383 0.811878125 0.636715625 0.8124687500000001 0.6270140625 0.803378125 0.61173125 0.8003484375 0.5979078125 0.8006265625 0.587128125 0.8027171875000001 0.587128125 0.8106937500000001 0.6081171875 0.814559375 0.6253640625
4 0.7891328125 0.662396875 0.79209375 0.66474375 0.7955062500000001 0.66474375 0.7955062500000001 0.655421875 0.7903859375 0.633671875 0.774190625 0.5738749999999999 0.7597 0.5304375 0.7528734375 0.5172484374999999 0.7473359375 0.514140625 0.7430859375 0.514140625 0.735840625 0.5242234375 0.732009375 0.539759375 0.7247656250000001 0.5311984375 0.7174859375 0.5358906250000001 0.708115625 0.5474953124999999 0.7055734375 0.5591625 0.7072796875 0.5762203125 0.71623125 0.590234375 0.7332640625 0.6274578125 0.7584109375 0.6708937500000001 0.7690703125 0.6818015625 0.7724828125000001 0.6833234375 0.7712296875 0.673240625 0.75374375 0.633671875 0.749459375 0.6212421875 0.7486234375 0.6142671875 0.749459375 0.6111609375 0.7511671875 0.6088140625 0.75374375 0.6072921874999999 0.7577843750000001 0.6079265625 0.777603125 0.6360171875 0.7891328125 0.662396875
4 0.73775625 0.7144578125 0.7309296875 0.695878125 0.712609375 0.6298671875 0.708325 0.6034875000000001 0.7074890625 0.5747625000000001 0.7036578125 0.551490625 0.7015328125 0.5483828125 0.6972484375 0.5483828125 0.6934171874999999 0.551490625 0.6857546875 0.551490625 0.678509375 0.55611875 0.6750953125 0.561571875 0.6695578125 0.558465625 0.6631484375000001 0.5608109375 0.6563218749999999 0.558465625 0.6520718750000001 0.5608109375 0.6499125 0.5716546874999999 0.650784375 0.584084375 0.654196875 0.5996203125 0.6610234375 0.61433125 0.6733890625 0.6679140625 0.6848828124999999 0.7059609375 0.6951234375 0.7206718750000001 0.71556875 0.71915 0.6907703125 0.6823078125 0.6848828124999999 0.6570703124999999 0.6848828124999999 0.645403125 0.6870078125 0.63995 0.6900031249999999 0.6368421875 0.6968296875 0.6368421875 0.7245203124999999 0.7074828125 0.73775625 0.7144578125
3 0.617903125 0.5698796875000001 0.6166140625 0.577615625 0.6170328125 0.5970203125 0.6208640625 0.6071015625 0.6447578125 0.722003125 0.649425 0.7274578125 0.6600843750000001 0.733671875 0.657540625 0.7126828125 0.6545453125 0.66220625 0.653709375 0.5908046875 0.6507140625 0.5753328125 0.64559375 0.56911875 0.6379312500000001 0.5660109375 0.6336468749999999 0.56829375 0.6284562499999999 0.56734375 0.625565625 0.5667718749999999 0.6208640625 0.5660109375 0.617903125 0.5698796875000001
3 0.5840468750000001 0.6020296875 0.58523125 0.6176921875 0.5914312500000001 0.6322125 0.609509375 0.7104 0.6213515625 0.7324671875 0.630825 0.7416609375000001 0.6311046874999999 0.7395046875 0.6189828125 0.666709375 0.61689375 0.635446875 0.61866875 0.59613125 0.6166140625 0.5880156249999999 0.6118781249999999 0.581546875 0.6091953125 0.581040625 0.6041796875000001 0.582625 0.5994421875 0.579390625 0.595890625 0.5799624999999999 0.5941140625 0.582625 0.5917453125 0.5907421875 0.5870078125 0.5966390625 0.5858234375 0.5977171875 0.58491875 0.5987953125 0.5840468750000001 0.6020296875
1 0.54845 0.625428125 0.5807734375 0.735384375 0.5889234375 0.751553125 0.5956812499999999 0.756690625 0.5981890625 0.75605625 0.5981890625 0.7476859375 0.5772203124999999 0.5943562499999999 0.57331875 0.5866203125 0.5683390625 0.5827515625 0.560153125 0.5801515625 0.5562515625 0.5801515625 0.5516203125 0.5859859375 0.5480328125 0.5942296875 0.547021875 0.600825 0.547021875 0.6111609375 0.54845 0.625428125
2 0.5140374999999999 0.5973359375 0.533646875 0.706784375 0.5481359375 0.732403125 0.5570875 0.741725 0.563496875 0.743246875 0.5647859375000001 0.739378125 0.5630796874999999 0.72695 0.5485890625 0.6516796874999999 0.5421796875 0.5872546875 0.54005625 0.581040625 0.5370609375 0.577171875 0.5315218749999999 0.5755859375 0.5212125000000001 0.5755234375 0.5161609375 0.5748249999999999 0.5127484375 0.5748249999999999 0.5140374999999999 0.5973359375
2 0.48328125 0.5772359375 0.4849875 0.614521875 0.4965171875 0.7053265625 0.499059375 0.711540625 0.503309375 0.7146484375 0.5058859375 0.7146484375 0.5093 0.711540625 0.510553125 0.6960046875 0.51100625 0.5748890624999999 0.49383437499999994 0.5724796875 0.48881874999999997 0.57260625 0.4845703125 0.5733671874999999 0.48328125 0.5772359375
2 0.45559062499999997 0.57343125 0.45600781250000005 0.6107171874999999 0.4585859375 0.686746875 0.4602578125 0.7100187499999999 0.4624171875 0.71395 0.47262343749999997 0.712365625 0.47648906249999995 0.6921999999999999 0.47945000000000004 0.6386171875 0.48202656250000003 0.6138234375 0.48157500000000003 0.57343125 0.4722046875 0.5710843750000001 0.465378125 0.5711484375 0.459421875 0.5703234375 0.45600781250000005 0.5703234375 0.45559062499999997 0.57343125
2 0.42427656249999995 0.580025 0.4274125 0.6219406249999999 0.423859375 0.717375 0.423440625 0.7453390625 0.42514843750000003 0.7507921875 0.427690625 0.751553125 0.4311046875 0.7398859375 0.44263281250000003 0.6778062499999999 0.4511671875 0.6102734375 0.45329218750000005 0.5730500000000001 0.4473 0.5683578125000001 0.43580625 0.567596875 0.43131250000000004 0.5698796875000001 0.4264375 0.5738109375 0.42514843750000003 0.5753328125 0.42427656249999995 0.580025
1 0.393834375 0.7105265625 0.38871406249999996 0.770259375 0.39895468749999996 0.7617 0.412609375 0.72213125 0.4206890625 0.6181359375000001 0.41985312500000005 0.58865 0.41769375000000003 0.57698125 0.40961406250000004 0.5692453125 0.40236875000000005 0.5676593750000001 0.40236875000000005 0.5684843749999999 0.39895468749999996 0.5692453125 0.3919890625 0.579390625 0.390003125 0.5839562500000001 0.388575 0.5952437500000001 0.393834375 0.7105265625
3 0.35130625000000004 0.59169375 0.35130625000000004 0.6046296875 0.3584109375 0.6655671875 0.3604671875 0.728090625 0.3530828125 0.7533921875 0.3690703125 0.7431828125 0.3809125 0.7000640625 0.382096875 0.626759375 0.38565 0.611096875 0.38565 0.59169375 0.38328125 0.5879515625 0.3702546875 0.575015625 0.3631484375 0.5739375 0.3569140625 0.5782499999999999 0.35604375 0.579328125 0.3545453125 0.581990625 0.35130625000000004 0.59169375
3 0.33531875 0.5712109375 0.3288046875 0.572859375 0.3211078125 0.577171875 0.31755468750000004 0.5814843749999999 0.315778125 0.5960046875 0.3169625 0.63215 0.3151859375 0.73348125 0.317240625 0.7436906249999999 0.3199234375 0.7464171875 0.32406875 0.7426125 0.3276203125 0.7318328125 0.34151875 0.6552953125000001 0.350121875 0.6149015624999999 0.3566359375 0.5992390624999999 0.3554515625 0.5803421875 0.35426718749999997 0.57609375 0.350121875 0.570703125 0.33531875 0.5712109375
4 0.2707078125 0.711540625 0.26144218750000003 0.7244765625 0.266771875 0.7303109375 0.2724828125 0.7322765625 0.27920625 0.7270765625 0.2969703125 0.6520609375 0.30195 0.635890625 0.3182859375 0.6029171875 0.32079375 0.5802796875 0.3182859375 0.5718453125 0.31334062500000004 0.5667093750000001 0.30445781250000004 0.5686109375 0.296621875 0.5679765625 0.28881875 0.5570062499999999 0.28275937500000003 0.552440625 0.2781609375 0.555675 0.271403125 0.556309375 0.266075 0.560875 0.262521875 0.5679765625 0.26109375 0.58218125 0.26182500000000003 0.5970828125 0.2593171875 0.6190875 0.2468828125 0.6604953124999999 0.23765312500000002 0.69606875 0.2337515625 0.7083062499999999 0.2426328125 0.7070390625 0.2497390625 0.7038046875 0.259665625 0.6759671875000001 0.265378125 0.6559296875 0.2703234375 0.6481921875000001 0.27495625 0.644325 0.2781609375 0.6436265624999999 0.2802859375 0.644325 0.2809828125 0.6455921874999999 0.2817140625 0.6481921875000001 0.281365625 0.6727328124999999 0.2707078125 0.711540625
4 0.1936953125 0.6760937499999999 0.19404375000000001 0.6825625 0.194740625 0.68389375 0.19867656250000001 0.68389375 0.2061296875 0.67349375 0.234553125 0.6295499999999999 0.251584375 0.6017125 0.258690625 0.594609375 0.26440312499999996 0.5855421875 0.2672234375 0.5732406250000001 0.2672234375 0.5584015625000001 0.2647515625 0.5513 0.2590734375 0.5487 0.25586875 0.5422328125 0.24555937499999997 0.540265625 0.2430859375 0.5383640625 0.2311390625 0.5209265624999999 0.219540625 0.523525 0.21288749999999998 0.5338625 0.178753125 0.6295499999999999 0.1727265625 0.6483203125 0.1734234375 0.65085625 0.1762796875 0.655421875 0.1791359375 0.655421875 0.1890625 0.6457203125000001 0.215709375 0.6043125 0.2182171875 0.6043125 0.2189125 0.6055796875 0.2189125 0.6075453125 0.19547187500000002 0.6689921875 0.1936953125 0.6760937499999999
4 0.17046250000000002 0.609575 0.1592125 0.6225109375 0.1544765625 0.6268234374999999 0.1521078125 0.631134375 0.151828125 0.6370953125 0.154196875 0.6446421875 0.15775 0.6462265625 0.16663125 0.6403296875 0.17638437499999998 0.628471875 0.2003828125 0.576728125 0.20748906250000002 0.5584015625000001 0.2065828125 0.53735 0.202159375 0.531959375 0.1879484375 0.528725 0.18112187500000002 0.5179453125 0.1757921875 0.5152828125 0.16899999999999998 0.5152828125 0.1609890625 0.52175 0.15684375 0.5346859375 0.1544765625 0.5530125 0.14500156250000001 0.6123015625 0.144409375 0.6263156249999999 0.1461859375 0.6376031249999999 0.147684375 0.641915625 0.1485546875 0.6414078125 0.1544765625 0.6155359375 0.1657265625 0.57349375 0.1734234375 0.5729234375 0.18261875 0.576728125 0.183803125 0.57780625 0.1769765625 0.5923265625 0.17046250000000002 0.609575
4 0.21253906250000001 0.3254921875 0.20839375000000002 0.32821875 0.20661718750000002 0.33145156249999996 0.205434375 0.34330937499999997 0.1991984375 0.381546875 0.1882625 0.40259999999999996 0.18530156250000002 0.41014531249999997 0.183803125 0.41712187500000003 0.183803125 0.4300578125 0.1849875 0.44299375 0.1882625 0.44895312499999995 0.19209375 0.45053906250000003 0.197421875 0.46081093749999996 0.20334375 0.46024062499999996 0.21668437499999998 0.451109375 0.22142187500000002 0.4381734375 0.22319687500000002 0.4246671875 0.22319687500000002 0.40475625 0.23326406249999998 0.36753281250000003 0.232671875 0.3502859375 0.23176562500000003 0.3427390625 0.22911874999999998 0.3368421875 0.2258453125 0.33519375 0.2234765625 0.3368421875 0.22288437499999997 0.3389984375 0.2220125 0.3605578125 0.220515625 0.3664546875 0.21549999999999997 0.36810468749999997 0.21194687499999998 0.3648703125 0.21194687499999998 0.3605578125 0.21518593749999998 0.3303734375 0.21518593749999998 0.327140625 0.2149078125 0.3254921875 0.21253906250000001 0.3254921875
4 0.246778125 0.3361453125 0.24440937499999998 0.33988593749999996 0.24322499999999997 0.345846875 0.24026406250000001 0.366328125 0.23671250000000002 0.40133125 0.233159375 0.4228921875 0.2242765625 0.44121718750000005 0.221909375 0.453646875 0.223371875 0.4746359375 0.2266453125 0.48002500000000003 0.22901406249999998 0.48218125 0.2313828125 0.4816734375 0.2390796875 0.4892203125 0.2411359375 0.4881421875 0.24737031250000002 0.4951171875 0.2559390625 0.4951171875 0.2621734375 0.4881421875 0.2671890625 0.469815625 0.266596875 0.45472343750000005 0.26809531249999996 0.4228921875 0.27283124999999997 0.3878890625 0.2722390625 0.3609390625 0.2692796875 0.33880781249999997 0.2657265625 0.3312625 0.26363593750000003 0.3312625 0.2609890625 0.33506718750000003 0.26008437500000003 0.34476874999999996 0.261859375 0.3824984375 0.2609890625 0.391121875 0.2586203125 0.3937859375 0.255346875 0.395434375 0.252978125 0.3922 0.251515625 0.3824984375 0.251515625 0.35497812500000003 0.25120156250000003 0.350665625 0.2497390625 0.3377296875 0.246778125 0.3361453125
4 0.2799375 0.36785 0.27673281250000004 0.3801515625 0.2760359375 0.4273296875 0.273528125 0.4487 0.26997499999999997 0.45903593750000005 0.2682 0.48490781250000003 0.2710546875 0.4959421875 0.27387656250000003 0.5017125 0.2802859375 0.5043124999999999 0.2841859375 0.5043124999999999 0.28881875 0.49784375000000003 0.2927203125 0.503678125 0.29805000000000004 0.5081796875 0.30658281249999997 0.5069125 0.31260937499999997 0.5017125 0.3175890625 0.4913765625 0.3175890625 0.47197187500000004 0.3115640625 0.4286625 0.3097875 0.4086234375 0.3080109375 0.36074843749999996 0.3058515625 0.3542796875 0.30445781250000004 0.3529484375 0.3030296875 0.3549140625 0.2998265625 0.38725468749999997 0.299478125 0.40082500000000004 0.2987453125 0.40469218749999997 0.29519375000000003 0.4118578125 0.2927203125 0.4118578125 0.2870421875 0.4079265625 0.2859625 0.40215625 0.28463906250000004 0.3725421875 0.28275937500000003 0.365884375 0.281365625 0.36524999999999996 0.2799375 0.36785
3 0.3420765625 0.338871875 0.3392203125 0.3427390625 0.3342390625 0.360875 0.3168578125 0.4669625 0.315778125 0.49930312499999996 0.31825156250000003 0.50830625 0.32218749999999996 0.514775 0.3282125 0.515471875 0.336746875 0.5064046875 0.3431203125 0.50830625 0.34845000000000004 0.5076734375 0.352734375 0.5025359375 0.35485937500000003 0.485034375 0.3545109375 0.46239687500000004 0.35130625000000004 0.442359375 0.3516546875 0.378946875 0.3481015625 0.34857343749999997 0.347753125 0.3459734375 0.34597656250000003 0.33950468749999996 0.3420765625 0.338871875
3 0.3779171875 0.35009531250000003 0.374015625 0.3468609375 0.3665265625 0.3455921875 0.36370625 0.34819218749999997 0.3473703125 0.49239062499999997 0.350540625 0.5111609374999999 0.3555203125 0.5182625 0.359421875 0.520228125 0.362975 0.5195937500000001 0.3708109375 0.5079265625 0.37861406249999996 0.512428125 0.3807390625 0.512428125 0.38394218750000003 0.5072921874999999 0.389271875 0.48915625 0.3889234375 0.46391875000000005 0.38571875 0.43227656249999996 0.3809828125 0.363728125 0.3800421875 0.35719687499999997 0.37969375 0.3546609375 0.3779171875 0.35009531250000003
1 0.399965625 0.3337984375 0.39749218750000004 0.3337984375 0.3942875 0.3842109375 0.39143125 0.45535781249999996 0.3828984375 0.4974 0.3871828125 0.5226375 0.3942875 0.533671875 0.3988859375 0.5362078125 0.40529374999999995 0.532340625 0.41062343749999997 0.523271875 0.4163015625 0.5168046875 0.421978125 0.4876984375 0.41985312500000005 0.47476250000000003 0.4127484375 0.3894109375 0.4072453125 0.34483125000000003 0.4063734375 0.3409 0.40529374999999995 0.3383 0.399965625 0.3337984375
2 0.44315625000000003 0.35960625 0.44106562499999996 0.360684375 0.439603125 0.3634109375 0.4392890625 0.37634687499999997 0.436328125 0.4048828125 0.428353125 0.4577046875 0.4256703125 0.48630312499999995 0.42211718749999994 0.5051359375 0.42243125 0.5186437500000001 0.4262625 0.5315796875000001 0.43099999999999994 0.5385546875 0.4463953125 0.540203125 0.4490765625 0.5374765625 0.4517234375 0.520228125 0.4529078125 0.48896562499999996 0.44966875 0.4442609375 0.45235156249999997 0.3771078125 0.451340625 0.3703234375 0.44670781249999997 0.36125625 0.44315625000000003 0.35960625
2 0.4747828125 0.34330937499999997 0.4712296875 0.34330937499999997 0.46826875 0.345465625 0.46530781250000003 0.34927031249999996 0.4629390625 0.3573234375 0.4590734375 0.47647500000000004 0.4567046875 0.49638593750000004 0.45465 0.52821875 0.4564265625 0.538428125 0.45848125 0.5438171875 0.46353125000000006 0.5470515625 0.48808749999999995 0.5502859375 0.49254687500000005 0.5492078125 0.49460156250000004 0.543309375 0.49432187499999997 0.49099531250000006 0.4919546875 0.47970781249999994 0.48899375 0.4258078125 0.48425624999999994 0.38915625 0.48133125000000004 0.355675 0.47997187500000005 0.34914375 0.4786140625 0.345465625 0.4747828125 0.34330937499999997
2 0.51786875 0.34128125 0.5016375 0.41731093750000003 0.49909375 0.4771078125 0.4973875 0.534559375 0.4999296875 0.5446421875 0.53531875 0.545403125 0.5391843749999999 0.5314515625 0.5404390625 0.4957515625 0.5361890625 0.46937187500000005 0.535771875 0.4018390625 0.5306515625 0.386303125 0.5225359375 0.3365890625 0.5216999999999999 0.33506718750000003 0.519540625 0.3365890625 0.51786875 0.34128125
2 0.5532921875000001 0.3460375 0.551584375 0.3483828125 0.548171875 0.36391874999999996 0.5452109375 0.4228921875 0.544340625 0.4772359375 0.542215625 0.4826890625 0.543921875 0.48731718749999997 0.546046875 0.5261250000000001 0.5490421875 0.535446875 0.5528734375 0.5385546875 0.5609890625 0.539315625 0.5682343750000001 0.53696875 0.57331875 0.5268859375 0.5746078125 0.5090671875 0.569940625 0.4826890625 0.5643671875 0.4283453125 0.5552078125000001 0.3539 0.5549984375 0.3507296875 0.5545796875 0.3460375 0.5532921875000001 0.3460375
1 0.573459375 0.3452765625 0.5727625 0.3653140625 0.5731109375 0.48953749999999996 0.5759671875000001 0.504375 0.5787875 0.512809375 0.591221875 0.5322125 0.596203125 0.53348125 0.6001046875 0.5315796875000001 0.6029609375 0.5263796875 0.6093703125000001 0.505009375 0.6093703125000001 0.487571875 0.6026125 0.43259375 0.5944265625 0.38085 0.5843953125 0.3479390625 0.5798671875 0.3394421875 0.5745390625 0.3400765625 0.573459375 0.3452765625
3 0.612609375 0.3468609375 0.610484375 0.349396875 0.60905625 0.35586562499999996 0.6108328125 0.4516171875 0.60905625 0.4568171875 0.60480625 0.463284375 0.603378125 0.4684203125 0.6037265625 0.481990625 0.607628125 0.493659375 0.6119125000000001 0.5033609375 0.6182859374999999 0.5065953125 0.6246953125 0.5046296875 0.6300250000000001 0.5098281250000001 0.6328453125 0.5098281250000001 0.635353125 0.5085609375 0.6424593749999999 0.493025 0.6410312499999999 0.4774890625 0.63605 0.4568171875 0.6177984375000001 0.3557390625 0.6168578124999999 0.35136406249999996 0.61508125 0.3481296875 0.612609375 0.3468609375
3 0.6405078125 0.3424859375 0.639428125 0.3450859375 0.6387328125 0.350221875 0.6383484375 0.384528125 0.6387328125 0.43430625 0.636571875 0.455675 0.6373046875 0.481546875 0.6390796875 0.48998125000000003 0.64510625 0.49708281249999997 0.6532921875000001 0.4951171875 0.6600484375 0.50221875 0.66395 0.5015859375 0.6710546875000001 0.48928281250000005 0.6738765625 0.4744453125 0.6696265625 0.455040625 0.661825 0.401965625 0.6495296875000001 0.3461640625 0.6483109375 0.3424859375 0.6440609375 0.34121718749999996 0.6405078125 0.3424859375
4 0.673215625 0.35256875 0.670846875 0.35307499999999997 0.6702546875000001 0.3568796875 0.669975 0.3670890625 0.6729359374999999 0.41344375 0.6705671875 0.4592890625 0.671159375 0.4781234375 0.6741203125 0.48674687499999997 0.6853703125 0.49537031249999997 0.691884375 0.49378593750000005 0.7010453125 0.4851609375 0.7111109375 0.48839531249999996 0.7146640625 0.48459062499999994 0.7173453125 0.47165468749999995 0.716753125 0.448509375 0.7122953125 0.43176875 0.7016375 0.4 0.6954374999999999 0.3746359375 0.6907 0.3622703125 0.694253125 0.3951171875 0.6924765625 0.3972734375 0.68565 0.4 0.6803203124999999 0.3983515625 0.6779515625 0.3908046875 0.6758265625 0.360621875 0.6755828125 0.3568796875 0.6753046875 0.353646875 0.673215625 0.35256875
4 0.717415625 0.32130625 0.7132015625 0.32308125 0.712225 0.326696875 0.718878125 0.4209890625 0.719365625 0.451109375 0.7218390625 0.46233281249999997 0.7248 0.4690546875 0.731975 0.4766640625 0.7406125 0.4811671875 0.746534375 0.472225 0.7509578125 0.46005 0.755171875 0.4614453125 0.7581328125 0.4565 0.761825 0.4421046875 0.761825 0.43265624999999996 0.7588640625 0.41382343749999995 0.75294375 0.4007609375 0.7443046875 0.3783125 0.74134375 0.3666453125 0.7418328125 0.354090625 0.7440609375 0.33430624999999997 0.747753125 0.32530156250000003 0.7499828125 0.3131890625 0.748728125 0.31274531250000004 0.747265625 0.314521875 0.7433296875 0.32175 0.740090625 0.3338625 0.7354234374999999 0.3711484375 0.73270625 0.3724796875 0.7307203125 0.3720359375 0.7282484375 0.36842031249999996 0.72358125 0.355421875 0.7196453125 0.334115625 0.719365625 0.330246875 0.719121875 0.3239703125 0.717415625 0.32130625
4 0.7700453125 0.35174375 0.76614375 0.352440625 0.7629390625 0.33430624999999997 0.760815625 0.29809687500000004 0.7593875 0.24825624999999998 0.75228125 0.2902984375 0.745871875 0.33430624999999997 0.7434000000000001 0.3582125 0.7444796874999999 0.3731140625 0.750853125 0.3873171875 0.7554859375 0.3937859375 0.7629390625 0.3957515625 0.7721703125 0.40348750000000005 0.78638125 0.3731140625 0.7892375 0.35497812500000003 0.7796234375 0.3278375 0.7725187499999999 0.2831953125 0.7693484374999999 0.2696265625 0.7671890625 0.2657578125 0.7657953125 0.2670265625 0.765378125 0.270703125 0.7654124999999999 0.274825 0.7707421875 0.33950468749999996 0.7700453125 0.35174375
