3 0.6091249999999999 0.58909375 0.6173109375 0.631134375 0.6197843749999999 0.7022828125 0.626540625 0.7261890625 0.6339953125 0.7346234375 0.6361546875 0.7235890625 0.6372 0.711984375 0.6332984374999999 0.7035515625000001 0.631521875 0.693215625 0.6318703125 0.6796453125 0.635771875 0.6414718749999999 0.6326015625 0.633671875 0.6332984374999999 0.6168671875 0.6389765625 0.5851609375 0.6379312500000001 0.5741921875 0.6326015625 0.5683578125000001 0.614803125 0.5634109375 0.6109015624999999 0.563221875 0.6084296874999999 0.5670890625 0.6091249999999999 0.58909375
1 0.579971875 0.5746984375 0.5820265625000001 0.60215625 0.5855796875 0.623209375 0.5867640625 0.64045625 0.5962375 0.7034875 0.6045281250000001 0.7412171875 0.6104499999999999 0.7573875 0.6101703125 0.7239703125 0.6107625 0.6921999999999999 0.6086734375 0.6717187499999999 0.606896875 0.6361453125 0.6072093749999999 0.6048828125 0.6098578125 0.5655046875 0.606025 0.56391875 0.59860625 0.5649968750000001 0.5832109375 0.5617625 0.5829328125 0.562840625 0.5802515625 0.5665828125 0.579971875 0.5746984375
2 0.552734375 0.56823125 0.5583421875 0.6307546875 0.56663125 0.7078 0.571090625 0.7228921875000001 0.575234375 0.71915 0.581434375 0.72828125 0.581434375 0.7180718749999999 0.5766984374999999 0.6183265625 0.5796593750000001 0.6107796875 0.5772906250000001 0.605390625 0.577603125 0.5596062500000001 0.568721875 0.5596062500000001 0.5579234375000001 0.5553578124999999 0.5547890625 0.5552953125 0.5530125 0.5574515625 0.552734375 0.56823125
2 0.5304078125 0.5653140624999999 0.5330546875 0.6165499999999999 0.5351453125 0.6440078125 0.5369203125 0.6866203125 0.53988125 0.6930875000000001 0.5443046875 0.6935953125000001 0.5463953125 0.6914390625 0.5490421875 0.678503125 0.55113125 0.648890625 0.5520031249999999 0.615471875 0.55081875 0.572859375 0.5535 0.5561828125 0.5499484375 0.5572609374999999 0.53319375 0.5548515625 0.5309999999999999 0.5556125 0.53009375 0.5577671875 0.5304078125 0.5653140624999999
2 0.5064093749999999 0.5631578125 0.5093703125 0.588459375 0.50905625 0.6105890625 0.5117375 0.61864375 0.515290625 0.6757765625000001 0.5185296875 0.67958125 0.521490625 0.67958125 0.522675 0.669309375 0.52504375 0.6240328125 0.527725 0.611096875 0.5259484375000001 0.60735625 0.5283171875 0.5787578124999999 0.5283171875 0.556690625 0.5128874999999999 0.55783125 0.5096484375 0.558275 0.5066875 0.5610015625 0.5064093749999999 0.5631578125
2 0.47850937499999996 0.5590359375 0.47850937499999996 0.5676593750000001 0.480878125 0.5973359375 0.4793796875 0.605390625 0.48206249999999995 0.612428125 0.4826546875 0.6959421875 0.48589374999999996 0.7034875 0.488575 0.7040578125 0.49094375 0.702409375 0.494496875 0.688965625 0.5039703125 0.6129359375 0.5066171875000001 0.5805953125000001 0.5089859375 0.5596062500000001 0.49359062500000006 0.5590359375 0.4828984375 0.5570703124999999 0.480878125 0.5568796875 0.47969375000000003 0.5568796875 0.47850937499999996 0.5590359375
1 0.4471265625 0.5940390625 0.4471265625 0.6177546875 0.434378125 0.729296875 0.4361546875 0.7357640625 0.439115625 0.736334375 0.44207656249999994 0.7336078125000001 0.4530484375 0.7088140625 0.4631140625 0.6700062499999999 0.47227499999999994 0.6279640625 0.47405156249999997 0.612871875 0.4767328125 0.6064046875 0.47614062500000004 0.5994296875 0.4767328125 0.5826890625 0.47641875 0.558465625 0.45600781250000005 0.558465625 0.4476140625 0.5629671875 0.44444375 0.56651875 0.444165625 0.5729859375 0.4471265625 0.5940390625
3 0.40856875 0.5651234374999999 0.4075234375 0.5977171875 0.41637031249999995 0.7099562500000001 0.41368906250000004 0.7256812499999999 0.41842499999999994 0.7242234375 0.42563593749999995 0.7107171875 0.43221875 0.665440625 0.442703125 0.57786875 0.44106562499999996 0.565884375 0.4388015625 0.5639828125 0.43179999999999996 0.563221875 0.42542656250000005 0.5639828125 0.41762499999999997 0.5568796875 0.414525 0.5565 0.4110421875 0.5584015625000001 0.40856875 0.5651234374999999
3 0.377325 0.5627140625 0.37631562500000004 0.57438125 0.3797984375 0.5892203125 0.383003125 0.69613125 0.38571875 0.7168046875 0.3881578125 0.72130625 0.3906296875 0.7203546875 0.3960640625 0.7100828124999999 0.400521875 0.6875718749999999 0.40790625 0.6278374999999999 0.41382812500000005 0.5968921875000001 0.422953125 0.5636015624999999 0.4118421875 0.5559921875 0.4066875 0.5559921875 0.3958203125 0.5506031250000001 0.3886796875 0.5506031250000001 0.383734375 0.5539625 0.3815046875 0.5555484374999999 0.379275 0.5573234375 0.377325 0.5627140625
4 0.35057499999999997 0.7092578125 0.35116718750000003 0.7103359375 0.3535359375 0.7092578125 0.361825 0.64565625 0.380459375 0.545403125 0.373075 0.5492078125 0.368025 0.5470515625 0.355590625 0.5486359375000001 0.34820625 0.5459734375 0.339325 0.5459734375 0.325984375 0.5486359375000001 0.315046875 0.5535187500000001 0.31386250000000004 0.5561828125 0.3194703125 0.6009515624999999 0.319784375 0.61173125 0.30735 0.692009375 0.30762812500000003 0.704946875 0.3088125 0.7071015625 0.3109015625 0.7060234375000001 0.3147328125 0.6990484375 0.339325 0.6273296875 0.34137968750000003 0.6230187500000001 0.34413125 0.62213125 0.345140625 0.62739375 0.347021875 0.6774890625000001 0.35057499999999997 0.7092578125
4 0.271334375 0.679328125 0.270359375 0.6873812499999999 0.271090625 0.6909953125 0.27331875 0.6927703125 0.27652343749999997 0.6909953125 0.279728125 0.6869375 0.299234375 0.6218140625 0.3120515625 0.5764750000000001 0.3196796875 0.5553578124999999 0.3199578125 0.5467984375 0.31870468750000003 0.5418515625 0.3066171875 0.5360171874999999 0.2952625 0.5342421875000001 0.28119062499999997 0.52568125 0.2673984375 0.52568125 0.2626953125 0.5329109375 0.2607453125 0.549525 0.26196406250000004 0.57691875 0.26123281249999997 0.5966390625 0.2572625 0.61959375 0.2535703125 0.6613187500000001 0.25555625000000004 0.667153125 0.25827187500000004 0.6698796875 0.26046718750000003 0.6707671875 0.263428125 0.6681046875 0.26565625000000004 0.6636015625 0.2696265625 0.64743125 0.2760359375 0.6164234375000001 0.27823125000000004 0.6101453125 0.28021562499999997 0.60741875 0.2822015625 0.6092578125 0.27725468750000004 0.647875 0.271334375 0.679328125
1 0.40985781250000003 0.3966390625 0.40275156250000005 0.4683578125 0.40571250000000003 0.48129375 0.409578125 0.5065953125 0.406896875 0.5233359375 0.40808125000000006 0.528725 0.420515625 0.5330375 0.4409609375 0.5270765625 0.43622500000000003 0.502853125 0.4288046875 0.45485156250000003 0.4288046875 0.403678125 0.42288437500000003 0.3648703125 0.41194687500000005 0.3438171875 0.406896875 0.3411546875 0.40571250000000003 0.34166093750000004 0.40661718750000003 0.345465625 0.407209375 0.3481296875 0.4116328125 0.37349375 0.40985781250000003 0.3966390625
2 0.47112499999999996 0.360178125 0.456321875 0.39740000000000003 0.4494953125 0.45669062499999996 0.444165625 0.511096875 0.44535 0.5207984375 0.4471265625 0.5240328125 0.47349375 0.523525 0.4719953125 0.48256249999999995 0.4719953125 0.44914375 0.47467812499999995 0.4168046875 0.480878125 0.360178125 0.48147031250000005 0.35263125 0.48052968749999997 0.3448953125 0.47112499999999996 0.360178125
2 0.493765625 0.36753281250000003 0.47805625 0.451046875 0.47600156250000003 0.5135703125 0.4789625 0.52219375 0.49139687500000007 0.52435 0.5067921875 0.52219375 0.5079765625 0.520609375 0.5103453124999999 0.500634375 0.511215625 0.4650609375 0.51003125 0.425175 0.506478125 0.397146875 0.5070703125 0.345403125 0.5032390625 0.345403125 0.49968593749999995 0.34971406250000003 0.493765625 0.36753281250000003
2 0.552071875 0.37698125 0.5497046875 0.3726703125 0.5449671875 0.37051406249999996 0.5414140625 0.37051406249999996 0.536084375 0.37431875 0.5310343750000001 0.3861765625 0.5109015625 0.505834375 0.5132703125 0.5225109375 0.5180078124999999 0.52739375 0.5230578125 0.5284718749999999 0.5410999999999999 0.5289796875 0.5461515625 0.5279015625000001 0.547928125 0.5235890624999999 0.549390625 0.499365625 0.5530828125 0.3970828125 0.5535359375 0.3899171875 0.5535359375 0.38668281250000003 0.552071875 0.37698125
2 0.5860671875000001 0.3663921875 0.5832109375 0.3715921875 0.5743296875 0.39873125 0.5597703125 0.48027968750000005 0.5512359375 0.5203546875 0.5523156250000001 0.5274578125 0.559421875 0.533925 0.56973125 0.53525625 0.5771859375 0.533925 0.5800062500000001 0.5274578125 0.5796593750000001 0.5151546875 0.5803906249999999 0.4738109375 0.5842906250000001 0.427203125 0.587390625 0.380659375 0.5881921875 0.3741921875 0.5881921875 0.3689921875 0.5860671875000001 0.3663921875
1 0.621525 0.35903593749999996 0.6016375 0.42435 0.5870421875 0.48649375 0.5817140625 0.5278375 0.5877749999999999 0.535003125 0.6030296875000001 0.5395046875 0.6108671875 0.535003125 0.61476875 0.5000640625 0.616196875 0.46448906250000005 0.624346875 0.403678125 0.6280734375 0.3553578125 0.6275515625 0.34933437500000003 0.6247296875 0.350665625 0.621525 0.35903593749999996
3 0.65245625 0.3909328125 0.6506796875 0.3857328125 0.648903125 0.3831953125 0.6464296875 0.3838296875 0.6432249999999999 0.388965625 0.6385921875 0.40773593750000003 0.6155 0.5157890625 0.6151515625 0.535828125 0.6180078124999999 0.5403296875 0.624765625 0.5416609375 0.630790625 0.5409640625 0.6354234375 0.53519375 0.6400203125 0.506721875 0.6520374999999999 0.41211093749999994 0.65325625 0.40462968750000006 0.653675 0.39866875 0.65245625 0.3909328125
3 0.6777078125 0.3991125 0.6742953125 0.39289843750000003 0.671334375 0.39213749999999997 0.66875625 0.39289843750000003 0.6657953125 0.3975265625 0.65896875 0.4146484375 0.6363640625 0.5077359375 0.6342390625000001 0.5349390625 0.6397765625 0.5435 0.6478921875 0.551996875 0.6615109375 0.5551046875 0.664925 0.551996875 0.669209375 0.523271875 0.67871875 0.423715625 0.6794140625 0.4130625 0.6794140625 0.408434375 0.6777078125 0.3991125
4 0.696134375 0.48465468749999996 0.6908046875 0.4824984375 0.6884359375 0.47602968749999997 0.6937656249999999 0.436715625 0.7041453125 0.40653125 0.6931734374999999 0.4162328125 0.6834203125 0.44908125 0.668303125 0.5407109375 0.6674328125 0.549334375 0.668025 0.5574515625 0.6694875 0.5617625 0.6783703125 0.5687375 0.68310625 0.57089375 0.687565625 0.567153125 0.6902125 0.5676593750000001 0.6931734374999999 0.571971875 0.6979093749999999 0.57520625 0.7041453125 0.574128125 0.7091609375 0.5714640625 0.7118421875000001 0.5649968750000001 0.709753125 0.527775 0.7094734375 0.5003171875 0.710065625 0.48573281250000006 0.7180421875 0.428090625 0.7189484375 0.4038046875 0.71745 0.39733593749999996 0.7144890625 0.39682968750000003 0.7107281249999999 0.41236562499999996 0.7094734375 0.418896875 0.702646875 0.47228906249999997 0.696134375 0.48465468749999996
4 0.7371640625 0.430690625 0.7353890625 0.4312625 0.732740625 0.4355734375 0.730059375 0.4479390625 0.72504375 0.48839531249999996 0.7161609375 0.5466078125 0.71556875 0.5670890625 0.7179375 0.5719093749999999 0.72504375 0.576790625 0.7303734375000001 0.578946875 0.734796875 0.5751421875 0.739846875 0.580025 0.7447578125 0.5830062500000001 0.74820625 0.5818015625 0.753675 0.5761578125 0.7572625000000001 0.561509375 0.7555203125000001 0.49537031249999997 0.7611640625 0.46899218749999994 0.7602578125 0.45117343749999994 0.753465625 0.425871875 0.7516890625 0.4409640625 0.7439921875 0.47869375 0.7424937500000001 0.48085000000000006 0.740125 0.48085000000000006 0.7392546875 0.4792015625 0.7392546875 0.47165468749999995 0.74134375 0.44286562500000004 0.7413093749999999 0.4366515625 0.740125 0.43176875 0.7371640625 0.430690625
