4 0.67178125 0.2206546875 0.6759671875000001 0.21525625 0.67520625 0.21069374999999999 0.6691812500000001 0.20195 0.659734375 0.193034375 0.6422953125 0.1870078125 0.618515625 0.1872171875 0.6007609375 0.1919890625 0.5935953125 0.19885 0.5935953125 0.20195 0.598096875 0.2061296875 0.5973359375 0.2094390625 0.6003796875 0.21253906250000001 0.6075453125 0.216928125 0.6107796875 0.221246875 0.6124921875 0.22354531249999998 0.6219406249999999 0.2285265625 0.6310078125 0.2301984375 0.6574515625 0.22688906250000002 0.67178125 0.2206546875
4 0.7419156250000001 0.2249734375 0.7383 0.22173437499999998 0.7142671875 0.22448593749999998 0.6761578125 0.2309640625 0.65256875 0.2309640625 0.6403296875 0.231696875 0.6203546875 0.2406828125 0.6135703125 0.2483796875 0.617184375 0.2573671875 0.6294234375000001 0.2645765625 0.6299296875 0.272553125 0.6394421875 0.28126093750000003 0.658465625 0.2820265625 0.679328125 0.277534375 0.733290625 0.2593515625 0.751934375 0.2516203125 0.75871875 0.2468828125 0.75871875 0.244653125 0.7559921875 0.2419015625 0.7505390625 0.239915625 0.7437546875 0.23967187499999998 0.7369687500000001 0.24117031249999998 0.712428125 0.248903125 0.7074828125 0.248903125 0.70564375 0.24716093749999998 0.70564375 0.244896875 0.7060875 0.24364375 0.720165625 0.23793125 0.7355734375 0.23493593750000002 0.741471875 0.23270624999999998 0.7419156250000001 0.2249734375
4 0.76391875 0.26826875 0.70044375 0.2822015625 0.6655046875 0.28843593749999996 0.6129359375 0.28819218750000003 0.599746875 0.2929296875 0.5979703125 0.295646875 0.5974640625000001 0.2986421875 0.6033609375 0.302646875 0.6011421875 0.3056421875 0.5974640625000001 0.308359375 0.5974640625000001 0.31111093749999996 0.60653125 0.3175890625 0.6052 0.32232656249999997 0.6070390625 0.3318 0.6133796874999999 0.33678125 0.621053125 0.3397421875 0.62695 0.3405078125 0.6405828125 0.3397421875 0.6551046875 0.335771875 0.6705140625 0.32978125 0.6831953125 0.325809375 0.735384375 0.31358437499999997 0.7499046875000001 0.30710625 0.777996875 0.2877046875 0.7811671875 0.2819578125 0.778440625 0.279728125 0.748953125 0.28993437499999997 0.7284078125 0.3027515625 0.709765625 0.306653125 0.6904874999999999 0.308115625 0.6868109375 0.307384375 0.6850343750000001 0.3058859375 0.6850343750000001 0.3043890625 0.705896875 0.2949140625 0.774825 0.274225 0.7825624999999999 0.2660046875 0.76391875 0.26826875
3 0.68040625 0.36405468750000003 0.781546875 0.3483796875 0.7856062500000001 0.344653125 0.7842734375 0.33967187499999996 0.777425 0.3369203125 0.768865625 0.3359109375 0.687190625 0.339915625 0.6559296875 0.3386625 0.634115625 0.33890625 0.6313890625 0.339915625 0.6286625 0.3429125 0.623271875 0.35113125 0.623715625 0.3566 0.6318953125 0.3643328125 0.632340625 0.3648203125 0.6359546875000001 0.36879062500000004 0.64045625 0.3705328125 0.6468609375 0.3708109375 0.68040625 0.36405468750000003
3 0.7452765625 0.39104843749999996 0.7879515625 0.38881875 0.78744375 0.3865546875 0.7643625000000001 0.3768375 0.739821875 0.3721 0.6990484375 0.3691390625 0.663221875 0.3676421875 0.641915625 0.3688609375 0.6296125 0.37088125 0.621053125 0.3733546875 0.6151546875 0.37708125 0.6151546875 0.3798328125 0.61693125 0.38355937500000004 0.622384375 0.3867984375 0.6318953125 0.38979375 0.6314515625 0.39380000000000004 0.6314515625 0.39501875000000003 0.633290625 0.3965171875 0.63868125 0.39728281249999997 0.6695625 0.3965171875 0.7452765625 0.39104843749999996
1 0.6798984375 0.43065156250000003 0.817628125 0.4222578125 0.8138234375 0.4163015625 0.8007609375 0.40999687500000004 0.7762203125 0.4058171875 0.7435640625 0.40431875 0.6831953125 0.4034484375 0.6379828125 0.399546875 0.6173109375 0.3998609375 0.60646875 0.40431875 0.5982875 0.40940468750000003 0.5955609374999999 0.413896875 0.5987953125 0.41748593749999996 0.6004437499999999 0.4225703125 0.6010140625 0.4234765625 0.6020921875 0.42556562500000006 0.6053265624999999 0.42706406250000006 0.6216875 0.4294328125 0.6798984375 0.43065156250000003
2 0.623525 0.4610234375 0.7741281250000001 0.4483796875 0.7779328125 0.44629062499999994 0.7757765625 0.4408921875 0.7714015625 0.439115625 0.75783125 0.4397078125 0.6705765625 0.43869687500000004 0.6263796875 0.4380703125 0.591946875 0.4368171875 0.5855421875 0.44036875000000003 0.5787578124999999 0.4543015625 0.5772359375 0.457575 0.576284375 0.45963125 0.57691875 0.46119843749999995 0.5794546875 0.46224375 0.623525 0.4610234375
2 0.6958140625 0.4764546875 0.7715921875 0.4717171875 0.77520625 0.46948749999999995 0.77609375 0.46673593750000003 0.7720359375 0.46374062499999996 0.7471140625 0.46098906250000005 0.6468609375 0.463984375 0.633671875 0.46300937500000006 0.5878890625000001 0.46475156249999994 0.5774890625 0.46673593750000003 0.57565 0.4727265625 0.5775515625 0.48150468750000003 0.5788203125 0.48516250000000005 0.580659375 0.4891671875 0.5897265625 0.4886453125 0.6350671875 0.4829328125 0.6958140625 0.4764546875
2 0.76125625 0.4965859375 0.7650609375 0.494496875 0.7634109375 0.49212812499999997 0.745465625 0.49062968749999997 0.6801515625000001 0.4903171875 0.57780625 0.48794843749999994 0.5797078124999999 0.507628125 0.5805328125 0.5109375 0.5826890625 0.51215625 0.611034375 0.510065625 0.6681671875 0.5037625 0.76125625 0.4965859375
2 0.636334375 0.5352484375000001 0.7537734375 0.518809375 0.77825 0.5118421875 0.7392515625 0.509334375 0.657196875 0.513340625 0.6136328125 0.513584375 0.5818640625 0.5128171874999999 0.5800890625 0.5237890625 0.580215625 0.530128125 0.5809765625 0.5332640625 0.5855421875 0.5387328124999999 0.59004375 0.5402296875 0.598225 0.541240625 0.636334375 0.5352484375000001
1 0.8009515625000001 0.5560078125000001 0.8025359375000001 0.5536046875 0.8025359375000001 0.5488328124999999 0.788965625 0.5380703125 0.7655671875000001 0.5368515625 0.6953078125000001 0.542528125 0.6370953125 0.5449328125 0.6251109375 0.5491125 0.6218765625 0.5524203125 0.6218765625 0.5560078125000001 0.6180718749999999 0.5592828125 0.6180718749999999 0.5616859375 0.620228125 0.5643671875 0.628915625 0.5690359375 0.6327203124999999 0.570359375 0.648003125 0.5739468750000001 0.7350671875 0.5679546875 0.7944203125 0.5583765625 0.8009515625000001 0.5560078125000001
3 0.7665828125 0.596446875 0.76823125 0.59495 0.76823125 0.5874953125 0.7655046875 0.584221875 0.758465625 0.5815046875000001 0.7415984375 0.5794140624999999 0.6316421875 0.5803203124999999 0.61693125 0.5827234375 0.600634375 0.5970734375 0.5979078125 0.6024375 0.600634375 0.606025 0.6060234375 0.6093 0.6140140625 0.6115296875 0.6213062500000001 0.6128875 0.6310718750000001 0.6150125 0.663221875 0.6135140625 0.7279640625 0.6039359375 0.7665828125 0.596446875
3 0.781546875 0.632671875 0.7878890625 0.6306859375 0.7915656249999999 0.6279343749999999 0.790615625 0.62194375 0.7865562500000001 0.6187046875 0.781103125 0.6169625 0.760240625 0.616475 0.69175625 0.61671875 0.6645531250000001 0.615465625 0.6264421875 0.61574375 0.6209890625 0.6187046875 0.6192140625 0.6212125000000001 0.617375 0.6257046875000001 0.6164875000000001 0.632671875 0.617375 0.6363984375 0.62828125 0.6438875000000001 0.63690625 0.6518640625 0.63868125 0.6525953125 0.64914375 0.6521078124999999 0.675459375 0.6466046875 0.7153453125 0.63939375 0.781546875 0.632671875
4 0.79518125 0.6981546875 0.7942296875 0.6964125 0.7842734375 0.689934375 0.7579578125 0.6767328125 0.7294234375 0.6692437499999999 0.6894734375 0.663775 0.6481921875000001 0.6525593749999999 0.6327843750000001 0.65081875 0.622384375 0.6528031249999999 0.6155359375 0.66353125 0.6146484375 0.6724828125 0.6201015625 0.6762453125000001 0.6133171875000001 0.679728125 0.612365625 0.68571875 0.6137609375 0.6939390624999999 0.611034375 0.6994078125 0.611034375 0.7036578125 0.6137609375 0.7051203125 0.623715625 0.707628125 0.6422953125 0.707871875 0.6618265625 0.7056421875 0.686303125 0.7056421875 0.7516171875000001 0.7160921874999999 0.782434375 0.7165796875 0.790171875 0.71435 0.790615625 0.7118781249999999 0.7833859375000001 0.7058859375 0.7244140625 0.6969000000000001 0.706721875 0.6929296875000001 0.6999359375 0.689934375 0.696765625 0.6871828125 0.696259375 0.6827234375 0.6994296875 0.6817140625 0.70126875 0.6812265625 0.7362078125 0.684709375 0.7883328125 0.7001390625 0.791503125 0.7001390625 0.79518125 0.6981546875
4 0.7627140625 0.7544765625000001 0.768040625 0.752803125 0.7703234375 0.7513765625 0.7721625000000001 0.7447234375 0.771084375 0.7412046875 0.76651875 0.7378609375 0.7483828124999999 0.7320453125 0.7 0.721665625 0.6765375 0.7142109375000001 0.6584015625 0.710484375 0.647875 0.710275 0.63690625 0.7123296875 0.6270765625 0.718146875 0.625175 0.7222921875 0.62821875 0.7287359375 0.6338625 0.7328812499999999 0.6259359375 0.7345531249999999 0.6172484375 0.740996875 0.614584375 0.7474406250000001 0.6187703124999999 0.7553124999999999 0.628915625 0.7607109375000001 0.646353125 0.7652734375 0.6878890625 0.766109375 0.7045656250000001 0.7684078125 0.747621875 0.7758625 0.7559296875 0.7739812500000001 0.7604953125 0.7698359375 0.7604953125 0.7648546875 0.7559296875 0.761128125 0.744578125 0.7571921875000001 0.7211796875 0.7511671875 0.715853125 0.74886875 0.7121109375 0.7461859375000001 0.71135 0.7422500000000001 0.7121109375 0.7412046875 0.7140140625 0.74036875 0.7431203125 0.7490765625 0.7547875000000001 0.753640625 0.7589734375 0.7544765625000001 0.7627140625 0.7544765625000001
4 0.6500953125 0.8020203125 0.655040625 0.7985015625 0.664109375 0.7955765625 0.6660109375000001 0.7943578125 0.663728125 0.7879140625 0.664109375 0.7843609375 0.666771875 0.7812609375 0.687128125 0.78335 0.6984781250000001 0.7862421875 0.7028531250000001 0.7891671875 0.69695625 0.7825140625 0.6814843749999999 0.7743984375 0.6542796875 0.76941875 0.638046875 0.7715078125 0.635003125 0.773771875 0.6331015625 0.7783703125 0.628915625 0.7820968749999999 0.6274578125 0.7879140625 0.6194671875 0.7922671875 0.6157265625 0.7953671875 0.611921875 0.7999296874999999 0.611921875 0.8024374999999999 0.6138234375 0.804528125 0.620228125 0.8084640625 0.632340625 0.8126093750000001 0.6440703125 0.8151171875 0.660684375 0.816753125 0.65865625 0.8154656250000001 0.6573234375 0.81428125 0.6471140625 0.81051875 0.6455921874999999 0.8093 0.6467343750000001 0.806165625 0.6500953125 0.8020203125
4 0.40044375 0.7963421875 0.40608750000000005 0.793834375 0.40799062499999994 0.7915703125 0.40386875 0.781190625 0.422003125 0.7693484374999999 0.42504687499999994 0.7654124999999999 0.42390625000000004 0.7631140624999999 0.41217499999999996 0.757296875 0.401965625 0.754196875 0.396321875 0.7533609375 0.3894734375 0.75440625 0.384590625 0.75586875 0.39137656249999997 0.7645765625000001 0.3853515625 0.7788921875 0.381546875 0.7855453125 0.37609375 0.7888890625 0.3720984375 0.7903171875 0.37438125 0.7932078125 0.380025 0.7955062500000001 0.3940390625 0.7967609375 0.40044375 0.7963421875
4 0.4190875 0.75440625 0.4422328125 0.7581328125 0.46537656250000003 0.7638796875 0.48440000000000005 0.766109375 0.4953078125 0.7643671875 0.5071015625 0.7593875 0.5098281250000001 0.75440625 0.509384375 0.7524203125 0.5052625 0.7469171875 0.5089406249999999 0.7454203125000001 0.518896875 0.7357015625 0.518896875 0.732984375 0.5157265625 0.7295015625 0.5034875000000001 0.720759375 0.4902984375 0.7127828125 0.476728125 0.71355 0.4327203125 0.7197843749999999 0.3837671875 0.720515625 0.3783125 0.7222578125 0.3783125 0.7272375 0.3800890625 0.7304765625 0.3850984375 0.7324625 0.401903125 0.7314875 0.40913125 0.7317312499999999 0.413696875 0.732984375 0.41414062500000004 0.7354578125 0.4131890625 0.73744375 0.41097031250000005 0.738940625 0.3887125 0.7424593749999999 0.3869375 0.743678125 0.3859859375 0.7466734374999999 0.387825 0.7518984375 0.3960046875 0.75440625 0.4190875 0.75440625
4 0.4044390625 0.71355 0.408496875 0.714803125 0.429803125 0.7175203125 0.46068437500000003 0.714525 0.4887765625 0.710553125 0.503296875 0.7112859375 0.5318953125 0.7165453125 0.5586562500000001 0.7167890625 0.57178125 0.71355 0.5781234375000001 0.7090562499999999 0.5799624999999999 0.7020906250000001 0.5785671875 0.697596875 0.5731140625 0.6951234375 0.5826890625 0.686903125 0.5826890625 0.6776734375 0.5745078125 0.66844375 0.5686109375 0.664959375 0.5522515625 0.664228125 0.51915 0.6709515625 0.491946875 0.675165625 0.4529484375 0.67690625 0.429803125 0.6824109375 0.4116671875 0.6888890625 0.4044390625 0.6936265625 0.4007609375 0.6983625 0.40031718749999995 0.7020906250000001 0.40215625 0.7035875 0.4411546875 0.6946015625 0.47698124999999997 0.687146875 0.48693749999999997 0.687634375 0.4878890625 0.6886453125 0.48560625 0.6943578125000001 0.47336718749999995 0.6983625 0.44432499999999997 0.7023343750000001 0.4086875 0.705921875 0.4044390625 0.7065828125 0.40171250000000003 0.708325 0.40126875 0.710553125 0.40259999999999996 0.7125390625 0.4044390625 0.71355
3 0.3944203125 0.66255625 0.398225 0.66583125 0.4041859375 0.6679203125 0.414521875 0.668234375 0.45643593750000006 0.6667359375 0.485859375 0.6664234375 0.5103359375000001 0.668234375 0.5326562499999999 0.667015625 0.5408375000000001 0.66614375 0.5457203125000001 0.660153125 0.548446875 0.6550671875 0.5467984375 0.6497046875 0.5375390624999999 0.6463953124999999 0.54134375 0.6410312499999999 0.5320859375 0.63385625 0.5190234375 0.63026875 0.4983515625 0.631453125 0.40773593750000003 0.6457328125 0.40259999999999996 0.6467078125 0.39606875 0.6490765625 0.3933421875 0.6517937500000001 0.3922640625 0.65896875 0.3944203125 0.66255625
3 0.384084375 0.6369203125 0.4216234375 0.638384375 0.48693749999999997 0.631209375 0.5305015625 0.6294328124999999 0.5560562499999999 0.6246609375000001 0.5604312499999999 0.616265625 0.5592890625 0.609996875 0.5446421875 0.6034140625 0.547875 0.5974578125 0.5489531249999999 0.5905609375 0.541915625 0.588784375 0.51090625 0.5857890625 0.49784375000000003 0.587878125 0.48205468749999997 0.595646875 0.46188906249999995 0.60041875 0.4216234375 0.6037265625 0.4041859375 0.6073140625 0.374825 0.6168578124999999 0.3466078125 0.624346875 0.34216875 0.62553125 0.33348125 0.628840625 0.33348125 0.6306171875000001 0.33506718750000003 0.6321140625 0.384084375 0.6369203125
1 0.34292968749999997 0.615534375 0.3483828125 0.616440625 0.36036718749999996 0.612853125 0.41750156250000003 0.600278125 0.44312031249999995 0.597596875 0.469753125 0.59909375 0.47958125 0.5972828125 0.48883906250000003 0.592790625 0.5029796875 0.5910140625 0.5263796875 0.5835250000000001 0.549778125 0.5829328125 0.556309375 0.5790671875 0.5557390625 0.5754796875 0.545403125 0.5638109375 0.541090625 0.5554515624999999 0.5356375 0.5518640625 0.5268859375 0.5518640625 0.5198484375 0.5533609375 0.5040578124999999 0.558725 0.4844640625 0.563496875 0.4724796875 0.5599093749999999 0.4583390625 0.5590390625 0.43544687499999996 0.5629046875 0.39625937499999997 0.571890625 0.3690546875 0.581434375 0.3310078125 0.5936953125 0.329359375 0.5949140625 0.3266328125 0.5999656250000001 0.329359375 0.6080453125 0.33316406249999997 0.6116328125 0.34292968749999997 0.615534375
2 0.422003125 0.5538484375 0.496575 0.5550328125 0.5172484374999999 0.5547546875 0.5368421875 0.5535359375 0.5422953125000001 0.5508531249999999 0.5461 0.548171875 0.5471781250000001 0.538 0.542803125 0.5338203125 0.5368421875 0.53173125 0.51395 0.5314171875 0.47533281250000003 0.532915625 0.4481296875 0.533228125 0.40133125 0.5389062499999999 0.3773625 0.5460812500000001 0.37520625 0.547265625 0.37412812500000003 0.5511671875 0.376284375 0.55325625 0.37951875 0.5547546875 0.422003125 0.5538484375
2 0.36785 0.53106875 0.372353125 0.5330546875 0.3773625 0.5328109375000001 0.41407812499999996 0.528353125 0.46899218749999994 0.523859375 0.5442609375 0.519853125 0.551934375 0.518634375 0.5551046875 0.5146296875 0.5560562499999999 0.5036578125 0.551490625 0.4919546875 0.543309375 0.4859984375 0.530628125 0.4859984375 0.479390625 0.491465625 0.45034843750000003 0.495959375 0.37691875 0.5148375 0.37051406249999996 0.5166140625 0.3655671875 0.518878125 0.364615625 0.5215953125 0.3651234375 0.5285968750000001 0.36785 0.53106875
2 0.355040625 0.44782343750000003 0.35776718750000003 0.45141093750000005 0.3653765625 0.4547203125 0.41712187500000003 0.469940625 0.456309375 0.474746875 0.5025359375 0.47920625 0.5444515625 0.47951875 0.5504749999999999 0.47652343750000004 0.5542796875 0.45200312499999995 0.55263125 0.44723125 0.5461 0.4430515625 0.5292328125 0.441240625 0.4851609375 0.44005625000000004 0.43887187499999997 0.43887187499999997 0.37013281249999996 0.43838437499999994 0.36322187499999997 0.43915 0.3588453125 0.44005625000000004 0.35669062500000004 0.441240625 0.355040625 0.44395625 0.355040625 0.44782343750000003
2 0.44927031250000005 0.430025 0.453646875 0.4270296875 0.45960625000000005 0.42553124999999997 0.4574515625 0.41957500000000003 0.4574515625 0.41149375 0.44927031250000005 0.4016375 0.443309375 0.39805 0.42916875 0.3950546875 0.41065312499999995 0.3938703125 0.39321562499999996 0.391153125 0.358909375 0.3809828125 0.3289796875 0.3681296875 0.315409375 0.3669453125 0.30615156250000003 0.36903593749999997 0.30126875000000003 0.373215625 0.30019062500000004 0.376803125 0.30126875000000003 0.380390625 0.31268281249999996 0.3881578125 0.31483906250000004 0.38937656249999997 0.38725468749999997 0.4264375 0.4188328125 0.435109375 0.438428125 0.4357015625 0.44927031250000005 0.430025
2 0.4264421875 0.40491093749999996 0.4329734375 0.40731406249999996 0.4781234375 0.4201671875 0.4922640625 0.42525312499999995 0.5107796875 0.4342046875 0.5227640625000001 0.4342046875 0.5347500000000001 0.4303375 0.542865625 0.4261234375 0.5478125 0.42107343750000004 0.5478125 0.41626562500000003 0.5390609375000001 0.40640937499999996 0.5303734375 0.40431875 0.48192812500000004 0.4025078125 0.43690625 0.39895468749999996 0.4318953125 0.3986421875 0.42695 0.39773593749999997 0.423715625 0.39832812500000003 0.421496875 0.399546875 0.4264421875 0.40491093749999996
1 0.3800890625 0.3642640625 0.3898546875 0.37112500000000004 0.41813593750000005 0.38070312500000003 0.4513640625 0.388784375 0.46442656250000003 0.39296406250000004 0.48021562500000003 0.395646875 0.5008874999999999 0.3962375 0.5123015625 0.39265 0.5133796875 0.38638125 0.5101453125 0.3812953125 0.5177546875 0.37920625 0.5194046875 0.3765234375 0.5188328125 0.36753749999999996 0.5123015625 0.36304375 0.5046921875 0.3633578125 0.48186406249999997 0.3657609375 0.46880156250000005 0.366353125 0.45351875 0.36516875 0.42739374999999996 0.35977031249999997 0.3877609375 0.35343125 0.382815625 0.3525953125 0.3805953125 0.35200312500000003 0.3751421875 0.348415625 0.3751421875 0.35499843750000004 0.3800890625 0.3642640625
1 0.45351875 0.37272656249999997 0.46081093749999996 0.3777078125 0.5274578125 0.40285624999999997 0.53696875 0.40362187499999996 0.5442609375 0.40160156249999995 0.5497140625 0.39613437500000004 0.5565 0.385928125 0.5596703125 0.3789625 0.5569437500000001 0.3747125 0.5442609375 0.3717171875 0.47964531250000003 0.3647859375 0.47146406250000006 0.363915625 0.458084375 0.36300937499999997 0.453075 0.3654828125 0.45174375 0.368234375 0.45351875 0.37272656249999997
3 0.3555484375 0.33678125 0.3581484375 0.3435734375 0.3614453125 0.3464640625 0.3927703125 0.3514796875 0.439821875 0.3611640625 0.47178125 0.3625921875 0.48744375 0.3618953125 0.49727343749999997 0.360815625 0.49923906249999994 0.355415625 0.492009375 0.35005156249999997 0.5031703125 0.3450359375 0.5077359375 0.33354218750000003 0.5018390625 0.33030312500000003 0.47634687500000006 0.327446875 0.38560625000000004 0.32661093750000003 0.3777421875 0.326715625 0.3666453125 0.327446875 0.3614453125 0.3285265625 0.3555484375 0.3324625 0.3555484375 0.33678125
3 0.498921875 0.3437125 0.498921875 0.3521765625 0.49442031249999996 0.3579234375 0.49442031249999996 0.36165156249999997 0.497146875 0.365134375 0.5025999999999999 0.366875 0.5479390625 0.37460781249999997 0.561571875 0.3738765625 0.5669625 0.3659 0.5696890625 0.3581671875 0.5679140625 0.354684375 0.5710843750000001 0.349215625 0.572859375 0.342215625 0.5642359375 0.336746875 0.5452125 0.336503125 0.5230187500000001 0.336990625 0.5053265625 0.3307203125 0.5066578125000001 0.33326406249999996 0.5075453125 0.3347609375 0.5066578125000001 0.3387328125 0.50215625 0.3407171875 0.498921875 0.3437125
4 0.44692499999999996 0.3251125 0.4896640625 0.32675 0.504375 0.328421875 0.5440703124999999 0.3354921875 0.5648703125 0.331765625 0.56563125 0.3265765625 0.575459375 0.3195046875 0.5762203125 0.31699687499999996 0.5705140625 0.30954375 0.5618265625000001 0.30703593749999997 0.5739375 0.300209375 0.5739375 0.29811875 0.5720359375 0.2948109375 0.5614453125 0.2883671875 0.547875 0.28565 0.5183890625 0.28753125 0.48928281250000005 0.2929296875 0.44654375 0.293765625 0.41065312499999995 0.29582031249999996 0.3940390625 0.29790937500000003 0.39289843750000003 0.2989546875 0.3955609375 0.3018453125 0.47305 0.305990625 0.47831250000000003 0.307871875 0.4794546875 0.30954375 0.47755156249999997 0.312434375 0.47419218750000003 0.313896875 0.4681046875 0.314315625 0.455675 0.3134796875 0.40951250000000006 0.306721875 0.405390625 0.305990625 0.40082500000000004 0.3051890625 0.40577031249999995 0.30891718749999997 0.41972031249999997 0.31699687499999996 0.44692499999999996 0.3251125
4 0.3824984375 0.289028125 0.40564375 0.288540625 0.44464218750000006 0.2900390625 0.4822453125 0.29052656250000003 0.4922640625 0.2872859375 0.5036140625 0.273075 0.5031078124999999 0.26959218749999997 0.4922640625 0.26363593750000003 0.495434375 0.2566359375 0.4881421875 0.2524203125 0.474128125 0.24817187500000001 0.455484375 0.247928125 0.432403125 0.2526640625 0.4042484375 0.255659375 0.38972656250000004 0.255171875 0.390678125 0.2631140625 0.3833859375 0.26663125 0.4033609375 0.26663125 0.41471093750000004 0.2641234375 0.42422343749999997 0.2641234375 0.434178125 0.26711874999999996 0.44147187499999996 0.271090625 0.443246875 0.2748515625 0.442803125 0.27708125 0.43874375 0.27809062500000004 0.41426718749999997 0.2805640625 0.3894734375 0.28390781249999997 0.38478124999999996 0.284046875 0.38161093749999997 0.284046875 0.379328125 0.2855453125 0.379328125 0.2870421875 0.3824984375 0.289028125
4 0.4090671875 0.2523515625 0.41382343749999995 0.251759375 0.4183265625 0.2499484375 0.419975 0.24803281250000003 0.42530156249999995 0.2457328125 0.424540625 0.2426328125 0.42726718750000003 0.2397421875 0.42675937499999994 0.2385234375 0.4227015625 0.23702499999999999 0.4161703125 0.23221875 0.4152828125 0.2295375 0.42092656249999993 0.226925 0.42561875000000005 0.220515625 0.42530156249999995 0.216196875 0.41655 0.2150125 0.385921875 0.216509375 0.3939125 0.220096875 0.39778125000000003 0.2247296875 0.3953703125 0.230825 0.396321875 0.2354234375 0.3953703125 0.2380359375 0.39137656249999997 0.24064843749999998 0.388078125 0.2416234375 0.3807859375 0.2423546875 0.377171875 0.2423546875 0.37951875 0.24555937499999997 0.38300625 0.2481359375 0.39156562500000003 0.250853125 0.4090671875 0.2523515625
