4 0.2590734375 0.7283453125 0.2626265625 0.7277750000000001 0.2664578125 0.72130625 0.27328437499999997 0.7040578125 0.28540625 0.6544703125 0.30289062499999997 0.6501578125 0.3055375 0.63995 0.30790625 0.57958125 0.30644375 0.5725421875000001 0.299025 0.5688015625 0.286590625 0.569309375 0.27356250000000004 0.5644890625000001 0.2673640625 0.5666453125 0.26468125 0.5709578125 0.2623125 0.5817375 0.263496875 0.6032968750000001 0.2676421875 0.6216234375 0.26973125 0.6356375 0.25552031249999996 0.6986687500000001 0.2531875 0.71781875 0.25374375 0.7234625 0.2590734375 0.7283453125
4 0.3230234375 0.742359375 0.3244859375 0.7520609375 0.32894531250000003 0.7531390625000001 0.334865625 0.75256875 0.33841875 0.744515625 0.3392890625 0.7342421875 0.34137968750000003 0.670640625 0.341971875 0.66474375 0.3455234375 0.6625875 0.3514453125 0.6620171874999999 0.35499843750000004 0.655040625 0.357053125 0.637221875 0.359421875 0.6000640625 0.3597359375 0.580659375 0.35586875 0.5741921875 0.3514453125 0.5731140625 0.33368125000000004 0.5736203125 0.3277609375 0.5720359375 0.3218390625 0.5720359375 0.31264375 0.5741921875 0.309996875 0.576346875 0.3088125 0.5854781250000001 0.30762812500000003 0.60653125 0.3088125 0.6383 0.3129578125 0.6528859375 0.3200625 0.6598609375 0.3230234375 0.6679765625 0.32330156250000003 0.6690546875 0.3218390625 0.72130625 0.3230234375 0.742359375
3 0.38850625 0.7611921875000001 0.38996875000000003 0.7558015625000001 0.390490625 0.7467984375000001 0.3882625 0.699175 0.3855453125 0.6672796875 0.384290625 0.664171875 0.389725 0.65605625 0.39146562500000004 0.6461640625 0.39268593749999997 0.6066578125000001 0.3919546875 0.5842109375 0.38899374999999997 0.5779328125000001 0.37889218750000003 0.57431875 0.35865625 0.57431875 0.3576453125 0.57609375 0.35865625 0.5868734375 0.3593875 0.6246031249999999 0.3574015625 0.648890625 0.36060625 0.6533921874999999 0.3657953125 0.65694375 0.36384531249999996 0.6592265625 0.3625921875 0.662778125 0.3685125 0.6668359374999999 0.368025 0.6740015625 0.3702546875 0.7140140625 0.3729703125 0.73735 0.37690625 0.760240625 0.37715156250000004 0.7611921875000001 0.382340625 0.7647437499999999 0.38850625 0.7611921875000001
3 0.41713750000000005 0.7504125 0.4190875 0.73690625 0.41859999999999997 0.7086234375 0.4168578125 0.6587828124999999 0.4153953125 0.65783125 0.4181125 0.6547234375000001 0.42107343750000004 0.648890625 0.42009687500000004 0.6475593749999999 0.4230578125 0.6344953125 0.42378906250000004 0.595878125 0.42156093749999995 0.5842109375 0.40825468750000005 0.5774890625 0.39665625000000004 0.5779328125000001 0.3931734375 0.5797078124999999 0.39244218750000004 0.5828781249999999 0.39244218750000004 0.6228281250000001 0.3936953125 0.6466078125 0.39515781250000004 0.650221875 0.3941828125 0.652440625 0.3964125 0.6556124999999999 0.3998609375 0.6573875 0.3983625 0.6592265625 0.3983625 0.6672796875 0.40034843750000004 0.732846875 0.40257812499999995 0.753075 0.40257812499999995 0.7544078125 0.41219062500000003 0.7562453125 0.41713750000000005 0.7504125
1 0.4247296875 0.729296875 0.43497031249999996 0.6990484375 0.4465 0.6578953125 0.449459375 0.6214328124999999 0.44775312500000003 0.584146875 0.44604687500000006 0.581040625 0.434134375 0.577171875 0.42814375 0.577171875 0.4251828125 0.5818015625 0.4234765625 0.6392515624999999 0.42006249999999995 0.6741921875 0.41877343749999996 0.710653125 0.41919218750000004 0.7098921875 0.4196453125 0.72695 0.4247296875 0.729296875
2 0.4673640625 0.6974640625 0.46952343750000003 0.6718453125 0.47206562500000004 0.6198484375 0.47164687499999997 0.57951875 0.46098906250000005 0.57869375 0.4511671875 0.5818015625 0.45033124999999996 0.5880156249999999 0.4520375 0.6617625 0.45416249999999997 0.6857953125 0.45715781250000004 0.696703125 0.4567046875 0.6974640625 0.46353125000000006 0.699809375 0.4673640625 0.6974640625
2 0.4810875 0.712428125 0.48523125 0.703296875 0.49205781249999997 0.6596062500000001 0.49561093749999996 0.611096875 0.49648281250000004 0.585225 0.49501875 0.5766015624999999 0.4822703125 0.5766015624999999 0.47666250000000004 0.5809124999999999 0.475165625 0.5938484374999999 0.475896875 0.6431203125 0.47634999999999994 0.64128125 0.4772546875 0.7059609375 0.4810875 0.712428125
2 0.5177984375 0.5836390625 0.5163359375 0.5744453125 0.5092296875 0.572859375 0.4982578125 0.5766015624999999 0.49648281250000004 0.58738125 0.49648281250000004 0.669309375 0.4944265625 0.6973359375 0.49561093749999996 0.7038046875 0.500034375 0.7048828125 0.5041796875 0.6979078125 0.51069375 0.6779328125 0.509821875 0.6779328125 0.5166140625 0.6396953125 0.5177984375 0.5836390625
2 0.5187046875 0.6591 0.520759375 0.696259375 0.524625 0.7156625 0.5290484375 0.7162328125 0.5326015625 0.713 0.5385234375 0.6811671875 0.541796875 0.644515625 0.54535 0.59169375 0.5435734375 0.5776796875 0.53793125 0.5739375 0.524625 0.572859375 0.5213515625 0.5755234375 0.5201671875 0.579834375 0.519575 0.5938484374999999 0.5198890625 0.5927703125 0.518390625 0.6272671875 0.5187046875 0.6591
1 0.5758265625 0.7216234375 0.5755484375 0.67958125 0.57641875 0.6375390624999999 0.57641875 0.5809124999999999 0.5743640625 0.5766015624999999 0.566075 0.5712109375 0.555103125 0.5733671874999999 0.54918125 0.5766015624999999 0.5459421875 0.58306875 0.545628125 0.60304375 0.5468124999999999 0.6450859375 0.55245625 0.6790109375 0.5556953124999999 0.707609375 0.5610234375 0.7296765625 0.5657609375 0.73995 0.5699062500000001 0.739378125 0.5696265625 0.7383 0.5743640625 0.7356374999999999 0.5758265625 0.7216234375
3 0.605746875 0.7173109375 0.6089859375 0.6634109375 0.608115625 0.6067843749999999 0.6066171875 0.579834375 0.6030656249999999 0.5755234375 0.5971437500000001 0.5733671874999999 0.5864859375 0.5733671874999999 0.57969375 0.5744453125 0.5770109375 0.5787578124999999 0.5770109375 0.596575 0.5791015625 0.6369687500000001 0.5838390625 0.687634375 0.5888546875 0.7242859375 0.593590625 0.7329109375 0.5998265625 0.7307546874999999 0.605746875 0.7173109375
3 0.641553125 0.74476875 0.64510625 0.737221875 0.6445140625 0.7275203125 0.641553125 0.7070390625 0.6383140625 0.66823125 0.6383140625 0.5787578124999999 0.6365375 0.572859375 0.6306171875000001 0.5712109375 0.6196453125 0.5712109375 0.611946875 0.5733671874999999 0.6098921875000001 0.579328125 0.6093 0.6024734375 0.6113546875 0.6601781250000001 0.61818125 0.70221875 0.6291187500000001 0.7307546874999999 0.6291187500000001 0.7329109375 0.6359453125 0.7421046875 0.641553125 0.74476875
4 0.6679203125 0.7609390625 0.6741203125 0.7587828125 0.6753046875 0.7523140625 0.6764890625 0.7350671875 0.676803125 0.7151546875 0.67561875 0.6887125000000001 0.6729359374999999 0.6574515625 0.6747124999999999 0.649396875 0.6800421875 0.6429296875 0.6835953124999999 0.6294234375000001 0.687146875 0.6046296875 0.685684375 0.5690546875 0.6839078125 0.56474375 0.680634375 0.563665625 0.671159375 0.56474375 0.6646468750000001 0.5685484375 0.6572625000000001 0.5663921875 0.6430515625 0.5722890625 0.6421453125000001 0.588459375 0.643921875 0.6213703125000001 0.6483796875000001 0.6418515625000001 0.6539875 0.653709375 0.656078125 0.6617625 0.6533953125 0.6634109375 0.6531171875 0.6882046875000001 0.6566703125 0.72916875 0.66109375 0.755040625 0.66109375 0.7555484375 0.662278125 0.76043125 0.6679203125 0.7609390625
4 0.7516890625 0.7173109375 0.7514109375 0.709765625 0.7466734374999999 0.6973359375 0.7354234374999999 0.67958125 0.7291890624999999 0.6634109375 0.7256359375 0.6563734375 0.7280046875 0.653709375 0.7392546875 0.6720359375 0.7549640625 0.7027265625 0.76206875 0.705453125 0.7626609375 0.6984140625 0.75465 0.6757765625000001 0.74576875 0.6531390625 0.7380703125 0.6224484375 0.7345171875000001 0.5836390625 0.731278125 0.5604312499999999 0.7277250000000001 0.550221875 0.7244515625 0.5474953124999999 0.71884375 0.5513 0.7161609375 0.5518078125 0.7090562499999999 0.5577671875 0.6993031249999999 0.5577671875 0.692790625 0.559353125 0.6886453125 0.5653140624999999 0.6880531249999999 0.5755234375 0.696934375 0.6343062500000001 0.71379375 0.6688015625 0.7419359375 0.714078125 0.7422156249999999 0.7151546875 0.74754375 0.7205453125 0.7516890625 0.7173109375
4 0.702403125 0.5041218749999999 0.696203125 0.4674703125 0.691465625 0.461509375 0.689690625 0.4577671875 0.6905609375 0.4539625 0.68996875 0.43944218749999997 0.6873218750000001 0.4200375 0.6846390625 0.40925781250000004 0.6819921875 0.40602343750000003 0.67015 0.4086875 0.668965625 0.4151546875 0.668965625 0.4259359375 0.67015 0.445909375 0.6719265625 0.4588453125 0.6742953125 0.4631578125 0.675165625 0.4933421875 0.67871875 0.5149015625 0.682584375 0.52999375 0.6861375 0.53215 0.700940625 0.53215 0.702125 0.5278375 0.702403125 0.5041218749999999
3 0.64054375 0.5197203125 0.640821875 0.5375390624999999 0.6535703125000001 0.54128125 0.6603625 0.533228125 0.665690625 0.53696875 0.6737031250000001 0.538046875 0.6772546875 0.53430625 0.677846875 0.5272671875 0.6760703125 0.5046296875 0.67015 0.4744453125 0.6671890625 0.46474374999999996 0.6674671875 0.450221875 0.6624515625 0.38877656250000003 0.6600843750000001 0.3844640625 0.6523859375 0.3833859375 0.6491125 0.3855421875 0.6485203125 0.396321875 0.6488328125 0.423271875 0.6500171875 0.46531406249999996 0.6512015625 0.46854843749999997 0.649425 0.47228906249999997 0.648240625 0.47228906249999997 0.6449671875 0.4836390625 0.64054375 0.5197203125
3 0.60856875 0.5218140625000001 0.6103453125 0.53690625 0.6156734375 0.5444515625 0.6227796875 0.544959375 0.6316609375 0.5341781250000001 0.6396375 0.535828125 0.6429125 0.5190875 0.6443749999999999 0.466265625 0.644096875 0.44147187499999996 0.6423203125 0.3972734375 0.6390453125 0.3601140625 0.6369906249999999 0.351996875 0.6310687500000001 0.3504125 0.6277953125 0.3504125 0.6257406249999999 0.36119218750000004 0.6251484375 0.3881421875 0.6263328125000001 0.46791406249999995 0.61745 0.4657578125 0.6106234374999999 0.49378593750000005 0.60856875 0.5218140625000001
2 0.5684078125 0.5443875 0.5750609375 0.5250468749999999 0.578265625 0.47159218750000004 0.5834546875 0.41902343750000004 0.587146875 0.3687375 0.587390625 0.35256875 0.5841859375 0.3498421875 0.5802515625 0.35434375 0.564925 0.387571875 0.550121875 0.44242187499999996 0.5449671875 0.48953749999999996 0.5447234375 0.5254921875 0.5464296875 0.5434375 0.549146875 0.5474953124999999 0.558271875 0.5474953124999999 0.564925 0.5461640625 0.5684078125 0.5443875
2 0.5351796875 0.5469875 0.540821875 0.532403125 0.543190625 0.49036093750000004 0.543190625 0.45047499999999996 0.5476140625 0.397146875 0.5517593749999999 0.3610015625 0.550575 0.343246875 0.547928125 0.3372859375 0.5428765624999999 0.3372859375 0.5328109375000001 0.3556125 0.51476875 0.4202921875 0.5026125 0.487128125 0.501428125 0.54914375 0.5067578125 0.5507296875 0.50735 0.5496515625 0.5245203125 0.5513 0.5351796875 0.5469875
2 0.49181406250000004 0.5506656249999999 0.49599374999999996 0.5492703125 0.49895468750000005 0.5425484375 0.49944218749999997 0.5088781250000001 0.49801406249999997 0.47565 0.4929984375 0.422828125 0.4876703125 0.37057656250000004 0.4829328125 0.348446875 0.4790671875 0.34736875 0.4728671875 0.3603046875 0.46485468750000003 0.4627140625 0.4622078125 0.51395 0.463671875 0.5338625 0.4660390625 0.5435640625 0.47136875 0.548446875 0.47206562500000004 0.5488265625000001 0.4824453125 0.5506656249999999 0.49181406250000004 0.5506656249999999
2 0.45569531249999995 0.541978125 0.46011875 0.5333546874999999 0.4622078125 0.5069125 0.4610234375 0.4627140625 0.457471875 0.4357640625 0.447996875 0.39321562499999996 0.4397078125 0.3759671875 0.43497031249999996 0.368928125 0.4302328125 0.368928125 0.4275515625 0.3748890625 0.4361546875 0.4336078125 0.4361546875 0.4643625 0.4314171875 0.51395 0.431696875 0.5284718749999999 0.4337859375 0.5392515625 0.434378125 0.539821875 0.450365625 0.5435640625 0.45569531249999995 0.541978125
1 0.41306093749999995 0.5435640625 0.4225359375 0.5403296875 0.42964062500000005 0.5333546874999999 0.43260156250000004 0.5112234375 0.43260156250000004 0.47349375 0.42964062500000005 0.43956875 0.420759375 0.387825 0.413340625 0.364615625 0.4053640625 0.348446875 0.3991296875 0.34521250000000003 0.3955765625 0.34521250000000003 0.39470625 0.35383593750000003 0.3982578125 0.3807859375 0.4003140625 0.4422328125 0.4003140625 0.47869375 0.39958125 0.5015859375 0.39982656250000004 0.5276468750000001 0.39860625 0.5312625 0.3982578125 0.5327843750000001 0.4035875 0.5403296875 0.41306093749999995 0.5435640625
3 0.3795890625 0.5447046875 0.389725 0.5411546875 0.39540156249999997 0.5348124999999999 0.39909374999999997 0.5276468750000001 0.3993375 0.50830625 0.3943921875 0.46030468750000003 0.389725 0.4274578125 0.38230624999999996 0.3668359375 0.3795890625 0.3650609375 0.37492187499999996 0.3659484375 0.369975 0.377171875 0.36701562499999996 0.403234375 0.367503125 0.45263125000000004 0.36405468750000003 0.5231453125 0.36405468750000003 0.53348125 0.3635671875 0.533925 0.3726921875 0.5438171875 0.3795890625 0.5447046875
3 0.3492515625 0.5429296875 0.35667031250000003 0.5370953125 0.36109375 0.5303734375 0.36332343749999996 0.5060875 0.36011875 0.47419218750000003 0.35245625 0.432403125 0.3482765625 0.399175 0.344828125 0.3875078125 0.34036875 0.3875078125 0.3359453125 0.3942296875 0.330025 0.46702656249999996 0.3282828125 0.5105890625 0.3285265625 0.5357640625 0.32925781249999997 0.5370953125 0.3371640625 0.5429296875 0.3492515625 0.5429296875
4 0.29693437500000003 0.530628125 0.2998953125 0.533290625 0.3082890625 0.5382374999999999 0.31546562499999997 0.53690625 0.32358125000000004 0.533290625 0.326784375 0.5279015625000001 0.3275515625 0.5041218749999999 0.3221171875 0.46727968750000004 0.3208640625 0.44977812500000003 0.3206203125 0.427775 0.3211421875 0.40437500000000004 0.3201328125 0.39587812499999997 0.3129921875 0.3940390625 0.3063390625 0.39499062500000004 0.303865625 0.39854218750000003 0.30115 0.4416609375 0.29867656249999996 0.4452765625 0.28683437500000003 0.44977812500000003 0.28115625 0.45871874999999995 0.27697656249999997 0.476284375 0.2772203125 0.5252375 0.28018125 0.531515625 0.27969374999999996 0.531515625 0.2900390625 0.5346859375 0.29693437500000003 0.530628125
4 0.24242499999999997 0.5293593750000001 0.24775312500000002 0.5252375 0.25228125 0.529740625 0.2605015625 0.5315796875000001 0.26997499999999997 0.529740625 0.273459375 0.5244765625000001 0.274921875 0.5069125 0.26875625 0.47805937500000006 0.2605015625 0.4664546875 0.25538125 0.4556125 0.2483796875 0.4451484375 0.249425 0.4357640625 0.23709531250000002 0.3923265625 0.23131249999999998 0.381484375 0.227203125 0.378503125 0.218565625 0.387825 0.21877343749999997 0.40431249999999996 0.22330156250000002 0.4286625 0.2294671875 0.45263125000000004 0.2327765625 0.4556125 0.23173125 0.46531406249999996 0.227203125 0.47545937499999996 0.2247296875 0.48402031250000005 0.22535625 0.4979078125 0.22845624999999997 0.5192140625 0.23152187500000002 0.526315625 0.23214843749999997 0.5259984375 0.23667656250000002 0.531959375 0.24242499999999997 0.5293593750000001
4 0.7257046875000001 0.51915 0.7375125 0.5091953124999999 0.7392203125 0.49537031249999997 0.7392203125 0.464615625 0.738384375 0.46385468750000003 0.7320453125 0.44083750000000005 0.721909375 0.43772968749999996 0.709265625 0.4507921875 0.7025078125 0.46848437499999995 0.7020906250000001 0.49537031249999997 0.7058859375 0.5237796875 0.706721875 0.5260625 0.7189828125 0.5230187500000001 0.7257046875000001 0.51915
1 0.5881578125 0.54476875 0.5970046875 0.5462906249999999 0.6037625 0.5286625 0.605434375 0.5278375 0.6063046875 0.48947343749999994 0.6045984375 0.4625875 0.6012187499999999 0.451046875 0.5919546875 0.4518703125 0.5805640624999999 0.481040625 0.57708125 0.5031078124999999 0.57513125 0.5268234374999999 0.5750609375 0.5278375 0.5788578125 0.53785625 0.5881578125 0.54476875
