3 0.6159875 0.5839562500000001 0.6241375 0.64216875 0.6291187500000001 0.7216875 0.6294671875 0.76569375 0.6337515625 0.7592265625 0.635528125 0.744959375 0.6351796875 0.72041875 0.6358765625 0.6757765625000001 0.6390796875 0.6343687499999999 0.6444093750000001 0.5781234375000001 0.6397765625 0.5729234375 0.6205859375 0.5651875000000001 0.6202375 0.5651875000000001 0.6167890625 0.569753125 0.6159875 0.5839562500000001
1 0.587809375 0.5665828125 0.5886796875 0.5881421875 0.5987453125 0.6716546875 0.610309375 0.7390609375 0.6141421874999999 0.7492703125 0.618878125 0.7498421875 0.621246875 0.7460375 0.6165093749999999 0.6883953125 0.612678125 0.623715625 0.6138625 0.5676593750000001 0.6117734375 0.5665828125 0.59209375 0.5632843750000001 0.590178125 0.562778125 0.5880875 0.562778125 0.587809375 0.5665828125
2 0.5609203125 0.5633484375 0.57659375 0.7126187500000001 0.5798671875 0.7228921875000001 0.5836984375000001 0.7239703125 0.5848828125 0.7207359375 0.58784375 0.693215625 0.5840124999999999 0.558465625 0.575409375 0.55954375 0.5662140625000001 0.55611875 0.5633234375 0.5556125 0.560571875 0.555865625 0.5609203125 0.5633484375
2 0.551028125 0.6889031250000001 0.550609375 0.718453125 0.5520375 0.7229546874999999 0.554928125 0.722575 0.556565625 0.7117312499999999 0.5621390625 0.687 0.563984375 0.6450859375 0.559875 0.5777421875 0.5578203125 0.5563734375 0.543015625 0.5551046875 0.540753125 0.5549140625 0.5382796875 0.5549140625 0.551028125 0.6889031250000001
2 0.5136890625 0.564553125 0.5147328124999999 0.5750796874999999 0.5200625 0.6050093750000001 0.5198890625 0.6162328125000001 0.522953125 0.6278374999999999 0.5303734375 0.6876984375 0.533228125 0.6933421875 0.5359109375 0.6933421875 0.5373390625 0.6918203125 0.5383843749999999 0.6783765625 0.5381750000000001 0.6095125 0.535075 0.5563734375 0.5291187500000001 0.5585921875000001 0.5192265625 0.5594796875 0.516996875 0.559734375 0.5151515625 0.5608109375 0.5136890625 0.564553125
2 0.4855796875 0.564553125 0.4855796875 0.5731765625 0.4913265625 0.6057078125 0.48948125 0.6120484375 0.49254687500000005 0.6180718749999999 0.4987109375 0.70304375 0.5020203125 0.715409375 0.50529375 0.71953125 0.5075578125 0.71915 0.5086031249999999 0.7164875 0.5106578125000001 0.7022828125 0.5137234375 0.6218140625 0.5166140625 0.61395 0.5151859375 0.5925812500000001 0.517625 0.5596703125 0.5079765625 0.5608109375 0.49212812499999997 0.5608109375 0.48822656249999996 0.5604312499999999 0.486590625 0.5618890624999999 0.4855796875 0.564553125
1 0.4531875 0.60824375 0.45712343750000006 0.6643625 0.4512015625 0.739378125 0.4628 0.736715625 0.46823437500000004 0.7285984375 0.477846875 0.68998125 0.48575468749999995 0.5983515625 0.48279375 0.5629046875 0.46304375000000003 0.5637921875 0.45346562500000004 0.5701968749999999 0.4512015625 0.574128125 0.45047031249999997 0.58040625 0.4531875 0.60824375
3 0.41232968750000004 0.575459375 0.41114531249999997 0.5835765625 0.4135140625 0.6310078125 0.43127812499999996 0.72479375 0.436015625 0.7388078124999999 0.44134375 0.7398859375 0.44489687499999997 0.735003125 0.44695156249999995 0.72479375 0.4502265625 0.604565625 0.45200312499999995 0.5771078125 0.43688593750000004 0.5781859375 0.42173437500000005 0.57260625 0.4179375 0.5711484375 0.41438593749999997 0.5711484375 0.41232968750000004 0.575459375
3 0.3942875 0.7018390625 0.40170625 0.73956875 0.408359375 0.733290625 0.4113203125 0.7229546874999999 0.41476875 0.6726703125 0.41650937499999996 0.60304375 0.41623124999999994 0.5724796875 0.41403749999999995 0.570259375 0.4056421875 0.5662015625000001 0.3920578125 0.5653140624999999 0.3809828125 0.5742546875000001 0.3777421875 0.5864296875 0.3809125 0.596703125 0.3817140625 0.6012046875 0.38516249999999996 0.6192140625 0.3942875 0.7018390625
4 0.3590734375 0.7290421874999999 0.362034375 0.7365890625 0.3659 0.74039375 0.366771875 0.7242234375 0.37565312500000003 0.6309453125 0.3821671875 0.584084375 0.3851265625 0.5668359374999999 0.3735984375 0.5700703125000001 0.35729687499999996 0.572225 0.348415625 0.5705765625 0.3330203125 0.5700703125000001 0.319121875 0.575459375 0.3143859375 0.5808500000000001 0.3128875 0.5851609375 0.31260937499999997 0.5894734374999999 0.3194015625 0.6190875 0.3194015625 0.6277109375000001 0.31616093749999996 0.681103125 0.31111093749999996 0.7447046875 0.319121875 0.7290421874999999 0.3428078125 0.651996875 0.34576875 0.6487640625 0.348728125 0.6476859375 0.34991249999999996 0.6492703125 0.35701875 0.705896875 0.3590734375 0.7290421874999999
4 0.273528125 0.7074828125 0.27380781249999997 0.7199109375 0.27885781249999997 0.7242234375 0.2824109375 0.7214968749999999 0.28801875 0.7074828125 0.298990625 0.6578953125 0.311703125 0.615853125 0.3185296875 0.5862390625 0.3185296875 0.5716546874999999 0.314071875 0.5689921874999999 0.2903859375 0.5641093749999999 0.2809125 0.5636015624999999 0.26642343749999997 0.559796875 0.25722812500000003 0.5646796875 0.25457968750000004 0.5792015625 0.25635625 0.6034875000000001 0.2569484375 0.6255546875 0.255171875 0.6487640625 0.252803125 0.705896875 0.25457968750000004 0.7156 0.2584109375 0.7177546875 0.26196406250000004 0.7177546875 0.263740625 0.71395 0.27234375 0.6611281250000001 0.2747125 0.6503484375 0.27735937499999996 0.6466078125 0.2812265625 0.6471140625 0.282096875 0.6487640625 0.2764890625 0.6826890624999999 0.273528125 0.7074828125
1 0.41379374999999996 0.384146875 0.41024062499999997 0.386303125 0.4066875 0.3922640625 0.4034140625 0.40627812499999993 0.39958125 0.4833234375 0.40400625 0.528090625 0.40696562500000005 0.5356375 0.41497812500000003 0.54045625 0.4318359375 0.538871875 0.44071718750000005 0.53348125 0.441309375 0.5275203125 0.43716406250000006 0.51350625 0.4280046875 0.47742500000000004 0.4247296875 0.45155312500000006 0.42159531250000004 0.3979703125 0.4208984375 0.3927703125 0.41762499999999997 0.384146875 0.41379374999999996 0.384146875
2 0.44886875000000004 0.378946875 0.445315625 0.38218125000000003 0.4435390625 0.3902984375 0.4447234375 0.50830625 0.445315625 0.527203125 0.4474046875 0.5304375 0.4695921875 0.5266328125 0.4758265625 0.5207359375 0.473459375 0.46195312499999996 0.46694531250000004 0.3972734375 0.459246875 0.3824984375 0.45715781250000004 0.380025 0.4545109375 0.37786875000000003 0.44886875000000004 0.378946875
2 0.5050859375 0.371528125 0.501184375 0.37083125 0.49763124999999997 0.371528125 0.49230156249999996 0.3740640625 0.4876703125 0.3805328125 0.4830375 0.39416562499999996 0.4787875 0.44717812500000004 0.477359375 0.521559375 0.48199218750000006 0.525428125 0.50790625 0.523525 0.5128874999999999 0.5131265625 0.5160921875 0.44134375 0.5132359375 0.3857328125 0.5125390624999999 0.38313281250000003 0.5089859375 0.3747625 0.5050859375 0.371528125
2 0.5517593749999999 0.3686109375 0.5467078125 0.3696890625 0.541971875 0.3713375 0.535771875 0.3831953125 0.525984375 0.43652499999999994 0.5171015625 0.5147109375000001 0.5182859375 0.5216875 0.5227453125 0.5244140625 0.54820625 0.5233359375 0.5502609374999999 0.517375 0.5573671874999999 0.378884375 0.5573671874999999 0.3761578125 0.554128125 0.3696890625 0.5517593749999999 0.3686109375
2 0.5881578125 0.38801562500000003 0.582828125 0.3987953125 0.5576796875000001 0.5017750000000001 0.5549984375 0.5201015625000001 0.557959375 0.5259984375 0.5638796875 0.5292328125 0.576315625 0.5324671875 0.5822359374999999 0.528725 0.5837343749999999 0.5179453125 0.5857890625 0.4764109375 0.5958546874999999 0.38801562500000003 0.5952625 0.3853515625 0.5917109375 0.38478124999999996 0.5881578125 0.38801562500000003
1 0.6322890625 0.36214375 0.62814375 0.3713375 0.61215625 0.4192765625 0.5881578125 0.502853125 0.586103125 0.5179453125 0.5872859375 0.5276468750000001 0.590246875 0.531959375 0.5994078125 0.536271875 0.6100656250000001 0.5357000000000001 0.61215625 0.5303109375 0.621909375 0.475903125 0.6266453125 0.43544687499999996 0.6390453125 0.361571875 0.639671875 0.358909375 0.6370250000000001 0.35783125 0.6322890625 0.36214375
3 0.6554156250000001 0.39644843750000003 0.6533265625 0.39587812499999997 0.6509578125 0.3975265625 0.6432609375 0.41693125000000003 0.6225359375 0.5020921875 0.619575 0.524159375 0.6201671875 0.5376671875000001 0.6252171875 0.541978125 0.6311390625 0.5414078124999999 0.6349703124999999 0.5381734375 0.641484375 0.5182625 0.65733125 0.41553593749999995 0.6577843750000001 0.40938437499999997 0.6577843750000001 0.402346875 0.6554156250000001 0.39644843750000003
3 0.673528125 0.4148390625 0.6692437499999999 0.4174375 0.6607109375 0.43944218749999997 0.6369203125 0.528725 0.6372687499999999 0.5441984375 0.6482765625 0.555865625 0.6603625 0.5623328125 0.6649953125 0.5552312500000001 0.6695921874999999 0.530628125 0.683978125 0.4329734375 0.6841859375 0.427140625 0.680634375 0.41553593749999995 0.673528125 0.4148390625
4 0.6951937499999999 0.42701406249999996 0.690978125 0.43823749999999995 0.6801109375000001 0.4921375 0.6756875 0.528090625 0.668546875 0.5644890625000001 0.6704984375 0.5725421875000001 0.67593125 0.5792640625 0.6820968749999999 0.5837671875 0.6863109374999999 0.582434375 0.6900031249999999 0.58649375 0.6969000000000001 0.5904874999999999 0.7045625 0.5887125 0.7077671875 0.5846546874999999 0.7097171875 0.5190875 0.7173812500000001 0.4674703125 0.719853125 0.4355734375 0.717625 0.43284687499999996 0.7149078125 0.43195937500000003 0.7124343750000001 0.43373437499999995 0.6998609375 0.5011421875 0.6964125 0.50830625 0.6934515625000001 0.5078625 0.6922328125 0.5024734375000001 0.6922328125 0.4908046875 0.6954374999999999 0.46068437500000003 0.7050500000000001 0.4211796875 0.703553125 0.4202921875 0.7008359375000001 0.42073593750000005 0.6951937499999999 0.42701406249999996
4 0.7435390625 0.4318328125 0.741484375 0.43348125 0.7391156249999999 0.43779375 0.730025 0.4677875 0.7154296875 0.569309375 0.7166140624999999 0.5854781250000001 0.7189828125 0.5887125 0.7249046875 0.591946875 0.7308250000000001 0.593025 0.7397078125000001 0.59086875 0.7432609375 0.58655625 0.7474046875 0.578440625 0.75391875 0.542359375 0.7580640625 0.5132531250000001 0.7672234375 0.49708281249999997 0.761615625 0.48953749999999996 0.759246875 0.4744453125 0.76043125 0.43348125 0.7580640625 0.43398906249999997 0.7556953125 0.4356375 0.7536046875 0.445846875 0.7450359375 0.49974687500000003 0.7408921875 0.5154093750000001 0.737025 0.5186437500000001 0.7355625 0.5132531250000001 0.735840625 0.5035515625 0.747996875 0.439378125 0.7485890625 0.4361453125 0.7474046875 0.4329109375 0.7435390625 0.4318328125
