3 0.7270546875 0.3928921875 0.740328125 0.38606250000000003 0.745765625 0.37749062499999997 0.730215625 0.371915625 0.5950703125000001 0.3740765625 0.5796453125000001 0.3761671875 0.5764859375 0.3791640625 0.5757265625 0.383065625 0.5780031250000001 0.3928921875 0.574209375 0.40355468749999995 0.57496875 0.40787500000000004 0.5804046875 0.40954687500000003 0.603665625 0.409965625 0.6618203125 0.40487812500000003 0.7084703125 0.39714218749999997 0.7270546875 0.3928921875
3 0.7126421875 0.4114984375 0.7126421875 0.408571875 0.70948125 0.40724687499999995 0.6893812500000001 0.40724687499999995 0.5823015625 0.4098265625 0.5744625 0.41581875 0.5744625 0.43289218749999997 0.5768640625 0.4350515625 0.5882421875 0.43554062499999996 0.6987359375 0.4196515625 0.7087234375 0.41581875 0.7126421875 0.4114984375
1 0.7048046875 0.4478046875 0.7222500000000001 0.4421609375 0.72616875 0.437490625 0.7222500000000001 0.432125 0.712515625 0.43177656249999996 0.6498109375000001 0.434634375 0.5812890625 0.439303125 0.5773703125 0.44250937500000004 0.57610625 0.45066249999999997 0.5806578124999999 0.46139374999999994 0.5838171875 0.4627875 0.5931734375 0.4631359375 0.621996875 0.460696875 0.6815421875000001 0.45066249999999997 0.7048046875 0.4478046875
2 0.7064468749999999 0.476096875 0.7109984375 0.4708015625 0.709734375 0.4682921875 0.6877375 0.4661328125 0.5920359375 0.4661328125 0.5848296875 0.4675953125 0.58166875 0.4696859375 0.5835656250000001 0.48236875 0.5854609375 0.485784375 0.5932999999999999 0.4875265625 0.6850828124999999 0.48041875 0.6967125000000001 0.47895468750000003 0.7064468749999999 0.476096875
2 0.7001265625 0.503275 0.7026546875 0.4972125 0.7001265625 0.49365781249999996 0.6781296875 0.49010468749999997 0.591403125 0.4875953125 0.5843234374999999 0.48975625 0.5824265625 0.5003484375 0.5843234374999999 0.5050874999999999 0.5862203125 0.507178125 0.5932999999999999 0.5075265625000001 0.6943109375 0.5068296875 0.7001265625 0.503275
2 0.6998734375 0.5231359375 0.6977249999999999 0.520696875 0.6632109374999999 0.5150515625 0.58723125 0.508571875 0.5850828124999999 0.50885 0.5823015625 0.5121249999999999 0.58445 0.522509375 0.5882421875 0.523971875 0.604425 0.52696875 0.6922875000000001 0.5284328125 0.6977249999999999 0.52696875 0.6998734375 0.5231359375
2 0.6912765624999999 0.5485015625 0.69393125 0.5433453125 0.6921625 0.5413234375 0.6796453125 0.5366546875 0.5906453125 0.529478125 0.5857140625 0.53073125 0.5834390625 0.5351921875000001 0.5836921875 0.5440421875 0.5848296875 0.5473171875 0.6024015625 0.55073125 0.66169375 0.5522640625 0.68495625 0.550521875 0.6912765624999999 0.5485015625
1 0.7356515625 0.5893375 0.7372953125 0.587875 0.7356515625 0.58369375 0.72604375 0.5789546875 0.586978125 0.5512890625 0.5826796875 0.559025 0.585840625 0.5717765625 0.5896328125 0.5750515625 0.6134000000000001 0.5792328125 0.7120093749999999 0.5917078124999999 0.7254109375 0.5917078124999999 0.7356515625 0.5893375
3 0.695828125 0.6110109375 0.6979765625 0.6068984375 0.696334375 0.6027171874999999 0.6882421875 0.5985359375 0.6570171874999999 0.5899656249999999 0.57775 0.57860625 0.5750953125 0.581603125 0.5745890625000001 0.5943546875 0.57939375 0.6001390625 0.5929203125 0.6050875 0.620859375 0.6098265625 0.67054375 0.6151921875 0.6910234375 0.613728125 0.695828125 0.6110109375
3 0.7083437499999999 0.636515625 0.7103671874999999 0.633309375 0.709734375 0.62794375 0.7039187499999999 0.6247390625 0.5835656250000001 0.60090625 0.5744625 0.6023 0.5667515625 0.609059375 0.5667515625 0.62188125 0.56839375 0.6251562500000001 0.572565625 0.627246875 0.6211125 0.6347734375 0.6812890625 0.6400703125 0.69608125 0.639721875 0.7083437499999999 0.636515625
4 0.6715546875 0.67958125 0.6748421875 0.6738671875 0.6721874999999999 0.6717078125 0.6404546875 0.6624390625000001 0.635271875 0.6599999999999999 0.6360296875 0.6549828125 0.6437421875 0.652821875 0.648925 0.6531703125 0.6792671875 0.65958125 0.690265625 0.6585359375000001 0.6916562500000001 0.6553312499999999 0.6896328125 0.6521250000000001 0.6211125 0.6335890625 0.5700375 0.6260625 0.5615671875 0.634634375 0.560303125 0.64320625 0.5551203124999999 0.649965625 0.553096875 0.6587453125 0.5551203124999999 0.662090625 0.5906453125 0.6703140624999999 0.6404546875 0.6774218750000001 0.6611890625 0.67958125 0.6715546875 0.67958125
4 0.6840703125 0.73958125 0.6879906250000001 0.7352609375 0.6743359375 0.7156796875 0.648546875 0.6964453125000001 0.5618203125 0.661115625 0.5501890625 0.6614640625 0.539190625 0.667875 0.5204796875000001 0.697490625 0.5275593749999999 0.7035546874999999 0.5896328125 0.717421875 0.63615625 0.7409749999999999 0.6595453124999999 0.7491984375 0.6639703124999999 0.748084375 0.66725625 0.7399296875 0.6581546875 0.7324046875 0.6161828125000001 0.7099656249999999 0.6103671875 0.7052968749999999 0.6087234375 0.7010453125 0.6116312500000001 0.6978390625 0.6381796875 0.7067593750000001 0.664728125 0.725296875 0.6795203125 0.7391640625 0.6840703125 0.73958125
4 0.5096078125 0.67484375 0.51504375 0.6723343749999999 0.5228828125 0.6641812500000001 0.53059375 0.6427875000000001 0.53059375 0.6351218750000001 0.5103671875 0.6342156250000001 0.42199687499999994 0.6359578124999999 0.37383125 0.6381187500000001 0.365234375 0.640209375 0.36295781250000003 0.6436234375 0.3637171875 0.6483625 0.3699109375 0.6526125 0.3753484375 0.65351875 0.42351406249999995 0.6599296875 0.47168124999999994 0.671915625 0.5026546875 0.6757484375 0.5096078125 0.67484375
4 0.3876109375 0.639303125 0.4862203125 0.640209375 0.5212390625000001 0.6389546875 0.5298359375 0.6377703125 0.5360296875 0.6295468750000001 0.5367890625 0.6192328125000001 0.5298359375 0.6115671875 0.512009375 0.6098265625 0.44058125 0.6179796875 0.369153125 0.624390625 0.365234375 0.6256453125 0.35600468749999997 0.6308015625000001 0.357521875 0.634634375 0.364475 0.6372125 0.3876109375 0.639303125
3 0.38166875 0.61345 0.3950703125 0.6149125 0.47168124999999994 0.617003125 0.5293296875 0.6149125 0.5390640624999999 0.6116375 0.5443734375 0.6036234375 0.5428578125 0.5962375 0.534134375 0.5875953125 0.5233875 0.5843203124999999 0.471175 0.58696875 0.3826796875 0.5962375 0.3795203125 0.5970734375 0.373071875 0.6003484375 0.37244062499999997 0.6068984375 0.3745890625 0.6101734375000001 0.38166875 0.61345
1 0.44247812499999994 0.582996875 0.524778125 0.588571875 0.5433625 0.58599375 0.5472812499999999 0.5787453124999999 0.5456390625 0.5633453125 0.5409609375 0.5611843750000001 0.5184578125 0.5595125000000001 0.4788875 0.5599296875 0.41605625 0.5655046875 0.370796875 0.572753125 0.3640953125 0.5740062499999999 0.36169375000000004 0.5825781250000001 0.3656125 0.585575 0.370290625 0.5868296875000001 0.44247812499999994 0.582996875
2 0.51833125 0.5587453124999999 0.5428578125 0.5577 0.5467765625000001 0.555540625 0.54943125 0.550940625 0.5474078125 0.5377703125 0.5415921875 0.5366546875 0.49241406249999997 0.53811875 0.38773749999999996 0.5438328125 0.3838171875 0.546271875 0.3850828125 0.550940625 0.3890015625 0.5537984375 0.4045515625 0.5566546875 0.51833125 0.5587453124999999
2 0.39115 0.5295468750000001 0.4067 0.5331015625 0.52895 0.53811875 0.5522125 0.530940625 0.558028125 0.5227875 0.55613125 0.5078046875 0.5509484375 0.5063421875 0.4128953125 0.5115671875000001 0.39860937500000004 0.512821875 0.388621875 0.516028125 0.38596718750000003 0.51958125 0.3866 0.525296875 0.39115 0.5295468750000001
2 0.545765625 0.505853125 0.5534765625 0.5033453125 0.558659375 0.4965859375 0.558028125 0.4812546875 0.5534765625 0.4758890625 0.534765625 0.47407656249999997 0.48685156249999995 0.47484374999999995 0.369784375 0.4837625 0.3646015625 0.4848078125 0.3498109375 0.48696875000000006 0.3938046875 0.49477343749999997 0.518584375 0.5068984375000001 0.545765625 0.505853125
2 0.5293296875 0.475609375 0.5429828125 0.475609375 0.5500625 0.471359375 0.55335 0.466690625 0.551959375 0.4592328125 0.5390640624999999 0.44996562500000004 0.47635937500000003 0.45421562499999996 0.3978515625 0.45365781250000003 0.38394375 0.4549125 0.364475 0.4577703125 0.390265625 0.462090625 0.47307187500000003 0.471359375 0.5293296875 0.475609375
1 0.3903921875 0.4331703125 0.46485468750000003 0.44564531250000006 0.519215625 0.45345 0.5340078125 0.452753125 0.5398234375000001 0.4498953125 0.5476609375 0.440278125 0.5495578125 0.43282187499999997 0.5470296875 0.42599375000000006 0.5379265625 0.4242515625 0.50948125 0.4242515625 0.46156718750000003 0.42641093750000003 0.361946875 0.41351875 0.3587859375 0.4142859375 0.3548671875 0.4163765625 0.3548671875 0.4185359375 0.35941875 0.4231359375 0.3903921875 0.4331703125
3 0.47168124999999994 0.388084375 0.5182046875 0.403484375 0.5352718750000001 0.40557499999999996 0.5407078125 0.40257812499999995 0.5500625 0.3773515625 0.5469031249999999 0.371359375 0.539190625 0.3662015625 0.51504375 0.3649484375 0.47939375 0.366690625 0.44134062500000004 0.3649484375 0.40720625000000005 0.360209375 0.402528125 0.361115625 0.400253125 0.3627875 0.4010109375 0.36452968750000003 0.425790625 0.3747734375 0.47168124999999994 0.388084375
3 0.503665625 0.43303125 0.5293296875 0.43303125 0.535525 0.42794375 0.53944375 0.4193734375 0.54715625 0.41205625 0.5486718749999999 0.403971875 0.546396875 0.400975 0.5300890625 0.39714218749999997 0.36611875 0.39540000000000003 0.3585328125 0.39714218749999997 0.3562578125 0.398815625 0.3562578125 0.403065625 0.36788906250000003 0.40954687500000003 0.503665625 0.43303125
4 0.6504421875 0.342090625 0.699115625 0.3255046875 0.7189640625 0.32055781250000004 0.720228125 0.3131703125 0.7144125 0.31282187499999997 0.6951953125 0.3156796875 0.6568906250000001 0.323065625 0.6203546875 0.32515625 0.619721875 0.3237625 0.5954484375 0.32515625 0.5737046875 0.3268984375 0.5595453125 0.330453125 0.55385625 0.3364453125 0.55385625 0.3431359375 0.5576484374999999 0.35128906249999997 0.5570171875 0.3615328125 0.5659921875 0.36996562499999996 0.5864734375 0.3731703125 0.5890015625 0.37282187499999997 0.594184375 0.37282187499999997 0.619721875 0.3657140625 0.628065625 0.3484328125 0.6504421875 0.342090625
