4 0.38795156249999996 0.776140625 0.3939125 0.777325 0.41382343749999995 0.7719953125 0.4461640625 0.7530484375000001 0.4731140625 0.7397421875 0.5216234375 0.7287703125 0.5183890625 0.71574375 0.5205453125 0.7092296874999999 0.5135703125 0.6985718750000001 0.511921875 0.6917796875 0.502790625 0.6819921875 0.4925171875 0.6793453125 0.4661375 0.6831765625 0.44242187499999996 0.6973874999999999 0.43056406249999996 0.7065828125 0.37343125 0.73026875 0.35776718750000003 0.7397421875 0.3486359375 0.7471265625 0.3394421875 0.7521765625 0.34648124999999996 0.75423125 0.36962656250000003 0.7506796875 0.3836390625 0.74151875 0.40951250000000006 0.731453125 0.43538437500000005 0.7264015625 0.43753906249999996 0.726715625 0.43975937500000006 0.7283875 0.43861718749999995 0.7299546875 0.42568124999999996 0.7444796874999999 0.3868734375 0.767259375 0.3857953125 0.7731796875 0.38795156249999996 0.776140625
4 0.3629046875 0.6594218749999999 0.351046875 0.6623828125 0.3451484375 0.668303125 0.3462265625 0.673040625 0.3516171875 0.674503125 0.3947375 0.6662140625 0.404946875 0.6650296875 0.40982812500000004 0.6668062499999999 0.411984375 0.670359375 0.411984375 0.6736328125 0.40659531250000003 0.67805625 0.36829375 0.6875312499999999 0.3553578125 0.6902125 0.352125 0.691396875 0.351046875 0.6967265625 0.3553578125 0.6990937500000001 0.367215625 0.6981890625 0.49549843750000006 0.6798328125 0.49873124999999996 0.66534375 0.49549843750000006 0.6582375 0.49873124999999996 0.6499484375 0.49175625 0.642528125 0.49010781249999996 0.64134375 0.484971875 0.6395328124999999 0.47717187499999997 0.6392890625 0.418453125 0.64845 0.3629046875 0.6594218749999999
3 0.3814203125 0.629153125 0.3512359375 0.6347609375000001 0.345846875 0.63890625 0.3474953125 0.6460125 0.35719687499999997 0.6483796875000001 0.4870640625 0.6418671875 0.4892203125 0.6404046875 0.49086875 0.6359453125 0.4913765625 0.62765625 0.48979062500000003 0.6235109375000001 0.4892203125 0.6158140624999999 0.4881421875 0.6143500000000001 0.4859859375 0.6131656249999999 0.48059531250000004 0.6131656249999999 0.4568796875 0.6175890625 0.3814203125 0.629153125
3 0.3505390625 0.6109015624999999 0.347875 0.6168234375 0.359734375 0.62128125 0.483703125 0.6138625 0.48744375 0.61003125 0.48909375 0.5996515625 0.48649375 0.5919546875 0.4852890625 0.5898984375 0.481546875 0.588121875 0.38611249999999997 0.6023343750000001 0.360240625 0.6076625 0.3505390625 0.6109015624999999
1 0.28560625 0.575409375 0.299809375 0.5817828125 0.3438171875 0.5874609375000001 0.4485734375 0.588540625 0.48287812499999994 0.5828625 0.48738125 0.5778828125000001 0.49061562500000006 0.564403125 0.48998125000000003 0.561546875 0.484146875 0.559421875 0.42853593749999996 0.562975 0.33215 0.57185625 0.28560625 0.575409375
2 0.326253125 0.54346875 0.326253125 0.5456984375 0.32980312500000003 0.549878125 0.3459734375 0.5525953125 0.4263796875 0.5548234375 0.4663921875 0.5543359375 0.490171875 0.550121875 0.4892203125 0.5349359375 0.48750781249999997 0.5336125 0.48522499999999996 0.5328453125 0.44438750000000005 0.536571875 0.3320859375 0.540753125 0.326253125 0.54346875
2 0.3104625 0.5212125000000001 0.3072296875 0.5259484375000001 0.30989218749999997 0.5283171875 0.390234375 0.5280390625 0.4872546875 0.5315921875 0.48738125 0.5159875 0.4872546875 0.5123296875000001 0.48345000000000005 0.5093703125 0.43170624999999996 0.5135140625 0.3368421875 0.5167890625 0.3104625 0.5212125000000001
2 0.3311984375 0.49550625000000004 0.3298671875 0.499721875 0.3311984375 0.501184375 0.341090625 0.5024031250000001 0.382815625 0.502159375 0.44121718750000005 0.5036578125 0.48389375 0.5088468749999999 0.4842109375 0.489934375 0.48389375 0.48735625000000005 0.48122968750000006 0.48516250000000005 0.47495312500000003 0.48540625000000004 0.4461640625 0.4886109375 0.3311984375 0.49550625000000004
2 0.317375 0.47398125 0.31965781249999997 0.4791703125 0.3304375 0.48115625 0.4112875 0.4789265625 0.4485734375 0.48066875 0.48402031250000005 0.48335 0.48402031250000005 0.45771562499999996 0.4755234375 0.457959375 0.418009375 0.46339218750000005 0.3227640625 0.4710203125 0.317375 0.47398125
1 0.3205453125 0.4284921875 0.307609375 0.4320453125 0.305453125 0.4361890625 0.3060234375 0.43915 0.3135703125 0.44183281250000006 0.423525 0.4533609375 0.4800890625 0.45454531249999997 0.4811671875 0.45130625 0.48021562500000003 0.43939374999999997 0.4800890625 0.4347265625 0.4800890625 0.4308609375 0.46880156250000005 0.429396875 0.3970828125 0.42762031250000004 0.3205453125 0.4284921875
3 0.34407031250000003 0.397421875 0.3201015625 0.3934859375 0.30913124999999997 0.3938703125 0.305896875 0.3970390625 0.312365625 0.404528125 0.34407031250000003 0.4144546875 0.38801562500000003 0.41765937500000005 0.43525625 0.41835625 0.47209843749999997 0.41657968749999996 0.4740640625 0.41410625 0.4746984375 0.408778125 0.47178125 0.4000703125 0.46823125 0.397421875 0.46239687500000004 0.396690625 0.411984375 0.398815625 0.363475 0.399546875 0.34407031250000003 0.397421875
3 0.31401406249999997 0.364159375 0.30913124999999997 0.3677109375 0.3118578125 0.37185625 0.32048125 0.37481718750000004 0.3625234375 0.38220156250000004 0.462778125 0.39404374999999997 0.47083125 0.391675 0.4729859375 0.38871406249999996 0.47514218750000003 0.3798328125 0.4727328125 0.3721703125 0.4643625 0.3694875 0.45523125000000003 0.367990625 0.40830625 0.369175 0.32206718749999996 0.3635671875 0.31401406249999997 0.364159375
4 0.356753125 0.3196796875 0.3457203125 0.32145625 0.3418515625 0.32535625 0.3418515625 0.32960625 0.34965156249999996 0.331765625 0.377425 0.3328109375 0.3923265625 0.3345875 0.39492656249999997 0.338140625 0.3935953125 0.3431203125 0.3877609375 0.3442 0.3696890625 0.34169218749999997 0.358021875 0.338871875 0.3457203125 0.3384890625 0.3360171875 0.342771875 0.33671562499999996 0.344896875 0.3521875 0.3509234375 0.47507968749999996 0.3619640625 0.4712109375 0.34597656250000003 0.47317656250000006 0.332253125 0.47254218750000004 0.3282125 0.4718453125 0.32427656250000003 0.46994218749999994 0.3232328125 0.46474374999999996 0.322153125 0.356753125 0.3196796875
4 0.6149015624999999 0.21818125 0.5605578125 0.21003124999999997 0.546353125 0.21215625 0.5379203125 0.218565625 0.53081875 0.23026875000000002 0.5294859375 0.243434375 0.5379203125 0.252315625 0.579328125 0.258690625 0.6090671875 0.26011875 0.6466078125 0.2576453125 0.6692453125 0.25444062500000003 0.68218125 0.2491125 0.68345 0.2473359375 0.6808500000000001 0.24200624999999998 0.6666453125 0.240578125 0.6433734375 0.23702499999999999 0.6407734375 0.234553125 0.6407734375 0.23312499999999997 0.6843375 0.2285265625 0.6909953125 0.22675 0.697653125 0.2231625 0.6847171875 0.22173437499999998 0.64914375 0.2153609375 0.6149015624999999 0.21818125
4 0.6734312499999999 0.2540921875 0.6610015625 0.2567390625 0.614140625 0.2626609375 0.593659375 0.2626609375 0.5456562500000001 0.25468437499999996 0.5273296875 0.25468437499999996 0.517628125 0.2567390625 0.51173125 0.2662140625 0.5138874999999999 0.2750953125 0.50741875 0.2845703125 0.509575 0.29495 0.5181984374999999 0.30383125 0.5440703124999999 0.3029265625 0.5812296875 0.2981890625 0.59955625 0.2964125 0.643246875 0.2964125 0.6696265625 0.2931734375 0.6890296874999999 0.284290625 0.6939124999999999 0.277778125 0.6933421875 0.27185625 0.6901078125 0.2694875 0.6847171875 0.2694875 0.67825 0.27450312499999996 0.66265 0.280146875 0.64216875 0.2825140625 0.6200375 0.2836984375 0.6146484375 0.28310625 0.6114140625 0.2795546875 0.6130625000000001 0.27659375 0.6760937499999999 0.26356718749999997 0.6777421875 0.263253125 0.679328125 0.2626609375 0.6798984375 0.2576453125 0.6777421875 0.2552765625 0.6734312499999999 0.2540921875
4 0.671275 0.3241375 0.6653765625 0.322953125 0.6238421875 0.325321875 0.614140625 0.325321875 0.6087515625 0.3223609375 0.6087515625 0.3197140625 0.61090625 0.317625 0.65783125 0.314071875 0.6669625 0.311703125 0.6664546875 0.306965625 0.663221875 0.30431875 0.6561828125 0.3022296875 0.6001265625000001 0.30431875 0.5166140625 0.3060953125 0.5138874999999999 0.31260937499999997 0.5160437499999999 0.3247296875 0.5166140625 0.33747812499999996 0.5187703124999999 0.3430859375 0.5225109375 0.346046875 0.5554218750000001 0.34486249999999996 0.665821875 0.335040625 0.6718453125 0.33451718750000003 0.6745078125 0.3336125 0.6750796875 0.3306515625 0.6740015625 0.3270984375 0.671275 0.3241375
3 0.6792640624999999 0.34820625 0.6743187500000001 0.3457328125 0.642865625 0.34475781250000004 0.518896875 0.3457328125 0.519340625 0.36722343749999997 0.5238421875 0.37533906250000004 0.6643625 0.3662828125 0.6693718750000001 0.3657265625 0.6760937499999999 0.363496875 0.681990625 0.3583421875 0.681990625 0.3509234375 0.6792640624999999 0.34820625
3 0.6916296875 0.379275 0.6817375 0.37533906250000004 0.6687375 0.3733546875 0.538490625 0.3735984375 0.5200375 0.37481718750000004 0.5146484375 0.385928125 0.51781875 0.3955421875 0.524540625 0.40271718749999996 0.565884375 0.40121874999999996 0.6771078125 0.3908046875 0.68218125 0.3903859375 0.6853515625 0.3901421875 0.6920734375 0.38641562500000004 0.6934046875 0.3834546875 0.6916296875 0.379275
1 0.644325 0.39540156249999997 0.5868109375 0.4013234375 0.5216875 0.4022984375 0.514521875 0.405746875 0.514965625 0.43267187500000004 0.5230812499999999 0.434134375 0.57698125 0.43092968750000005 0.61870625 0.4235109375 0.6551046875 0.4153953125 0.7268859375 0.40309999999999996 0.7355734375 0.40121874999999996 0.74134375 0.39811874999999997 0.74134375 0.39442656249999997 0.7400125 0.3934171875 0.644325 0.39540156249999997
2 0.5710843750000001 0.4349359375 0.5166765625 0.4373046875 0.5123656249999999 0.45712343750000006 0.5166765625 0.46454218750000004 0.5829421875 0.4621734375 0.6643625 0.4527 0.709575 0.446359375 0.7144578125 0.44527968749999997 0.7161062499999999 0.44263281250000003 0.71395 0.437896875 0.707990625 0.43699062499999997 0.5710843750000001 0.4349359375
2 0.688078125 0.46360156249999995 0.5975265624999999 0.46509999999999996 0.515028125 0.4671546875 0.5117953125 0.46893124999999997 0.508053125 0.50090625 0.5527578125 0.5024031250000001 0.5889031250000001 0.49766562499999994 0.6460375 0.49143125000000004 0.672415625 0.48610312499999997 0.7340515625 0.4755140625 0.7403296874999999 0.4736671875 0.7409 0.471890625 0.739821875 0.4671546875 0.7370953124999999 0.4662828125 0.688078125 0.46360156249999995
2 0.7321500000000001 0.5210375 0.7179453125 0.5189125 0.6331640625 0.5089515625 0.51350625 0.5061296875 0.5109703125 0.5238937499999999 0.5148390625 0.5394984375 0.5213062500000001 0.5409265624999999 0.57045 0.5388015625 0.6662015625000001 0.5366765625000001 0.7301203125 0.5315218749999999 0.7360171875 0.5309999999999999 0.7386171874999999 0.5292234375 0.7379828125000001 0.5252875 0.7360171875 0.5228140625 0.7321500000000001 0.5210375
2 0.6954343749999999 0.5496000000000001 0.6333546875 0.5463953125 0.5440703124999999 0.5428421875 0.5220671875 0.545315625 0.5194671875 0.547440625 0.5188328125 0.56273125 0.5259359375 0.5719609375 0.538871875 0.5726921875000001 0.5938484374999999 0.5694874999999999 0.6546609375 0.5648546875 0.7071015625 0.562034375 0.7229546874999999 0.5638796875 0.729740625 0.5648546875 0.7348765625 0.56273125 0.7336078125000001 0.5567046875 0.727140625 0.5541968749999999 0.6954343749999999 0.5496000000000001
1 0.7218140625 0.5941828124999999 0.7199109375 0.5906296875 0.7153453125 0.5877749999999999 0.670703125 0.58279375 0.5400765625 0.577115625 0.527775 0.5788921874999999 0.52910625 0.5824453125 0.5303734375 0.5941828124999999 0.5303734375 0.6076625 0.7001265625 0.603796875 0.7082437500000001 0.6037625 0.7121109375 0.6030656249999999 0.7166765625 0.6012890625 0.7211796875 0.5970046875 0.7218140625 0.5941828124999999
3 0.711478125 0.6233375 0.6959421875 0.6182171875 0.5748890624999999 0.6066874999999999 0.53608125 0.6118078125 0.5283453125 0.6280046875 0.52910625 0.6357015625 0.537603125 0.6407875 0.6707671875 0.6375124999999999 0.6842109375 0.6375124999999999 0.7003796875 0.6365375 0.711478125 0.63483125 0.714584375 0.6297109375 0.711478125 0.6233375
3 0.707609375 0.659003125 0.7024734375 0.6532921875000001 0.68306875 0.6479625 0.5905515625 0.6401609374999999 0.5472421875 0.6398125 0.532340625 0.6476140625 0.52650625 0.6653781249999999 0.5362078125 0.6760359375 0.5446421875 0.6774640625 0.6818640625 0.679275 0.690171875 0.6795890625000001 0.6953703124999999 0.6781609375000001 0.704375 0.6717875 0.706975 0.6678859375 0.707609375 0.659003125
4 0.7175015625000001 0.70790625 0.6938484375 0.7005921875000001 0.594609375 0.68335 0.57520625 0.6818531250000001 0.5563734375 0.6783 0.5417875000000001 0.6783 0.5348124999999999 0.6824453125 0.5310078125000001 0.6919187499999999 0.5348124999999999 0.7055374999999999 0.5499046875 0.7286312500000001 0.5574515625 0.730128125 0.6097015625 0.7248 0.62695 0.7271687499999999 0.6921999999999999 0.7390109375 0.6959421875 0.738696875 0.6986687500000001 0.7375125 0.6986687500000001 0.731 0.6959421875 0.7277609375 0.6851609375 0.725078125 0.6625234375 0.7212468750000001 0.6533921874999999 0.7182859374999999 0.646353125 0.7117734375 0.6490812499999999 0.7082203125000001 0.654978125 0.706721875 0.6609390625 0.70644375 0.66740625 0.70790625 0.688965625 0.7173812500000001 0.7180718749999999 0.7206546875 0.720228125 0.7197484375000001 0.7234625 0.716509375 0.7239703125 0.713828125 0.7223843750000001 0.7108671875 0.7175015625000001 0.70790625
4 0.711921875 0.7511671875 0.705453125 0.750575 0.6391890625000001 0.753221875 0.6364609375 0.751759375 0.6359546875000001 0.7473 0.6407734375 0.7452453125 0.653709375 0.744340625 0.6892828125 0.7452453125 0.6930875000000001 0.7449328125 0.6946734375 0.742284375 0.6935953125000001 0.7401953125 0.6909328125 0.737234375 0.6855421875000001 0.73368125 0.6623328125 0.7304421875 0.6213703125000001 0.7307203125 0.5825625 0.730128125 0.570703125 0.7307203125 0.5604953125 0.7354578125 0.5583390625 0.7437484375000001 0.5599234375 0.757959375 0.5669625 0.7665625 0.571275 0.77039375 0.5831328124999999 0.7724828125000001 0.621559375 0.7696265624999999 0.6343687499999999 0.7685828124999999 0.71084375 0.760328125 0.7157265625 0.756775 0.7151546875 0.754128125 0.711921875 0.7511671875
