4 0.46987968750000003 0.8093 0.4908046875 0.80121875 0.54128125 0.791396875 0.5707671875 0.7841515625000001 0.575396875 0.7807390625 0.5777421875 0.7704984375 0.5676593750000001 0.764959375 0.5668984375 0.7547203125 0.5552312500000001 0.751759375 0.5490171875 0.7449328125 0.5396953124999999 0.7411 0.531959375 0.7402296875000001 0.510209375 0.74535 0.48459062499999994 0.761128125 0.4426765625 0.7807390625 0.43259375 0.7888546875 0.46442656250000003 0.781609375 0.48928281250000005 0.7739109375 0.49549843750000006 0.77349375 0.499365625 0.77561875 0.49860468750000003 0.77945 0.496259375 0.7820265625 0.4939125 0.7828625 0.49239062499999997 0.783734375 0.4714015625 0.79780625 0.4620796875 0.8063390625 0.4629046875 0.80888125 0.46987968750000003 0.8093
4 0.3982875 0.762034375 0.40095156249999997 0.763496875 0.408496875 0.76468125 0.4565 0.7540234375 0.5001265625 0.746046875 0.5303109375 0.7398125 0.538934375 0.73270625 0.541090625 0.7259140625 0.53519375 0.7182171875 0.529803125 0.71525625 0.5270765625 0.7084296875 0.520609375 0.7022296875 0.509321875 0.6969000000000001 0.4979703125 0.69599375 0.47856718750000005 0.7010453125 0.44730468749999996 0.7170328125000001 0.40095156249999997 0.736571875 0.38478124999999996 0.7478234375 0.3821171875 0.7507843750000001 0.3842734375 0.7528390625 0.390171875 0.7528390625 0.4300578125 0.736259375 0.44838281249999995 0.73270625 0.45218749999999996 0.7344828125 0.45218749999999996 0.73598125 0.45053906250000003 0.73744375 0.42682343749999996 0.7496 0.3987953125 0.7581671875 0.3966390625 0.759665625 0.3982875 0.762034375
4 0.3670265625 0.7102062499999999 0.3696890625 0.71198125 0.37780625 0.711703125 0.42955 0.70073125 0.5071656250000001 0.69599375 0.50824375 0.693034375 0.5076734375 0.6829671875 0.5033609375 0.673215625 0.505009375 0.669940625 0.5012046875 0.6646109375 0.5044390625 0.6601874999999999 0.502853125 0.6545453125 0.4985421875 0.6504 0.48611250000000006 0.6507140625 0.46620156250000006 0.6554515624999999 0.44407031249999995 0.66255625 0.381546875 0.6740859375 0.3637921875 0.6805984375 0.3584015625 0.6838734375 0.3530125 0.6892031249999999 0.351934375 0.69599375 0.3605578125 0.6888890625 0.383703125 0.6820968749999999 0.41445781249999997 0.6776390625000001 0.4257453125 0.6776390625000001 0.4300578125 0.6788234375 0.4327203125 0.6836640625 0.4300578125 0.6853359375 0.3907421875 0.697178125 0.3713375 0.7045984375 0.36753281250000003 0.7078375 0.3670265625 0.7102062499999999
3 0.3307546875 0.6578546875 0.331325 0.65963125 0.3329109375 0.6611281250000001 0.338871875 0.662 0.3809125 0.6581671874999999 0.4574515625 0.6531171875 0.48547812500000004 0.65015625 0.4902984375 0.648971875 0.49518125 0.6466046875 0.49733593750000005 0.6418671875 0.496259375 0.631209375 0.49086875 0.628840625 0.48979062500000003 0.6270640625 0.48655625 0.6252875 0.4833234375 0.624103125 0.474128125 0.624103125 0.341534375 0.6528390625 0.3307546875 0.6578546875
3 0.366328125 0.6122609375 0.33183281249999996 0.61818125 0.3296765625 0.620271875 0.33183281249999996 0.6217343750000001 0.3410265625 0.62291875 0.381990625 0.6244171875 0.4574515625 0.6252875 0.478440625 0.6211421875 0.48440000000000005 0.61818125 0.4881421875 0.6140375 0.4870640625 0.6060609375 0.47951875 0.603378125 0.47907343750000003 0.5996515625 0.4779328125 0.59805 0.4773625 0.597178125 0.4746984375 0.5968656250000001 0.467153125 0.5968656250000001 0.366328125 0.6122609375
1 0.34216875 0.5882968749999999 0.31255625 0.597178125 0.311984375 0.6013234375 0.3130625 0.6036921875 0.3190234375 0.6048765625 0.341090625 0.6036921875 0.3944828125 0.5977703125 0.48826875000000003 0.593346875 0.49150312500000004 0.5912578125 0.493659375 0.5886109375 0.4959421875 0.5709859374999999 0.496321875 0.5672937499999999 0.4887765625 0.5643328125 0.47260625 0.564925 0.43113437499999996 0.570846875 0.34216875 0.5882968749999999
2 0.3476859375 0.5551375000000001 0.33475 0.5618953125 0.33544687500000003 0.56401875 0.33671562499999996 0.565446875 0.34445156250000003 0.56826875 0.36842031249999996 0.5693484375 0.46410937499999994 0.5632875 0.4913125 0.5625921875000001 0.494546875 0.5590390625 0.501078125 0.542703125 0.5016484375 0.5398468750000001 0.5022828125000001 0.5370250000000001 0.48674687499999997 0.537721875 0.390425 0.5473 0.3476859375 0.5551375000000001
2 0.3772359375 0.53009375 0.3729234375 0.533646875 0.372353125 0.536015625 0.3750796875 0.53956875 0.382625 0.54134375 0.40095156249999997 0.540753125 0.4985421875 0.5330890625 0.49904843750000005 0.5283171875 0.500190625 0.514525 0.49904843750000005 0.512921875 0.48230781250000004 0.5143859375 0.399303125 0.52504375 0.3772359375 0.53009375
2 0.37374687500000003 0.5024734375000001 0.36563124999999996 0.5086734374999999 0.3677875 0.5113546875 0.3726703125 0.5137234375 0.38611249999999997 0.5155000000000001 0.41521875 0.516684375 0.4842109375 0.5128171874999999 0.4934046875 0.51459375 0.49556093749999997 0.511946875 0.49499062499999996 0.50839375 0.49651249999999997 0.4920234375 0.49556093749999997 0.4864859375 0.481546875 0.4882625 0.44216875 0.4950546875 0.37374687500000003 0.5024734375000001
2 0.3712109375 0.4793453125 0.36740625 0.484675 0.36740625 0.48822656249999996 0.3712109375 0.49087500000000006 0.38738125 0.49177968749999995 0.442359375 0.489690625 0.4902984375 0.4905953125 0.494609375 0.490003125 0.496259375 0.48881874999999997 0.49518125 0.4793453125 0.4907421875 0.46931406249999996 0.4887125 0.46419375 0.48655625 0.4594921875 0.4811671875 0.4592125 0.39327812500000003 0.47460781250000006 0.3712109375 0.4793453125
1 0.37584062500000004 0.4251828125 0.3435 0.4180765625 0.3072296875 0.41665 0.294990625 0.419121875 0.3007609375 0.42340625000000004 0.32339843749999997 0.43228906250000004 0.3629046875 0.445071875 0.42885156249999995 0.4585859375 0.47349375 0.4646109375 0.47996249999999996 0.46353125000000006 0.48579531249999997 0.46105937499999994 0.4909328125 0.45252499999999996 0.4907421875 0.43479687499999997 0.4890296875 0.42978125 0.4838296875 0.42695937500000003 0.47539687500000005 0.4258796875 0.45149062500000003 0.4251828125 0.37584062500000004 0.4251828125
3 0.30202968750000003 0.3911875 0.3013953125 0.391884375 0.3052625 0.39474062499999996 0.332403125 0.40717499999999995 0.3776796875 0.415325 0.4281546875 0.42100312500000003 0.4695625 0.43026875000000003 0.4740640625 0.43026875000000003 0.47862968749999996 0.4274125 0.487 0.41428125 0.4837671875 0.397909375 0.4811671875 0.39366093750000003 0.47285937499999997 0.39104843749999996 0.467596875 0.389759375 0.443690625 0.391884375 0.3796453125 0.3954375 0.313 0.39045625 0.30202968750000003 0.3911875
3 0.325428125 0.35869062500000004 0.3234625 0.36224375000000003 0.3234625 0.3657953125 0.32606250000000003 0.36722343749999997 0.3325296875 0.36865156250000003 0.42435 0.384290625 0.458021875 0.392790625 0.48002500000000003 0.395646875 0.48579531249999997 0.394565625 0.4890296875 0.3917453125 0.4890296875 0.384290625 0.49099531250000006 0.38000625 0.49099531250000006 0.3736328125 0.49239062499999997 0.366353125 0.4922640625 0.362975 0.4897265625 0.36011875 0.48389375 0.35869062500000004 0.3344953125 0.35621718750000003 0.325428125 0.35869062500000004
4 0.3462265625 0.32156093750000003 0.344325 0.3251125 0.3617625 0.33612031249999996 0.4238421875 0.34820625 0.4549140625 0.3563921875 0.47305 0.363496875 0.49759062500000006 0.364925 0.500190625 0.3631484375 0.5040578124999999 0.3549640625 0.498921875 0.3443046875 0.50215625 0.3372 0.5040578124999999 0.3290140625 0.5014578125 0.3229890625 0.496321875 0.3173109375 0.49759062500000006 0.305921875 0.49435624999999994 0.3027515625 0.47045000000000003 0.305921875 0.4264421875 0.303796875 0.3746984375 0.29348593749999996 0.3540265625 0.2853359375 0.3462265625 0.28390781249999997 0.34369062499999997 0.2853359375 0.341090625 0.2881578125 0.341090625 0.29066562500000004 0.3494609375 0.296690625 0.3811671875 0.31020625 0.41870624999999995 0.32156093750000003 0.423209375 0.324765625 0.4238421875 0.32796875000000003 0.4227015625 0.3292234375 0.42130625000000005 0.329396875 0.38763437500000003 0.3268890625 0.358528125 0.32051562499999997 0.3520609375 0.3201328125 0.3462265625 0.32156093750000003
4 0.36303125 0.2490421875 0.382434375 0.2650296875 0.420609375 0.27708125 0.443246875 0.2852671875 0.46068437500000003 0.2977015625 0.47425468750000005 0.305503125 0.493025 0.308359375 0.498225 0.30693125 0.5033609375 0.30090625000000004 0.5053265625 0.295925 0.5098281250000001 0.292371875 0.5130625 0.2845703125 0.513696875 0.278509375 0.520165625 0.27495625 0.5233984375 0.26785156250000003 0.521496875 0.2597 0.5182625 0.2547203125 0.5104625 0.2497390625 0.48915625 0.2447578125 0.4594171875 0.24120468750000001 0.386303125 0.2202375 0.382434375 0.2202375 0.381103125 0.2237890625 0.382434375 0.22699375000000002 0.42707656250000003 0.251515625 0.44191562500000003 0.2621734375 0.44191562500000003 0.2636015625 0.4381734375 0.26280000000000003 0.43544687499999996 0.2621734375 0.414775 0.2597 0.3818015625 0.2539875 0.36563124999999996 0.247265625 0.36303125 0.2490421875
4 0.42479374999999997 0.19024687499999998 0.42790156250000005 0.20007031249999999 0.46518750000000003 0.22521718750000003 0.4798984375 0.23416874999999998 0.48998125000000003 0.24270312500000002 0.5000640625 0.2495296875 0.51173125 0.25294374999999997 0.5202921875000001 0.25294374999999997 0.5365890624999999 0.24312031250000002 0.541978125 0.23504062499999998 0.544325 0.2290484375 0.5505390625000001 0.222675 0.5598609375 0.21072812500000002 0.5598609375 0.20689687499999998 0.5575140625 0.20306562499999997 0.5481921875 0.1974921875 0.5132531250000001 0.186415625 0.47755156249999997 0.177046875 0.44889062500000004 0.1672234375 0.44654375 0.1672234375 0.4441984375 0.171090625 0.4496515625 0.1774640625 0.469815625 0.19495 0.4729234375 0.1991984375 0.47216250000000004 0.2026125 0.47051406250000005 0.2034140625 0.46670937500000004 0.20348281250000003 0.4441984375 0.1970734375 0.43487656250000006 0.1915359375 0.42790156250000005 0.18512656249999998 0.42479374999999997 0.19024687499999998
4 0.6513 0.2217 0.64216875 0.22110781249999997 0.6324671875 0.221978125 0.6329734375 0.2175546875 0.636778125 0.20867343749999998 0.64483125 0.21340937499999998 0.6674703125 0.217240625 0.7014578124999999 0.21577812500000002 0.7057703125 0.21518593749999998 0.7084343750000001 0.2128171875 0.70735625 0.21013593749999998 0.7046921875 0.20867343749999998 0.6825625 0.2018453125 0.6292328125 0.190909375 0.6146484375 0.18645 0.6092578125 0.18645 0.6022828125 0.1882265625 0.5990484375 0.19031718749999998 0.5968921875000001 0.1941484375 0.5968921875000001 0.19860625 0.5887765625 0.204528125 0.5790734375000001 0.21428124999999998 0.575840625 0.22079374999999998 0.5818015625 0.2288046875 0.5861125 0.2320453125 0.6103359375 0.23500468749999998 0.6357 0.23500468749999998 0.6572609375 0.2326359375 0.6766640625 0.23124375000000003 0.681990625 0.2295375 0.685225 0.2273765625 0.6716546875 0.2256703125 0.6513 0.2217
4 0.655484375 0.24580312499999998 0.6218140625 0.24082187500000002 0.5953078125 0.23479687500000002 0.5720359375 0.23514531249999998 0.561065625 0.2376171875 0.555865625 0.24580312499999998 0.559734375 0.2521765625 0.551996875 0.2674671875 0.555865625 0.27600156249999996 0.5636015624999999 0.282375 0.5791375000000001 0.283803125 0.608878125 0.281678125 0.63868125 0.277778125 0.6748890624999999 0.2710203125 0.6949265625 0.26711874999999996 0.6961953125 0.2649953125 0.6929609375 0.2621390625 0.63348125 0.26321875 0.61604375 0.2660390625 0.611478125 0.2688953125 0.6050093750000001 0.268546875 0.606340625 0.2646109375 0.6102093749999999 0.261059375 0.6102093749999999 0.2529078125 0.614078125 0.2514796875 0.6192765625 0.2536046875 0.6438171875 0.2564609375 0.6772359375 0.255834375 0.68395625 0.2561125 0.6975265625 0.2557296875 0.6987953124999999 0.25182812499999996 0.688459375 0.2490078125 0.655484375 0.24580312499999998
4 0.661065625 0.29258125 0.65783125 0.2894109375 0.630690625 0.28833125000000004 0.5918828125 0.2886796875 0.5712109375 0.28620625 0.551109375 0.2851265625 0.5414078124999999 0.286903125 0.536271875 0.289759375 0.5349390625 0.2936609375 0.5375390624999999 0.298990625 0.5407734375000001 0.30219375 0.53690625 0.3053984375 0.5356375 0.30856875 0.53690625 0.3185296875 0.5421046875 0.3235109375 0.5453390625 0.3323921875 0.5530125 0.335040625 0.5608109375 0.33629375 0.58738125 0.3352140625 0.638428125 0.33026875 0.6552953125000001 0.3263328125 0.661065625 0.32420781249999997 0.6668984375 0.32030625 0.6701328125 0.3146296875 0.6714640625 0.30856875 0.668865625 0.30362187500000004 0.6662656250000001 0.3032390625 0.6591625 0.30717500000000003 0.63519375 0.31320156250000003 0.5906156250000001 0.3178328125 0.5828156250000001 0.31745 0.58478125 0.3093 0.5892828125 0.30289062499999997 0.5944828125 0.3018453125 0.614521875 0.30219375 0.6468609375 0.30456249999999996 0.6526953125 0.30431875 0.654596875 0.3039703125 0.66043125 0.30076562500000004 0.6617625 0.296865625 0.661065625 0.29258125
3 0.6429296875 0.34608125 0.596321875 0.3371296875 0.549778125 0.3303375 0.538934375 0.3337515625 0.535003125 0.33883593749999996 0.5342421875000001 0.346534375 0.538934375 0.3550671875 0.54743125 0.36614375 0.571528125 0.3678515625 0.5994296875 0.3652734375 0.6522515624999999 0.3623125 0.6817375 0.3554859375 0.6840203125000001 0.354615625 0.6824984374999999 0.3473703125 0.6770453125 0.346534375 0.6638546875 0.3477875 0.6429296875 0.34608125
3 0.599809375 0.3709515625 0.55091875 0.3632875 0.5400125 0.36370625 0.5260625 0.371821875 0.5284078125 0.383315625 0.5400125 0.3905609375 0.54388125 0.4008015625 0.5741921875 0.4025078125 0.66734375 0.39526249999999996 0.6968296875 0.38672968750000003 0.697590625 0.385475 0.697590625 0.3828984375 0.6944828125 0.379484375 0.633925 0.371821875 0.599809375 0.3709515625
1 0.6604953124999999 0.399234375 0.5880156249999999 0.3953328125 0.5414718749999999 0.394253125 0.5279015625000001 0.3985015625 0.5207984375 0.4027859375 0.5220671875 0.4063390625 0.5246671875 0.42514843750000003 0.533734375 0.430128125 0.5453390625 0.43155625000000003 0.5718453125 0.43155625000000003 0.6029171875 0.4294328125 0.6313890625 0.4287015625 0.6488265625 0.430128125 0.6540265625 0.42978125 0.6695625 0.42159531250000004 0.6906156250000001 0.4149078125 0.6979703125000001 0.41166875 0.7005703125 0.40811562500000004 0.7005703125 0.405259375 0.6979703125000001 0.40383125 0.6604953124999999 0.399234375
2 0.6518078125 0.44527968749999997 0.5935953125 0.43744375 0.5334171875 0.43497031249999996 0.527584375 0.43817500000000004 0.5230812499999999 0.4466734375 0.52048125 0.45875937499999997 0.5230812499999999 0.4648203125 0.52568125 0.46694531250000004 0.58129375 0.467990625 0.600696875 0.46516875 0.653709375 0.46374062499999996 0.6627140625 0.46098906250000005 0.6653765625 0.45983906250000006 0.6679765625 0.45771562499999996 0.6686109375 0.45555625 0.6679765625 0.4495296875 0.6518078125 0.44527968749999997
2 0.6757140625 0.48735625000000005 0.6714015625 0.4849875 0.6665828125 0.48352500000000004 0.647178125 0.48056406249999994 0.548509375 0.47049843750000003 0.52695 0.47136875 0.5226375 0.47314531249999997 0.521559375 0.478475 0.5221312499999999 0.49327812499999996 0.52479375 0.5018812500000001 0.5318328125 0.5098578125000001 0.543690625 0.513409375 0.5781859375 0.5098578125000001 0.6213062500000001 0.5042500000000001 0.6592265625 0.5001734375 0.6644265625 0.49919843750000004 0.67305 0.4968296875 0.676790625 0.4944625 0.676790625 0.4900390625 0.6757140625 0.48735625000000005
2 0.6779328125 0.5347609375 0.6714640625 0.5322890625000001 0.6132531250000001 0.5202015624999999 0.547875 0.5141765625 0.5317062499999999 0.5148734375 0.5227015625 0.51738125 0.524603125 0.5507484375 0.5304375 0.5557296875 0.5498421875 0.5557296875 0.6261890625000001 0.5521765624999999 0.672225 0.5459421875 0.6759671875000001 0.545071875 0.6785671875 0.5440265625 0.6811671875 0.5404734375 0.6811671875 0.5376171875 0.6779328125 0.5347609375
2 0.6772359375 0.5684781250000001 0.5807859375 0.56224375 0.551109375 0.557228125 0.5279640624999999 0.5584109374999999 0.5230812499999999 0.5607796875 0.524159375 0.5696625 0.5284718749999999 0.5764546875 0.5284718749999999 0.5809124999999999 0.5327843750000001 0.5862421875 0.55003125 0.5865203125 0.658909375 0.5779515625 0.681040625 0.5776390625000001 0.6907421874999999 0.5785437499999999 0.6947375 0.57920625 0.6885859375 0.5726234375 0.683703125 0.569940625 0.6772359375 0.5684781250000001
1 0.557134375 0.5882265624999999 0.540646875 0.5903859375 0.5312625 0.596203125 0.5274578125 0.609821875 0.52910625 0.614559375 0.5506656249999999 0.62048125 0.5921375 0.6190171875 0.663284375 0.61428125 0.708053125 0.6080453125 0.7096390625 0.607175 0.7074828125 0.6030296875000001 0.7031703125 0.599478125 0.662778125 0.5929640625 0.557134375 0.5882265624999999
3 0.6346234374999999 0.61508125 0.5639828125 0.61508125 0.55003125 0.6180765625 0.5476859375 0.621909375 0.537603125 0.6304421875 0.5360171874999999 0.635528125 0.5398859375 0.6406484375 0.560875 0.64576875 0.6020296875 0.638940625 0.6827515625 0.6351093750000001 0.7041859374999999 0.6305468750000001 0.7083062499999999 0.629153125 0.7137609375 0.623615625 0.7122390625 0.6189125 0.69435625 0.6159171875 0.6346234374999999 0.61508125
3 0.6935953125000001 0.6463593750000001 0.6790109375 0.64576875 0.6105890625 0.6463593750000001 0.5890296875 0.6454890625 0.5625875 0.64576875 0.5556125 0.64754375 0.550221875 0.651096875 0.5453390625 0.66353125 0.5556125 0.671821875 0.5668984375 0.67300625 0.6483203125 0.660884375 0.693025 0.655834375 0.694103125 0.6552421875000001 0.70221875 0.6493203125 0.70653125 0.6443046875 0.7026 0.6453156250000001 0.6935953125000001 0.6463593750000001
4 0.6866828125 0.682584375 0.6659484375 0.67903125 0.6174375000000001 0.67690625 0.5792640625 0.6729703125000001 0.566328125 0.6729703125000001 0.5585921875000001 0.6740515625 0.5488906250000001 0.68115625 0.5488906250000001 0.68540625 0.5527578125 0.6893421875 0.551490625 0.695715625 0.5559921875 0.697840625 0.5533921875 0.706721875 0.5566265625 0.711703125 0.57089375 0.71525625 0.5883328125 0.7149078125 0.6077359375 0.70888125 0.6407109375 0.7045984375 0.675015625 0.7039015625 0.6937859375000001 0.706025 0.6866828125 0.70139375 0.680215625 0.6996171875 0.672415625 0.6982234375 0.6342421875 0.6953671875 0.6310078125 0.6932421875 0.6310078125 0.69111875 0.6336078125 0.689690625 0.6394421875 0.6882625 0.6665828125 0.686834375 0.685225 0.6902125 0.6899171875000001 0.6903859375 0.6924546874999999 0.689690625 0.6931515625 0.686834375 0.6905515624999999 0.6840124999999999 0.6866828125 0.682584375
4 0.6532015624999999 0.7175890625 0.597146875 0.71313125 0.585859375 0.7149078125 0.5761578125 0.7172765625 0.5701968749999999 0.72055 0.565884375 0.7258796875 0.56480625 0.7323921875 0.5798984375 0.746290625 0.5798984375 0.7507484375 0.5842109375 0.752803125 0.6014578125 0.7554859375 0.631134375 0.7498437499999999 0.714140625 0.736225 0.720609375 0.73385625 0.7216875 0.7320796875 0.720609375 0.7312093749999999 0.7157265625 0.7314875 0.6294859374999999 0.7397765625 0.6279015625000001 0.7385921875 0.6279015625000001 0.7326718750000001 0.6230187500000001 0.730025 0.6230187500000001 0.727934375 0.6279015625000001 0.7270640625 0.636525 0.7308953125000001 0.68826875 0.727934375 0.7090046875 0.7293968750000001 0.7157265625 0.7294328125 0.718453125 0.72765625 0.716296875 0.726471875 0.7033609375000001 0.723196875 0.6532015624999999 0.7175890625
4 0.6325937500000001 0.7553124999999999 0.6072296875000001 0.7576796875 0.5964484375 0.760328125 0.58998125 0.765378125 0.58998125 0.7736671875 0.5953703124999999 0.7760359375 0.6002531249999999 0.7822359375 0.6072296875000001 0.78491875 0.6067218750000001 0.7887500000000001 0.6142671875 0.7932078125 0.6309453125 0.7949843750000001 0.6546609375 0.7908390625 0.66651875 0.78638125 0.6740640625000001 0.7795890625 0.6848453125 0.77513125 0.7020921875 0.7718906249999999 0.7085609374999999 0.7698015625 0.708053125 0.768025 0.6964484375 0.7685828124999999 0.6525046875 0.7736671875 0.6422953125 0.7733546875 0.641725 0.7683390625000001 0.64388125 0.7659703125 0.6476859375 0.766840625 0.66651875 0.7671546874999999 0.6740640625000001 0.7659703125 0.68865 0.7647859375 0.7060875 0.7651687500000001 0.7085609374999999 0.7650640625 0.710209375 0.7638796875 0.7084343750000001 0.7624515625 0.6988578125 0.75914375 0.6325937500000001 0.7553124999999999
