4 0.7399859375 0.6357640625000001 0.7420765625 0.6368421875 0.7444437500000001 0.6330375 0.745315625 0.62821875 0.7459078124999999 0.6168671875 0.73465625 0.5786296875 0.7299203125 0.5424859375 0.72814375 0.5074828124999999 0.725775 0.48319531250000003 0.7216296875 0.4659484375 0.7089171875 0.4643625 0.6982578125 0.469753125 0.687878125 0.481040625 0.677534375 0.49670312499999997 0.6769421875 0.5010140625 0.688784375 0.5527578125 0.6941140625 0.58345 0.7018109375 0.6104 0.7056421875 0.6228281250000001 0.7103796874999999 0.628725 0.7133406250000001 0.6303734375000001 0.715709375 0.629803125 0.7174859375 0.62821875 0.7180765625000001 0.6222578125 0.7091953125 0.5861765625 0.7077328125 0.56569375 0.7077328125 0.5624609375 0.7087421875000001 0.558465625 0.7103796874999999 0.5570703124999999 0.722221875 0.5904874999999999 0.7280046875 0.6086234375 0.7367468749999999 0.631959375 0.7399859375 0.6357640625000001
4 0.6339609375 0.5381109375 0.6399859375 0.603425 0.6442359375 0.629296875 0.64674375 0.6318953125 0.6517234375000001 0.6344953125 0.6563218749999999 0.6312625 0.654196875 0.596321875 0.654196875 0.5821171875 0.6559734374999999 0.5801515625 0.661303125 0.5801515625 0.665203125 0.5827515625 0.6684078125 0.5982875 0.66875625 0.6112234375 0.6712640624999999 0.6312625 0.6733890625 0.6363984375 0.6794140625 0.6351296875 0.6819234375 0.62479375 0.67659375 0.49733593750000005 0.6726578125 0.4948 0.6545453125 0.494103125 0.6430859375 0.48883906250000003 0.639603125 0.48883906250000003 0.6361546875 0.48883906250000003 0.6324625 0.4924546875 0.63221875 0.5014578125 0.6339609375 0.5381109375
3 0.602890625 0.5003171875 0.607628125 0.5531390625 0.6132359375 0.636715625 0.615325 0.6501578125 0.6179734375 0.65611875 0.622709375 0.659353125 0.6248 0.6582749999999999 0.6265765625 0.6523140625 0.627446875 0.5800890625 0.6289453125 0.5466703125000001 0.632496875 0.5041218749999999 0.631 0.49549843750000006 0.62863125 0.49118593749999995 0.6248 0.48738125 0.610275 0.481990625 0.6088125 0.481990625 0.6061296875 0.4836390625 0.6034828125 0.4879515625 0.602890625 0.49061562500000006 0.602890625 0.5003171875
3 0.5663875 0.479390625 0.5674328125 0.4923265625 0.5717171875 0.5156 0.5766984374999999 0.560875 0.583071875 0.637159375 0.58875 0.6488265625 0.5919546875 0.6488265625 0.5948109374999999 0.6475593749999999 0.5962375 0.641725 0.5948109374999999 0.5861125 0.5958546874999999 0.4968296875 0.5948109374999999 0.48649375 0.593034375 0.48262499999999997 0.5884015625 0.47742500000000004 0.5807390625 0.47425468750000005 0.577046875 0.472225 0.5706375 0.4709578125 0.5681640625 0.472225 0.5670843750000001 0.47419218750000003 0.5663875 0.479390625
1 0.5299890625 0.6949265625 0.535109375 0.694103125 0.5402296875 0.6878890625 0.54918125 0.665440625 0.56206875 0.53779375 0.5665265625 0.4974 0.5694874999999999 0.47850312500000003 0.5659359375 0.46880156250000005 0.560884375 0.4661375 0.551340625 0.4577046875 0.5487640625 0.4566265625 0.543225 0.46125625000000003 0.5398125 0.4690546875 0.5338203125 0.6180718749999999 0.5299890625 0.6949265625
2 0.5101359375000001 0.6369687500000001 0.5151171875 0.6318328125 0.51866875 0.613696875 0.522709375 0.5603671875 0.5279 0.5123015625 0.535284375 0.461571875 0.534553125 0.45256875 0.5330546875 0.44946093749999994 0.5261578124999999 0.444959375 0.5129578125 0.44039375 0.5109015625 0.44413437499999997 0.5058859375 0.6246671874999999 0.506234375 0.6369687500000001 0.5101359375000001 0.6369687500000001
2 0.48551093749999996 0.6007609375 0.486590625 0.61439375 0.49049062499999996 0.613696875 0.49191874999999996 0.612428125 0.4929640625 0.6046921875 0.4979453125 0.56265 0.5012187499999999 0.501965625 0.505746875 0.46410937499999994 0.5071749999999999 0.44692499999999996 0.49864218749999994 0.4469875 0.4859984375 0.44394375 0.48425624999999994 0.44464218750000006 0.48328125 0.4464171875 0.48328125 0.4481921875 0.486590625 0.5762203125 0.48551093749999996 0.6007609375
2 0.45635624999999996 0.4710203125 0.4583078125 0.4988578125 0.4585515625 0.61610625 0.4598046875 0.623715625 0.46300937500000006 0.6255546875 0.4657265625 0.622384375 0.46820000000000006 0.6111609375 0.47015 0.56220625 0.48052968749999997 0.4346234375 0.462278125 0.43455937499999997 0.4585515625 0.4346234375 0.4578203125 0.4346234375 0.45559062499999997 0.43779375 0.45534687500000004 0.44140781249999994 0.45635624999999996 0.4710203125
2 0.43239218749999997 0.5031703125 0.4371296875 0.6045015625 0.4394984375 0.6379203125 0.444828125 0.629803125 0.44719687500000005 0.62175 0.44956406250000003 0.5904874999999999 0.45015625000000004 0.51610625 0.45162031249999995 0.442803125 0.4507484375 0.43684218750000003 0.44865937499999997 0.43525625 0.44423593749999996 0.43525625 0.4344125 0.439378125 0.43061718750000005 0.44172500000000003 0.4282484375 0.442803125 0.4258796875 0.4471140625 0.42556562500000006 0.46005 0.43239218749999997 0.5031703125
1 0.40888125000000003 0.6416609375 0.410553125 0.6470515625 0.41483749999999997 0.6509828125 0.42121250000000005 0.6486359375 0.4242078125 0.6409 0.42591406249999997 0.621496875 0.4249390625 0.5611921875 0.42591406249999997 0.5333546874999999 0.4239296875 0.4790109375 0.4202375 0.45206093750000004 0.41950468750000003 0.4502859375 0.41605781249999996 0.4471140625 0.41382812500000005 0.4462265625 0.40888125000000003 0.44800312499999995 0.4 0.45535781249999996 0.3967953125 0.4591 0.39515781250000004 0.462840625 0.39495 0.46734375000000006 0.39575 0.4864296875 0.40888125000000003 0.6416609375
3 0.372553125 0.61521875 0.377290625 0.6136328125 0.3787875 0.6060875 0.3864859375 0.5144578125 0.3915015625 0.490171875 0.39209375 0.47780625 0.3900390625 0.4643 0.3876703125 0.4584015625 0.382340625 0.454596875 0.3778828125 0.45409062499999997 0.3741546875 0.45586562500000005 0.3688609375 0.461065625 0.3633921875 0.47025937500000003 0.36398437499999997 0.5155359374999999 0.370184375 0.61255625 0.372553125 0.61521875
3 0.33625937499999997 0.6100187499999999 0.33890625 0.622384375 0.34423593750000003 0.626696875 0.35015625 0.626696875 0.35252500000000003 0.6240328125 0.3543015625 0.6105265625 0.35489375 0.53779375 0.3593515625 0.4757765625 0.3590390625 0.46880156250000005 0.35607812499999997 0.46556718750000003 0.3430515625 0.46499687500000003 0.3334375 0.4663921875 0.3303375 0.4666453125 0.3282484375 0.467153125 0.3256015625 0.47146406250000006 0.3323921875 0.566328125 0.33625937499999997 0.6100187499999999
4 0.277290625 0.6117953125 0.2794140625 0.613696875 0.2850921875 0.612428125 0.28759999999999997 0.6079265625 0.2893765625 0.6001265625000001 0.2921984375 0.56651875 0.29362656249999997 0.558084375 0.2954015625 0.5561828125 0.2989546875 0.5561828125 0.3035875 0.5632843750000001 0.3046328125 0.572353125 0.3035875 0.589790625 0.3018109375 0.6053265624999999 0.3018109375 0.615028125 0.30606093749999996 0.620165625 0.309265625 0.6208625 0.3120859375 0.6182624999999999 0.3135140625 0.6130625000000001 0.318146875 0.5788203125 0.3234765625 0.47786875 0.3220484375 0.47596718750000006 0.3110421875 0.47596718750000006 0.3046328125 0.481103125 0.297875 0.4792015625 0.290421875 0.483703125 0.2808421875 0.4818015625 0.2784046875 0.48345000000000005 0.276559375 0.48630312499999995 0.2740859375 0.5561828125 0.2737375 0.5807234375 0.27516562499999997 0.6033609375 0.277290625 0.6117953125
4 0.22044531250000002 0.5539 0.2016375 0.611478125 0.2005578125 0.6270140625 0.20090625 0.636715625 0.20306562499999997 0.6425484375 0.20623437500000003 0.6431828125 0.20978750000000002 0.6412171875 0.2247296875 0.5979078125 0.23751250000000002 0.5649328125 0.2442703125 0.55263125 0.245315625 0.5720359375 0.243921875 0.5920734375000001 0.2325328125 0.6211796875 0.22650625 0.63995 0.22793437499999997 0.6490171874999999 0.23288125 0.65611875 0.23573593750000002 0.6547875000000001 0.24747499999999997 0.631515625 0.2616859375 0.582371875 0.27446875 0.4982875 0.27446875 0.4859859375 0.27018437500000003 0.48148437499999996 0.26628281249999997 0.47951875 0.2535 0.478884375 0.24747499999999997 0.476284375 0.23416874999999998 0.47862968749999996 0.23110468750000002 0.47951875 0.2247296875 0.4821171875 0.2218734375 0.4885859375 0.22044531250000002 0.5124921875 0.22044531250000002 0.5539
4 0.197178125 0.36303125 0.193975 0.3814203125 0.1907703125 0.411984375 0.187078125 0.439821875 0.1853359375 0.46093906249999994 0.188053125 0.47305 0.197909375 0.4838296875 0.2149421875 0.49150312500000004 0.2191578125 0.491059375 0.2218734375 0.48744375 0.22702968750000002 0.4762203125 0.23047656249999998 0.45871874999999995 0.2292578125 0.44204218749999996 0.223825 0.42276406250000004 0.22037656249999998 0.376475 0.217903125 0.3535828125 0.2154296875 0.35091875 0.21347968750000001 0.35091875 0.2117375 0.3522515625 0.21100625 0.3553578125 0.21125 0.3724796875 0.2139671875 0.4097015625 0.2142109375 0.4335453125 0.21149374999999998 0.43487656250000006 0.20780156249999998 0.43176875 0.20581718750000003 0.4277109375 0.2045984375 0.42187656249999994 0.20320468749999998 0.38655625 0.20334375 0.3809765625 0.20508593749999998 0.36436250000000003 0.20358749999999998 0.35986093750000003 0.2001390625 0.35941718749999996 0.197178125 0.36303125
4 0.2228484375 0.33056406250000003 0.2206546875 0.334178125 0.2194015625 0.33956875000000003 0.2228484375 0.3557390625 0.2359453125 0.3894109375 0.2364328125 0.3970828125 0.2359453125 0.4249203125 0.2346921875 0.44781250000000006 0.2357015625 0.45726093749999996 0.23765312500000002 0.4603671875 0.2416234375 0.4594796875 0.284290625 0.4577046875 0.2857890625 0.45542187500000003 0.2892375 0.44375468749999997 0.28850625 0.42847187499999995 0.2855453125 0.40786249999999996 0.2798671875 0.3956875 0.2724484375 0.3764109375 0.269 0.344515625 0.2660390625 0.332846875 0.255659375 0.31439374999999997 0.2512359375 0.31395 0.24925156249999997 0.31483906250000004 0.246290625 0.318453125 0.246046875 0.32473125 0.252978125 0.3539625 0.252978125 0.3588453125 0.2512359375 0.36607500000000004 0.24754375 0.36651875 0.245071875 0.36474375000000003 0.23657187500000001 0.3417875 0.23493593750000002 0.33779375 0.231 0.33145156249999996 0.2282828125 0.3296765625 0.22507812500000002 0.3296765625 0.2228484375 0.33056406250000003
3 0.3578546875 0.2636015625 0.35607812499999997 0.2781234375 0.3578546875 0.3535828125 0.3572625 0.42365312499999996 0.3581328125 0.43284687499999996 0.362 0.43608125 0.36819999999999997 0.439315625 0.3738421875 0.43284687499999996 0.378265625 0.4355109375 0.3859625 0.43715937499999996 0.3892375 0.4263796875 0.3910140625 0.41344375 0.3910140625 0.3940390625 0.3698015625 0.266771875 0.36879062500000004 0.26252343749999996 0.3664234375 0.2582125 0.3631828125 0.2582125 0.360815625 0.25979687500000004 0.3578546875 0.2636015625
3 0.37408593749999997 0.243246875 0.373771875 0.2551046875 0.3915359375 0.4157265625 0.39599375000000003 0.4318953125 0.4025078125 0.43081875 0.42291875 0.4081796875 0.422640625 0.3935953125 0.416996875 0.35910000000000003 0.3922671875 0.2318953125 0.3891671875 0.22650625 0.38474375 0.22707656250000002 0.380878125 0.22974062499999998 0.376140625 0.23570000000000002 0.37408593749999997 0.243246875
2 0.432184375 0.2568796875 0.4318359375 0.26918125000000004 0.42580937499999993 0.3584015625 0.42507812500000003 0.3862390625 0.42723750000000005 0.40754531250000003 0.42863125 0.41274531249999996 0.432184375 0.4133796875 0.45276875 0.40475625 0.45489375 0.37818593749999996 0.44977343750000004 0.254978125 0.4466734375 0.24825624999999998 0.44235468750000007 0.24717812499999997 0.43716406250000006 0.24908125 0.43434375000000003 0.2523140625 0.432184375 0.2568796875
2 0.46273125000000004 0.221053125 0.4602234375 0.2242859375 0.45844687500000003 0.2313890625 0.45952656249999996 0.25529531250000004 0.459875 0.3329109375 0.461303125 0.3956875 0.46450781250000006 0.40925781250000004 0.46983593749999997 0.40925781250000004 0.4829671875 0.40405781249999995 0.4950546875 0.40405781249999995 0.496134375 0.400190625 0.496134375 0.367215625 0.491153125 0.3064046875 0.47837031249999995 0.2320234375 0.4758625 0.2229546875 0.47443437499999996 0.221053125 0.46983593749999997 0.21908750000000002 0.4669796875 0.21908750000000002 0.46273125000000004 0.221053125
2 0.5381750000000001 0.1924546875 0.534621875 0.195053125 0.5307203125 0.20342500000000002 0.5239640624999999 0.23252968749999997 0.510484375 0.301078125 0.5001734375 0.3651234375 0.4998265625 0.383259375 0.510484375 0.40456562500000004 0.518634375 0.40526249999999997 0.5296765625 0.4104 0.533228125 0.37095781250000004 0.533228125 0.35351875 0.5460125 0.2322765625 0.5467078125 0.22479375 0.547440625 0.200190625 0.5442359375 0.1930875 0.5428078125 0.1924546875 0.5381750000000001 0.1924546875
2 0.5679203125 0.23265625 0.5625921875000001 0.2488265625 0.548415625 0.3104625 0.5352484375000001 0.3852890625 0.533125 0.41116093749999993 0.55228125 0.42276406250000004 0.5569140625 0.42276406250000004 0.5593874999999999 0.418896875 0.563671875 0.39499062500000004 0.56224375 0.3677875 0.5657953124999999 0.3426125 0.5679203125 0.30830625 0.573075 0.24527656250000002 0.5735984375000001 0.23912499999999998 0.57398125 0.23329062500000003 0.572553125 0.2294234375 0.5707765625000001 0.2300578125 0.5679203125 0.23265625
3 0.6027171874999999 0.25618281249999997 0.5818187499999999 0.3337984375 0.5745734375 0.3640453125 0.5660390625 0.40830625 0.567328125 0.41756562500000005 0.5711593749999999 0.43081875 0.5886453125 0.44400781250000004 0.5916406249999999 0.4400765625 0.595471875 0.4268859375 0.6001734375 0.37336718750000003 0.60529375 0.35548437499999996 0.6103796874999999 0.3283453125 0.6148374999999999 0.2690546875 0.6155 0.2608109375 0.6143500000000001 0.251996875 0.6120859375000001 0.24914375 0.60741875 0.2507296875 0.6027171874999999 0.25618281249999997
3 0.6280046875 0.276346875 0.6139328125 0.3826890625 0.6075234375 0.406721875 0.6032734375000001 0.4346859375 0.6062703125 0.44476875 0.6126437499999999 0.455675 0.6215953125 0.455675 0.6297109375 0.44787499999999997 0.6335421875 0.43703281250000003 0.6442 0.288459375 0.6437828125 0.28021562499999997 0.6433640625 0.274825 0.6407875 0.27089375000000004 0.6301281249999999 0.27171875 0.6280046875 0.276346875
4 0.6693140625 0.473303125 0.6889234375 0.47596718750000006 0.6959593749999999 0.46854843749999997 0.6988859374999999 0.451996875 0.6959593749999999 0.4263796875 0.6959593749999999 0.4104 0.702125 0.3869375 0.7150125 0.3533296875 0.7156046875000001 0.3421046875 0.7146984375 0.3229546875 0.7129578125 0.31762812500000004 0.7035875 0.3325296875 0.6948109375 0.364553125 0.69421875 0.364553125 0.6874609375 0.376790625 0.6848484375 0.369309375 0.68425625 0.369309375 0.6851265625 0.348509375 0.6901078125 0.33094531250000003 0.6950890625 0.3101453125 0.69568125 0.2930875 0.6939046875 0.284528125 0.6836640625 0.2877609375 0.6754796875 0.3074828125 0.6704984375 0.3394421875 0.6675375 0.369309375 0.66109375 0.3933421875 0.6605359375 0.3933421875 0.64966875 0.4130625 0.6370953125 0.42796406249999996 0.6332984374999999 0.44508593750000003 0.635040625 0.45409062499999997 0.635040625 0.45516875 0.6408921875 0.46480625 0.6491125 0.46480625 0.6590734375 0.4663921875 0.6693140625 0.473303125
