4 0.15581875 0.45613125 0.158815625 0.46422187499999995 0.20020937499999997 0.5149171875 0.2091984375 0.5170671875 0.21254374999999998 0.5132749999999999 0.21254374999999998 0.50391875 0.218815625 0.4996203125 0.22299687499999998 0.4762328125 0.227246875 0.46915312499999995 0.23024375 0.45828125000000003 0.2284328125 0.4348921875 0.22062656249999998 0.4233875 0.208640625 0.417446875 0.2026484375 0.417446875 0.17324062499999998 0.3973453125 0.16599375 0.39835625 0.1636234375 0.40328749999999997 0.1624390625 0.412515625 0.16452968750000002 0.41694062499999995 0.1780484375 0.4233875 0.1827875 0.42945625 0.18641093749999998 0.4359046875 0.1875953125 0.441971875 0.186690625 0.44677656250000003 0.1840421875 0.4484203125 0.1813234375 0.4484203125 0.1648078125 0.439696875 0.1603484375 0.439696875 0.157003125 0.44298281250000004 0.15581875 0.45613125
4 0.20139374999999998 0.3412140625 0.20139374999999998 0.3456390625 0.204390625 0.35600468749999997 0.22243906249999998 0.41087187500000005 0.2284328125 0.46093593750000006 0.23414687500000003 0.48824218750000004 0.23679375 0.493046875 0.25303125 0.4920359375 0.2578390625 0.4859671875 0.26139375 0.48495625000000003 0.2650171875 0.48874843749999997 0.27345 0.48495625000000003 0.27999999999999997 0.4762328125 0.27999999999999997 0.4592921875 0.27519218749999996 0.4370421875 0.268640625 0.4195953125 0.2647390625 0.3978515625 0.2535890625 0.365234375 0.241603125 0.33742031250000004 0.2266203125 0.31833125 0.2248078125 0.3189640625 0.22299687499999998 0.3211125 0.22571406249999998 0.3433625 0.2358890625 0.37168125 0.2452265625 0.3924140625 0.245853125 0.40164375 0.2434140625 0.40543593749999995 0.2401390625 0.40606875000000003 0.22425156249999997 0.357521875 0.211915625 0.3390640625 0.20473906249999999 0.33742031250000004 0.20139374999999998 0.3412140625
4 0.25839687499999997 0.31732031250000003 0.25811875 0.3232609375 0.279721875 0.42616875 0.2815328125 0.4522125 0.28390312500000003 0.466371875 0.28662031250000003 0.4729453125 0.2926125 0.47838125 0.30432031249999997 0.4750953125 0.31121875 0.467509375 0.3217421875 0.466371875 0.3289203125 0.4632109375 0.3312890625 0.45878593749999996 0.332821875 0.4484203125 0.33073125000000003 0.4311 0.3223 0.413653125 0.315121875 0.393553125 0.3075953125 0.35107499999999997 0.2898953125 0.2944375 0.28390312500000003 0.29115 0.2815328125 0.307459375 0.294146875 0.3565109375 0.2980484375 0.37610625 0.2989546875 0.390771875 0.29679375 0.393553125 0.294703125 0.3912765625 0.2833453125 0.3543609375 0.26954687499999996 0.32161875 0.261115625 0.3140328125 0.25839687499999997 0.31732031250000003
3 0.34515625 0.35107499999999997 0.319025 0.2776234375 0.313309375 0.2726921875 0.3105921875 0.2759796875 0.310940625 0.280278125 0.325296875 0.3504421875 0.3316375 0.40657343749999997 0.3331015625 0.4304671875 0.336725 0.45448750000000004 0.3415328125 0.4599234375 0.34871093750000004 0.46093593750000006 0.358328125 0.45878593749999996 0.36369375000000004 0.45006250000000003 0.3655046875 0.4474078125 0.3670390625 0.4348921875 0.3655046875 0.42174531249999997 0.3571421875 0.4 0.34515625 0.35107499999999997
3 0.3670390625 0.2748421875 0.3631359375 0.2677625 0.3595125 0.26510781250000004 0.357421875 0.26611875 0.355609375 0.2715546875 0.3558890625 0.2781296875 0.3640421875 0.3477875 0.3685015625 0.3978515625 0.3705921875 0.4381796875 0.3735890625 0.44905156249999995 0.378396875 0.45335000000000003 0.3868296875 0.4571421875 0.39735156250000003 0.4446265625 0.398815625 0.44247812499999994 0.4006265625 0.439190625 0.3994421875 0.42616875 0.3868296875 0.37395625 0.3670390625 0.2748421875
1 0.3951921875 0.24702968749999998 0.391915625 0.2509484375 0.3901046875 0.26826875 0.39254375 0.32932968749999997 0.3951921875 0.37395625 0.40689843750000004 0.445259375 0.4126125 0.45170625 0.4189546875 0.45284375 0.42369375 0.44905156249999995 0.42822343749999997 0.440328125 0.43003437499999997 0.43160625 0.4314984375 0.414159375 0.40299687500000003 0.251959375 0.398815625 0.2465234375 0.3951921875 0.24702968749999998
2 0.4457140625 0.3188375 0.4316375 0.27749687500000003 0.4229265625 0.27307187499999996 0.419025 0.274209375 0.4283625 0.32313593749999997 0.43554062499999996 0.43527187500000003 0.44717812500000004 0.4412140625 0.450521875 0.44184531250000003 0.4559578125 0.44184531250000003 0.45951250000000005 0.438053125 0.46041875 0.4140328125 0.4457140625 0.3188375
2 0.45442499999999997 0.284703125 0.4526828125 0.2878640625 0.45219531249999995 0.2992421875 0.460209375 0.358659375 0.46745625 0.4412140625 0.4864109375 0.44273125 0.49073124999999995 0.44386875000000003 0.48571406250000004 0.3817953125 0.470940625 0.31289531249999997 0.4629265625 0.2892546875 0.45442499999999997 0.284703125
2 0.5187453125 0.4096078125 0.5116375 0.3718078125 0.489546875 0.2933 0.48104531250000004 0.28723125 0.487665625 0.3098609375 0.4926828125 0.35069531249999997 0.4943546875 0.448546875 0.49958125000000003 0.4451328125 0.513728125 0.4443734375 0.5143546875 0.4443734375 0.5185359375 0.44399531249999996 0.52 0.44146718749999997 0.5208359375 0.43501874999999995 0.5187453125 0.4096078125
2 0.526690625 0.2896328125 0.5227171875 0.289128125 0.520696875 0.30455156250000004 0.5231359375 0.3815421875 0.5218812500000001 0.401896875 0.5229265625 0.44310937499999997 0.527665625 0.44690312499999996 0.537909375 0.44576562500000005 0.5482921875 0.4381796875 0.5506624999999999 0.434765625 0.5517078125 0.42161875000000004 0.540696875 0.345890625 0.5314281249999999 0.298609375 0.526690625 0.2896328125
1 0.5873875 0.36725625 0.5933796874999999 0.2926671875 0.5921953125 0.2643484375 0.588571875 0.2567640625 0.583484375 0.2534765625 0.5759578125 0.2534765625 0.5705921875 0.25726875 0.5664109374999999 0.26763593750000003 0.5549828125 0.3677625 0.5540765624999999 0.411378125 0.5573515625 0.4374203125 0.565784375 0.45056874999999996 0.5717765625 0.4537296875 0.5831359375 0.4412140625 0.588571875 0.433121875 0.5910109375 0.4276859375 0.5921953125 0.417825 0.5921953125 0.406446875 0.5873875 0.36725625
3 0.6296171875 0.27383125 0.6339375 0.2562578125 0.6223687499999999 0.2581546875 0.6166546875 0.27256562500000003 0.6115671875 0.29608124999999996 0.5910796875 0.4254109375 0.5982578125 0.4437421875 0.6098265625 0.454109375 0.6187453125 0.44690312499999996 0.6223687499999999 0.4437421875 0.626690625 0.4398234375 0.6278046875000001 0.4293296875 0.625296875 0.32225000000000004 0.6296171875 0.27383125
3 0.676725 0.26510781250000004 0.6749828124999999 0.251453125 0.66655 0.2646015625 0.6587453125 0.286346875 0.6371421875000001 0.3968390625 0.62696875 0.42123906250000004 0.6266203124999999 0.440834375 0.6347734375 0.4495578125 0.6422296875 0.4566375 0.656934375 0.4512015625 0.6599296875 0.44905156249999995 0.66236875 0.44690312499999996 0.6635546875 0.4370421875 0.6800703125 0.2764859375 0.676725 0.26510781250000004
4 0.709478125 0.2998734375 0.705575 0.3021484375 0.6998609375 0.309228125 0.6902437499999999 0.335271875 0.6815328125 0.366371875 0.6761671875 0.40328749999999997 0.66655 0.42945625 0.6668296875 0.43324843749999997 0.6683625 0.43539843749999996 0.678815625 0.4381796875 0.7007671875 0.4653609375 0.7073171874999999 0.4681421875 0.7115671875 0.467509375 0.7157484375000001 0.4643484375 0.7187453125000001 0.44361562499999996 0.7196515625 0.419721875 0.7259234375 0.38596718750000003 0.7361671875 0.36472812499999996 0.73763125 0.3151703125 0.7343546875 0.306446875 0.73073125 0.306446875 0.7247390625000001 0.31732031250000003 0.7103828125 0.3766125 0.6989546875 0.3826796875 0.69958125 0.37939375000000003 0.7043203124999999 0.34728125 0.716028125 0.3140328125 0.716028125 0.308596875 0.709478125 0.2998734375
4 0.8227874999999999 0.39860937500000004 0.821603125 0.3921625 0.8177 0.38723125 0.8108015625 0.38343906250000004 0.7987453125 0.38343906250000004 0.7768640625 0.40075781250000003 0.767246875 0.401896875 0.7537984375 0.40948124999999996 0.74599375 0.42098593749999996 0.7447390625 0.4378 0.74599375 0.451453125 0.7508015625 0.4606828125 0.7549828125 0.46498125 0.754703125 0.476990625 0.7579796875 0.48571406250000004 0.7655046875 0.49228750000000004 0.7693375 0.504171875 0.7714984375 0.504171875 0.7819515625 0.49987343749999996 0.7931015625 0.4873578125 0.79909375 0.4715546875 0.820975 0.45195937500000005 0.8293375 0.43994999999999995 0.829965625 0.43236406250000003 0.828153125 0.423640625 0.82515625 0.4226296875 0.8 0.42945625 0.7963765625 0.4290765625 0.7933796875 0.42591718749999996 0.8014640625 0.41605625 0.820696875 0.40682656250000004 0.8227874999999999 0.39860937500000004
4 0.7963765625 0.6281921875 0.79484375 0.62161875 0.792125 0.6184578125 0.784390625 0.6184578125 0.7831359375 0.6075859375 0.7792328125 0.5922875000000001 0.7771421875 0.5890015625 0.7726828125 0.5873578125 0.7621609375 0.5884953125 0.7552609375 0.5993671875000001 0.7456453125 0.62275625 0.743275 0.6439953125 0.735121875 0.6597984375 0.7333796875 0.691403125 0.7357484375000001 0.6989890625 0.7381875 0.702275 0.7417421875 0.702275 0.74418125 0.6978515625 0.7459234375 0.688115625 0.7468296875 0.6570171874999999 0.754634375 0.6412140625 0.759790625 0.635271875 0.7642515624999999 0.633628125 0.7645296874999999 0.6451328125 0.7630656250000001 0.648925 0.7519859375 0.661946875 0.750453125 0.67939375 0.7519859375 0.688115625 0.7540765625 0.6924140624999999 0.7861328125 0.6678890625 0.7930312500000001 0.65271875 0.7960281250000001 0.6390640624999999 0.7963765625 0.6281921875
4 0.750453125 0.5912765624999999 0.763903125 0.5713015625 0.7696859375 0.5476609375 0.7696859375 0.5332484375 0.767665625 0.5259171874999999 0.76418125 0.52275625 0.760209375 0.52275625 0.7539374999999999 0.5059421875 0.747665625 0.50050625 0.7361671875 0.49911562500000006 0.7287109375 0.50050625 0.7229265625 0.504171875 0.7196515625 0.5168140625000001 0.7161671875 0.5504421875000001 0.707665625 0.59165625 0.706690625 0.6221234375 0.710940625 0.64386875 0.72041875 0.6606828124999999 0.7257140625 0.6629578125 0.7262015625 0.6601765625 0.721671875 0.644753125 0.720696875 0.6270546875 0.72090625 0.605815625 0.7227171875 0.60391875 0.726690625 0.6098609374999999 0.7259234375 0.6456390625 0.72794375 0.6493046875 0.7317078125 0.6501890625 0.734703125 0.6465234375 0.741671875 0.6112515625 0.750453125 0.5912765624999999
4 0.68878125 0.555878125 0.696028125 0.64500625 0.699790625 0.651075 0.6979093749999999 0.6360296875 0.6985359375 0.6193421875 0.7012546875 0.5951953125 0.7077359375000001 0.5657390625 0.7137984375 0.553603125 0.72188125 0.5302156250000001 0.72188125 0.5029078124999999 0.7193734375 0.49835624999999995 0.7112890625 0.4954484375 0.6912890625 0.49089687499999995 0.6871078125000001 0.49241406249999997 0.6683625 0.48975937500000005 0.6627171875 0.4931734375 0.662509375 0.5006328124999999 0.6673171875 0.5165609375 0.6691984375 0.5395703125 0.668153125 0.554740625 0.6654359375000001 0.5695328125 0.6756796875 0.62161875 0.6846687499999999 0.6470296875 0.6968640625 0.654109375 0.694215625 0.6491781249999999 0.686690625 0.6299625 0.6810453125 0.5967125 0.6820906250000001 0.5589125 0.68878125 0.555878125
3 0.6610453125 0.632996875 0.6629968749999999 0.5704171875 0.6680140625 0.49329999999999996 0.6670390625 0.4829328125 0.6622296875 0.475221875 0.65303125 0.469784375 0.6475265625 0.47433593749999997 0.6392328125 0.47433593749999997 0.6314984375 0.4801515625 0.627246875 0.49329999999999996 0.6282921875 0.5169406249999999 0.6314984375 0.5359046875 0.63351875 0.5618203125 0.6420203124999999 0.6294562499999999 0.6462718749999999 0.653603125 0.6477359375 0.6601765625 0.65400625 0.6620734374999999 0.657003125 0.6601765625 0.6587453125 0.65385625 0.6610453125 0.632996875
3 0.62794375 0.54829375 0.6331015625 0.49279375 0.6310109374999999 0.481415625 0.6271078125 0.4726921875 0.6202093750000001 0.46776249999999997 0.6133093749999999 0.4699109375 0.6094078125 0.4753484375 0.5995125 0.47749687500000004 0.59345 0.4824265625 0.5901734375000001 0.48950625 0.58745625 0.5145390625 0.5970734375 0.562453125 0.6186765624999999 0.6495578125 0.6207671875 0.65385625 0.6262015625 0.65385625 0.6306625 0.6495578125 0.6271078125 0.6075859375 0.62794375 0.54829375
1 0.6042515625 0.678003125 0.599790625 0.55284375 0.5952609375 0.4957015625 0.58926875 0.47610625000000006 0.5814640625 0.46801562499999994 0.576096875 0.46852031250000004 0.5694781250000001 0.4788875 0.565296875 0.4940578125 0.5580484375 0.5055625 0.5565859375 0.520228125 0.5577703125 0.546396875 0.5751921875 0.6290765625 0.591359375 0.6900125 0.5919859375 0.6921625 0.5943546875 0.6954484375 0.598884375 0.6944375 0.6036937499999999 0.6900125 0.6042515625 0.678003125
2 0.5505921875 0.5433625 0.5550515625 0.5156765625 0.5529609375 0.49393125 0.55024375 0.48685156249999995 0.543971875 0.481415625 0.5308015625 0.483059375 0.525365625 0.4906453125 0.5235546875 0.510240625 0.5280843749999999 0.63160625 0.5298953125 0.639696875 0.5328921875 0.6462703125 0.5394421875 0.6451328125 0.545784375 0.6195953125 0.5505921875 0.5433625
2 0.5127531249999999 0.624146875 0.522509375 0.5065734375 0.52 0.48836874999999996 0.5181875 0.48318593749999994 0.5080843749999999 0.4798984375 0.4979796875 0.47926718749999997 0.4850875 0.48445 0.48466875 0.51833125 0.48794375 0.5589125 0.4915671875 0.6372953125 0.49296093750000003 0.6412140625 0.49839687499999996 0.6476609375 0.5070390625 0.6445000000000001 0.5105921875 0.6372953125 0.5127531249999999 0.624146875
2 0.4756796875 0.5500625 0.481115625 0.5003796875 0.481115625 0.47952031249999993 0.47533125 0.4748421875 0.46703906249999994 0.4748421875 0.4605578125 0.47952031249999993 0.44905937500000004 0.47952031249999993 0.442578125 0.48204843750000004 0.44222968749999997 0.529709375 0.44327500000000003 0.5486718749999999 0.441115625 0.6048046874999999 0.44620156250000004 0.6512015625 0.4487109375 0.6544875 0.451915625 0.6565109375 0.4581875 0.6529703125 0.46564531249999996 0.6231359375000001 0.4756796875 0.5500625
2 0.42411093749999995 0.6027812499999999 0.43763125 0.5233875 0.4381875 0.49077187499999997 0.433728125 0.47977187499999996 0.4229265625 0.4787609375 0.4165859375 0.48470312499999996 0.41421562500000003 0.49721875000000004 0.4135890625 0.5299625 0.4094078125 0.6017703125 0.40487812500000003 0.643615625 0.4046 0.649684375 0.4055046875 0.6539828125 0.41003437500000006 0.6539828125 0.417490625 0.640328125 0.42411093749999995 0.6027812499999999
1 0.4105921875 0.5045515625 0.4013234375 0.47244062500000006 0.3928921875 0.468646875 0.38480781249999996 0.48166875 0.377909375 0.50505625 0.3793734375 0.5426046875 0.37846718749999997 0.683059375 0.38 0.6873578124999999 0.38480781249999996 0.6835656250000001 0.3926125 0.6542343749999999 0.41212499999999996 0.5175734375000001 0.4105921875 0.5045515625
3 0.3826484375 0.49469062499999994 0.3751921875 0.48166875 0.36648125 0.47939375 0.3637625 0.47395624999999997 0.36048749999999996 0.47395624999999997 0.3514984375 0.48217499999999996 0.3484328125 0.5012640625 0.3526828125 0.5300890625 0.3568640625 0.624778125 0.36515624999999996 0.6622 0.366759375 0.666625 0.3703828125 0.6753484375000001 0.3739375 0.6068265625 0.382996875 0.5213656249999999 0.3826484375 0.49469062499999994
3 0.350940625 0.500253125 0.3470390625 0.4910234375 0.3377703125 0.4812890625 0.331428125 0.4834390625 0.32216093749999997 0.49216249999999995 0.318884375 0.502528125 0.3200703125 0.523640625 0.3236234375 0.5455125 0.327246875 0.5988625 0.325784375 0.634765625 0.31944218750000003 0.6744625 0.318884375 0.67775 0.31735156249999996 0.6831859375 0.32968593749999997 0.67168125 0.3422296875 0.6412140625 0.350940625 0.500253125
4 0.3119859375 0.5706703125 0.310453125 0.541340625 0.31735156249999996 0.5364093750000001 0.31763125 0.5206062499999999 0.315540625 0.508090625 0.292753125 0.514159375 0.27177656250000004 0.514665625 0.26515625 0.5212390625000001 0.2645296875 0.5304671875 0.2789546875 0.5815421875 0.28857187500000003 0.6426046875 0.299025 0.6676359374999999 0.2939375 0.6251578125 0.29121874999999997 0.5772437499999999 0.2936578125 0.5729453125 0.2984671875 0.5718078125 0.3005578125 0.580025 0.30174218750000004 0.5989890625000001 0.300975 0.6515796875000001 0.301184375 0.65941875 0.3020203125 0.6773703125 0.308084375 0.6474078125 0.310453125 0.616940625 0.3119859375 0.5706703125
4 0.265365625 0.5218703125 0.261603125 0.51555 0.2578390625 0.51276875 0.2496171875 0.51061875 0.2403484375 0.51605625 0.236096875 0.526421875 0.2291296875 0.52503125 0.225853125 0.53501875 0.22411093750000002 0.5513281250000001 0.22710781249999998 0.5718078125 0.2310796875 0.585840625 0.2403484375 0.5998734375 0.2633453125 0.6606828124999999 0.254634375 0.6035390625 0.24857187500000003 0.5772437499999999 0.25010468750000003 0.5744625 0.255609375 0.5718078125 0.258328125 0.575853125 0.2598609375 0.605815625 0.26585312499999997 0.62718125 0.2691296875 0.6638437500000001 0.2691296875 0.6843234375 0.2763765625 0.6434890625 0.2778390625 0.6152968750000001 0.272125 0.5809109375 0.265365625 0.5218703125
4 0.252753125 0.68394375 0.25937343749999997 0.7054359375 0.261671875 0.6944375 0.261671875 0.68280625 0.26041875000000003 0.675221875 0.245853125 0.62604375 0.2371421875 0.602528125 0.227875 0.5998734375 0.214425 0.602275 0.21337968749999997 0.613275 0.210453125 0.62225 0.204390625 0.6226296875 0.20188125 0.6378 0.2031359375 0.6570171874999999 0.20878125 0.6710499999999999 0.22188124999999997 0.685840625 0.2306625 0.7073328125 0.2452265625 0.7187109375 0.254425 0.7168140625 0.2512890625 0.7077125 0.22836249999999997 0.6676359374999999 0.2289890625 0.6653609375 0.23275312499999998 0.6495578125 0.23484375000000002 0.6465234375 0.237490625 0.6476609375 0.252753125 0.68394375
