4 0.2078046875 0.35271875 0.21505156250000002 0.3767390625 0.245784375 0.4307203125 0.25254374999999996 0.4589125 0.2550515625 0.476990625 0.2615328125 0.49152968750000003 0.26926875 0.4978515625 0.2805578125 0.49873593749999995 0.28654999999999997 0.4766125 0.29679375 0.48065781249999995 0.30655 0.476990625 0.308571875 0.467003125 0.3075265625 0.45157968750000005 0.303065625 0.43893750000000004 0.2840421875 0.4035390625 0.266271875 0.36131406250000003 0.25456406249999997 0.33919062499999997 0.2512890625 0.336409375 0.246271875 0.33919062499999997 0.2448078125 0.344121875 0.24655 0.354109375 0.2618125 0.39494375000000004 0.26104531249999996 0.4021484375 0.2582578125 0.4021484375 0.2440421875 0.390771875 0.2142859375 0.354109375 0.21052187500000002 0.3518328125 0.2078046875 0.35271875
4 0.28675937500000004 0.3190890625 0.28634218749999996 0.3242734375 0.290940625 0.3553734375 0.3027875 0.399115625 0.30529687499999997 0.43426093750000005 0.30466875 0.4509484375 0.310521875 0.4678890625 0.32090625 0.47572656249999995 0.328153125 0.47762343749999997 0.33714218749999997 0.45941875000000004 0.347246875 0.46725625 0.3565859375 0.46725625 0.358396875 0.4606828125 0.358396875 0.44298281250000004 0.3489890625 0.4103671875 0.33533124999999997 0.33463906250000003 0.326690625 0.31049375 0.320209375 0.3026546875 0.3162375 0.30328750000000004 0.3151921875 0.3078375 0.3165859375 0.32161875 0.32418125 0.3633375 0.324878125 0.37838125 0.32236875 0.3810359375 0.3195125 0.3810359375 0.31735156249999996 0.380025 0.30982656249999996 0.366371875 0.29345 0.3190890625 0.2884328125 0.3175734375 0.28675937500000004 0.3190890625
3 0.3891296875 0.43893750000000004 0.3903828125 0.4326171875 0.3891296875 0.4245265625 0.3836234375 0.418584375 0.377909375 0.4040453125 0.3694078125 0.36055625 0.35317031249999997 0.31694062500000003 0.3431359375 0.29974687499999997 0.33442500000000003 0.29519531250000003 0.3336578125 0.3006328125 0.351428125 0.3750953125 0.355121875 0.409103125 0.35693437499999997 0.44348906250000003 0.36139375 0.45170625 0.374146875 0.45537343750000003 0.3771421875 0.4548671875 0.38041874999999997 0.4557515625 0.384390625 0.45398281249999994 0.3856453125 0.4443734375 0.3891296875 0.43893750000000004
3 0.41414687499999997 0.4262953125 0.41790937499999997 0.4226296875 0.41888437500000003 0.4176984375 0.418396875 0.41264218750000003 0.39763125 0.35550000000000004 0.3859234375 0.31605625000000004 0.37463437499999996 0.297471875 0.367875 0.296965625 0.364878125 0.3015171875 0.3854359375 0.39721875 0.3894078125 0.43173125 0.3898953125 0.4343875 0.392125 0.4366625 0.40543593749999995 0.43944375 0.41038281249999997 0.4426046875 0.41414687499999997 0.4262953125
1 0.41240468750000003 0.27559999999999996 0.40634218750000006 0.273325 0.40655 0.30164375 0.4121953125 0.364475 0.42222968749999995 0.43135312499999995 0.425575 0.4446265625 0.429059375 0.44677656250000003 0.44411093749999997 0.441971875 0.44675937499999996 0.43931718750000004 0.44885 0.39924218749999996 0.4378390625 0.3409609375 0.42243906249999996 0.2862203125 0.41240468750000003 0.27559999999999996
2 0.4708015625 0.38166875 0.46132343750000004 0.2900125 0.45581875 0.2877375 0.4508015625 0.289128125 0.4483625 0.2954484375 0.452821875 0.43388125000000005 0.45484375000000005 0.4402015625 0.4578390625 0.44285781249999995 0.4731015625 0.43792656250000006 0.47533125 0.43653593749999997 0.47804843750000003 0.4351453125 0.47860625 0.43249062499999996 0.4765859375 0.412515625 0.4708015625 0.38166875
2 0.48682968750000005 0.294184375 0.48306562499999994 0.2910234375 0.48132343750000006 0.2922875 0.4778390625 0.30050625000000003 0.4750515625 0.341340625 0.4770734375 0.4034140625 0.478815625 0.4142859375 0.47930312500000005 0.4351453125 0.5003484375 0.439696875 0.5018125 0.439696875 0.5008359375 0.387990625 0.495609375 0.34171874999999996 0.48905937499999996 0.2987359375 0.48682968750000005 0.294184375
2 0.5220203125 0.3534765625 0.51533125 0.3217453125 0.5098265625 0.30998749999999997 0.5073171875 0.308596875 0.5050874999999999 0.310871875 0.5050874999999999 0.39608125 0.5035546875 0.4337546875 0.5050874999999999 0.43640937500000004 0.5207671875 0.43931718750000004 0.5235546875 0.439696875 0.5265500000000001 0.439696875 0.5270390625 0.42781250000000004 0.525575 0.378003125 0.5220203125 0.3534765625
2 0.5420906249999999 0.31377968749999996 0.5358890625 0.304171875 0.534634375 0.353603125 0.5296171875 0.42174531249999997 0.5296171875 0.4420984375 0.5475953125 0.44386875000000003 0.551359375 0.440328125 0.555121875 0.438053125 0.5565859375 0.41946874999999995 0.5528921875 0.398103125 0.5501046875 0.34500625 0.5420906249999999 0.31377968749999996
1 0.588084375 0.2933 0.5863421875 0.276990625 0.5838328125000001 0.272440625 0.5803484375 0.272440625 0.5768640625 0.275221875 0.5731015625 0.287484375 0.5631359375 0.35145312500000003 0.55763125 0.4026546875 0.5558890625 0.4407078125 0.55860625 0.44804062499999997 0.5763765624999999 0.4534765625 0.578884375 0.4529703125 0.581115625 0.4512015625 0.5843906249999999 0.43350156249999994 0.5891296875 0.36725625 0.588084375 0.2933
3 0.6253656249999999 0.27838124999999997 0.6228578125 0.27610625 0.6206265625 0.27610625 0.615609375 0.2855875 0.6056453125 0.3151703125 0.5973515625 0.3618203125 0.588640625 0.42616875 0.59763125 0.4470296875 0.601603125 0.448925 0.612125 0.44576562500000005 0.6166546875 0.4400765625 0.61811875 0.43615624999999997 0.6228578125 0.39089687500000003 0.6253656249999999 0.3109984375 0.6273875 0.2855875 0.6253656249999999 0.27838124999999997
3 0.6526125 0.376990625 0.6661328125 0.30353906249999996 0.6652265625 0.2926671875 0.6631359375 0.29051875 0.6577 0.2964609375 0.6493375 0.3182046875 0.633240625 0.366371875 0.622578125 0.405309375 0.61484375 0.4207328125 0.6111500000000001 0.433628125 0.610940625 0.440834375 0.6130312499999999 0.4446265625 0.6261328125000001 0.4585328125 0.63073125 0.459671875 0.6342156250000001 0.45625781249999997 0.6423687499999999 0.4566375 0.643903125 0.45537343750000003 0.6466203125 0.44943125000000006 0.648153125 0.4402015625 0.6475265625 0.42225 0.6526125 0.376990625
4 0.6771421875 0.324146875 0.6689203125 0.3639703125 0.6566546875 0.40758593750000005 0.6441109375 0.43931718750000004 0.64466875 0.45840781249999996 0.647875 0.46649843750000003 0.651915625 0.467003125 0.66236875 0.4606828125 0.674634375 0.46649843750000003 0.678396875 0.4750953125 0.692125 0.473325 0.695609375 0.4715546875 0.6991640625 0.46561250000000004 0.701671875 0.4556265625 0.70466875 0.4067 0.7231359375 0.33678906249999996 0.723903125 0.32275624999999997 0.721671875 0.3195953125 0.7171421875 0.319975 0.712125 0.3273078125 0.6976312499999999 0.36940625 0.6883625 0.382553125 0.685365625 0.383565625 0.6828578125 0.380784375 0.68139375 0.3767390625 0.684390625 0.3462703125 0.694146875 0.304171875 0.6858531250000001 0.306446875 0.6771421875 0.324146875
4 0.73860625 0.3653609375 0.728153125 0.38217500000000004 0.715121875 0.41757343750000003 0.7066203125 0.432996875 0.7001390625 0.4484203125 0.6971421875 0.4610625 0.69811875 0.46611874999999997 0.70041875 0.4692796875 0.70188125 0.4773703125 0.7041109375 0.47926718749999997 0.7136578124999999 0.47825468750000005 0.7241109375 0.4815421875 0.7308703125 0.494184375 0.7354 0.49646093750000003 0.7436234374999999 0.493678125 0.752125 0.4824265625 0.7591640625 0.44386875000000003 0.768153125 0.41163125 0.77811875 0.36219999999999997 0.7806265625 0.342225 0.76188125 0.37496874999999996 0.747875 0.40568906250000003 0.7428578124999999 0.4067 0.7413937500000001 0.4035390625 0.7413937500000001 0.3993671875 0.7591640625 0.36219999999999997 0.7796515625 0.33501875000000003 0.7601390625 0.344121875 0.73860625 0.3653609375
4 0.7450875 0.6179515624999999 0.758328125 0.5729453125 0.7593734375000001 0.550315625 0.75533125 0.5312265625 0.7501046875 0.52945625 0.7471078125 0.5362828125 0.7416031249999999 0.5348921875 0.7403484375 0.530846875 0.73533125 0.525790625 0.731359375 0.51719375 0.7160968750000001 0.5345125000000001 0.7138671875 0.5548671875 0.7133093749999999 0.5934265625 0.705853125 0.628825 0.705853125 0.6437421875 0.7073171874999999 0.657775 0.7093375 0.6646015625 0.711846875 0.6677625 0.7175609374999999 0.6654875 0.7190937500000001 0.6565109375 0.7200703125000001 0.628825 0.721603125 0.6211125 0.725853125 0.6137796875 0.728571875 0.61605625 0.7301046875 0.62060625 0.7315671874999999 0.6365359374999999 0.7315671874999999 0.6573953125 0.7365859375 0.67281875 0.738815625 0.6768640625 0.7433453125 0.676359375 0.7445999999999999 0.6737046875 0.7438328125 0.6410875 0.7450875 0.6179515624999999
4 0.7043203124999999 0.5866 0.7105921875 0.5571421875 0.7115671875 0.5353984374999999 0.7093375 0.5203546875 0.7013234374999999 0.5108718750000001 0.6973515625 0.5135265625 0.6926125 0.5240203125 0.6838328125 0.5126421875 0.6803484375 0.5126421875 0.671359375 0.5194687499999999 0.6663421875 0.5268015625 0.6646 0.53944375 0.6693374999999999 0.58836875 0.6673171875 0.612009375 0.6671078125000001 0.639190625 0.6698265625000001 0.6555 0.673309375 0.664221875 0.6753312499999999 0.666878125 0.6798609375 0.666878125 0.681603125 0.6609359375 0.6808359375 0.619215625 0.6873171874999999 0.6137796875 0.6896171875 0.6151703125 0.6903140624999999 0.6460171875 0.695609375 0.659671875 0.6990937500000001 0.661440625 0.7025781249999999 0.6555 0.705575 0.627434375 0.7033453125 0.6015171875 0.7043203124999999 0.5866
3 0.6628578125 0.6281921875 0.66236875 0.5701640625 0.6648078125 0.5307203125 0.663065625 0.518078125 0.65958125 0.5093546875 0.6503140625 0.5026546875 0.6453656249999999 0.504425 0.6383281249999999 0.515296875 0.63533125 0.5207328125 0.6326125 0.5316062500000001 0.6331015625 0.5461437499999999 0.63533125 0.5570171875 0.6475953125 0.6509484375000001 0.64885 0.65499375 0.6553312499999999 0.66005 0.6593734375 0.6595453124999999 0.661115625 0.654109375 0.6628578125 0.6281921875
3 0.6262015625 0.6065734375 0.630940625 0.5567640625 0.6384671875000001 0.5259171874999999 0.637421875 0.51276875 0.6339375 0.50278125 0.6282234375 0.49507031250000005 0.6224390625 0.493678125 0.6154703125000001 0.501390625 0.6096859375 0.511884375 0.604459375 0.5154234375 0.6024390625 0.5276859375 0.6024390625 0.5544875 0.6057140624999999 0.5948171875 0.61345 0.6573953125 0.614425 0.661946875 0.6161671875 0.6651078125 0.6186765624999999 0.6656125 0.6227171874999999 0.6624531250000001 0.6262015625 0.6065734375
1 0.59345 0.6824265625 0.6059234375 0.502275 0.6021609375 0.4910234375 0.594425 0.48280625 0.5834140624999999 0.4823015625 0.5764453125 0.49228750000000004 0.5736578125 0.509103125 0.57121875 0.543109375 0.57121875 0.585334375 0.5754703125 0.6293296875000001 0.584459375 0.6833125 0.58466875 0.6868515625 0.586690625 0.6901390625 0.5901734375000001 0.6905187500000001 0.5921953125 0.6878640625 0.59345 0.6824265625
2 0.571428125 0.5217453125 0.5724046875 0.4931734375 0.571428125 0.47635937500000003 0.5526828125 0.4681421875 0.5484328125 0.468646875 0.5462015625000001 0.4713015625 0.544459375 0.48318593749999994 0.5414640625 0.52616875 0.5394421875 0.6137796875 0.5434140625 0.6423515625 0.54515625 0.64500625 0.5487109375 0.6469031249999999 0.5524046874999999 0.6423515625 0.56041875 0.5978515625 0.571428125 0.5217453125
2 0.541671875 0.47496875000000005 0.539721875 0.46776249999999997 0.5361671875 0.466371875 0.5214640625 0.4640953125 0.5036937499999999 0.465865625 0.501671875 0.47092343750000004 0.501671875 0.5053093750000001 0.50515625 0.5284453124999999 0.5096859375 0.572440625 0.5202093750000001 0.63501875 0.5221609375 0.639190625 0.5257140625 0.639190625 0.527178125 0.636915625 0.531915625 0.5692796875 0.541671875 0.47496875000000005
2 0.49693437500000004 0.5184578125 0.49916406249999995 0.468646875 0.49818749999999995 0.46498125 0.48515625 0.46232656250000004 0.46369375 0.4618203125 0.4614640625 0.4804046875 0.46216093750000004 0.5175734375000001 0.463903125 0.5389375000000001 0.46341406249999995 0.57610625 0.46641093749999996 0.6286984375 0.468153125 0.6332484375 0.4726828125 0.6346390625 0.4749125 0.6318578125000001 0.48543593749999997 0.586978125 0.49693437500000004 0.5184578125
2 0.4561671875 0.4715546875 0.4539375 0.46611874999999997 0.42815312499999997 0.47244062500000006 0.42766562500000005 0.47749687500000004 0.4284328125 0.5051828125 0.432125 0.5286984375 0.43289218749999997 0.551453125 0.43888437500000005 0.6031609375 0.4459234375 0.6484203125 0.448640625 0.6512015625 0.451915625 0.64665 0.4533796875 0.6275593749999999 0.457421875 0.5087234375 0.4561671875 0.4715546875
1 0.4261328125 0.519215625 0.424390625 0.49696562499999997 0.4163765625 0.47345156250000003 0.4034140625 0.476990625 0.39763125 0.48470312499999996 0.394634375 0.497471875 0.39512187499999996 0.5078375 0.3933796875 0.514159375 0.3939375 0.598609375 0.397909375 0.6620734374999999 0.398884375 0.6675093750000001 0.40515625 0.668015625 0.4091296875 0.6625796875 0.4234140625 0.5817953124999999 0.4261328125 0.519215625
3 0.38864062499999996 0.6544875 0.396934375 0.5193421875 0.394634375 0.5103671875 0.3894078125 0.505815625 0.38139375000000003 0.49216249999999995 0.3754 0.488115625 0.3698953125 0.48950625 0.3624390625 0.5067 0.3624390625 0.515296875 0.3664109375 0.5343875 0.3701734375 0.56611875 0.3756796875 0.644121875 0.376934375 0.6495578125 0.38013906249999996 0.657775 0.383903125 0.6609359375 0.386690625 0.6590390625 0.38864062499999996 0.6544875
3 0.36062656249999997 0.5792671875 0.367178125 0.5384328125 0.3673875 0.5235140625 0.3664109375 0.5184578125 0.35888437500000003 0.5121359375 0.35038281250000003 0.50164375 0.34662031249999997 0.50164375 0.3396515625 0.5098609374999999 0.33637656250000003 0.5298359375 0.34418125 0.626928125 0.34515625 0.6544875 0.3464109375 0.6590390625 0.3494078125 0.6604296875 0.3524046875 0.657775 0.3581875 0.6346390625 0.36062656249999997 0.5792671875
4 0.3339375 0.60885 0.33121875 0.5944375 0.3366546875 0.5290765625 0.331846875 0.519215625 0.3247390625 0.5151703125 0.31958125000000004 0.5140328125 0.31121875 0.524146875 0.3089203125 0.524146875 0.3023 0.513653125 0.29498281249999997 0.5144124999999999 0.29059218750000004 0.5381796875 0.2916375 0.559671875 0.2966546875 0.5903921875 0.296028125 0.599746875 0.3012546875 0.6704171875 0.30334531249999996 0.682553125 0.3066203125 0.665865625 0.30975625 0.6149171875 0.31289218750000003 0.6096078125 0.316028125 0.6084703124999999 0.3206265625 0.611125 0.3208359375 0.667003125 0.3214640625 0.6711750000000001 0.3235546875 0.671934375 0.33205625 0.6523390625000001 0.3347734375 0.624778125 0.3339375 0.60885
4 0.2987453125 0.6637171875 0.29623750000000004 0.63160625 0.29024375 0.5957015625000001 0.2887109375 0.553096875 0.28696875 0.541340625 0.2812546875 0.5322375 0.2721953125 0.5259171874999999 0.2691984375 0.5276859375 0.26243906250000004 0.5445 0.25121875 0.538559375 0.24745625000000002 0.542225 0.2449484375 0.5548671875 0.246690625 0.5776234375 0.2587453125 0.6207328125 0.2581875 0.651959375 0.26020937499999997 0.681415625 0.2647390625 0.6873578124999999 0.26669062499999996 0.6859671875 0.2696859375 0.6764859375000001 0.273240625 0.63160625 0.2757484375 0.6165609375 0.284459375 0.6460171875 0.290453125 0.6759796875 0.29073125 0.6787609375 0.2919859375 0.684196875 0.29498281249999997 0.6873578124999999 0.2979796875 0.6850828124999999 0.2987453125 0.6637171875
