4 0.6116671874999999 0.22079374999999998 0.5903609375000001 0.22504375 0.5644890625000001 0.2357015625 0.5327843750000001 0.2396375 0.52048125 0.2442359375 0.5198484375 0.24886875000000003 0.521115625 0.25276875 0.52821875 0.258446875 0.5405203125 0.2645078125 0.5644890625000001 0.2716125 0.58389375 0.2719609375 0.6058343749999999 0.26875625 0.6343062500000001 0.25987499999999997 0.655040625 0.2502953125 0.6601781250000001 0.24388749999999998 0.662778125 0.2385578125 0.662778125 0.2335765625 0.65434375 0.23110468750000002 0.6421046875 0.23322812499999998 0.6317062499999999 0.240334375 0.6146484375 0.24681250000000002 0.5942296875 0.251340625 0.5902984375 0.250121875 0.5916296875 0.2470921875 0.5935953125 0.2456640625 0.6181359375000001 0.2335765625 0.6472421875000001 0.2218734375 0.6343062500000001 0.21793749999999998 0.6116671874999999 0.22079374999999998
4 0.6433093750000001 0.3170671875 0.658909375 0.31410625 0.6718453125 0.308778125 0.6783125 0.3025421875 0.6761578125 0.29634218749999997 0.6740015625 0.293975 0.6696890625 0.29279062499999997 0.6433093750000001 0.29634218749999997 0.629803125 0.298990625 0.6190234375 0.29811875 0.6168671875 0.29160624999999996 0.6179453125000001 0.28982968750000004 0.62821875 0.285684375 0.6470515625 0.283315625 0.656753125 0.2815390625 0.6659484375 0.2773953125 0.6691812500000001 0.2729359375 0.6664546875 0.2693828125 0.6573234375 0.2691046875 0.5565 0.2800421875 0.5543437499999999 0.28094687500000004 0.553265625 0.2892375 0.5554218750000001 0.2987109375 0.5489531249999999 0.3081859375 0.5489531249999999 0.316753125 0.549525 0.31825156250000003 0.5559921875 0.3241734375 0.5603046875000001 0.3268203125 0.5791375000000001 0.32713281250000004 0.6433093750000001 0.3170671875
4 0.668675 0.363915625 0.6700062499999999 0.35799375 0.6664546875 0.3560078125 0.6197203124999999 0.3535359375 0.61344375 0.3510625 0.613 0.3481015625 0.6166140625 0.344409375 0.621496875 0.34319062499999997 0.6529484375 0.34319062499999997 0.663728125 0.3404734375 0.6714015625 0.33354218750000003 0.6714015625 0.328875 0.661065625 0.32441718750000004 0.5582125 0.32344062500000004 0.5487640625 0.32493906250000004 0.5455921874999999 0.32640156249999996 0.5438171875 0.3332984375 0.5447046875 0.337025 0.539759375 0.344165625 0.5370953125 0.35130625000000004 0.538428125 0.3564953125 0.5438171875 0.3607109375 0.5433734375 0.3663875 0.5442609375 0.3676078125 0.5455921874999999 0.3685828125 0.554153125 0.3700796875 0.662396875 0.366109375 0.668675 0.363915625
3 0.655421875 0.39749218750000004 0.68560625 0.39899062500000004 0.701775 0.3972140625 0.707165625 0.395715625 0.711478125 0.393346875 0.7104 0.390978125 0.7033609375000001 0.3877390625 0.6931515625 0.38565 0.612809375 0.37854375 0.5821171875 0.3764890625 0.549778125 0.36879062500000004 0.5422328125 0.36879062500000004 0.53735 0.3702546875 0.53519375 0.3738078125 0.5357640625 0.378265625 0.5389984375 0.38620625 0.5405828125000001 0.39010781250000004 0.5427390625 0.3948453125 0.5470515625 0.3972140625 0.5740015625 0.398084375 0.655421875 0.39749218750000004
3 0.663284375 0.41246875000000005 0.6735578125 0.41010156249999996 0.6740640625000001 0.40595625 0.6729859375 0.4044578125 0.656309375 0.40268125 0.6277109375000001 0.4035875 0.5457828124999999 0.4035875 0.54039375 0.40505 0.537159375 0.407140625 0.5305640625 0.415534375 0.5263796875 0.42044531249999995 0.5249203125 0.422675 0.535003125 0.423128125 0.6412171875 0.4163015625 0.663284375 0.41246875000000005
1 0.6663921875 0.4477875 0.6700062499999999 0.445315625 0.6695625 0.44186718750000004 0.6663921875 0.43939374999999997 0.6578953125 0.4369203125 0.6304375 0.433228125 0.5447046875 0.42929218750000003 0.51953125 0.4290140625 0.514140625 0.43988125 0.5116671875 0.447475 0.5109703125 0.4517234375 0.5101453125 0.4544765625 0.5657578125 0.45565937500000003 0.6340515625 0.4517234375 0.6663921875 0.4477875
2 0.6663921875 0.47502656249999997 0.6695625 0.47206562500000004 0.6659484375 0.47056718750000004 0.6452765625 0.46663125 0.5985421875 0.4624171875 0.5109703125 0.4592125 0.5020296875 0.4789625 0.5303109375 0.4777078125 0.61699375 0.47600156250000003 0.6605578125 0.4769765625 0.6663921875 0.47502656249999997
2 0.638871875 0.4859625 0.6379828125 0.48349062500000006 0.6298671875 0.4822703125 0.5643 0.4802859375 0.505896875 0.4815390625 0.504565625 0.492371875 0.5024093749999999 0.4960984375 0.5005078125 0.49780625 0.5000640625 0.49954687499999995 0.615028125 0.49533281249999994 0.6357 0.491153125 0.638871875 0.4859625
2 0.6173109375 0.5103796875 0.6451484375 0.5076625 0.6231453124999999 0.5044578125 0.499175 0.5012546875 0.49860468750000003 0.5163703125 0.49873124999999996 0.5195046875 0.49873124999999996 0.520515625 0.5355734375 0.5180421875000001 0.573303125 0.5165453125 0.6173109375 0.5103796875
2 0.6974 0.5213515625 0.6435 0.5198890625 0.59004375 0.52358125 0.54825625 0.523825 0.5051359375 0.5233375 0.5051359375 0.526540625 0.5086875 0.538 0.5100828125 0.5406125 0.513696875 0.5420765624999999 0.5679140625 0.5390109375 0.68998125 0.5236156249999999 0.6974 0.5213515625
1 0.727140625 0.5517593749999999 0.7320234375 0.5452453125 0.7314515625 0.5407875 0.7260625 0.5387328124999999 0.6311984374999999 0.546115625 0.5929609375 0.5464296875 0.5476859375 0.5452453125 0.5190875 0.546115625 0.513696875 0.550575 0.5121109374999999 0.556775 0.51261875 0.5603281250000001 0.5258078125 0.5717515625 0.531515625 0.574259375 0.544959375 0.57513125 0.608053125 0.5707078125 0.711540625 0.5564953125 0.727140625 0.5517593749999999
3 0.6479390625 0.6003828125 0.665884375 0.5991296875 0.6748890624999999 0.597421875 0.6833859375 0.593975 0.6838296875000001 0.590003125 0.6802796875 0.587565625 0.6740015625 0.5863109375 0.529803125 0.5774296875 0.5356375 0.5865546875 0.5344953125 0.5955765625 0.53430625 0.5998953124999999 0.5356375 0.6018453125 0.5401390625 0.60334375 0.6007609375 0.6026125 0.6479390625 0.6003828125
3 0.71135 0.6378609375 0.7102734374999999 0.6334375 0.696259375 0.6266109375 0.640203125 0.61623125 0.536715625 0.603796875 0.532403125 0.608534375 0.530246875 0.6135843750000001 0.529740625 0.6189125 0.5318953125 0.6266109375 0.538871875 0.632671875 0.5453390625 0.6344484375 0.6278374999999999 0.6372687499999999 0.6914390625 0.6443749999999999 0.7048828125 0.6423203125 0.71135 0.6378609375
4 0.6331015625 0.6832812500000001 0.6537734375 0.6832812500000001 0.6731765625 0.682584375 0.6770453125 0.6818531250000001 0.6783765625 0.67903125 0.6738109375 0.6740515625 0.665440625 0.672275 0.63176875 0.6683734375 0.6279015625000001 0.6669453125 0.6266328125 0.6651687500000001 0.6272671875 0.6612671875 0.6343687499999999 0.65733125 0.642803125 0.65733125 0.6731765625 0.6612671875 0.6835125 0.6612671875 0.6887125000000001 0.6584109375 0.688078125 0.6541625 0.6783765625 0.6498781250000001 0.5431828125 0.6342390625000001 0.5399499999999999 0.6370953125 0.5347500000000001 0.64845 0.5464171875 0.6605359375 0.5464171875 0.6754796875 0.5476859375 0.676871875 0.5528859374999999 0.679728125 0.5684203125 0.6815046875 0.6331015625 0.6832812500000001
4 0.6722890625 0.7082890625 0.6426125 0.6979093749999999 0.594103125 0.6860671875000001 0.560178125 0.6804593750000001 0.5477484375 0.6884359375 0.5461640625 0.6955421875 0.5461640625 0.7020546875 0.5418515625 0.709753125 0.5386171875 0.7186343749999999 0.5386171875 0.7215953125000001 0.5418515625 0.72455625 0.5634109375 0.7275171874999999 0.6410265625 0.7340296875 0.648003125 0.7334375 0.6518078125 0.73106875 0.6496515625 0.725740625 0.639378125 0.7198187500000001 0.612365625 0.715221875 0.6048828125 0.7109375 0.60221875 0.70856875 0.6027265625 0.707384375 0.61350625 0.7044234375 0.636715625 0.7091609375 0.6733671875 0.7118421875000001 0.6722890625 0.7082890625
4 0.6415984375 0.75033125 0.596703125 0.7367468749999999 0.571971875 0.73058125 0.5522515625 0.7266453125 0.5374125000000001 0.72145625 0.5324671875 0.7217 0.5230187500000001 0.737478125 0.5212421875000001 0.7468484375 0.514521875 0.75228125 0.5136328125 0.7557296874999999 0.5086875 0.7626609375 0.51001875 0.766109375 0.5131265625 0.7680953125000001 0.5216875 0.7700453125 0.5464171875 0.77154375 0.5930875 0.7799375000000001 0.6290421875 0.7917796874999999 0.6366515625 0.7937296875000001 0.6506031250000001 0.7952281250000001 0.653265625 0.7934859375000001 0.651934375 0.78955 0.6290421875 0.7764546875 0.6088140625 0.7688265624999999 0.5913125 0.765378125 0.5845906249999999 0.7631484375 0.5823078125000001 0.7611640625 0.5814203124999999 0.7592125000000001 0.5809765625 0.7520374999999999 0.5845906249999999 0.75033125 0.6020921875 0.7495640625 0.6415984375 0.75033125
3 0.32003750000000003 0.6452796875 0.3239703125 0.6459765625 0.3472421875 0.6442 0.44229531250000004 0.6303734375000001 0.483703125 0.622884375 0.4882046875 0.618634375 0.48566875 0.605503125 0.4694984375 0.604075 0.44489531250000003 0.6086734375 0.4177546875 0.61508125 0.3634109375 0.6260890625 0.323525 0.6365031250000001 0.3194046875 0.6378265625 0.3168046875 0.6385234375 0.3168046875 0.6399515625000001 0.3175015625 0.6428078125 0.32003750000000003 0.6452796875
1 0.320228125 0.6163703125 0.32606250000000003 0.617415625 0.3351296875 0.6170671875 0.46899218749999994 0.5982234375 0.47805937500000006 0.5893421875 0.48192812500000004 0.5772906250000001 0.47805937500000006 0.5687562500000001 0.47545937499999996 0.567328125 0.46385468750000003 0.5687562500000001 0.4211796875 0.5772906250000001 0.38040625 0.5886453125 0.3285359375 0.602159375 0.3222578125 0.6037265625 0.31699375 0.6074890625 0.3157265625 0.610309375 0.3176921875 0.6142109375 0.320228125 0.6163703125
2 0.3942296875 0.5735625 0.4643 0.565865625 0.47343124999999997 0.564403125 0.47019687499999996 0.5404046874999999 0.405009375 0.5496000000000001 0.3152828125 0.563671875 0.31065312500000003 0.5649953125 0.31065312500000003 0.5703234375 0.31553593750000003 0.5741546875 0.32308125 0.5753390625 0.3942296875 0.5735625
2 0.3057078125 0.54346875 0.3116046875 0.5464296875 0.31591562500000003 0.547021875 0.353646875 0.5455593750000001 0.4361453125 0.5410999999999999 0.45605624999999994 0.5387328124999999 0.466328125 0.5363640625 0.4614453125 0.5298499999999999 0.45389999999999997 0.5088468749999999 0.4107796875 0.5118078125000001 0.3118578125 0.525009375 0.3057078125 0.526296875 0.301903125 0.528665625 0.3003171875 0.5313484374999999 0.301903125 0.5402296875 0.3057078125 0.54346875
2 0.30989218749999997 0.47854374999999993 0.359734375 0.49310312500000003 0.42764687500000004 0.495228125 0.45218749999999996 0.49345156250000005 0.458021875 0.48777499999999996 0.45611875 0.4760359375 0.46125625000000003 0.46360156249999995 0.4438171875 0.46502968750000007 0.42504687499999994 0.463984375 0.41274531249999996 0.46576093749999997 0.3177546875 0.464959375 0.3105265625 0.46468125000000005 0.30019062500000004 0.466109375 0.29695625 0.4678859375 0.2982875 0.472134375 0.30989218749999997 0.47854374999999993
2 0.313 0.44831093749999995 0.3194671875 0.45151562500000003 0.4112875 0.45931718750000006 0.46563125000000005 0.45966562499999997 0.4668984375 0.45754062500000003 0.47209843749999997 0.436571875 0.46303124999999995 0.43479687499999997 0.4112875 0.435528125 0.3212421875 0.4385921875 0.3156 0.43942812499999995 0.313 0.440125 0.3104 0.44263281250000003 0.31103437500000003 0.44510625 0.313 0.44831093749999995
1 0.36962656250000003 0.4218046875 0.43265624999999996 0.4274125 0.44667031250000006 0.42978125 0.45047499999999996 0.4330546875 0.4574515625 0.4330546875 0.46448906250000005 0.43127812499999996 0.47254218750000004 0.427725 0.47685468750000004 0.42326718750000003 0.4779328125 0.41616093750000005 0.47146406250000006 0.40550312499999996 0.44292968750000006 0.401671875 0.41972031249999997 0.400765625 0.3744453125 0.4004875 0.33348125 0.3954375 0.3183890625 0.39676093749999997 0.31515468750000003 0.3975265625 0.3157265625 0.40195 0.3178828125 0.4060953125 0.3248578125 0.410553125 0.36962656250000003 0.4218046875
3 0.3366515625 0.375896875 0.3544703125 0.38063437499999997 0.39004374999999997 0.38861093750000003 0.453646875 0.3983984375 0.4681671875 0.39749218750000004 0.478440625 0.3960296875 0.48218125 0.393346875 0.48490781250000003 0.3865546875 0.4838296875 0.377359375 0.476284375 0.37203125 0.44610000000000005 0.373528125 0.39004374999999997 0.3738078125 0.34908125 0.3678859375 0.33519375 0.3688265625 0.32910625 0.3690703125 0.3253640625 0.3690703125 0.3242859375 0.3702546875 0.325871875 0.37234375000000003 0.3366515625 0.375896875
3 0.3455296875 0.34273750000000003 0.3487640625 0.348415625 0.390171875 0.359421875 0.469753125 0.370428125 0.4807234375 0.3693828125 0.48395625000000003 0.3611984375 0.4826890625 0.3530484375 0.47362031250000003 0.345559375 0.361509375 0.3316265625 0.3539625 0.331 0.3502859375 0.332253125 0.3481296875 0.33385625 0.3455296875 0.3374078125 0.3455296875 0.34273750000000003
4 0.41116093749999993 0.3158140625 0.420165625 0.31863437499999997 0.42276406250000004 0.3211421875 0.42339843750000006 0.3239640625 0.41693125000000003 0.325740625 0.38395625 0.32218749999999996 0.37298593750000003 0.3232671875 0.3703875 0.32504374999999996 0.3703875 0.326471875 0.389790625 0.3335765625 0.46030468750000003 0.3467078125 0.47907343750000003 0.347440625 0.48807812500000003 0.3428078125 0.49067812499999997 0.33678125 0.49264374999999994 0.32716875 0.498478125 0.31508125 0.49327812499999996 0.31118125 0.46220625000000004 0.30693125 0.37089375 0.30153281249999997 0.364553125 0.30160156250000003 0.363284375 0.30658281249999997 0.3677875 0.31048437500000003 0.390425 0.3143859375 0.41116093749999993 0.3158140625
4 0.442803125 0.300940625 0.48681093750000004 0.3055375 0.49587812500000006 0.29951249999999996 0.5017125 0.2941828125 0.5042484375 0.28707812499999996 0.502346875 0.277846875 0.498478125 0.268965625 0.4855421875 0.26255625 0.45707031249999996 0.263984375 0.44216875 0.263984375 0.4020921875 0.250853125 0.372353125 0.24409687500000002 0.3755859375 0.25332656249999996 0.387190625 0.26255625 0.418896875 0.279971875 0.376475 0.2880875 0.3674703125 0.291153125 0.360875 0.29355625 0.3826890625 0.29951249999999996 0.4208625 0.300940625 0.442803125 0.300940625
