4 0.4383 0.7609546875000001 0.4476859375 0.7601875 0.539378125 0.7384890625 0.5488265625000001 0.734309375 0.5479390625 0.7273765625 0.54476875 0.7187390625 0.5339890625 0.7096140625 0.5259359375 0.69829375 0.5160437499999999 0.694565625 0.5065953125 0.694321875 0.48909375 0.69878125 0.47647500000000004 0.7047015625 0.4643625 0.7115984375 0.42796406249999996 0.7259140625 0.41223906250000003 0.73775625 0.40957499999999997 0.7419359375 0.41585312500000005 0.7459078124999999 0.42301875000000005 0.7446531249999999 0.43652499999999994 0.73824375 0.465884375 0.7301984375 0.47349375 0.7299546875 0.476728125 0.7324625 0.476284375 0.7351796875 0.43379843749999997 0.7550328125 0.43335468749999995 0.756984375 0.43430625 0.75945625 0.4383 0.7609546875000001
3 0.3948 0.6304765625 0.3826890625 0.63368125 0.3844640625 0.6366421875 0.39346875 0.639846875 0.40919531249999996 0.6428078125 0.44508593750000003 0.6423203125 0.5066578125000001 0.64576875 0.5129359375 0.6432953125 0.5147109375000001 0.6378609375 0.523271875 0.6344125 0.5268859375 0.6218390625 0.5254921875 0.6203765625 0.5219406249999999 0.617659375 0.4913765625 0.6136890625 0.4599234375 0.619609375 0.3948 0.6304765625
1 0.47025937500000003 0.5853359375 0.467596875 0.5882968749999999 0.4455296875 0.5907703125 0.3642359375 0.59519375 0.3557390625 0.5988859375 0.3544078125 0.6013578125000001 0.3561828125 0.604075 0.46937187500000005 0.610728125 0.481040625 0.609265625 0.5003796875 0.6132015625 0.52821875 0.6136890625 0.537159375 0.61149375 0.5457203125000001 0.60480625 0.5470515625 0.6011140625 0.5460375 0.587809375 0.5452765625 0.5858234375 0.5412171875 0.5845703125 0.5120484375000001 0.5840828124999999 0.47565 0.588053125 0.47025937500000003 0.5853359375
2 0.44128125 0.5604671875 0.41274531249999996 0.5601875 0.39492656249999997 0.5566703125 0.3911859375 0.557228125 0.39156562500000003 0.5622078125 0.3933421875 0.565203125 0.401965625 0.567571875 0.46880156250000005 0.5758625 0.4720359375 0.5785437499999999 0.50221875 0.5823750000000001 0.5285984375 0.58328125 0.5399499999999999 0.581190625 0.5431828125 0.57823125 0.54648125 0.55945625 0.544325 0.555171875 0.5270140624999999 0.5521765624999999 0.5027265625 0.552490625 0.46880156250000005 0.5580984375 0.44128125 0.5604671875
2 0.4104 0.5355624999999999 0.40393125 0.5397078125 0.405009375 0.545628125 0.4201015625 0.54918125 0.5300578125000001 0.54918125 0.539759375 0.5482765625 0.5457203125000001 0.545628125 0.5473046874999999 0.541484375 0.5490171875 0.5299203125 0.5483828125 0.52668125 0.5462265625 0.5251828125 0.530628125 0.5251828125 0.434115625 0.5314171875 0.4104 0.5355624999999999
2 0.499175 0.48568437500000006 0.475903125 0.49526250000000005 0.46360156249999995 0.4970390625 0.4286625 0.4984671875 0.4124921875 0.5009750000000001 0.40602343750000003 0.5048765625 0.40665781250000005 0.508778125 0.41376093750000004 0.5116328125 0.44743125 0.5130265625 0.4842734375 0.5215609375 0.5172484374999999 0.521909375 0.5457203125000001 0.5194359375000001 0.5476859375 0.51835625 0.5503484375000001 0.5029265625 0.5495875 0.4913625 0.5476859375 0.4881578125 0.5438171875 0.48568437500000006 0.5334171875 0.48425624999999994 0.499175 0.48568437500000006
2 0.5333546874999999 0.441240625 0.5198484375 0.4433296875 0.4982875 0.4522125 0.467596875 0.454859375 0.38998125 0.466109375 0.384590625 0.469975 0.3861765625 0.47321562500000003 0.38998125 0.4743984375 0.4072296875 0.47499062500000006 0.4514265625 0.4753046875 0.505834375 0.47676718749999997 0.5344328125 0.4743984375 0.54305625 0.4690703125 0.5462906249999999 0.46492500000000003 0.551109375 0.44925156250000003 0.5506031250000001 0.44775312500000003 0.5506031250000001 0.44629062499999994 0.5467984375 0.443921875 0.541978125 0.4421453125 0.5333546874999999 0.441240625
1 0.51610625 0.409265625 0.5031703125 0.40839375 0.4557390625 0.4116328125 0.40291718750000005 0.41281718749999996 0.39321562499999996 0.41459375 0.38566875 0.4187390625 0.38566875 0.420515625 0.3904875 0.42406875 0.40773593750000003 0.4282125 0.4487 0.43385625 0.5268859375 0.44656874999999996 0.53874375 0.44629062499999994 0.5424859375 0.44479218749999994 0.544134375 0.441240625 0.5441984375 0.42671562500000004 0.544134375 0.42319687500000003 0.544134375 0.4211078125 0.53874375 0.41459375 0.5338625 0.4116328125 0.51610625 0.409265625
3 0.41705781249999996 0.385928125 0.3694359375 0.3943578125 0.3679765625 0.3983625 0.38040625 0.399546875 0.4731140625 0.4048765625 0.503296875 0.40606093750000005 0.519975 0.4048765625 0.5248578125 0.4025078125 0.531325 0.3936265625 0.53348125 0.38620625 0.5329109375 0.3817828125 0.5263796875 0.3755828125 0.5227015625 0.3729015625 0.5173109375 0.3705328125 0.5070390625 0.36903593749999997 0.4811671875 0.3708109375 0.41705781249999996 0.385928125
4 0.41407812499999996 0.21605781249999997 0.41953125 0.225009375 0.46068437500000003 0.248903125 0.49327812499999996 0.2659359375 0.5087515625 0.2817140625 0.5242859375 0.286415625 0.536715625 0.2872515625 0.5452765625 0.282584375 0.5553578124999999 0.262521875 0.5646796875 0.252734375 0.569309375 0.24378281249999997 0.5700703125000001 0.2386625 0.5677875 0.23483125 0.5608109375 0.231 0.54216875 0.2280046875 0.5211796875 0.2237546875 0.49169375000000004 0.21309687500000002 0.44356406249999997 0.192615625 0.44045625 0.192615625 0.43424218750000004 0.194740625 0.43195937500000003 0.19773593750000001 0.43348125 0.20156718749999997 0.4381734375 0.2066875 0.48395625000000003 0.2318359375 0.490171875 0.23653749999999998 0.4909328125 0.24078750000000002 0.48998125000000003 0.241728125 0.48782500000000006 0.2420765625 0.4559921875 0.23270624999999998 0.424159375 0.21563906249999998 0.41642343750000005 0.21480312499999998 0.41407812499999996 0.21605781249999997
4 0.7235890625 0.22455625 0.7155359375 0.22365 0.70475625 0.223371875 0.697209375 0.22100312500000002 0.6653765625 0.2091609375 0.6492078125 0.20087031249999998 0.63519375 0.195228125 0.618515625 0.1943578125 0.6120484375 0.196134375 0.6098921875000001 0.1993734375 0.609321875 0.2047015625 0.602853125 0.207384375 0.5942296875 0.21595312500000002 0.5969562500000001 0.2215953125 0.5996203125 0.23075625 0.6055796875 0.23817499999999997 0.6147109375 0.241728125 0.629296875 0.24200624999999998 0.7176921875 0.23726875 0.7370953124999999 0.2337171875 0.7376031249999999 0.232253125 0.7354468749999999 0.23134843749999998 0.7295499999999999 0.23134843749999998 0.6982875 0.2337171875 0.654596875 0.23047656249999998 0.6470515625 0.22929218750000002 0.6443875 0.2263328125 0.6470515625 0.2215953125 0.6502859375 0.2192265625 0.65516875 0.21950468750000002 0.6977171875 0.22782968750000002 0.705834375 0.2287015625 0.722003125 0.2287015625 0.7252375 0.2266109375 0.7252375 0.22574062499999997 0.7235890625 0.22455625
4 0.6639828125 0.2523515625 0.6473046874999999 0.2526640625 0.6376031249999999 0.252071875 0.6327203124999999 0.250575 0.6235890625 0.244653125 0.6090046874999999 0.2411 0.5960687499999999 0.2414140625 0.58909375 0.24228437500000002 0.5852890625 0.2461515625 0.5788203125 0.27220468750000004 0.579390625 0.2896546875 0.582625 0.29498437499999997 0.58744375 0.2967609375 0.6057703125 0.297353125 0.6677875 0.2905609375 0.7017125 0.2855109375 0.7200375 0.281678125 0.727584375 0.2772203125 0.741090625 0.27366718749999996 0.745909375 0.2707078125 0.747559375 0.26715468750000004 0.74648125 0.265690625 0.7415984375 0.2645078125 0.7303109375 0.265690625 0.6979703125000001 0.2707078125 0.6699421875 0.271890625 0.6639828125 0.27011562499999997 0.6629046875 0.26924375 0.6639828125 0.2665625 0.6661374999999999 0.265690625 0.6790734375 0.263915625 0.7015859375 0.2578890625 0.7044390625 0.2564953125 0.70386875 0.25088750000000004 0.6979703125000001 0.2485203125 0.6844640625 0.24939062500000003 0.6639828125 0.2523515625
4 0.6907421874999999 0.3017765625 0.6351296875 0.3078015625 0.6208625 0.3063734375 0.6111609375 0.3024734375 0.594990625 0.2989203125 0.572353125 0.2982234375 0.564615625 0.300696875 0.5620171875 0.3039015625 0.5594171875 0.3142109375 0.5613828125 0.3223609375 0.5587828125 0.3337515625 0.5601140625000001 0.34510625 0.5755859375 0.3614421875 0.5820546875 0.3657265625 0.5878890625000001 0.3657265625 0.600190625 0.36109375 0.6208625 0.3518640625 0.6467343750000001 0.346534375 0.6933421875 0.340125 0.7295499999999999 0.3344484375 0.7386171874999999 0.32946718750000004 0.7398859375 0.3273421875 0.7392515625 0.3237890625 0.7360171875 0.321665625 0.72695 0.32058593750000003 0.7178828125 0.32058593750000003 0.6596703125000001 0.3266453125 0.648065625 0.3266453125 0.6467343750000001 0.3244859375 0.648065625 0.3223609375 0.6668359374999999 0.316684375 0.706784375 0.31330625 0.7121109375 0.3127828125 0.7166140624999999 0.3092296875 0.7146484375 0.30459843750000004 0.708878125 0.30139375 0.6907421874999999 0.3017765625
1 0.7522515624999999 0.3622078125 0.7444515625 0.3583078125 0.7354468749999999 0.3576109375 0.6591 0.361859375 0.5924546875 0.368965625 0.5705140625 0.3781953125 0.5653140624999999 0.3984671875 0.5679140625 0.4087421875 0.578884375 0.414071875 0.5970203125 0.41267812499999995 0.633228125 0.40592187500000004 0.7407109375 0.377359375 0.7464171875 0.3760703125 0.7516171875000001 0.373946875 0.754153125 0.37039374999999997 0.754153125 0.3664921875 0.7522515624999999 0.3622078125
2 0.80475625 0.4692796875 0.8001265625 0.46419375 0.7876984375 0.45990937499999995 0.7675328125 0.4569484375 0.7403296874999999 0.45012187499999995 0.6790109375 0.4415890625 0.6596062500000001 0.43646874999999996 0.6339890625 0.4330546875 0.615409375 0.4228140625 0.5975265624999999 0.42027187499999996 0.5827515625 0.4211078125 0.57349375 0.4594921875 0.5773625 0.46419375 0.585859375 0.46544687500000004 0.7710203124999999 0.4738765625 0.7776156249999999 0.47485156249999994 0.7961953125 0.47826562499999997 0.8032343750000001 0.4773953125 0.80475625 0.47314531249999997 0.80475625 0.4692796875
2 0.7278374999999999 0.48707812500000003 0.6642359375 0.4832109375 0.6246671874999999 0.4789625 0.610653125 0.47425937500000004 0.58738125 0.47042812500000003 0.58040625 0.47129843749999994 0.5749531250000001 0.5186 0.5959421875 0.5177640625000001 0.6657578125 0.5117734375 0.7382375 0.5071749999999999 0.7441984374999999 0.5049812499999999 0.745465625 0.5037265625 0.744959375 0.500696875 0.7395046875 0.49216249999999995 0.7278374999999999 0.48707812500000003
2 0.7316421875 0.5508531249999999 0.7284078125 0.5490765625 0.71350625 0.545871875 0.6624609375 0.5401953125000001 0.6501578125 0.5369906249999999 0.6268859375 0.5384187500000001 0.5906156250000001 0.5330890625 0.5712109375 0.5345171875 0.56734375 0.5615109375 0.56734375 0.5742953125 0.5725421875000001 0.5757234375 0.61781875 0.5686171875 0.638490625 0.5664921875 0.6695625 0.5618593749999999 0.7234625 0.558934375 0.7284078125 0.5583078125000001 0.7310078125 0.5572625 0.7322765625 0.555834375 0.7329109375 0.5540578125 0.7316421875 0.5508531249999999
2 0.738046875 0.5839078125 0.73430625 0.5812265625 0.717565625 0.5800421874999999 0.6679765625 0.580634375 0.6340515625 0.57945 0.6183890625 0.580634375 0.5979078125 0.5773953125 0.5720359375 0.5773953125 0.5655671875 0.57945 0.567215625 0.605503125 0.573684375 0.6072796874999999 0.5968296875 0.6060953125 0.6227015625 0.6001734375 0.645909375 0.5987109375 0.6744453125 0.5948453125000001 0.7285359375 0.591884375 0.7348125 0.59160625 0.7375390625 0.5910140625 0.7396953125 0.5889234375 0.7396953125 0.5862765624999999 0.738046875 0.5839078125
1 0.7234625 0.6372687499999999 0.66265 0.627690625 0.6309453125 0.6209328125 0.61090625 0.61738125 0.579834375 0.6152562500000001 0.561128125 0.6305125 0.562396875 0.642946875 0.5720984375 0.6461515624999999 0.587634375 0.647928125 0.634178125 0.6461515624999999 0.6497140625 0.6493562500000001 0.6678499999999999 0.6468828125 0.7422328125 0.6511312499999999 0.74476875 0.6511312499999999 0.749334375 0.6504359375 0.749334375 0.647928125 0.74476875 0.642946875 0.7234625 0.6372687499999999
4 0.5812296875 0.7617203124999999 0.5807234375 0.7694875 0.588459375 0.7718906249999999 0.604375 0.7725875 0.6203546875 0.7700453125 0.6375390624999999 0.766353125 0.6601781250000001 0.7648203125 0.681990625 0.7640890625 0.69353125 0.7643328125 0.6979703125000001 0.7638453125 0.6930875000000001 0.7592125000000001 0.6681671875 0.7548234375 0.6437546875 0.7528734375 0.6331015625 0.7536046875 0.6273296875 0.7518984375 0.631325 0.7509234375 0.6646156249999999 0.7528734375 0.6855421875000001 0.7558 0.6979703125000001 0.75945625 0.703740625 0.75945625 0.703740625 0.7550671875 0.6913125 0.746778125 0.661065625 0.7401609375 0.660621875 0.739428125 0.6370953125 0.737234375 0.623715625 0.737234375 0.60995625 0.7333328125 0.5970828125 0.7328453125000001 0.5864296875 0.736503125 0.5843375 0.7378265625 0.5781234375000001 0.74346875 0.5750796874999999 0.7499828125 0.5766015624999999 0.7561828125 0.5812296875 0.7617203124999999
4 0.561509375 0.7089171875 0.5668359374999999 0.716753125 0.5699421874999999 0.7243125 0.5744453125 0.7304078125 0.5842109375 0.7333328125 0.6064046875 0.7323578125 0.6183890625 0.7304078125 0.620165625 0.72358125 0.631325 0.72309375 0.6650609375000001 0.7296765625 0.6650609375000001 0.7301640625 0.6788203125 0.7318703125 0.6873171874999999 0.7316265625 0.69086875 0.7262625 0.6788203125 0.714525 0.664171875 0.7106234375 0.6548515625 0.7072093749999999 0.6592890625 0.7045281250000001 0.6694984374999999 0.705259375 0.6752687500000001 0.7042843750000001 0.6770453125 0.6967265625 0.6694984374999999 0.6903859375 0.6504125000000001 0.6901421875 0.6259359375 0.6879484375 0.5948640625 0.6818187499999999 0.582434375 0.6808421874999999 0.5771078125 0.681575 0.5757765625 0.6818187499999999 0.5703875 0.6864859375 0.5694984375 0.6942875 0.5672796875 0.6942875 0.561509375 0.7089171875
