4 0.2872859375 0.33506718750000003 0.2834203125 0.3272671875 0.280878125 0.32650625 0.280459375 0.3272671875 0.278753125 0.33582812500000003 0.2791703125 0.342803125 0.2851265625 0.36842031249999996 0.28557968749999996 0.3800890625 0.2817484375 0.386303125 0.274921875 0.386303125 0.271090625 0.38237187499999997 0.2651 0.3544703125 0.2612671875 0.3396953125 0.2531515625 0.33430624999999997 0.25060937499999997 0.33506718750000003 0.24977343749999997 0.342803125 0.27234375 0.447621875 0.27833437499999997 0.444515625 0.29324218750000003 0.439821875 0.3047375 0.4452765625 0.306025 0.4460375 0.3094390625 0.444515625 0.3098578125 0.439821875 0.30815000000000003 0.42821875 0.2872859375 0.33506718750000003
4 0.3567390625 0.4237796875 0.3402640625 0.34654375000000004 0.3334375 0.3279640625 0.32406875 0.3062140625 0.2985015625 0.265821875 0.2929640625 0.2588453125 0.2925109375 0.25960625 0.2929640625 0.265821875 0.29763125 0.2899171875 0.3104140625 0.31629687500000003 0.3230234375 0.3487 0.325984375 0.361065625 0.3265765625 0.370259375 0.3253921875 0.37349375 0.32270937499999997 0.3740015625 0.31591718750000003 0.3459734375 0.300209375 0.311478125 0.29460156249999997 0.3055796875 0.2925109375 0.3077359375 0.29045624999999997 0.3152828125 0.2922328125 0.324984375 0.30257812500000003 0.35351875 0.31086718750000003 0.3966390625 0.3141421875 0.4349390625 0.31591718750000003 0.43975937500000006 0.31769375 0.44140781249999994 0.329815625 0.44140781249999994 0.3514453125 0.44407031249999995 0.3525953125 0.4442609375 0.3564265625 0.443690625 0.358203125 0.4410265625 0.358515625 0.43506718749999995 0.3567390625 0.4237796875
3 0.351515625 0.29277031249999996 0.342946875 0.3035515625 0.3550671875 0.4366515625 0.3586203125 0.439378125 0.367503125 0.44261249999999996 0.3743296875 0.44261249999999996 0.37875312499999997 0.4388078125 0.3799375 0.4366515625 0.37875312499999997 0.419975 0.3621734375 0.3105265625 0.35684375 0.29600468750000003 0.351515625 0.29277031249999996
3 0.3903171875 0.2771078125 0.38735624999999996 0.265821875 0.3858578125 0.264171875 0.383490625 0.26632812499999997 0.3817140625 0.2835765625 0.38230624999999996 0.351490625 0.3820265625 0.37951875 0.3828984375 0.4355734375 0.384675 0.43772968749999996 0.390003125 0.44045625 0.3962375 0.4409640625 0.40275156250000005 0.43772968749999996 0.4039359375 0.4361453125 0.4053984375 0.432340625 0.40571250000000003 0.4275203125 0.4006625 0.3859859375 0.3903171875 0.2771078125
1 0.4332640625 0.3710203125 0.4285265625 0.330628125 0.4211421875 0.283703125 0.41640468750000004 0.2627140625 0.41313125 0.2605578125 0.41048437499999996 0.26214375 0.40811562500000004 0.2713375 0.4075234375 0.30475625 0.412853125 0.35269531249999997 0.41253906249999994 0.38611249999999997 0.40898593749999995 0.411984375 0.409578125 0.43195937500000003 0.41166875 0.43519375 0.416684375 0.438428125 0.4290140625 0.43912500000000004 0.43298437500000003 0.43950468750000005 0.4359453125 0.438428125 0.437721875 0.4330375 0.437721875 0.41363281250000006 0.4332640625 0.3710203125
2 0.4483453125 0.27825 0.44479218749999994 0.2739375 0.44301562499999997 0.2739375 0.44183281250000006 0.2766015625 0.44092656249999995 0.284146875 0.44479218749999994 0.36284062499999997 0.445384375 0.41084375 0.44775312500000003 0.436715625 0.45663593750000003 0.4361453125 0.468478125 0.4329109375 0.47025468750000005 0.4318328125 0.4717171875 0.4307546875 0.46520312500000005 0.39682968750000003 0.458690625 0.367153125 0.4483453125 0.27825
2 0.4618953125 0.294165625 0.460396875 0.2979078125 0.46011875 0.305453125 0.46098906250000005 0.3173109375 0.47223906250000003 0.38738125 0.4734234375 0.408434375 0.47373750000000003 0.43107187500000005 0.4917109375 0.42891562499999997 0.4962375 0.4294234375 0.5000703125 0.4294234375 0.46691093749999996 0.2974 0.463671875 0.29359531250000004 0.4618953125 0.294165625
2 0.5354921874999999 0.40291718750000005 0.5482765625 0.2929609375 0.5543015625 0.254153125 0.547928125 0.261953125 0.5425984374999999 0.2774890625 0.526959375 0.3466703125 0.5187734374999999 0.3796453125 0.515953125 0.38611249999999997 0.5124 0.3984140625 0.5084640625 0.4216875 0.5084640625 0.4268859375 0.5098921875 0.4281546875 0.5137937499999999 0.4307546875 0.5249046875000001 0.4331015625 0.5290843749999999 0.43398906249999997 0.5301640625 0.43398906249999997 0.5319406250000001 0.4313890625 0.5337171875 0.426253125 0.5354921874999999 0.40291718750000005
1 0.579971875 0.26017812500000004 0.5755140625 0.2623328125 0.5716828125 0.2666453125 0.5660390625 0.27526875 0.5568796875 0.3091953125 0.5468124999999999 0.3766015625 0.5411703125 0.395434375 0.5388015625 0.41433125000000004 0.5397078125 0.42669687500000003 0.5435390625000001 0.4363984375 0.5536046875 0.44128125 0.5598390625 0.4407109375 0.566353125 0.4363984375 0.5675375 0.43481249999999994 0.5688953125 0.4254921875 0.5704984375000001 0.40031718749999995 0.5743296875 0.309765625 0.579971875 0.26017812500000004
3 0.60383125 0.2994921875 0.5892375000000001 0.369371875 0.5793109375000001 0.4081796875 0.5700796875 0.42885156249999995 0.5693484375 0.43532031250000003 0.5757578125 0.4398859375 0.5807390625 0.43925156249999997 0.5867640625 0.44178750000000006 0.6013234375 0.4411546875 0.602403125 0.4411546875 0.605225 0.4366515625 0.609509375 0.3337984375 0.6166140625 0.2762203125 0.60383125 0.2994921875
4 0.655834375 0.3287890625 0.6540578125 0.317121875 0.651584375 0.317121875 0.6469515625 0.3216234375 0.6437828125 0.32942343749999997 0.6380703125 0.361128125 0.6366765625 0.366265625 0.6327406250000001 0.367596875 0.6306171875000001 0.36563124999999996 0.629571875 0.3410265625 0.6338203124999999 0.3229546875 0.6334734375 0.30741874999999996 0.628840625 0.30481875 0.6249390625 0.308053125 0.603621875 0.44128125 0.6068265625 0.444515625 0.6164046875 0.444515625 0.623859375 0.4497140625 0.6372 0.447621875 0.6394984375 0.4471140625 0.6409265625 0.44521249999999996 0.64200625 0.441978125 0.6444796875 0.4283453125 0.655834375 0.3287890625
4 0.6893765625 0.4436265625 0.6893765625 0.422575 0.6956109374999999 0.38865 0.7142453125 0.3266328125 0.7142453125 0.309384375 0.7118781249999999 0.3018390625 0.705678125 0.3104625 0.6846390625 0.3751421875 0.6799031249999999 0.3848453125 0.67635 0.385415625 0.67398125 0.3826890625 0.6733890625 0.3783765625 0.6733890625 0.36436250000000003 0.6781265624999999 0.34388125 0.700940625 0.2942921875 0.7065484375 0.27273281250000003 0.6923375 0.2937859375 0.6695578125 0.3320234375 0.6550328125 0.387 0.6502953125000001 0.39778125000000003 0.64200625 0.4096390625 0.6337171875000001 0.4355109375 0.6343093750000001 0.4436265625 0.6363984375 0.45009531249999996 0.6387671874999999 0.45275781249999997 0.6491125 0.4522515625 0.6585859375 0.4565625 0.663915625 0.460875 0.6758968750000001 0.46303124999999995 0.6796234375 0.46410937499999994 0.6843609374999999 0.464615625 0.6867296875 0.46195312499999996 0.6881921875 0.4559921875 0.6893765625 0.4436265625
4 0.7450015624999999 0.40386875 0.7478234375 0.38706406250000003 0.747475 0.3805953125 0.7421453125 0.3799625 0.739671875 0.3838296875 0.7346921875 0.398034375 0.7318359375 0.403234375 0.7272375 0.40583437499999997 0.7222578125 0.40126875 0.721909375 0.39613125 0.722953125 0.3902984375 0.7275859375 0.37672812499999997 0.732915625 0.3644265625 0.7336125 0.3547234375 0.7293624999999999 0.349525 0.7251125 0.35085625 0.7172765625 0.3637921875 0.6881578125 0.4633484375 0.7066171875 0.4646796875 0.7140718749999999 0.4659484375 0.7180421875 0.46829375000000006 0.7222578125 0.4709578125 0.727934375 0.472415625 0.730790625 0.4665828125 0.7339953125 0.44787499999999997 0.7450015624999999 0.40386875
4 0.738 0.5847171875 0.7519328125 0.554534375 0.7543015625 0.5426765625 0.7533953125 0.5351296875 0.7498437499999999 0.529740625 0.7314875 0.5146484375 0.7237890625000001 0.5130625 0.7039703125 0.5135703125 0.7016015624999999 0.523271875 0.7012890625 0.5572609374999999 0.70219375 0.5788203125 0.6998265625 0.6090046874999999 0.6986421875 0.64134375 0.7093 0.6812296875 0.7140375 0.6903609375 0.7160921874999999 0.692009375 0.716996875 0.6903609375 0.7116687500000001 0.667215625 0.7110765625 0.6467343750000001 0.7155 0.6068484375 0.7190531250000001 0.62568125 0.7169625 0.6670265625 0.716684375 0.6731140625 0.716684375 0.6806593750000001 0.719365625 0.673684375 0.7282484375 0.6375390624999999 0.738 0.5847171875
4 0.67945 0.6246031249999999 0.6800421875 0.6090046874999999 0.6835953124999999 0.59175625 0.6865546874999999 0.5922640625 0.6880531249999999 0.594990625 0.6877390625 0.63215 0.6892375000000001 0.6327203124999999 0.6924765625 0.62999375 0.6948453125 0.624096875 0.7049109375 0.5286625 0.70195 0.51953125 0.6960296875 0.517375 0.678578125 0.5065953125 0.671159375 0.5060234375 0.6682 0.5092578125 0.6698359375 0.63348125 0.671159375 0.64134375 0.6726578125 0.6418515625000001 0.6747124999999999 0.6407734375 0.678265625 0.6310718750000001 0.67945 0.6246031249999999
3 0.65015625 0.6213703125000001 0.65586875 0.583259375 0.665446875 0.53081875 0.66614375 0.5043124999999999 0.65015625 0.5024093749999999 0.640578125 0.5056437500000001 0.635596875 0.5159796875 0.6334734375 0.5392515625 0.636328125 0.6447046875 0.6407875 0.6644265625 0.6427031249999999 0.6686109375 0.6452109375 0.6686109375 0.6483796875000001 0.6660109375000001 0.649459375 0.6601781250000001 0.65015625 0.6213703125000001
3 0.62079375 0.6320234375 0.6361890625 0.54039375 0.6367812500000001 0.519340625 0.6359109375 0.5064046875 0.63058125 0.49670312499999997 0.6264375 0.494546875 0.6187390625 0.4961953125 0.613409375 0.5010140625 0.609265625 0.522575 0.6032046875 0.635446875 0.6039359375 0.6433093750000001 0.60954375 0.6460375 0.613409375 0.644959375 0.6178328125 0.6400765625 0.62079375 0.6320234375
1 0.5833859375 0.6653765625 0.5872171875000001 0.654596875 0.5937296875 0.6254921875 0.6023343750000001 0.5603046875000001 0.608846875 0.49182031249999997 0.6017421875 0.48484531249999996 0.5916750000000001 0.4805328125 0.580703125 0.4837671875 0.5739109375 0.49289843749999995 0.5768718749999999 0.5549140625 0.5762796875 0.5969562500000001 0.56353125 0.6713375 0.5644375 0.6740015625 0.567990625 0.67565 0.5762796875 0.672415625 0.5798328125000001 0.6696890625 0.5833859375 0.6653765625
2 0.52978125 0.673240625 0.5368859375 0.666771875 0.5431203124999999 0.6570703124999999 0.5505046874999999 0.6344328124999999 0.5670843750000001 0.514775 0.571821875 0.48782500000000006 0.570359375 0.47869375 0.5676765625 0.47488906249999996 0.5611640625 0.47165468749999995 0.5502265625 0.46899218749999994 0.544896875 0.4711484375 0.54103125 0.48731718749999997 0.5392546874999999 0.5223203125 0.540753125 0.5460375 0.537478125 0.612365625 0.5321484375 0.6581484375 0.52978125 0.664109375 0.5209328125 0.6705765625 0.5180078124999999 0.672796875 0.5143859375 0.6781234375 0.51884375 0.6792015625000001 0.5218046875 0.6781234375 0.52978125 0.673240625
2 0.5176937500000001 0.6499046875000001 0.5292578125 0.5421046875 0.5319406250000001 0.523271875 0.536084375 0.51084375 0.5390453125 0.48605 0.539325 0.4661375 0.5345875 0.46125625000000003 0.5200625 0.45643593750000006 0.5049812499999999 0.453709375 0.5011140625 0.45694375000000004 0.4999296875 0.4639828125 0.50024375 0.498478125 0.5032046875 0.5205453125 0.503796875 0.5329734375 0.505259375 0.615409375 0.5097171875 0.658021875 0.5097171875 0.6644890625000001 0.5109015625 0.669309375 0.5132703125 0.669309375 0.515325 0.666075 0.5176937500000001 0.6499046875000001
2 0.47837031249999995 0.6421046875 0.4872515625 0.5748249999999999 0.49258125 0.5153453125 0.49648281250000004 0.49467343750000003 0.4982578125 0.46620156250000006 0.49648281250000004 0.4591 0.48937656250000006 0.457134375 0.48261875 0.45973437500000003 0.4719609375 0.45973437500000003 0.45848125 0.46360156249999995 0.46060625 0.497209375 0.4638109375 0.5230812499999999 0.46450781250000006 0.587128125 0.4659359375 0.6473046874999999 0.46663125 0.6499046875000001 0.46983593749999997 0.655040625 0.47373750000000003 0.6544078125 0.47659375 0.6499046875000001 0.47837031249999995 0.6421046875
1 0.4168578125 0.6307546875 0.4258796875 0.527584375 0.4282484375 0.51953125 0.42675 0.5157265625 0.42438125 0.49955625000000003 0.4184609375 0.4887765625 0.4122609375 0.48395625000000003 0.40839375 0.48395625000000003 0.403378125 0.490425 0.40160156249999995 0.5092578125 0.4001046875 0.518959375 0.401009375 0.5588453125 0.40616562500000003 0.6483203125 0.40661718750000003 0.65694375 0.4078015625 0.6601781250000001 0.409578125 0.6601781250000001 0.41253906249999994 0.658021875 0.4168578125 0.6307546875
3 0.358515625 0.651934375 0.36088437500000003 0.64654375 0.3611984375 0.6104625 0.364159375 0.544134375 0.36889531249999996 0.52473125 0.369175 0.5182625 0.3677109375 0.51395 0.3650296875 0.514521875 0.36088437500000003 0.519340625 0.3552765625 0.51610625 0.3487640625 0.517184375 0.3454890625 0.5236531249999999 0.3478921875 0.6348125 0.3491125 0.6426125 0.35113125 0.6503484375 0.3531875 0.6535828125 0.3552765625 0.654090625 0.358515625 0.651934375
4 0.2853703125 0.5273296875 0.2874265625 0.5305640625 0.29129218749999997 0.546734375 0.28979374999999996 0.6168046875 0.29129218749999997 0.6249203125 0.29306875 0.6303109375 0.2954375 0.6303109375 0.298990625 0.6270765625 0.3001734375 0.6211156250000001 0.303134375 0.591503125 0.305503125 0.5337984375 0.3084640625 0.5009515625 0.3084640625 0.488521875 0.3063734375 0.4798984375 0.30459843750000004 0.4761578125 0.3013578125 0.47507968749999996 0.29780625 0.4755859375 0.294253125 0.4788203125 0.2915703125 0.48313281249999995 0.28833125000000004 0.485859375 0.28624218749999997 0.481546875 0.2779515625 0.4788203125 0.274990625 0.48046875 0.27234375 0.4842109375 0.2682 0.4944828125 0.26551718750000003 0.5057703124999999 0.264646875 0.5203546875 0.26729375 0.5542796875 0.27084687500000004 0.6216875 0.27380781249999997 0.6426765624999999 0.2764890625 0.644325 0.279728125 0.6437546875 0.2825140625 0.640265625 0.28328125000000004 0.6329734375 0.2812265625 0.5516171875 0.2812265625 0.5311343749999999 0.2824109375 0.5279015625000001 0.2853703125 0.5273296875
