4 0.7480328125 0.6927703125 0.752734375 0.69353125 0.7556953125 0.6873171874999999 0.748903125 0.6625234375 0.7390796875000001 0.6065953125 0.7324625 0.549396875 0.732253125 0.533671875 0.7280046875 0.5197203125 0.7075234375 0.522003125 0.7032734375 0.5259359375 0.6956109374999999 0.5266968750000001 0.6917453124999999 0.5320859375 0.6853703125 0.5259359375 0.67854375 0.529803125 0.6742953125 0.5414078124999999 0.6725875 0.558528125 0.6768375 0.5732406250000001 0.6819578125 0.5818015625 0.696446875 0.6175015625 0.70498125 0.6532015624999999 0.7233015625 0.6896640625 0.7271328125000001 0.69353125 0.7339609375 0.69353125 0.7348312499999999 0.681928125 0.7271328125000001 0.6694984374999999 0.715221875 0.6407734375 0.7101015625 0.620609375 0.7103796874999999 0.6051359374999999 0.71435 0.6012046875 0.7399515625 0.674953125 0.7480328125 0.6927703125
3 0.631209375 0.7481921875 0.63155625 0.6421046875 0.6287359375 0.5942296875 0.622675 0.56125625 0.6106234374999999 0.5573875 0.605990625 0.5657578125 0.5974578125 0.560621875 0.5917796875 0.5663921875 0.58753125 0.58129375 0.5958203125 0.6174375000000001 0.5964828125 0.620228125 0.6106234374999999 0.7041859374999999 0.631209375 0.7481921875
3 0.5670843750000001 0.635828125 0.566353125 0.6672796875 0.5769765625 0.726125 0.58881875 0.7225109375 0.5969703125 0.5922640625 0.596690625 0.5783765625 0.5912921875 0.567596875 0.5851265625 0.5648703125 0.5838734375 0.5608109375 0.5779515625 0.5603671875 0.5749906250000001 0.5670890625 0.573284375 0.5670890625 0.57251875 0.5653140624999999 0.5716828125 0.56563125 0.564646875 0.5747625000000001 0.5619296874999999 0.5864296875 0.5667015625 0.6059609375 0.5670499999999999 0.6083703125000001 0.5695578125 0.6295499999999999 0.5670843750000001 0.635828125
4 0.6743640625 0.7296125 0.6768375 0.7086875 0.6570875 0.6663921875 0.65750625 0.6487640625 0.6634625 0.642803125 0.6735625 0.6663921875 0.681575 0.693721875 0.688540625 0.7146484375 0.69306875 0.7094484375000001 0.69616875 0.6921999999999999 0.6922671874999999 0.6742546875000001 0.678265625 0.6327203124999999 0.6788921875 0.60646875 0.6766281249999999 0.599365625 0.678265625 0.5937859375000001 0.677046875 0.585921875 0.678265625 0.5757765625 0.677846875 0.5537093750000001 0.6766281249999999 0.5488265625000001 0.672309375 0.5424859375 0.6651343749999999 0.5466078125 0.6550328125 0.5409640625 0.647440625 0.5409640625 0.641484375 0.548446875 0.6400203125 0.554090625 0.636328125 0.5559921875 0.6332640625 0.5518703125 0.625009375 0.54996875 0.6182515625 0.55256875 0.61556875 0.5634750000000001 0.6167890625 0.575396875 0.619053125 0.5896640625 0.6256359375 0.6020296875 0.6309640625 0.6140140625 0.631 0.61395 0.6447578125 0.679834375 0.6743640625 0.7296125
1 0.5375125 0.5835125 0.5359812500000001 0.5953078125 0.5359812500000001 0.6025359375 0.5385234375 0.6209265625 0.5376875 0.631515625 0.5381750000000001 0.65954375 0.53793125 0.693659375 0.5364328125 0.733228125 0.5411359375 0.7395046875 0.5505046874999999 0.7259984375 0.56011875 0.6918828125 0.5616156250000001 0.681546875 0.5630796874999999 0.6509828125 0.5655515624999999 0.6312625 0.5653078125000001 0.6097015625 0.5685125 0.6002531249999999 0.56778125 0.58046875 0.5621031249999999 0.5679140625 0.54966875 0.561509375 0.5450359375 0.5694359375 0.541796875 0.5703875 0.5375125 0.5835125
2 0.5151859375 0.625046875 0.51125 0.673684375 0.5137234375 0.703296875 0.5219437499999999 0.6946734375 0.5365375 0.6126828125 0.5398468750000001 0.6018390625000001 0.5406828124999999 0.5898546875 0.5398468750000001 0.58389375 0.5359453125 0.5782499999999999 0.526296875 0.5727328125 0.5168234375 0.58389375 0.5151859375 0.6033609375 0.5151859375 0.625046875
2 0.48279375 0.6994296875 0.48679843749999996 0.7048828125 0.493521875 0.7046296875 0.5025078125 0.6794546875 0.5078015625 0.6435640625 0.5083593750000001 0.628725 0.512921875 0.6017125 0.5149421875 0.5798984375 0.51264375 0.5757140625 0.49780625 0.5733671874999999 0.49408124999999997 0.5770078125 0.4946703125 0.5835125 0.4929640625 0.6107796875 0.494078125 0.6196578125000001 0.4929640625 0.6263796875 0.49209375 0.63785625 0.48279375 0.6994296875
2 0.471890625 0.5864296875 0.470671875 0.59955625 0.471890625 0.6351296875 0.46983593749999997 0.6890296874999999 0.4671546875 0.70475625 0.4757921875 0.705834375 0.481365625 0.678884375 0.48606718750000005 0.6205453125 0.48979375 0.6100187499999999 0.49122187500000003 0.6003171875 0.49185 0.58046875 0.48812187500000004 0.5745078125 0.4791015625 0.572225 0.47251875 0.5748890624999999 0.47251875 0.5748249999999999 0.4710546875 0.5838296875 0.471890625 0.5864296875
2 0.460153125 0.70564375 0.463915625 0.629803125 0.46837343750000004 0.6104625 0.4690703125 0.6023468750000001 0.4690703125 0.5833234375 0.46785156250000004 0.57958125 0.460675 0.5746359375 0.45775 0.5749531250000001 0.456565625 0.5771078125 0.4490078125 0.5805328125 0.44695156249999995 0.5889656249999999 0.44629062499999994 0.6017750000000001 0.448171875 0.618896875 0.450575 0.69784375 0.45416249999999997 0.7103359375 0.45416249999999997 0.7102734374999999 0.4563921875 0.7149656249999999 0.460153125 0.70564375
1 0.41971406250000004 0.57786875 0.420759375 0.5920734375000001 0.41786874999999996 0.6026 0.4156046875 0.6557390625 0.41396718750000006 0.6721625 0.41476875 0.692390625 0.41396718750000006 0.7185796875 0.4156046875 0.730184375 0.4211421875 0.7339249999999999 0.4273421875 0.72910625 0.438 0.6418515625000001 0.445628125 0.5987953125 0.44479218749999994 0.5812296875 0.438209375 0.5681046875 0.4361546875 0.565884375 0.43535312499999995 0.565884375 0.423825 0.5681046875 0.41971406250000004 0.57786875
3 0.3927546875 0.5660109375 0.387390625 0.582434375 0.38638125 0.603425 0.38801874999999997 0.61953125 0.3848484375 0.7044390625 0.3865546875 0.7287250000000001 0.39592499999999997 0.7170578125 0.4081859375 0.6396953125 0.4108328125 0.628090625 0.4110421875 0.61953125 0.41619687499999997 0.6007609375 0.4211078125 0.5959421875 0.4208984375 0.5835765625 0.41288749999999996 0.5667093750000001 0.41024062499999997 0.5670890625 0.40856875 0.5689921874999999 0.4060953125 0.561128125 0.4034484375 0.5581484375 0.400975 0.5592265624999999 0.3985015625 0.563728125 0.3927546875 0.5660109375
3 0.35423125 0.6469875 0.351759375 0.6739375 0.34535 0.706721875 0.339915625 0.722003125 0.3401953125 0.73995 0.35078437500000004 0.7296125 0.36631874999999997 0.6972734375 0.3757234375 0.6720984375 0.38063437499999997 0.6492078125 0.38334999999999997 0.6218140625 0.39421875 0.5881421875 0.393975 0.584084375 0.39519375 0.5760296874999999 0.3905265625 0.5598609375 0.388784375 0.558909375 0.379903125 0.56525 0.3784046875 0.5638546875 0.37544374999999997 0.5539625 0.37248281250000004 0.553075 0.3633578125 0.558909375 0.3557296875 0.5750796874999999 0.3539875 0.598478125 0.35423125 0.6469875
4 0.310728125 0.5407109375 0.3042140625 0.5644265625 0.305990625 0.578440625 0.3063046875 0.6015859375 0.3003828125 0.6409640624999999 0.2894109375 0.6727328124999999 0.2894109375 0.6840843750000001 0.286171875 0.70133125 0.2894109375 0.706721875 0.297109375 0.6986046875 0.29857187500000004 0.687634375 0.30808125 0.6668359374999999 0.3187390625 0.632340625 0.32525312500000003 0.630184375 0.3282125 0.6388078125 0.32466093749999997 0.6603671875 0.3140015625 0.6856687499999999 0.30393593750000003 0.7050734375000001 0.3027515625 0.711034375 0.304528125 0.7164234375 0.31132031250000003 0.715853125 0.31933125 0.7061515625 0.3350046875 0.6765375 0.3521765625 0.6043125 0.36224375000000003 0.58649375 0.3663875 0.5601140625000001 0.3601875 0.5487640625 0.3509921875 0.551996875 0.34064843749999996 0.5504125 0.3338203125 0.5455296875 0.329396875 0.5444515625 0.3237546875 0.5385546875 0.3222921875 0.5396328125000001 0.31665 0.545021875 0.310728125 0.5407109375
4 0.24413125 0.6698796875 0.251584375 0.6556124999999999 0.2611640625 0.6213703125000001 0.26826875 0.6026 0.271125 0.598034375 0.2735984375 0.6071015625 0.2651 0.6504749999999999 0.258690625 0.6646796875 0.251584375 0.6911859375 0.2576109375 0.6905515624999999 0.26687500000000003 0.6814843749999999 0.2824796875 0.6433093750000001 0.29421875000000003 0.5935312500000001 0.303796875 0.572859375 0.30950937500000003 0.5585921875000001 0.3070015625 0.54305625 0.302403125 0.5301203125 0.2952984375 0.52821875 0.2910140625 0.52561875 0.2860328125 0.5204187499999999 0.2824796875 0.522384375 0.279659375 0.526253125 0.27290156250000003 0.519784375 0.2679203125 0.517184375 0.2651 0.5107171875 0.2583421875 0.5178828125 0.25405781250000004 0.52821875 0.2554859375 0.539821875 0.251584375 0.5527578125 0.25015624999999997 0.57349375 0.25088750000000004 0.5902984375 0.24625625 0.6142046875 0.2334734375 0.6607484375 0.2334734375 0.6608109375 0.2334734375 0.680215625 0.24413125 0.6698796875
4 0.200034375 0.5070390625 0.193034375 0.5151546875 0.1793109375 0.536271875 0.172275 0.54908125 0.1703234375 0.5591 0.174190625 0.5637921875 0.17878750000000002 0.5641093749999999 0.18669375 0.545846875 0.197353125 0.5329109375 0.2068265625 0.5344953125 0.2044578125 0.541534375 0.19498437500000002 0.5512359375 0.18523125000000001 0.5587828125 0.181678125 0.5695625 0.183734375 0.5803421875 0.192615625 0.5814203124999999 0.220759375 0.5657578125 0.2263671875 0.5592890625 0.23702499999999999 0.5582125 0.245315625 0.5555484374999999 0.2547890625 0.54476875 0.25715781249999997 0.528028125 0.2595265625 0.518896875 0.2559734375 0.5172484374999999 0.24886875000000003 0.4956875 0.24294687499999998 0.4887125 0.24148437500000003 0.48979062500000003 0.240578125 0.4833234375 0.2364328125 0.47685468750000004 0.23465625 0.476284375 0.23465625 0.466075 0.228109375 0.46499687500000003 0.22044531250000002 0.46765937500000004 0.2101015625 0.4859859375 0.200034375 0.5070390625
4 0.2538140625 0.36207968749999997 0.25060937499999997 0.3982875 0.2495296875 0.4254921875 0.24420000000000003 0.4390609375 0.24064843749999998 0.45586562500000005 0.239603125 0.4740015625 0.2438515625 0.48883906250000003 0.25060937499999997 0.4914390625 0.25060937499999997 0.48630312499999995 0.25245625 0.48649375 0.26408906249999997 0.5031078124999999 0.272275 0.504375 0.2840125 0.48953749999999996 0.28791406249999996 0.47336718749999995 0.284709375 0.4513640625 0.281853125 0.4131890625 0.282584375 0.382815625 0.280459375 0.345909375 0.273703125 0.324603125 0.268025 0.320671875 0.2633921875 0.32910625 0.266596875 0.349778125 0.268025 0.3931515625 0.265865625 0.39961875 0.2623140625 0.3937875 0.2626953125 0.3394421875 0.25949218749999997 0.329740625 0.254859375 0.332340625 0.25343125 0.3394421875 0.2538140625 0.36207968749999997
4 0.30905625 0.512871875 0.31069375 0.517375 0.3218046875 0.519975 0.3306515625 0.515471875 0.3320796875 0.5121109374999999 0.3351796875 0.5124921875 0.3368171875 0.5140140625 0.3403 0.499809375 0.33949843749999997 0.4896640625 0.3351796875 0.475840625 0.3308609375 0.4361453125 0.3332984375 0.41179531249999995 0.3320796875 0.3942296875 0.32713281250000004 0.3740015625 0.31933125 0.34857343749999997 0.314525 0.3396953125 0.3094734375 0.3392515625 0.30762812500000003 0.3455921875 0.31769375 0.3792640625 0.3230234375 0.41819843749999996 0.318321875 0.424540625 0.313375 0.42301875000000005 0.3096828125 0.4114140625 0.3094734375 0.3912484375 0.30741874999999996 0.3710203125 0.3016375 0.35269531249999997 0.294253125 0.33995000000000003 0.28909843749999997 0.33468593750000003 0.2856140625 0.33468593750000003 0.2843953125 0.341471875 0.2888890625 0.3552953125 0.2929984375 0.360178125 0.2975265625 0.3822453125 0.29919843749999997 0.408434375 0.2993734375 0.42568124999999996 0.29731874999999997 0.44216875 0.291153125 0.46309374999999997 0.2872515625 0.4792015625 0.28683437500000003 0.493025 0.2934171875 0.5106531249999999 0.29919843749999997 0.5151546875 0.302090625 0.5153453125 0.3020546875 0.515471875 0.305746875 0.5102734375 0.30905625 0.512871875
3 0.34256406250000004 0.5294859375 0.34824062499999997 0.5375390624999999 0.3561484375 0.53215 0.3580984375 0.5294859375 0.3623125 0.5317062499999999 0.3674671875 0.5227015625 0.3709515625 0.5195937500000001 0.3729015625 0.499809375 0.369453125 0.4836390625 0.3667359375 0.4661375 0.3645078125 0.416740625 0.3655171875 0.388903125 0.36206875 0.3731765625 0.35465 0.3511734375 0.3504703125 0.3601140625 0.3502265625 0.38439999999999996 0.347509375 0.418959375 0.3437828125 0.4544703125 0.340090625 0.484084375 0.3359109375 0.49442031249999996 0.3324625 0.5088140625 0.333890625 0.515028125 0.33392499999999997 0.5150921875 0.338871875 0.5303734375 0.34256406250000004 0.5294859375
3 0.399303125 0.5305640625 0.40323906249999997 0.5157265625 0.4047375 0.4923265625 0.4012546875 0.4771078125 0.400278125 0.43798281250000004 0.4012546875 0.3957515625 0.4025078125 0.3741921875 0.400521875 0.35174375 0.3877046875 0.33918906249999997 0.3845 0.3535828125 0.378090625 0.37330312499999996 0.3778125 0.40519999999999995 0.3795546875 0.4344328125 0.3726578125 0.45326562499999995 0.3726578125 0.47349375 0.3664921875 0.5094484375 0.3657265625 0.522003125 0.370184375 0.5363984375 0.37635 0.5426765625 0.378996875 0.5435640625 0.3884359375 0.535003125 0.390909375 0.5318953125 0.399303125 0.5305640625
1 0.4008015625 0.4048828125 0.40055781250000005 0.46195312499999996 0.4017765625 0.48351249999999996 0.39609843749999996 0.51090625 0.3965859375 0.5261890625000001 0.40055781250000005 0.542359375 0.405746875 0.5477484375 0.4089515625 0.545021875 0.41880937500000004 0.545021875 0.4261921875 0.53519375 0.43040781250000004 0.514521875 0.42890937500000004 0.4934046875 0.4257046875 0.4852890625 0.4247296875 0.4156625 0.42128125 0.3707671875 0.41361875000000003 0.3312625 0.4103796875 0.32530156250000003 0.4104140625 0.325428125 0.4030296875 0.360875 0.4008015625 0.4048828125
2 0.4303375 0.5248578125 0.4299546875 0.531325 0.4406125 0.5464171875 0.44918125 0.5426765625 0.4580640625 0.53081875 0.460153125 0.5151546875 0.45983906250000006 0.4974 0.4566 0.48389375 0.4568796875 0.47045000000000003 0.45896875000000004 0.43538437500000005 0.45332656250000003 0.401965625 0.44594218750000003 0.37343125 0.4406125 0.37501562499999996 0.441796875 0.3809765625 0.436746875 0.43538437500000005 0.4361546875 0.4666453125 0.431696875 0.49207343750000004 0.43173125 0.492009375 0.42964062500000005 0.51084375 0.4303375 0.5248578125
2 0.46523906249999997 0.484146875 0.4605015625 0.49873124999999996 0.4594921875 0.5230812499999999 0.461128125 0.5260625 0.46032812500000003 0.5327843750000001 0.46154687499999997 0.5410265625 0.4646109375 0.545909375 0.4697671875 0.5518703125 0.4886796875 0.551490625 0.490734375 0.5492703125 0.49157031250000005 0.5290421875 0.491153125 0.49651249999999997 0.488053125 0.4792640625 0.4856140625 0.45117343749999994 0.4856140625 0.43100781250000003 0.4829328125 0.3958140625 0.480878125 0.3811671875 0.47321562500000003 0.3622703125 0.4681296875 0.381928125 0.46523906249999997 0.4444515625 0.46523906249999997 0.484146875
2 0.510971875 0.553265625 0.5225703125 0.5496515625 0.52553125 0.5365890624999999 0.525775 0.5186437500000001 0.5245203125 0.4961953125 0.520096875 0.48719062500000004 0.5181125 0.4499046875 0.51786875 0.4194046875 0.5151515625 0.3694984375 0.512678125 0.3610015625 0.5097171875 0.3596703125 0.5067578125 0.363665625 0.503796875 0.3955609375 0.5008359375 0.41173125 0.49864218749999994 0.45440781250000006 0.4988859375 0.48135625 0.4951578125 0.4957515625 0.49418281249999996 0.514584375 0.4946703125 0.5442609375 0.495925 0.5509828125 0.5005921875 0.553265625 0.510971875 0.553265625
2 0.5272734375 0.5260625 0.5284921875 0.5286625 0.5295375 0.5357640625 0.535284375 0.5462265625 0.5377562499999999 0.5451484375 0.5418671875000001 0.5503484375000001 0.5500875 0.54736875 0.55604375 0.5331640625 0.55604375 0.5253015624999999 0.55113125 0.5088140625 0.5536046875 0.494609375 0.55113125 0.4781234375 0.5451406249999999 0.42308124999999996 0.5414484374999999 0.3987953125 0.5377562499999999 0.381546875 0.536328125 0.379328125 0.52358125 0.39613125 0.5227453125 0.41521875 0.5272734375 0.4694984375 0.5272734375 0.484084375 0.5259484375000001 0.49219999999999997 0.5258093749999999 0.49727343749999997 0.5258453125 0.497209375 0.526053125 0.514775 0.5272734375 0.5260625
1 0.55113125 0.5090671875 0.5561125 0.528725 0.557784375 0.5290421875 0.566596875 0.5489531249999999 0.5758625 0.554596875 0.583246875 0.5481921875 0.5884015625 0.53436875 0.5898296875 0.5152828125 0.5865546875 0.490171875 0.5857187500000001 0.46734375000000006 0.5869734375 0.44077343750000003 0.5871828125 0.41756562500000005 0.58491875 0.39289843750000003 0.5793453125 0.38877656250000003 0.5808078125 0.3764109375 0.5768718749999999 0.3453390625 0.574225 0.3370953125 0.5717515625 0.33671562499999996 0.5660046875 0.3577046875 0.5618953125 0.38649374999999997 0.5585859375 0.4340515625 0.557540625 0.4726703125 0.5544765625 0.49841406250000003 0.5525953125 0.5003171875 0.55113125 0.5090671875
3 0.613896875 0.481990625 0.6166140625 0.47209843749999997 0.6133046875 0.3948640625 0.60529375 0.352821875 0.595228125 0.330690625 0.5925812500000001 0.3625234375 0.5908046875 0.40399531250000004 0.58784375 0.4309453125 0.5843953125 0.47717187499999997 0.5851265625 0.48034218749999996 0.5821671875 0.49442031249999996 0.5804953125 0.5157265625 0.5831765625 0.5288515625 0.588121875 0.53519375 0.59265 0.533734375 0.6022984375 0.5483203125 0.6057812499999999 0.549778125 0.61215625 0.5456562500000001 0.616684375 0.538934375 0.6192968750000001 0.5286625 0.61166875 0.5169937499999999 0.61069375 0.5017125 0.613896875 0.481990625
3 0.622153125 0.40031718749999995 0.622153125 0.44299375 0.6182171875 0.463221875 0.61671875 0.4681046875 0.61623125 0.4740015625 0.617240625 0.4766640625 0.6152562500000001 0.48744375 0.6118078125 0.4968921875 0.6110421875000001 0.5031703125 0.6115640625000001 0.51395 0.6122953125 0.518453125 0.6196796875 0.5283453125 0.621665625 0.52650625 0.6258453125 0.5346234375 0.637965625 0.5426765625 0.6480671874999999 0.5355109375 0.6517593749999999 0.5251750000000001 0.652003125 0.518009375 0.6438875000000001 0.5130625 0.6428765624999999 0.4991125 0.6448625 0.48522499999999996 0.64461875 0.46994218749999994 0.638940625 0.4016484375 0.638940625 0.39264375 0.6376875 0.383703125 0.6376875 0.371084375 0.6350046875 0.358528125 0.6330203125 0.3549140625 0.630825 0.3589734375 0.630790625 0.3589734375 0.6278296875 0.3796453125 0.622153125 0.40031718749999995
4 0.654371875 0.4409640625 0.653884375 0.44952500000000006 0.64820625 0.47019687499999996 0.6430515625 0.49353125000000003 0.6435390625 0.5052 0.6447578125 0.511984375 0.6529078125 0.5195937500000001 0.660815625 0.524096875 0.66401875 0.523209375 0.6677109375 0.5290421875 0.6729015625 0.5276468750000001 0.677325 0.523209375 0.6795546875 0.51781875 0.6822703125 0.5164234375000001 0.68425625 0.523209375 0.6906656250000001 0.525428125 0.6950890625 0.5227640625000001 0.69829375 0.5142046875 0.700034375 0.498921875 0.700278125 0.48947343749999994 0.690421875 0.458084375 0.6896546875 0.4405203125 0.6931375 0.4140140625 0.6946015625 0.3857328125 0.6960984375 0.36911875 0.6938703125 0.34933437500000003 0.6879484375 0.35516875 0.6822703125 0.3816734375 0.6802859375 0.41090625000000003 0.6778125 0.42435 0.6726578125 0.43018437499999995 0.6682 0.42885156249999995 0.6654828125 0.41984843749999995 0.6682 0.4010140625 0.6743640625 0.382625 0.67635 0.3727328125 0.6753750000000001 0.361509375 0.67561875 0.3525046875 0.671159375 0.3471140625 0.6652390625 0.35611875 0.6588296875 0.37584062500000004 0.6585859375 0.38306874999999996 0.65586875 0.3947375 0.6533265625 0.396703125 0.6516890625 0.40729218749999996 0.6526640625 0.42885156249999995 0.654371875 0.4409640625
4 0.713896875 0.503740625 0.7192265625 0.50824375 0.7227796875 0.5005078125 0.725984375 0.5031078124999999 0.7330890625 0.4940390625 0.7380359375000001 0.5031078124999999 0.741240625 0.5017750000000001 0.7462203125 0.4953078125 0.7490765625 0.475903125 0.745140625 0.4487640625 0.7415890625 0.43259375 0.7447921875 0.39961875 0.7415890625 0.38085 0.743015625 0.3582125 0.743015625 0.3446421875 0.7398125 0.3374765625 0.732009375 0.34330937499999997 0.7295375 0.3659484375 0.7291531250000001 0.3873171875 0.7295375 0.3944203125 0.7234765624999999 0.3859859375 0.7252531249999999 0.3640453125 0.7291531250000001 0.35434375 0.7309296875 0.3394421875 0.7277609375 0.328471875 0.7171015625 0.348509375 0.70644375 0.40348750000000005 0.7053640624999999 0.4254921875 0.6977015625 0.466328125 0.696690625 0.47755156249999997 0.701184375 0.495434375 0.7099968750000001 0.50824375 0.713896875 0.50824375 0.713896875 0.503740625
