4 0.6724484375 0.6088140625 0.672065625 0.6198484375 0.6805984375 0.65085625 0.706896875 0.7187703125 0.72535625 0.7433734375000001 0.7303375 0.7427390625 0.731765625 0.7375390625 0.73106875 0.7304375000000001 0.728909375 0.724603125 0.7129218749999999 0.6948640625 0.7093703125 0.6799625 0.7086734375 0.672225 0.71045 0.6715921875 0.715778125 0.6760937499999999 0.720028125 0.6864296875 0.729640625 0.7168671875 0.7399515625 0.731071875 0.744896875 0.728471875 0.747753125 0.7227015625 0.7474046875 0.7149015624999999 0.738871875 0.681928125 0.72535625 0.6372859375 0.7239640625 0.598478125 0.7225359375 0.5933421875 0.71435 0.5907421875 0.7062 0.5913765625 0.701915625 0.5952437500000001 0.6919890625 0.5933421875 0.6855109374999999 0.593659375 0.6820265625 0.5939765625 0.6760015625 0.6004437499999999 0.6724484375 0.6088140625
4 0.6220828125 0.6297406249999999 0.63026875 0.6614453124999999 0.6435734375 0.7322124999999999 0.6604671875 0.7629671874999999 0.66711875 0.761065625 0.6686515625 0.7471140625 0.662 0.7163609375 0.6594218749999999 0.6800890625 0.6599437499999999 0.6800890625 0.6609546875000001 0.676346875 0.663009375 0.6791375000000001 0.683978125 0.75085625 0.6896203125 0.758275 0.6936953124999999 0.755484375 0.6932078125000001 0.7433734375000001 0.6845 0.6930875000000001 0.67325 0.649334375 0.67325 0.62048125 0.6717171875 0.6046296875 0.6681296875 0.5999359375 0.66353125 0.598096875 0.648171875 0.5999359375 0.6384531250000001 0.596259375 0.62748125 0.598225 0.6246609375000001 0.6027265625 0.6220828125 0.6148390625 0.6220828125 0.6297406249999999
3 0.5815046875000001 0.614078125 0.5846046874999999 0.6252375 0.5968656250000001 0.6494609375 0.62243125 0.7473046875 0.6270640625 0.7696265624999999 0.632671875 0.7696265624999999 0.6342046875 0.7547234375 0.6270640625 0.65783125 0.6234765624999999 0.6466703125000001 0.6178328125 0.634559375 0.6168234375 0.601965625 0.612225 0.5935953125 0.608115625 0.5926437499999999 0.6050500000000001 0.5935953125 0.6019859375000001 0.599175 0.5978749999999999 0.6029171875 0.5917453125 0.60393125 0.5876703125 0.60475625 0.583559375 0.6057078125 0.5815046875000001 0.614078125
3 0.5729015625 0.6537734375 0.58261875 0.7776796874999999 0.5923375 0.7757765625 0.598990625 0.7552953125 0.5979453125 0.6873171874999999 0.5948796875 0.6239703125 0.5908046875 0.5987953125 0.5831421875 0.5857953124999999 0.5764890625 0.5857953124999999 0.5739109375 0.587634375 0.5673984375 0.6023468750000001 0.564715625 0.6100187499999999 0.563671875 0.62213125 0.5729015625 0.6537734375
1 0.5392546874999999 0.5876984375000001 0.5349703124999999 0.6885859375 0.5375484375 0.7568796875 0.54266875 0.7731765625 0.5460812500000001 0.779390625 0.5494953125 0.779390625 0.5520375 0.7739375 0.55374375 0.74134375 0.5562875 0.7157265625 0.560153125 0.6520609375 0.5631140625 0.6272671875 0.5618593749999999 0.6124921875 0.5618593749999999 0.5853515625 0.5597000000000001 0.576790625 0.5554515624999999 0.573684375 0.5457687499999999 0.5732406250000001 0.5428078125 0.5746359375 0.540090625 0.5786296875 0.5392546874999999 0.5876984375000001
2 0.512678125 0.6899171875000001 0.5148375 0.7279640625 0.51866875 0.7411546875 0.5220828125 0.7427390625 0.525496875 0.736525 0.5293281249999999 0.6503484375 0.534865625 0.6115406250000001 0.5382796875 0.575840625 0.5361546875000001 0.571971875 0.5335765625 0.5696265625 0.5169625 0.5618890624999999 0.51525625 0.5634109375 0.51525625 0.6084343750000001 0.512678125 0.6899171875000001
2 0.496446875 0.5694984375 0.49752656249999994 0.615409375 0.49324218750000004 0.7143312500000001 0.4960984375 0.7259984375 0.4996515625 0.7311984375 0.5053296875 0.7247312499999999 0.5067578125 0.6807234375 0.5103093750000001 0.6277109375000001 0.5135140625 0.6083062499999999 0.512434375 0.58566875 0.5145593749999999 0.5643 0.500521875 0.560178125 0.49714375000000005 0.559796875 0.496446875 0.563665625 0.496446875 0.5694984375
2 0.4739109375 0.5738109375 0.4760703125 0.6268234374999999 0.4735625 0.717375 0.47533906249999996 0.7238421875000001 0.479240625 0.7264421875 0.4824453125 0.7232093749999999 0.48564999999999997 0.7070390625 0.49383437499999994 0.5621437499999999 0.47676718749999997 0.5621437499999999 0.47533906249999996 0.562778125 0.47429531249999995 0.56734375 0.4739109375 0.5738109375
2 0.45245625 0.65263125 0.4492859375 0.7431828125 0.4506796875 0.7457828125 0.45600781250000005 0.7457828125 0.46489062499999995 0.7315796875 0.469175 0.6946734375 0.4688265625 0.649396875 0.47164687499999997 0.595053125 0.47060312499999996 0.5666453125 0.46631875 0.5634109375 0.456321875 0.5625234375 0.4535359375 0.5640453125 0.4521078125 0.575015625 0.45245625 0.65263125
1 0.4268203125 0.5940390625 0.4246609375 0.7104625 0.4268203125 0.74305625 0.4323578125 0.755484375 0.437478125 0.7562453125 0.4404390625 0.752378125 0.441728125 0.744578125 0.44301562499999997 0.7057703125 0.4481359375 0.636715625 0.45026093749999996 0.5986687500000001 0.44768437499999997 0.580025 0.44259843749999994 0.5699421874999999 0.4364328125 0.5703875 0.43179999999999996 0.5709578125 0.4285265625 0.5777421875 0.4268203125 0.5940390625
3 0.39104843749999996 0.73348125 0.39073437499999997 0.7610015625 0.39223281249999997 0.7647437499999999 0.3987453125 0.7647437499999999 0.40289062500000006 0.757196875 0.4061296875 0.7437546875 0.4096828125 0.703296875 0.4141421875 0.6618265625 0.4233015625 0.6122390625 0.422709375 0.6036140624999999 0.418565625 0.58744375 0.4120515625 0.5820546875 0.4070359375 0.5847171875 0.400278125 0.5929609375 0.3981546875 0.597146875 0.3960640625 0.623525 0.39104843749999996 0.73348125
3 0.3663875 0.6279640625 0.3489375 0.75085625 0.349215625 0.761065625 0.351584375 0.76918125 0.35426718749999997 0.7718453125 0.3566359375 0.7713375 0.381190625 0.676475 0.3907 0.6521874999999999 0.3983984375 0.6370953125 0.4037265625 0.622003125 0.4060953125 0.6064046875 0.39926875 0.6090671875 0.394253125 0.6074828125 0.3921625 0.60475625 0.389515625 0.594546875 0.384465625 0.5918203125 0.38000625 0.592390625 0.3733890625 0.5964484375 0.3717171875 0.5982875 0.369940625 0.60475625 0.3663875 0.6279640625
4 0.323859375 0.7447046875 0.316753125 0.758275 0.3160578125 0.7615093749999999 0.316753125 0.762840625 0.3213859375 0.764109375 0.3277609375 0.760875 0.3380703125 0.7382375 0.3551375 0.6690546875 0.36011875 0.6386171875 0.363671875 0.632846875 0.3707765625 0.6270140625 0.3735984375 0.6199109375 0.371821875 0.607609375 0.3657953125 0.6024093749999999 0.3618953125 0.5940390625 0.35440625 0.5940390625 0.339846875 0.5979078125 0.3352484375 0.5933421875 0.3323921875 0.5933421875 0.3171015625 0.599809375 0.3160578125 0.606975 0.31525625 0.64914375 0.3117734375 0.6677234375000001 0.3014984375 0.7337343749999999 0.2975625 0.7544078125 0.29829374999999997 0.760240625 0.3025421875 0.76220625 0.30964843750000004 0.7499046875000001 0.3213859375 0.6942921875 0.3291890625 0.6729234374999999 0.3323921875 0.6716546875 0.3352484375 0.6722890625 0.33664218749999997 0.6741921875 0.3334734375 0.7078625 0.323859375 0.7447046875
4 0.25921249999999996 0.7285359375 0.25848125 0.7337343749999999 0.25848125 0.7402031250000001 0.25921249999999996 0.742803125 0.262034375 0.7434375 0.26523906249999996 0.7408375 0.28833125000000004 0.6942921875 0.31355 0.631515625 0.316753125 0.6095125 0.3139328125 0.599175 0.3068265625 0.5914390625 0.29188437500000003 0.5901078125 0.2797984375 0.584971875 0.2726921875 0.584971875 0.267015625 0.6024093749999999 0.267015625 0.6211796875 0.26523906249999996 0.6393156249999999 0.25423125 0.676790625 0.243921875 0.7149656249999999 0.2442703125 0.7220671875 0.24569843750000003 0.7272671875000001 0.24855468749999998 0.7272671875000001 0.25245625 0.7233984375 0.259909375 0.7052625 0.268790625 0.679390625 0.27342343750000003 0.6716546875 0.27697656249999997 0.6703234375 0.2784046875 0.6716546875 0.2784046875 0.6741921875 0.26523906249999996 0.713 0.25921249999999996 0.7285359375
4 0.269871875 0.408053125 0.26844375 0.4086875 0.26631875 0.41261875000000003 0.26346250000000004 0.46043124999999996 0.2623828125 0.48826875000000003 0.25921249999999996 0.5024734375000001 0.25457968750000004 0.519340625 0.25423125 0.5348124999999999 0.2560078125 0.5426124999999999 0.2623828125 0.5497140625 0.27021875 0.5497140625 0.2797984375 0.5549140625 0.2840828125 0.5561828125 0.2908046875 0.5542171875 0.29435781250000004 0.548446875 0.296865625 0.5315796875000001 0.289759375 0.48566875 0.28547500000000003 0.42618906250000005 0.281575 0.40095156249999997 0.280146875 0.3989859375 0.278753125 0.3989859375 0.27659375 0.40031718749999995 0.2762453125 0.4015859375 0.2783703125 0.45206093750000004 0.2776734375 0.461128125 0.2762453125 0.46563125000000005 0.27234375 0.46366562499999997 0.27300625 0.41724843749999996 0.2726921875 0.411921875 0.2712640625 0.408053125 0.269871875 0.408053125
4 0.296621875 0.41972031249999997 0.294253125 0.42238437500000003 0.294253125 0.43532031250000003 0.298990625 0.50215625 0.2960296875 0.5253640625 0.296621875 0.5441984375 0.2998953125 0.554978125 0.310553125 0.5582125 0.32713281250000004 0.554978125 0.3366078125 0.554978125 0.3416234375 0.546353125 0.34252812499999996 0.5334171875 0.34134375 0.5226375 0.33897656249999997 0.5118578125 0.32978125 0.4859859375 0.32358125000000004 0.4407109375 0.3194359375 0.41699374999999994 0.3179375 0.41433125000000004 0.31556875 0.41376093750000004 0.3135140625 0.415409375 0.3117375 0.41972031249999997 0.3117375 0.42726718750000003 0.3179375 0.46873750000000003 0.31616093749999996 0.47305 0.3120171875 0.47305 0.30905625 0.469815625 0.3060953125 0.4622703125 0.3014984375 0.43100781250000003 0.3001734375 0.42561875000000005 0.29811875 0.41972031249999997 0.296621875 0.41972031249999997
3 0.33883593749999996 0.39264375 0.3363640625 0.3939125 0.33528437499999997 0.397146875 0.3356328125 0.41914999999999997 0.339184375 0.477996875 0.33883593749999996 0.5303734375 0.3409609375 0.543309375 0.34486249999999996 0.551109375 0.35162031250000003 0.5537093750000001 0.3569484375 0.548509375 0.3654828125 0.54914375 0.373284375 0.5414078124999999 0.373284375 0.5310718750000001 0.370115625 0.5071015625 0.3555203125 0.45732343750000004 0.344896875 0.40583437499999997 0.3438171875 0.4010140625 0.34130937499999997 0.39327812500000003 0.33883593749999996 0.39264375
3 0.38282812499999996 0.38218125000000003 0.379275 0.378946875 0.3721703125 0.3776796875 0.3664921875 0.378946875 0.360815625 0.384146875 0.3583078125 0.3918828125 0.35795937499999997 0.39644843750000003 0.3583078125 0.41325312500000005 0.36614375 0.51090625 0.3721703125 0.5471140625 0.376803125 0.5535828125 0.3796234375 0.5549140625 0.3860328125 0.545846875 0.38958593750000003 0.5315796875000001 0.398815625 0.53874375 0.4034484375 0.536778125 0.40661718750000003 0.5296765625 0.40661718750000003 0.51350625 0.393834375 0.44299375 0.3881578125 0.4035515625 0.387078125 0.3938484375 0.3860328125 0.38865 0.38282812499999996 0.38218125000000003
1 0.40094062499999994 0.360178125 0.3984671875 0.360875 0.3956109375 0.3634109375 0.39313750000000003 0.36924531250000003 0.39240624999999996 0.378946875 0.39313750000000003 0.4223203125 0.40735 0.5315796875000001 0.4115984375 0.539378125 0.41800781249999996 0.54388125 0.4233375 0.5426124999999999 0.42438125 0.5251109375 0.4293625 0.5102734375 0.4290140625 0.48440000000000005 0.4103796875 0.372225 0.40912499999999996 0.3666453125 0.40627031249999995 0.361509375 0.40094062499999994 0.360178125
2 0.428875 0.3565 0.42709843750000004 0.35776718750000003 0.425321875 0.3629671875 0.43099999999999994 0.44121718750000005 0.431696875 0.5078 0.4334734375 0.5285359374999999 0.435596875 0.53436875 0.4388015625 0.536271875 0.4473359375 0.535003125 0.45374375 0.5304375 0.454440625 0.5246671875 0.4540921875 0.5162328125 0.4480328125 0.47419218750000003 0.443434375 0.4107796875 0.4369203125 0.36563124999999996 0.43598125000000004 0.36036718749999996 0.4342046875 0.35776718750000003 0.428875 0.3565
2 0.45792343750000003 0.348446875 0.4483453125 0.3516796875 0.44406093750000003 0.35947968750000003 0.4437125 0.369815625 0.4476140625 0.40342500000000003 0.45367499999999994 0.4868734375 0.4547203125 0.5347500000000001 0.4561484375 0.5379828125 0.461128125 0.5405828125000001 0.477115625 0.5405828125000001 0.48885468750000005 0.5379828125 0.48885468750000005 0.5211796875 0.48422187499999997 0.4868734375 0.46370625 0.360684375 0.46325312500000004 0.3549140625 0.461825 0.351046875 0.45792343750000003 0.348446875
2 0.5127484375 0.3512359375 0.5106234374999999 0.3532015625 0.506721875 0.3584015625 0.50529375 0.3661375 0.499965625 0.40044375 0.49393906249999997 0.472225 0.4896546875 0.5129359375 0.4889578125 0.5381734375 0.519853125 0.5407734375000001 0.5234062500000001 0.536271875 0.5237890625 0.508434375 0.5223609375 0.4773625 0.522709375 0.4411546875 0.5221171874999999 0.358909375 0.5205859375 0.3512359375 0.5177296874999999 0.34996875 0.5127484375 0.3512359375
2 0.5524203125 0.3473046875 0.5485890625 0.35434375 0.5425984374999999 0.37374687500000003 0.527690625 0.464553125 0.5216999999999999 0.497146875 0.51999375 0.5211796875 0.51999375 0.5305015625 0.525984375 0.5328468749999999 0.537478125 0.5351296875 0.5396375 0.53436875 0.5438875000000001 0.509575 0.549425 0.417184375 0.5519671875000001 0.38611249999999997 0.5573312500000001 0.35269531249999997 0.557540625 0.3473046875 0.5545453124999999 0.34654375000000004 0.5524203125 0.3473046875
1 0.5825843749999999 0.3331015625 0.577046875 0.3338625 0.5753390625 0.3385546875 0.5727625 0.347875 0.545071875 0.4774890625 0.5437828125 0.487571875 0.5454890625 0.509321875 0.548903125 0.5318328125 0.548903125 0.5411546875 0.550609375 0.5442609375 0.5569843750000001 0.54654375 0.5655171875 0.5388078125 0.576175 0.512428125 0.5838390625 0.45960625000000005 0.5860328124999999 0.3505390625 0.5859984375 0.3440078125 0.5851265625 0.33779375 0.5825843749999999 0.3331015625
3 0.623196875 0.3618265625 0.617659375 0.35954375 0.613375 0.35954375 0.60741875 0.3634109375 0.6040062500000001 0.37349375 0.589934375 0.43018437499999995 0.5728671875 0.494609375 0.57203125 0.5140140625 0.5728671875 0.5334171875 0.5762796875 0.5372859375 0.5818531250000001 0.5357000000000001 0.5886453125 0.5349390625 0.589515625 0.5357000000000001 0.5903515625 0.54039375 0.59805 0.559796875 0.60188125 0.5605578125 0.60529375 0.555865625 0.6121218749999999 0.5411546875 0.6180765625 0.509321875 0.623196875 0.4588453125 0.6266109375 0.39740000000000003 0.6270296875 0.3890296875 0.6266109375 0.36886562500000003 0.623196875 0.3618265625
3 0.6447234374999999 0.39644843750000003 0.6404390624999999 0.39955625 0.63744375 0.40577031249999995 0.6122953125 0.505896875 0.60546875 0.5284078125 0.60546875 0.5447046875 0.6080453125 0.553265625 0.616996875 0.5540265625 0.6221171875 0.5578953125 0.6284921875 0.5648703125 0.6353187499999999 0.5617625 0.639603125 0.552440625 0.6438515625 0.517565625 0.6500874999999999 0.4124921875 0.6506796875 0.401903125 0.648971875 0.397209375 0.6447234374999999 0.39644843750000003
4 0.6686171875 0.41344375 0.6669109375 0.418071875 0.6609546875000001 0.4460375 0.6524203125 0.4801515625 0.64559375 0.5003796875 0.63580625 0.5244140625 0.635353125 0.54305625 0.636225 0.5507921875 0.6430515625 0.5585921875000001 0.657540625 0.5624609375 0.6647859375 0.559353125 0.6779875 0.568675 0.6818531250000001 0.5639828125 0.685684375 0.5492703125 0.6865203125 0.5097015625 0.683978125 0.479390625 0.687390625 0.458465625 0.6869734375000001 0.45535781249999996 0.686103125 0.45535781249999996 0.683559375 0.458465625 0.6805640625 0.46930937500000003 0.6771515625 0.4771078125 0.6737375 0.47862968749999996 0.66990625 0.4771078125 0.6686171875 0.4740015625 0.6686171875 0.46930937500000003 0.6708109375 0.42447656250000004 0.6707421874999999 0.41731093750000003 0.6707421874999999 0.41496562499999995 0.6686171875 0.41344375
4 0.712609375 0.4183890625 0.7109015624999999 0.41914999999999997 0.7091953125 0.421496875 0.7074890625 0.42612500000000003 0.7015328125 0.482815625 0.690875 0.522384375 0.6874609375 0.5417875000000001 0.6887140625 0.554978125 0.6934171874999999 0.5604312499999999 0.7006625 0.5619531249999999 0.7117375 0.5573234375 0.718565625 0.5588453125 0.7266812500000001 0.5627140625 0.729640625 0.5565 0.7309296875 0.5324671875 0.7266812500000001 0.4921375 0.727934375 0.46962656249999996 0.726228125 0.45174375 0.724103125 0.4152828125 0.7219781249999999 0.40748281249999996 0.718565625 0.40830625 0.718146875 0.41217499999999996 0.718565625 0.4594796875 0.718146875 0.4703875 0.7177296875 0.47349375 0.7147328125 0.4757765625 0.7121906250000001 0.4727328125 0.7134453125 0.4303109375 0.714315625 0.42301875000000005 0.713896875 0.41914999999999997 0.712609375 0.4183890625
4 0.7439218750000001 0.45256875 0.741240625 0.46442656250000003 0.7323578125 0.5366515625 0.7338203125 0.55954375 0.7406828125 0.569815625 0.748659375 0.5770453125 0.7601875 0.5582125 0.766109375 0.5582125 0.7682 0.5533296875 0.7696625 0.533925 0.762278125 0.514521875 0.7516203124999999 0.4455296875 0.7501218749999999 0.44394375 0.7483453124999999 0.445021875 0.747475 0.45415312500000005 0.7501218749999999 0.5161703125 0.7459765625 0.5231453125 0.7447921875 0.521559375 0.7459765625 0.46873750000000003 0.7459765625 0.45472343750000005 0.74510625 0.45256875 0.7439218750000001 0.45256875
