4 0.7161265625000001 0.6909328125 0.720759375 0.6928984375 0.72358125 0.691565625 0.7260890625 0.6883328125 0.727865625 0.677996875 0.715778125 0.597146875 0.7161265625000001 0.5512359375 0.7125734375 0.5331015625 0.70888125 0.5305015625 0.7039359375 0.535446875 0.69878125 0.5327203125 0.684709375 0.541725 0.6733546875 0.537221875 0.664471875 0.5390609375000001 0.6624875 0.5426124999999999 0.6615109375 0.555675 0.664715625 0.576346875 0.6743296875 0.6064046875 0.6829671875 0.6473046874999999 0.694078125 0.685478125 0.69975625 0.6953703124999999 0.7047015625 0.6971468749999999 0.699025 0.672859375 0.6901421875 0.615409375 0.6897249999999999 0.6098921875000001 0.6902468749999999 0.6071015625 0.6929296875000001 0.6023468750000001 0.6950890625 0.6023468750000001 0.69665625 0.6045015625 0.69811875 0.6077359375 0.712225 0.6799625 0.7161265625000001 0.6909328125
3 0.629153125 0.5565625 0.6277609375 0.5649968750000001 0.6298843749999999 0.5766640625 0.6380359375 0.5953703124999999 0.65440625 0.6762203125 0.66468125 0.72219375 0.6693140625 0.725428125 0.6707421874999999 0.7214968749999999 0.6700109375000001 0.7066578125 0.6643328125 0.6426125 0.662034375 0.5948640625 0.662034375 0.5683578125000001 0.6593171875 0.549525 0.6580984375 0.5454656250000001 0.6561125 0.542803125 0.6432953125 0.5414078124999999 0.641309375 0.5422953125000001 0.6376171875 0.549525 0.632428125 0.5521874999999999 0.6323578125 0.5520609375000001 0.63058125 0.5533296875 0.629153125 0.5565625
3 0.5984671875 0.5766640625 0.608534375 0.6041859374999999 0.6239296875 0.6866203125 0.6325328125 0.71953125 0.6351796875 0.723271875 0.6378609375 0.7216875 0.6390453125 0.71521875 0.6325328125 0.6483828125 0.6315921875 0.5633484375 0.6285265625 0.5535828125 0.6223265625 0.5446421875 0.6149421875 0.5435 0.611459375 0.5442609375 0.6096140625 0.5457203125000001 0.604040625 0.5551046875 0.600765625 0.5569437500000001 0.5999656250000001 0.55783125 0.59878125 0.5604953125 0.5984671875 0.5766640625
1 0.5647859375000001 0.5594796875 0.565378125 0.5842734375 0.571890625 0.6084968749999999 0.5955421875 0.71255625 0.599790625 0.7241593749999999 0.6062000000000001 0.7233984375 0.6091609375 0.7180093750000001 0.6070359375 0.6776156249999999 0.601915625 0.6075453125 0.5967609375 0.557196875 0.5942875 0.554090625 0.5861375 0.5487 0.578475 0.5410265625 0.5765234375 0.5410265625 0.5750265625 0.543309375 0.5735625 0.55003125 0.5711593749999999 0.551109375 0.5698015625 0.552440625 0.566840625 0.55516875 0.5647859375000001 0.5594796875
2 0.53288125 0.5556125 0.5345171875 0.587 0.5468484375 0.6452125 0.5664921875 0.7150921875 0.5686171875 0.72048125 0.57203125 0.715853125 0.57203125 0.7096390625 0.5664921875 0.669309375 0.5629046875 0.6142671875 0.5619296874999999 0.581040625 0.560675 0.5599234375 0.5597000000000001 0.5572609374999999 0.5577156249999999 0.5554218750000001 0.5430859375 0.55345625 0.5388015625 0.5529484375 0.5340640624999999 0.5529484375 0.53288125 0.5556125
2 0.49944218749999997 0.5587187499999999 0.49944218749999997 0.5625875 0.5012187499999999 0.5735578125 0.5079765625 0.6046296875 0.5111453125 0.6305015625 0.52486875 0.7017125 0.5335421874999999 0.713253125 0.54845 0.711984375 0.542771875 0.69778125 0.536015625 0.6725421875 0.5321140625 0.614965625 0.5299890625 0.5638546875 0.527865625 0.5587187499999999 0.50710625 0.5568796875 0.5029953125 0.556753125 0.5015671875 0.556753125 0.49944218749999997 0.5587187499999999
2 0.4752703125 0.5892828125 0.4848828125 0.6714015625 0.4898296875 0.6882046875000001 0.49944218749999997 0.6960046875 0.5086734374999999 0.6940390625 0.5051203125 0.6882046875000001 0.5008703125 0.683703125 0.49801406249999997 0.6759671875000001 0.49589062500000003 0.6623328125 0.4962375 0.6209890625 0.4983625 0.5918828125 0.49909375 0.5614453125 0.4955421875 0.55954375 0.479240625 0.5586562500000001 0.47669843749999996 0.5588453125 0.4745390625 0.5596703125 0.4752703125 0.5892828125
2 0.4446875 0.564171875 0.4436078125 0.5700062499999999 0.44395625 0.5881421875 0.453221875 0.6812296875 0.45534687500000004 0.7103359375 0.457471875 0.7200375 0.46210312499999995 0.7226375 0.46704999999999997 0.7226375 0.46990625 0.7200375 0.473459375 0.6876984375 0.46990625 0.6178828125 0.4723796875 0.6003796875 0.47025468750000005 0.5655046875 0.468478125 0.5596703125 0.46635312500000003 0.5577046875 0.4518640625 0.5599875 0.4492859375 0.5609390624999999 0.446115625 0.5622703125 0.4446875 0.564171875
1 0.4091609375 0.5613187500000001 0.40797656250000003 0.56563125 0.4041453125 0.6033609375 0.4020546875 0.6820546875 0.405015625 0.7079265625 0.4109375 0.7181984375 0.41421093750000004 0.7208625 0.4192265625 0.7214328125 0.42309374999999994 0.7192765624999999 0.428109375 0.7014578124999999 0.43580625 0.63785625 0.44144843749999996 0.5974640625000001 0.44054374999999996 0.5705140625 0.435528125 0.5591625 0.431975 0.5554218750000001 0.4301984375 0.5494609374999999 0.426053125 0.5505390625000001 0.41616093750000005 0.5573234375 0.413896875 0.5586562500000001 0.41034531249999995 0.559734375 0.4091609375 0.5613187500000001
3 0.366771875 0.7085609374999999 0.367084375 0.7182625 0.3706375 0.7231453125 0.3735984375 0.722575 0.38070312500000003 0.70913125 0.390178125 0.67083125 0.39519375 0.6228921875 0.4022984375 0.5975265624999999 0.4070359375 0.5716546874999999 0.389271875 0.5539 0.3874953125 0.5533296875 0.3809828125 0.5544078125 0.3734234375 0.5614453125 0.3691390625 0.5700703125000001 0.3673640625 0.5889031250000001 0.366771875 0.7085609374999999
3 0.331696875 0.558084375 0.3302328125 0.5765374999999999 0.32998906250000004 0.612428125 0.320096875 0.7305640624999999 0.3203765625 0.7409 0.32208281250000004 0.745846875 0.32873593749999996 0.7440703125 0.339359375 0.7206718750000001 0.35294375 0.65871875 0.361546875 0.6065953125 0.367990625 0.5953703124999999 0.3733890625 0.5701968749999999 0.3719265625 0.5603671875 0.369453125 0.558084375 0.3669796875 0.557640625 0.3573671875 0.5598609375 0.35343125 0.5513640625 0.3497046875 0.5495875 0.338140625 0.551934375 0.3356671875 0.5526953125 0.33368125000000004 0.5544703125 0.331696875 0.558084375
4 0.2752 0.5554218750000001 0.27314531249999996 0.5968921875000001 0.2630796875 0.68909375 0.263671875 0.7036140625 0.26631875 0.710653125 0.27018437500000003 0.715471875 0.28571875 0.6253015625 0.28721718749999997 0.62041875 0.29045624999999997 0.6155999999999999 0.29460156249999997 0.6155999999999999 0.2972828125 0.6166765625 0.2993375 0.6199109375 0.29965156249999997 0.6285359374999999 0.2755140625 0.7031078125 0.2755140625 0.70741875 0.2778828125 0.7100828124999999 0.281121875 0.7100828124999999 0.28735625 0.7041859374999999 0.3006625 0.68046875 0.315778125 0.6357 0.3264375 0.5963859375 0.334134375 0.564553125 0.33354218750000003 0.551109375 0.331765625 0.5467984375 0.329084375 0.5446421875 0.30717500000000003 0.5467984375 0.297421875 0.5408375000000001 0.2917796875 0.5414078124999999 0.2870421875 0.5446421875 0.2808421875 0.5414078124999999 0.279659375 0.5408375000000001 0.276384375 0.5451484375 0.2752 0.5554218750000001
4 0.20156718749999997 0.691565625 0.20801093750000002 0.690678125 0.2215609375 0.6745078125 0.25733125 0.607609375 0.269175 0.5779328125000001 0.2736328125 0.5568171875 0.269175 0.541534375 0.2578203125 0.53348125 0.2509234375 0.5311984375 0.24723125 0.5330375 0.24228437500000002 0.5298671875000001 0.22995468749999998 0.5267593749999999 0.22330156250000002 0.5303109375 0.21786875 0.5357000000000001 0.21442031250000002 0.5451484375 0.21020625 0.594546875 0.19616875 0.6389984375 0.190978125 0.6664546875 0.190978125 0.674953125 0.19171093749999998 0.6807859374999999 0.1946703125 0.6844 0.197875 0.6821171875 0.22236093750000002 0.62041875 0.22650625 0.612365625 0.233925 0.6042484375 0.23657187500000001 0.605896875 0.23629375000000002 0.61395 0.23420468749999998 0.622575 0.20156718749999997 0.691565625
4 0.21149374999999998 0.339759375 0.20971718749999999 0.339759375 0.20735 0.3408375 0.2055734375 0.34407031250000003 0.2047015625 0.3483828125 0.20410937499999998 0.3662015625 0.20410937499999998 0.43735 0.1970046875 0.4788203125 0.197875 0.48909375 0.20024375 0.497146875 0.2029265625 0.49930312499999996 0.2109015625 0.5014578125 0.2180078125 0.5090046874999999 0.226296875 0.5122390625000001 0.2289796875 0.5122390625000001 0.238140625 0.50741875 0.244653125 0.49606874999999995 0.2396375 0.3888390625 0.22985000000000003 0.3516171875 0.22037656249999998 0.34299375 0.22037656249999998 0.3467984375 0.226296875 0.375903125 0.23221875 0.43088125 0.23110468750000002 0.43481249999999994 0.2282125 0.4374765625 0.2243125 0.43595468750000005 0.221246875 0.4318328125 0.21563906249999998 0.351934375 0.215046875 0.3473046875 0.2132703125 0.341915625 0.21149374999999998 0.339759375
4 0.2554859375 0.360875 0.25405781250000004 0.36607500000000004 0.2533609375 0.421053125 0.2498078125 0.4559921875 0.24413125 0.48896562499999996 0.2505046875 0.5077359375 0.2576109375 0.516740625 0.264715625 0.5187062499999999 0.2672234375 0.5109703125 0.27575781250000003 0.51610625 0.281434375 0.5174375 0.2924421875 0.5109703125 0.29919843749999997 0.49866875000000005 0.29066562500000004 0.45726093749999996 0.2853359375 0.4190875 0.272553125 0.3479390625 0.26401875 0.3279015625 0.2629390625 0.3408375 0.26934843750000004 0.368675 0.2769421875 0.4438171875 0.276140625 0.45091875000000003 0.2740859375 0.45351875 0.26997499999999997 0.4513 0.2679203125 0.4487 0.26687500000000003 0.44045625 0.264715625 0.41781875 0.2625921875 0.360875 0.2618953125 0.358275 0.2572625 0.358275 0.2554859375 0.360875
3 0.31699687499999996 0.331959375 0.31344531249999996 0.33259375 0.310971875 0.33519375 0.30954375 0.3390609375 0.3106234375 0.407609375 0.2960296875 0.5065953125 0.299965625 0.5221312499999999 0.30954375 0.5272671875 0.3294328125 0.517565625 0.3322890625 0.49816093749999996 0.3305125 0.4710203125 0.326959375 0.3934046875 0.32096874999999997 0.3525046875 0.320271875 0.3434375 0.318425 0.33392499999999997 0.31699687499999996 0.331959375
3 0.3514453125 0.33874375 0.34886875 0.33874375 0.346325 0.3426125 0.3435734375 0.3927703125 0.32925781249999997 0.500190625 0.330128125 0.5203546875 0.3356671875 0.5305015625 0.3450359375 0.5351296875 0.3518640625 0.52656875 0.3629390625 0.5258078125 0.368478125 0.514965625 0.36893125000000004 0.49866875000000005 0.3554859375 0.36131875 0.35485937500000003 0.3504125 0.3539875 0.341090625 0.3514453125 0.33874375
1 0.37854375 0.3324671875 0.3755828125 0.333290625 0.3712984375 0.3363984375 0.369175 0.3394421875 0.3678859375 0.3588453125 0.36321875000000003 0.49162968749999997 0.364925 0.5149015625 0.369175 0.528090625 0.377290625 0.5405203125 0.38282812499999996 0.5381734375 0.4015671875 0.5156625 0.40115 0.4908046875 0.394775 0.4574515625 0.3896546875 0.414775 0.3838734375 0.3562453125 0.3826546875 0.34609999999999996 0.381121875 0.3379203125 0.37854375 0.3324671875
2 0.4063390625 0.3366515625 0.3918140625 0.3312625 0.3973875 0.3421046875 0.40759375000000003 0.38478124999999996 0.4093 0.44457812499999994 0.40463281249999994 0.5043124999999999 0.4063390625 0.5190875 0.40888125000000003 0.5299296874999999 0.416996875 0.535384375 0.4336125 0.5337984375 0.43531875 0.5182625 0.43106875 0.473240625 0.4228484375 0.38027968749999996 0.4165453125 0.3591625 0.4063390625 0.3366515625
2 0.452803125 0.34292968749999997 0.44939062500000004 0.3460375 0.447265625 0.34996875 0.44298125 0.4329734375 0.43744375 0.48655625 0.441275 0.535446875 0.454928125 0.5385546875 0.487321875 0.532340625 0.48606718750000005 0.5090671875 0.479240625 0.4640453125 0.46175625 0.3700703125 0.45973593749999997 0.35947968750000003 0.45712343750000006 0.3473046875 0.452803125 0.34292968749999997
2 0.5218390625 0.332784375 0.5182859375 0.332784375 0.5105890625 0.337603125 0.50735 0.3435640625 0.4996515625 0.3672796875 0.4886796875 0.4729234375 0.48721718750000004 0.50741875 0.4898640625 0.5316421874999999 0.532496875 0.5289796875 0.53605 0.5203546875 0.5366421875 0.5057703124999999 0.5351796875 0.47343124999999997 0.53221875 0.44489531250000003 0.5264015625 0.344959375 0.5257046875 0.3392515625 0.5242078125 0.33544687500000003 0.5218390625 0.332784375
2 0.5743984375 0.3400765625 0.5714390625 0.3400765625 0.565203125 0.342803125 0.56224375 0.34654375000000004 0.5554515624999999 0.3605578125 0.5489375 0.40583437499999997 0.5451765625 0.4664546875 0.5402296875 0.4949265625 0.5423546875 0.5201015625000001 0.5519328125 0.5253015624999999 0.5672234375 0.5240328125 0.5714734375 0.514965625 0.5735984375000001 0.49169375000000004 0.5686515625 0.42504687499999994 0.5686515625 0.3674703125 0.5745390625 0.350603125 0.5755828125 0.345465625 0.5755828125 0.34330937499999997 0.5743984375 0.3400765625
1 0.6027859375 0.314965625 0.5981890625 0.3168671875 0.594984375 0.32530156250000003 0.5914312500000001 0.3738109375 0.5818531250000001 0.4552953125 0.5765234375 0.47209843749999997 0.5761406250000001 0.5025359375 0.5822015625 0.516740625 0.5988859375 0.5303109375 0.6017421875 0.5290421875 0.613096875 0.512871875 0.615221875 0.4921375 0.6120859375000001 0.3418515625 0.6108671875 0.330246875 0.6067218750000001 0.3162328125 0.6027859375 0.314965625
3 0.6230578125 0.4105890625 0.610275 0.48040625 0.610275 0.49467343750000003 0.611703125 0.5062781249999999 0.6205859375 0.5166765625 0.6294671875 0.5237796875 0.6340640625 0.52568125 0.63939375 0.5231453125 0.6443749999999999 0.5147109375000001 0.64510625 0.5017750000000001 0.642946875 0.4681671875 0.641728125 0.351490625 0.641728125 0.3410265625 0.6347968749999999 0.3097015625 0.6230578125 0.4105890625
3 0.655659375 0.3263796875 0.654196875 0.3268859375 0.6536046875 0.3279640625 0.6530125 0.332846875 0.64886875 0.3781234375 0.6444093750000001 0.4794546875 0.6444093750000001 0.497209375 0.6459078125 0.5069125 0.653884375 0.5155359374999999 0.6621734375 0.5198484375 0.6734234375 0.5112234375 0.6755140625 0.5031703125 0.6752 0.4772984375 0.6678859375 0.4178828125 0.6600484375 0.34781249999999997 0.6598046875 0.34305625 0.6586203125 0.33176875 0.655659375 0.3263796875
4 0.6983625 0.3520609375 0.6965859375 0.3520609375 0.6937296875000001 0.3572609375 0.6841515625000001 0.4118578125 0.6794140625 0.46740624999999997 0.6752703125 0.49651249999999997 0.677046875 0.5029796875 0.6805984375 0.5094484375 0.6939046875 0.5142671875 0.699546875 0.50995625 0.7102062499999999 0.5088781250000001 0.7244171875000001 0.5094484375 0.7335765624999999 0.49866875000000005 0.73416875 0.49004375 0.730025 0.46848437499999995 0.7232328125 0.44476875 0.7208640625 0.3887125 0.7184953125 0.3601140625 0.7149421874999999 0.358528125 0.7125734375 0.360684375 0.7098921875 0.364996875 0.708115625 0.37412812500000003 0.706653125 0.421053125 0.706896875 0.42707656250000003 0.7033437499999999 0.43050156250000005 0.7008359375000001 0.4313890625 0.6969000000000001 0.430690625 0.694321875 0.4283453125 0.70073125 0.3622703125 0.70073125 0.3601140625 0.699546875 0.3547234375 0.6983625 0.3520609375
4 0.7583765625 0.36753281250000003 0.7495640625 0.376790625 0.7392546875 0.40780000000000005 0.7335765624999999 0.46474374999999996 0.726471875 0.49384843749999996 0.726471875 0.4983515625 0.7279 0.5041859375 0.7321484375 0.506784375 0.7385578125000001 0.5152187500000001 0.7509921875 0.5203546875 0.7612671875 0.5171218750000001 0.7676765624999999 0.5106531249999999 0.77300625 0.50741875 0.7804593750000001 0.506784375 0.782584375 0.49581406250000004 0.781190625 0.47767968749999995 0.7733546875 0.44083750000000005 0.7754796875000001 0.40526249999999997 0.7754796875000001 0.3644890625 0.7733546875 0.3618890625 0.77015 0.3625234375 0.7676765624999999 0.3664546875 0.7662484375 0.374825 0.7625921875 0.437603125 0.7591078125 0.4312625 0.7562171875 0.43050156250000005 0.753953125 0.4312625 0.7502609375 0.43424218750000004 0.7493562500000001 0.43595468750000005 0.75914375 0.38275156250000003 0.7607796875 0.3748890625 0.7626265625 0.366265625 0.7583765625 0.36753281250000003
