4 0.76419375 0.5467984375 0.770671875 0.554534375 0.7838734374999999 0.5636015624999999 0.7736671875 0.52999375 0.757715625 0.4892203125 0.7485203125 0.4556125 0.7452796875 0.4479390625 0.7432953125 0.4479390625 0.7163703124999999 0.47057656249999996 0.7106578125 0.47425468750000005 0.70790625 0.47831250000000003 0.706896875 0.48148437499999996 0.7076625 0.4905515625 0.7146296875 0.50913125 0.72309375 0.524540625 0.7328109375 0.544959375 0.7445140625 0.5744453125 0.7500171875 0.5807859375 0.7547546875 0.5807859375 0.7604671875 0.575840625 0.7432953125 0.5481296875 0.7375484375 0.5331640625 0.734796875 0.5181984374999999 0.734796875 0.514584375 0.7355625 0.512809375 0.7373046875 0.513 0.7388015625000001 0.514584375 0.751515625 0.5259359375 0.76419375 0.5467984375
4 0.7326015625 0.6059609375 0.736328125 0.6014578125 0.7345875000000001 0.593278125 0.722396875 0.559734375 0.7116687500000001 0.5252375 0.7059562500000001 0.499809375 0.7029609375 0.4816734375 0.6757921875 0.49442031249999996 0.6668406250000001 0.4961953125 0.662103125 0.5003171875 0.66158125 0.5121109374999999 0.6651 0.52479375 0.6750609375 0.5497140625 0.6852671875 0.5669625 0.695471875 0.5955609374999999 0.7047015625 0.6190875 0.707453125 0.62048125 0.7129218749999999 0.6131890624999999 0.713409375 0.60735625 0.705678125 0.5796453125000001 0.7036921875 0.5696890625 0.7039359375 0.5651234374999999 0.705678125 0.5651234374999999 0.7063046875000001 0.56651875 0.70693125 0.5688015625 0.7258796875 0.601903125 0.7326015625 0.6059609375
4 0.62176875 0.5096390625 0.620759375 0.5155359374999999 0.620759375 0.5259984375 0.62128125 0.5300578125000001 0.6327406250000001 0.5631578125 0.6464296875 0.607165625 0.6551375 0.627584375 0.660396875 0.6348125 0.6646109375 0.6379828125 0.665621875 0.6366515625 0.665621875 0.6303109375 0.6574015625 0.6039953125 0.6504359375 0.5641093749999999 0.6506796875 0.5618265625000001 0.6516546875 0.5613828125 0.6526640625 0.5613828125 0.6563921875000001 0.5677234375 0.6648546875 0.5890296875 0.6740859375 0.6094484375 0.6810515625 0.622575 0.6850578125 0.6239703125 0.6855453125000001 0.62213125 0.6855453125000001 0.6149015624999999 0.6850578125 0.6039953125 0.678578125 0.5785671875 0.6691046875 0.5504749999999999 0.6636359374999999 0.528725 0.6641234375 0.5024093749999999 0.65015625 0.5010140625 0.643678125 0.5024093749999999 0.637478125 0.5078625 0.6293624999999999 0.5056437500000001 0.62601875 0.5051359375 0.6235109375000001 0.5069125 0.62176875 0.5096390625
3 0.5949140625 0.5311984375 0.595646875 0.5379828125 0.6237890625 0.665884375 0.630790625 0.685415625 0.635771875 0.6772359375 0.635528125 0.6668359374999999 0.6320453125000001 0.601965625 0.6243125 0.5261890625000001 0.62030625 0.5230187500000001 0.6108671875 0.522575 0.6051203125 0.5244140625 0.601184375 0.5234625 0.5981546875 0.5239703125 0.595646875 0.527140625 0.5949140625 0.5311984375
3 0.570359375 0.548065625 0.57136875 0.5548515625 0.6040062500000001 0.6791375000000001 0.6089859375 0.6922640624999999 0.611215625 0.672353125 0.6079765625 0.631959375 0.59926875 0.585225 0.59453125 0.5335453125 0.58979375 0.5312625 0.5853015625 0.527203125 0.5813312500000001 0.5276468750000001 0.57756875 0.5322125 0.5731109375 0.5317062499999999 0.57154375 0.5353203125 0.570603125 0.5385546875 0.570115625 0.541725 0.570359375 0.548065625
1 0.5508531249999999 0.6346859375 0.5577156249999999 0.677171875 0.574746875 0.7190234375 0.576559375 0.725046875 0.575653125 0.66569375 0.5735625 0.5993031249999999 0.5735625 0.5807859375 0.5696625 0.5655671875 0.5663875 0.5568796875 0.563984375 0.5558015625 0.5559390625 0.5383640625 0.5520375 0.5318328125 0.5494953125 0.5318328125 0.547475 0.53436875 0.547265625 0.5362078125 0.54754375 0.6041859374999999 0.5508531249999999 0.6346859375
2 0.5252171875 0.58744375 0.5351796875 0.6776796875 0.5381750000000001 0.6808500000000001 0.54315625 0.6799625 0.54364375 0.6785671875 0.544653125 0.6486359375 0.54266875 0.591059375 0.5421796875 0.5365890624999999 0.5404390625 0.5311984375 0.525009375 0.5316421874999999 0.522221875 0.5316421874999999 0.5184953125 0.5325296875000001 0.5252171875 0.58744375
2 0.49933750000000005 0.540646875 0.5022296875000001 0.5618265625000001 0.507628125 0.6147750000000001 0.5115984375 0.6653765625 0.5157437500000001 0.673746875 0.517415625 0.6718453125 0.5209328125 0.66125625 0.5215609375 0.6329109374999999 0.5198890625 0.5648703125 0.5163703125 0.5391890625 0.5151171875 0.53690625 0.5107625 0.5357640625 0.503553125 0.536271875 0.5005921875 0.5361453125 0.49954687499999995 0.5376671875000001 0.49933750000000005 0.540646875
2 0.47941406249999996 0.5443875 0.4812265625 0.5574515625 0.48181874999999996 0.5677875 0.4815390625 0.60913125 0.48481406250000003 0.6516171875000001 0.4863109375 0.6668359374999999 0.48899375 0.6755234375 0.493765625 0.6760937499999999 0.4955765625 0.6744453125 0.49766562499999994 0.6521250000000001 0.499478125 0.606975 0.49885 0.553646875 0.493765625 0.5481921875 0.486659375 0.5439437500000001 0.483315625 0.54216875 0.4815390625 0.54216875 0.47941406249999996 0.5443875
2 0.4571921875 0.5869375 0.4571921875 0.6859859375 0.45956093750000004 0.7039953125 0.4664578125 0.6930875000000001 0.46941875 0.6789468750000001 0.47004531250000003 0.6582749999999999 0.475409375 0.5853515625 0.47781250000000003 0.535828125 0.46579531249999995 0.53785625 0.46224375 0.5396328125000001 0.459875 0.5439437500000001 0.4571921875 0.5869375
1 0.42863125 0.5559296875 0.42145625000000003 0.6513 0.41570937499999994 0.70221875 0.4196453125 0.7166140624999999 0.43939374999999997 0.67869375 0.45158437500000004 0.6036140624999999 0.4555203125 0.5565625 0.45586874999999993 0.5396328125000001 0.44367812500000003 0.5415984375 0.43706093749999997 0.5462906249999999 0.4325671875 0.549396875 0.42967656249999997 0.5513640625 0.42863125 0.5559296875
3 0.398815625 0.5492703125 0.39609843749999996 0.599365625 0.3889234375 0.675015625 0.39759687499999996 0.670640625 0.405678125 0.64996875 0.41762499999999997 0.5835765625 0.4248 0.56563125 0.427203125 0.5498421875 0.42601875 0.5471140625 0.4209328125 0.5411546875 0.4068625 0.536778125 0.405678125 0.536778125 0.4 0.5422328125 0.398815625 0.5492703125
3 0.3578203125 0.5920734375000001 0.35531250000000003 0.668484375 0.3570875 0.67825 0.35994375 0.680215625 0.36248749999999996 0.676284375 0.36711875 0.656690625 0.378265625 0.6214328124999999 0.38686875 0.5790109375 0.3911875 0.5391250000000001 0.3857890625 0.53525625 0.37544374999999997 0.5305640625 0.3721703125 0.5293593750000001 0.36819999999999997 0.5358906250000001 0.3578203125 0.5920734375000001
4 0.31866875 0.6377937499999999 0.3117734375 0.6492078125 0.3222578125 0.652440625 0.33629375 0.63176875 0.35155 0.5719093749999999 0.35931718749999997 0.557196875 0.3664921875 0.54908125 0.3694875 0.5403296875 0.3685828125 0.5327203125 0.35931718749999997 0.5267593749999999 0.33601562500000004 0.5153453125 0.3282484375 0.513696875 0.3231625 0.513696875 0.3204453125 0.5169312500000001 0.3189484375 0.520228125 0.3156734375 0.5653765625 0.30073125 0.6268859375 0.30073125 0.6312625 0.302821875 0.6355734375 0.30522499999999997 0.6355734375 0.3088125 0.63176875 0.3180765625 0.6062140625 0.3282484375 0.5828156250000001 0.335109375 0.5729859375 0.33629375 0.5724796875 0.3366078125 0.5740640625 0.33601562500000004 0.576790625 0.3270296875 0.6165499999999999 0.31866875 0.6377937499999999
4 0.259909375 0.5887765625 0.25036562500000004 0.5985421875 0.24555937499999997 0.6072921874999999 0.2446875 0.61433125 0.246778125 0.61870625 0.2479625 0.61870625 0.2617203125 0.6083703125000001 0.2853359375 0.5805953125000001 0.2993734375 0.5544703125 0.3077671875 0.5408999999999999 0.3098578125 0.5327203125 0.31163281249999997 0.518009375 0.3110421875 0.5109703125 0.2960984375 0.4979078125 0.2865203125 0.4924546875 0.282340625 0.4918828125 0.277846875 0.49296093750000003 0.2638109375 0.5169312500000001 0.2476484375 0.5533921875 0.24019531249999998 0.5735578125 0.2372 0.5882046875 0.23779218750000003 0.591503125 0.2464640625 0.5854781250000001 0.260815625 0.5653765625 0.26589999999999997 0.5566265625 0.2709859375 0.5533921875 0.27398125 0.5539625 0.27398125 0.557196875 0.2709859375 0.57083125 0.259909375 0.5887765625
4 0.2822359375 0.3486359375 0.28105156249999996 0.367153125 0.2759671875 0.36391874999999996 0.26997499999999997 0.33018437500000003 0.2654828125 0.31274531250000004 0.2559390625 0.295878125 0.2598046875 0.337221875 0.2553125 0.42701406249999996 0.255625 0.4357640625 0.2583078125 0.44229531250000004 0.2624875 0.44388125 0.27147343749999997 0.4444515625 0.2941828125 0.44825625 0.29717812499999996 0.44229531250000004 0.29240625 0.4041859375 0.29240625 0.39004374999999997 0.2905953125 0.36119218750000004 0.2905953125 0.344325 0.2882265625 0.3334171875 0.2840125 0.31927656249999997 0.28105156249999996 0.3116671875 0.2762453125 0.30786250000000004 0.27356250000000004 0.30786250000000004 0.2729703125 0.312175 0.2750609375 0.3149015625 0.2762453125 0.3159796875 0.27983281249999997 0.3296125 0.2822359375 0.3486359375
4 0.314525 0.3757140625 0.310065625 0.36214375 0.2998953125 0.32454062499999997 0.2974921875 0.3234625 0.29599375 0.32454062499999997 0.2950890625 0.32999375 0.294496875 0.3468609375 0.2983984375 0.3953078125 0.298084375 0.43887187499999997 0.29867656249999996 0.447559375 0.2998953125 0.45516875 0.3046671875 0.460621875 0.3094390625 0.4622703125 0.31870468750000003 0.46823125 0.33336875 0.46930937500000003 0.342946875 0.4665828125 0.3426328125 0.424159375 0.3354578125 0.40291718750000005 0.3309640625 0.38439999999999996 0.3270984375 0.3588453125 0.32291875000000003 0.3392515625 0.31901718749999997 0.3272671875 0.3163359375 0.322384375 0.312434375 0.3175015625 0.30825468749999996 0.3175015625 0.3067578125 0.3185796875 0.30975312499999996 0.32454062499999997 0.3103453125 0.3283453125 0.3106578125 0.32999375 0.3151171875 0.37083125 0.314525 0.3757140625
3 0.383315625 0.28129375 0.38122656250000003 0.28129375 0.3788234375 0.2829421875 0.375234375 0.288903125 0.3740515625 0.293278125 0.3579234375 0.388521875 0.344165625 0.45871874999999995 0.34535 0.46740624999999997 0.348659375 0.470703125 0.3564265625 0.4755859375 0.368965625 0.4739375 0.37345937500000004 0.47178125 0.3758625 0.46525 0.3755484375 0.4363984375 0.373771875 0.390171875 0.377046875 0.35098281249999996 0.3851265625 0.300634375 0.38599843749999996 0.2937859375 0.38540625 0.2840203125 0.383315625 0.28129375
3 0.40069687500000006 0.320671875 0.3989203125 0.320671875 0.3956109375 0.322828125 0.393834375 0.32828124999999997 0.38425625 0.38161093749999997 0.37617500000000004 0.45783125 0.3764890625 0.4735578125 0.37739531249999997 0.4779328125 0.3809828125 0.48338593750000003 0.3857546875 0.485034375 0.397421875 0.48122968750000006 0.40219375 0.4757765625 0.40128906249999996 0.4556125 0.40296093749999995 0.35497812500000003 0.4036921875 0.342421875 0.4039703125 0.32955 0.40069687500000006 0.320671875
1 0.41657968749999996 0.3409 0.40940468750000003 0.392009375 0.40195 0.4633484375 0.40285624999999997 0.47691875 0.4061296875 0.48345000000000005 0.41212187499999997 0.48947343749999994 0.4187046875 0.491059375 0.42525312499999995 0.48947343749999994 0.432740625 0.48129375 0.43483124999999995 0.461128125 0.4303375 0.437221875 0.43092968750000005 0.4050734375 0.42946718749999996 0.3544703125 0.42598437499999997 0.3218765625 0.4258796875 0.31693125 0.4256703125 0.304565625 0.41657968749999996 0.3409
2 0.44413125000000003 0.350221875 0.44409687499999995 0.3713375 0.4421109375 0.440265625 0.439603125 0.4529484375 0.43737343749999996 0.470640625 0.43737343749999996 0.48744375 0.43887187499999997 0.495625 0.44085625000000006 0.501521875 0.444828125 0.5051359375 0.45506718749999997 0.5055796875 0.46304375000000003 0.503740625 0.4655171875 0.5001265625 0.4655171875 0.4792640625 0.462521875 0.4592890625 0.45952656249999996 0.44889062500000004 0.46004843749999996 0.42935937500000004 0.4585515625 0.42079843749999996 0.457784375 0.3930875 0.45506718749999997 0.3683578125 0.45162031249999995 0.358909375 0.44716093749999997 0.351553125 0.44413125000000003 0.350221875
2 0.47701093749999995 0.329359375 0.4710203125 0.3304375 0.468025 0.33316406249999997 0.46562187499999996 0.3396953125 0.4683390625 0.40716562500000003 0.4683390625 0.44204218749999996 0.47011562500000004 0.5057078125000001 0.4731109375 0.5111609374999999 0.47997187500000005 0.5138874999999999 0.4994078125 0.5138874999999999 0.50480625 0.5095125 0.5065828125 0.5024093749999999 0.5053984375 0.468675 0.5006265625 0.45345625 0.4985015625 0.42897968750000004 0.49432187499999997 0.39904843749999996 0.48516250000000005 0.35783125 0.4841515625 0.3516796875 0.4817828125 0.33696875 0.47701093749999995 0.329359375
2 0.5311046875 0.33170625 0.52176875 0.359796875 0.5117375 0.45903593750000005 0.5092296875 0.493025 0.509578125 0.5060875 0.51100625 0.50995625 0.538628125 0.514584375 0.5432953125 0.511921875 0.547265625 0.50475625 0.5483453125 0.488459375 0.547265625 0.41724843749999996 0.5402640625 0.3459734375 0.5397078125 0.340203125 0.5385921875 0.3164875 0.5311046875 0.33170625
2 0.5573312500000001 0.342865625 0.555903125 0.345465625 0.5526640625 0.3657578125 0.5519328125 0.43367187500000004 0.5523156250000001 0.50221875 0.570603125 0.5015859375 0.5763499999999999 0.4989859375 0.5788578125 0.4930875 0.5795546875 0.480659375 0.5678156249999999 0.35947968750000003 0.5657609375 0.34819218749999997 0.562346875 0.34159843749999996 0.5573312500000001 0.342865625
1 0.5858578125 0.2989859375 0.58443125 0.3355109375 0.58335 0.401521875 0.5815390625 0.4681046875 0.5819234375 0.4837671875 0.58620625 0.49296093750000003 0.5966218750000001 0.4922640625 0.607384375 0.4864296875 0.6123999999999999 0.4792015625 0.61313125 0.4720359375 0.6109718749999999 0.461571875 0.60595625 0.42435 0.6012890625 0.3623328125 0.5924421875 0.3024734375 0.590875 0.2956875 0.5876703125 0.281990625 0.5858578125 0.2989859375
3 0.616265625 0.301965625 0.6130265625 0.304565625 0.6115984375 0.307165625 0.6108671875 0.31699375 0.6130265625 0.46265 0.616996875 0.47305 0.6205859375 0.47698124999999997 0.6306171875000001 0.478946875 0.638871875 0.472415625 0.6442359375 0.46131875000000006 0.64461875 0.44039375 0.638871875 0.3934046875 0.6273765625000001 0.3129359375 0.626296875 0.307165625 0.6237890625 0.301965625 0.616265625 0.301965625
3 0.6557640625000001 0.28662031250000003 0.651096875 0.2873171875 0.648240625 0.2892828125 0.64535 0.29778125 0.6432249999999999 0.31084375 0.6435734375 0.4512359375 0.64608125 0.4603671875 0.651828125 0.4629671875 0.6597000000000001 0.4629671875 0.6704625 0.4584015625 0.67513125 0.4479390625 0.6737031250000001 0.4152828125 0.663428125 0.3105265625 0.662103125 0.29974687499999997 0.6597000000000001 0.2892828125 0.6557640625000001 0.28662031250000003
4 0.6962734375 0.2957515625 0.69568125 0.2968296875 0.6902828125 0.311478125 0.685196875 0.3327203125 0.68310625 0.376284375 0.6747468750000001 0.41762812499999996 0.6741546875 0.43284687499999996 0.6747468750000001 0.44483125 0.6774296875 0.4486359375 0.6846046875 0.4497140625 0.6905953125 0.4481296875 0.6974578124999999 0.4415984375 0.7046328125 0.4421046875 0.7094046875 0.43887187499999997 0.7144890625 0.43284687499999996 0.715709375 0.4274578125 0.715709375 0.422003125 0.71003125 0.3817375 0.7109015624999999 0.36753281250000003 0.711215625 0.34032968750000003 0.7097171875 0.30824375000000004 0.7073140625 0.2984140625 0.705225 0.2984140625 0.704040625 0.3055171875 0.699546875 0.36214375 0.6980500000000001 0.3653765625 0.6953671875 0.34908125 0.6987109375 0.3051359375 0.6983625 0.3000640625 0.6974578124999999 0.2957515625 0.6962734375 0.2957515625
4 0.7219781249999999 0.2811671875 0.7177984375 0.29315156249999996 0.715709375 0.31433125 0.714803125 0.337221875 0.7123999999999999 0.3437546875 0.71720625 0.367153125 0.7177984375 0.38129375 0.71720625 0.39435625 0.7123999999999999 0.4183265625 0.714803125 0.4264421875 0.7189828125 0.4286625 0.7231625 0.427584375 0.747996875 0.41344375 0.751271875 0.406340625 0.7500875 0.39492656249999997 0.744409375 0.3720359375 0.7470921875000001 0.3285359375 0.7473703125 0.2898546875 0.7464999999999999 0.2844 0.7446875000000001 0.28389375 0.7401953125 0.28662031250000003 0.73841875 0.2909328125 0.7369203125 0.29803437499999996 0.732740625 0.337221875 0.7303375 0.337221875 0.728840625 0.3361453125 0.7234765624999999 0.32251093750000004 0.722884375 0.31547187499999996 0.722396875 0.28700000000000003 0.7231625 0.2833234375 0.7231625 0.2811671875 0.7219781249999999 0.2811671875
