4 0.6121109375 0.31051875 0.6696265625 0.28899375 0.676728125 0.285440625 0.6773625 0.28188749999999996 0.674128125 0.2801109375 0.6631578124999999 0.280459375 0.596575 0.3032390625 0.58345 0.30383125 0.57786875 0.3026125 0.57526875 0.2987109375 0.590234375 0.2941828125 0.6346859375 0.2850921875 0.65345625 0.2776390625 0.6611921875 0.2733546875 0.6605578125 0.27230937499999996 0.6547234375000001 0.2712296875 0.6262531250000001 0.27513125 0.5558015625 0.283315625 0.521496875 0.2840125 0.5169937499999999 0.285440625 0.5033609375 0.2865203125 0.5020921875 0.28864531250000003 0.5020921875 0.29111875 0.5096390625 0.32427656250000003 0.5111609374999999 0.32737656249999997 0.5137609375000001 0.3351796875 0.5324671875 0.33340312499999997 0.55256875 0.32344062500000004 0.6121109375 0.31051875
4 0.5364609375 0.3747125 0.5833859375 0.3664234375 0.6518078125 0.35667031250000003 0.6679765625 0.35252500000000003 0.6733671875 0.34688281249999997 0.672859375 0.3430515625 0.6663921875 0.3421453125 0.6453390625 0.34423593750000003 0.590234375 0.351340625 0.5812296875 0.34907656249999997 0.5812296875 0.3451765625 0.584971875 0.34085624999999997 0.598096875 0.338384375 0.6372859375 0.33326406249999996 0.655040625 0.32911875 0.66043125 0.3249734375 0.657196875 0.32260468750000004 0.650221875 0.3220125 0.5790734375000001 0.32971093749999997 0.5537093750000001 0.33030312500000003 0.5273296875 0.3273421875 0.5187062499999999 0.3282484375 0.51439375 0.3308953125 0.5138234374999999 0.332984375 0.515471875 0.33859218750000003 0.51135 0.357471875 0.5111609374999999 0.3616859375 0.5105890625 0.372065625 0.5116671875 0.3747125 0.515471875 0.3764890625 0.5364609375 0.3747125
3 0.5357000000000001 0.4127140625 0.561571875 0.407384375 0.6559921875 0.3938703125 0.6734312499999999 0.3867640625 0.6792640624999999 0.3825140625 0.6805328125 0.375409375 0.6747625 0.3729359375 0.667596875 0.3722046875 0.618453125 0.375409375 0.5531390625 0.375409375 0.517565625 0.381434375 0.514965625 0.3825140625 0.513696875 0.38394218750000003 0.5188328125 0.3946015625 0.5227640625000001 0.3985015625 0.5227640625000001 0.400975 0.5179453125 0.40550312499999996 0.517565625 0.40773281250000004 0.5181984374999999 0.4109375 0.5207984375 0.41236562499999996 0.5266328125 0.41306093749999995 0.5357000000000001 0.4127140625
3 0.5994296875 0.4239296875 0.668928125 0.4132703125 0.675396875 0.40999687500000004 0.6743187500000001 0.40644375000000005 0.6716546875 0.4055734375 0.6592265625 0.405259375 0.5638546875 0.40999687500000004 0.5207359375 0.41030937500000003 0.513696875 0.41149375 0.50995625 0.41355000000000003 0.5088781250000001 0.41919218750000004 0.5187703124999999 0.43726875 0.5207359375 0.439915625 0.5244765625000001 0.4407875 0.5298671875000001 0.44050781250000004 0.5535828125 0.43368124999999996 0.5994296875 0.4239296875
1 0.6505390625 0.45823749999999996 0.6663921875 0.4561828125 0.66823125 0.45360468750000005 0.66265 0.4495296875 0.6505390625 0.447475 0.5556125 0.4411703125 0.518453125 0.43998593750000003 0.5022828125000001 0.4435390625 0.4947375 0.449459375 0.49923906249999994 0.46011875 0.5024093749999999 0.4635671875 0.5050734375 0.46454218750000004 0.5216875 0.4660390625 0.5554218750000001 0.4633234375 0.6505390625 0.45823749999999996
2 0.654153125 0.4855796875 0.656309375 0.48408281249999996 0.6558015625 0.48084218749999996 0.6498421875 0.4793453125 0.6153453125 0.474015625 0.5501578125 0.4704625 0.498921875 0.4684078125 0.4930875 0.48185312500000005 0.4930875 0.486171875 0.4924546875 0.4903171875 0.496765625 0.4903171875 0.564171875 0.48349062500000006 0.654153125 0.4855796875
2 0.6507296874999999 0.49787499999999996 0.6474953125 0.4931375 0.6377937499999999 0.49167500000000003 0.611921875 0.4907703125 0.5445156250000001 0.4913625 0.5116671875 0.4922671875 0.49442031249999996 0.4907703125 0.4922640625 0.5097171875 0.4922640625 0.51149375 0.4927703125 0.5120859375 0.49549843750000006 0.5120859375 0.6339890625 0.5020203125 0.6507296874999999 0.49787499999999996
2 0.6518078125 0.5296406250000001 0.6577046875 0.527865625 0.6566265625 0.525775 0.6490812499999999 0.5225359375 0.5725421875000001 0.5160218750000001 0.542359375 0.5142453125 0.4933421875 0.5101015624999999 0.49549843750000006 0.5210375 0.49378593750000005 0.5294328125 0.4933421875 0.5326015625 0.49315156250000003 0.5340640624999999 0.517565625 0.5305125 0.540203125 0.530825 0.6518078125 0.5296406250000001
2 0.6589734375 0.540753125 0.663284375 0.5392546874999999 0.6617 0.5380703125 0.656309375 0.5372 0.63956875 0.5366078125 0.5921375 0.537478125 0.5382374999999999 0.5366078125 0.494609375 0.53483125 0.4961953125 0.54845 0.496765625 0.5525953125 0.49727343749999997 0.555834375 0.5166765625 0.55465 0.6067218750000001 0.5469515625 0.6589734375 0.540753125
1 0.528090625 0.580946875 0.5668984375 0.5756187500000001 0.66823125 0.5685125 0.6768546875 0.56614375 0.678440625 0.5634625 0.6768546875 0.5614078124999999 0.669815625 0.5590390625 0.6506031250000001 0.557540625 0.5935312500000001 0.558271875 0.543690625 0.556809375 0.5059609375 0.558759375 0.4987953125 0.5617203125 0.496765625 0.57136875 0.4968296875 0.5750265625 0.4994921875 0.5779875 0.5059609375 0.5803546875000001 0.5151546875 0.5815390625 0.528090625 0.580946875
3 0.6031703125 0.6005578125000001 0.6424859374999999 0.59878125 0.6840203125000001 0.6058859375 0.6883328125 0.6056078125 0.6904874999999999 0.6008703125 0.6861765625 0.5946359375 0.673240625 0.5916750000000001 0.6409 0.588121875 0.5659484375 0.5860671875000001 0.5309453125 0.5831062499999999 0.5244765625000001 0.5842906250000001 0.5212421875000001 0.5857546874999999 0.5195937500000001 0.58753125 0.518009375 0.5931734375 0.515853125 0.5967265625 0.51655 0.605015625 0.520165625 0.6079765625 0.5255546875 0.6106234374999999 0.53525625 0.611215625 0.5570062499999999 0.6082203125000001 0.6031703125 0.6005578125000001
3 0.5568171875 0.6464640625 0.6953078125000001 0.6478234375 0.71604375 0.6456984375 0.71864375 0.6400203125 0.714078125 0.6346921875 0.629359375 0.6254265625000001 0.572225 0.6182515625 0.5525046875 0.6137937499999999 0.5394421875 0.6140375 0.5259984375 0.615534375 0.5268859375 0.6197140625 0.52999375 0.6239296875 0.52479375 0.628596875 0.5222578125 0.6319046875 0.5227015625 0.6358406249999999 0.5285359374999999 0.64200625 0.5357000000000001 0.6447234374999999 0.5568171875 0.6464640625
4 0.522003125 0.6921625 0.5381734375 0.6921625 0.5635390625000001 0.6901078125 0.5926437499999999 0.690978125 0.65085625 0.6986765625 0.655675 0.6963078125 0.658909375 0.6915703125 0.656753125 0.687146875 0.651934375 0.6850578125 0.6013953125 0.6786828125000001 0.5845281250000001 0.6755484375 0.5831953125 0.67154375 0.58738125 0.6679906250000001 0.5970203125 0.6665625000000001 0.655675 0.6779515625 0.6675328125 0.6776734375 0.6707671875 0.6743984375000001 0.6691812500000001 0.6702546875000001 0.663221875 0.66729375 0.624984375 0.6595953125 0.52739375 0.6447921875 0.521496875 0.64510625 0.519340625 0.647475 0.5152187500000001 0.680634375 0.5133796875 0.684778125 0.5123015625 0.6877390625 0.512871875 0.6907 0.51395 0.6912921875 0.522003125 0.6921625
4 0.5435 0.73646875 0.5601140625000001 0.7372 0.6284078125 0.744375 0.6414078125 0.744375 0.6485734375 0.7414140625 0.64996875 0.739671875 0.6481296875 0.7372 0.6427390625 0.7354921875 0.6234625 0.7337515625 0.5827515625 0.725009375 0.5730500000000001 0.71884375 0.5745078125 0.7164406249999999 0.5835125 0.7158484374999999 0.5903609375000001 0.7165453125 0.6355734375 0.7256015625 0.6530750000000001 0.7278296875 0.6553578124999999 0.72535625 0.6544078125 0.7241375 0.645909375 0.7211765625 0.6068484375 0.710796875 0.55516875 0.6991984375 0.5407734375000001 0.692546875 0.522384375 0.6903171875 0.5138234374999999 0.6923015625 0.509321875 0.69550625 0.5057703124999999 0.70268125 0.4988578125 0.7242421875 0.4985421875 0.7278296875 0.49904843750000005 0.731278125 0.5008250000000001 0.7337515625 0.5187703124999999 0.73695625 0.5435 0.73646875
4 0.376790625 0.77544375 0.44901718749999997 0.7733546875 0.47977187499999996 0.7748515625 0.49270781250000006 0.7733546875 0.49860468750000003 0.769209375 0.4996828125 0.7647859375 0.49644843749999995 0.7582718749999999 0.50133125 0.7538140624999999 0.5034875000000001 0.748484375 0.50133125 0.7440609375 0.49270781250000006 0.7401953125 0.48243437499999997 0.738140625 0.42853593749999996 0.74966875 0.4129359375 0.74966875 0.40431249999999996 0.750853125 0.37412812500000003 0.757959375 0.3681671875 0.7615109375 0.36924531250000003 0.7636015625 0.371971875 0.7650640625 0.37786875000000003 0.7650640625 0.42403281249999997 0.7595953125 0.43088125 0.7600140625 0.43481249999999994 0.762034375 0.4366515625 0.763775 0.43107187500000005 0.76534375 0.376284375 0.7695234375 0.371971875 0.7701156250000001 0.369815625 0.7712984374999999 0.3703234375 0.7727625 0.37305 0.7745390624999999 0.376790625 0.77544375
4 0.3681671875 0.7196796875 0.41014531249999997 0.710240625 0.42048125000000003 0.710971875 0.41953125 0.7134453125 0.41147812500000003 0.7200968750000001 0.369753125 0.728178125 0.35523125 0.731765625 0.353265625 0.73531875 0.3565 0.73744375 0.3617 0.738871875 0.3888390625 0.738871875 0.4296125 0.7370953124999999 0.47685468750000004 0.7314171875000001 0.48909375 0.728909375 0.493659375 0.7225359375 0.4923265625 0.713653125 0.4833234375 0.702646875 0.4774890625 0.693034375 0.4677875 0.6891328125 0.45611875 0.6902125 0.43088125 0.6941140625 0.3992390625 0.7044234375 0.34388125 0.7163703124999999 0.3390609375 0.71933125 0.3396953125 0.7221875 0.3422953125 0.7243125 0.353265625 0.7246609375 0.3681671875 0.7196796875
3 0.35421718750000003 0.664715625 0.38655625 0.6693484375 0.4318328125 0.6778828125 0.47647500000000004 0.6874609375 0.4835765625 0.6871125 0.49004375 0.6860328124999999 0.4939125 0.6789265624999999 0.491946875 0.6722046875000001 0.4887125 0.669 0.4939125 0.656565625 0.4887125 0.6519328125 0.46740624999999997 0.649459375 0.44476875 0.651584375 0.35776718750000003 0.65130625 0.3516171875 0.6530125 0.34965156249999996 0.6562171875 0.34965156249999996 0.6590390625 0.3516171875 0.6633234375 0.35421718750000003 0.664715625
3 0.3349390625 0.6406828124999999 0.339821875 0.6436437500000001 0.3467984375 0.64510625 0.3683578125 0.6468828125 0.4513640625 0.6507484375 0.4853515625 0.6543015624999999 0.4934046875 0.6528031249999999 0.5009515625 0.6495640625 0.5031078124999999 0.6436437500000001 0.4987953125 0.6359453125 0.4934046875 0.632984375 0.4977171875 0.6297109375 0.49987343749999996 0.6237890625 0.497209375 0.619365625 0.48750781249999997 0.616996875 0.46214374999999996 0.6164046875 0.4244140625 0.6217343750000001 0.3424859375 0.6294328124999999 0.34032968750000003 0.6297109375 0.3355109375 0.6320796875 0.3333546875 0.6347609375000001 0.332784375 0.6371296875 0.3349390625 0.6406828124999999
1 0.331959375 0.6103796874999999 0.44457812499999994 0.6080109375 0.46239687500000004 0.6115640625000001 0.46937187500000005 0.6115640625000001 0.47476250000000003 0.6112859375 0.48826875000000003 0.6065484375 0.492009375 0.6035874999999999 0.48719062500000004 0.5881921875 0.485034375 0.58523125 0.47964531250000003 0.5819578125 0.471528125 0.581365625 0.4591625 0.5822703125 0.43164218749999994 0.586415625 0.3896 0.5917453125 0.3239703125 0.59860625 0.3190234375 0.5994421875 0.3168671875 0.60090625 0.3168671875 0.6053640625 0.3233359375 0.6101015624999999 0.331959375 0.6103796874999999
2 0.3194671875 0.5719953125 0.43481249999999994 0.575234375 0.4611921875 0.577325 0.474128125 0.5761406250000001 0.4746984375 0.5583765625 0.47089375 0.5494953125 0.45580156250000003 0.5500875 0.39169375 0.557471875 0.3202921875 0.56273125 0.3156625 0.5631140625 0.311921875 0.564890625 0.311921875 0.566075 0.314584375 0.57021875 0.3194671875 0.5719953125
2 0.3116046875 0.5432953125 0.31591562500000003 0.54625625 0.32130625 0.5480328125 0.3396328125 0.5480328125 0.4118578125 0.5459765625 0.4441984375 0.5471609374999999 0.472225 0.5471609374999999 0.46899218749999994 0.5288046875 0.47007031250000003 0.5151859375 0.4544703125 0.5163703125 0.4 0.5228843750000001 0.34134375 0.5315921875 0.3363984375 0.5326359375 0.31756562499999996 0.53531875 0.311096875 0.5382796875 0.3105265625 0.54151875 0.3116046875 0.5432953125
2 0.30481875 0.48390781250000003 0.305896875 0.486590625 0.310209375 0.4889578125 0.3452765625 0.49547187499999995 0.463284375 0.5075937500000001 0.4692453125 0.48035468750000004 0.467596875 0.47593125000000003 0.465440625 0.47533906249999996 0.42073593750000005 0.478578125 0.38839531250000003 0.479484375 0.3389984375 0.47837031249999995 0.33500312499999996 0.47830000000000006 0.323715625 0.47798749999999995 0.3097015625 0.4791703125 0.30539062499999997 0.4815390625 0.30481875 0.48390781250000003
2 0.31762812500000004 0.46140781249999996 0.326696875 0.46485468750000003 0.4025359375 0.4690703125 0.43804687500000006 0.4727625 0.46677187499999995 0.47398125 0.47482499999999994 0.457228125 0.471275 0.45054062500000003 0.46677187499999995 0.44684843750000003 0.452821875 0.44587187500000003 0.4223203125 0.44956406250000003 0.3316421875 0.45684375 0.3270765625 0.4569484375 0.32390625 0.4569484375 0.31851562499999997 0.45844687500000003 0.31762812500000004 0.459421875 0.31762812500000004 0.46140781249999996
1 0.3179453125 0.4206890625 0.3522515625 0.42814375 0.45440781250000006 0.441309375 0.46670937500000004 0.441309375 0.4790109375 0.4395328125 0.48674687499999997 0.434553125 0.4887125 0.42922343749999997 0.48484531249999996 0.41570937499999994 0.4738109375 0.4107625 0.45960625000000005 0.409334375 0.4453390625 0.41215624999999995 0.43113437499999996 0.41288749999999996 0.3929609375 0.41288749999999996 0.3153453125 0.409334375 0.31084375 0.409334375 0.308878125 0.41180781250000004 0.308878125 0.41431562499999997 0.31084375 0.41786874999999996 0.3179453125 0.4206890625
3 0.3895375 0.3964125 0.44559218749999996 0.40261250000000004 0.46499687500000003 0.4058859375 0.4746984375 0.4058859375 0.4811671875 0.40498124999999996 0.4902984375 0.40115 0.494609375 0.3937296875 0.4887125 0.38279375 0.4822453125 0.3739109375 0.476284375 0.37272656249999997 0.4568796875 0.375375 0.4396328125 0.3798328125 0.4116046875 0.383071875 0.37013281249999996 0.3833859375 0.3396328125 0.38230624999999996 0.331325 0.38220156250000004 0.3285984375 0.3845703125 0.32916875 0.38753125 0.334559375 0.38958593750000003 0.3895375 0.3964125
4 0.350665625 0.333646875 0.3765375 0.33793125 0.45091875000000003 0.3436078125 0.47875781249999994 0.3436078125 0.48135625 0.3372 0.481990625 0.3180421875 0.47875781249999994 0.3056078125 0.47488906249999996 0.30383125 0.4696890625 0.30383125 0.45415312500000005 0.3041796875 0.42568124999999996 0.3070015625 0.40564375 0.306653125 0.36360156250000003 0.3013234375 0.35586562499999996 0.3013234375 0.353265625 0.3034484375 0.353265625 0.306653125 0.3610015625 0.31020625 0.40259999999999996 0.3171015625 0.41395 0.32156093750000003 0.414521875 0.324834375 0.40691249999999995 0.3287703125 0.3551046875 0.3268546875 0.35003125 0.326540625 0.3467984375 0.326925 0.3461640625 0.329396875 0.34743124999999997 0.3318703125 0.350665625 0.333646875
4 0.3551046875 0.2740515625 0.43278437500000005 0.29240625 0.44838281249999995 0.2977359375 0.4565 0.2977359375 0.47913750000000005 0.294775 0.48395625000000003 0.289759375 0.48287812499999994 0.2793796875 0.4764109375 0.2613375 0.47159218750000004 0.259246875 0.45485156250000003 0.259246875 0.4257453125 0.26370625 0.3470515625 0.2607453125 0.344325 0.261615625 0.3448953125 0.26370625 0.3486359375 0.26576093749999996 0.3572609375 0.2675375 0.4177546875 0.2726921875 0.4252375 0.276175 0.4252375 0.2771859375 0.42409687500000004 0.27885781249999997 0.42092656249999993 0.2793796875 0.365884375 0.2719953125 0.36429999999999996 0.27168281250000004 0.3529484375 0.26990625 0.347559375 0.26990625 0.3486359375 0.2719953125 0.3551046875 0.2740515625
