3 0.6419359375 0.5887765625 0.653884375 0.736271875 0.655171875 0.7634109375 0.6585859375 0.7564359375 0.6624171875 0.6889031250000001 0.6752 0.584146875 0.6726578125 0.573303125 0.663253125 0.5670890625 0.6504703125 0.5644265625 0.64705625 0.56474375 0.6428078125 0.573303125 0.6419359375 0.5887765625
3 0.611425 0.5604953125 0.61100625 0.57526875 0.6203765625 0.6544078125 0.63319375 0.7281546875 0.6349 0.750665625 0.6370250000000001 0.7444515625 0.64085625 0.72041875 0.6383140625 0.635828125 0.63915 0.5667093750000001 0.6383140625 0.5651875000000001 0.6349 0.5636015624999999 0.6180078124999999 0.5610015625 0.6161265625000001 0.5604953125 0.6122953125 0.5589734375 0.611425 0.5604953125
2 0.5839421875 0.6023468750000001 0.59495 0.70386875 0.6013578125000001 0.7213703125 0.6045281250000001 0.72390625 0.6066874999999999 0.7213703125 0.610240625 0.696765625 0.6091609375 0.6107171874999999 0.607384375 0.5557390625 0.5981546875 0.5564359375000001 0.5840468750000001 0.5518703125 0.5810875 0.5512359375 0.5797625 0.5507921875 0.5839421875 0.6023468750000001
2 0.56468125 0.6655671875 0.56680625 0.67786875 0.5731796874999999 0.68306875 0.5788921874999999 0.67786875 0.5817140625 0.6675328125 0.579240625 0.6086875 0.5760359375 0.5537093750000001 0.5746078125 0.551109375 0.5692796875 0.549778125 0.5556593750000001 0.5488265625000001 0.5518640625 0.548509375 0.5540234374999999 0.572415625 0.56468125 0.6655671875
2 0.5336125 0.6400125 0.5407171875000001 0.665884375 0.5433640625 0.6680406249999999 0.5448625 0.6674703125 0.5490078125 0.63785625 0.548415625 0.54996875 0.525565625 0.550221875 0.5190875 0.54996875 0.5214562500000001 0.56829375 0.5336125 0.6400125
2 0.4728671875 0.5518078125 0.4865203125 0.65351875 0.49160624999999997 0.713253125 0.49501875 0.721053125 0.5018453125 0.7194671875 0.5061296875 0.7055171875 0.5086734374999999 0.644959375 0.5137937499999999 0.5518078125 0.48056406249999994 0.5485734375 0.47798749999999995 0.5487 0.4728671875 0.5487 0.4728671875 0.5518078125
1 0.4321484375 0.62561875 0.41640468750000004 0.7096390625 0.41215624999999995 0.7232093749999999 0.41250468749999997 0.7296765625 0.41640468750000004 0.7316421875 0.42138593750000003 0.7290421874999999 0.43061718750000005 0.721940625 0.45231562500000005 0.6746984375 0.46509999999999996 0.6003171875 0.4700796875 0.566075 0.4693484375 0.5525046875 0.4469875 0.5531390625 0.43667656250000003 0.5563734375 0.4287015625 0.560621875 0.4263671875 0.5634750000000001 0.42601875 0.566075 0.4321484375 0.62561875
3 0.38334999999999997 0.5624609375 0.3818875 0.568928125 0.386625 0.652440625 0.3913625 0.7192765624999999 0.390178125 0.730628125 0.3999296875 0.7279015625 0.40348281249999995 0.7214328125 0.40940468750000003 0.6939765625 0.41267812499999995 0.636271875 0.42243125 0.5732406250000001 0.422153125 0.5700062499999999 0.419784375 0.5672796875 0.4105890625 0.5662015625000001 0.39258125 0.558465625 0.390178125 0.5581484375 0.38808750000000003 0.5581484375 0.38334999999999997 0.5624609375
3 0.3403 0.566265625 0.3403 0.5772359375 0.342771875 0.58566875 0.34918125 0.6012046875 0.35130625000000004 0.6820546875 0.355590625 0.7253640625 0.35914375 0.7324671875 0.3623125 0.7311984375 0.36729375000000003 0.72213125 0.37513125 0.688521875 0.3836296875 0.608940625 0.39146562500000004 0.5694984375 0.3900390625 0.562396875 0.3882625 0.5591625 0.38115625 0.5591625 0.3758265625 0.557196875 0.3626953125 0.5552312500000001 0.35343125 0.55783125 0.3502609375 0.55783125 0.342425 0.5604312499999999 0.3403 0.566265625
4 0.31689375000000003 0.7198484374999999 0.3192609375 0.723653125 0.322221875 0.7176921875 0.3239984375 0.7090671875 0.32814375 0.6346859375 0.3364328125 0.5991125 0.342946875 0.57431875 0.34266874999999997 0.5624609375 0.3239984375 0.559796875 0.29707343750000004 0.5592265624999999 0.283734375 0.564615625 0.27544375 0.5641093749999999 0.27544375 0.575396875 0.2822703125 0.618515625 0.2822703125 0.634178125 0.27575781250000003 0.6913125 0.27544375 0.70475625 0.27635 0.7123015625 0.2778125 0.7176921875 0.27931093749999997 0.72041875 0.281365625 0.7198484374999999 0.2890625 0.6918203125 0.2985375 0.6503484375 0.30268125 0.6368421875 0.30741874999999996 0.6277109375000001 0.30891718749999997 0.627140625 0.3097875 0.6277109375000001 0.316021875 0.7166140624999999 0.31689375000000003 0.7198484374999999
4 0.235596875 0.691503125 0.23709531250000002 0.7081796875 0.24124062500000001 0.7103359375 0.24684843750000002 0.7055171875 0.26196406250000004 0.6300578125 0.2755828125 0.579390625 0.2764546875 0.5686109375 0.2758625 0.5599875 0.27290156250000003 0.5551046875 0.2681640625 0.5540265625 0.2566359375 0.5540265625 0.24625625 0.5492078125 0.23531875000000002 0.5470515625 0.22110781249999997 0.5497140625 0.21783281250000003 0.5551046875 0.21605781249999997 0.5729234375 0.2190171875 0.6214328124999999 0.21400156250000002 0.69258125 0.21428124999999998 0.7033609375000001 0.21783281250000003 0.7044390625 0.2222921875 0.7001265625 0.22643749999999999 0.693659375 0.2320453125 0.66563125 0.23500468749999998 0.6451484375 0.23796562500000001 0.6343687499999999 0.2397421875 0.631134375 0.24211093749999998 0.6300578125 0.24270312500000002 0.631134375 0.23915000000000003 0.6650609375000001 0.235596875 0.691503125
3 0.38638125 0.381546875 0.3846046875 0.382625 0.3836984375 0.3864296875 0.37777812499999996 0.43868124999999997 0.3727625 0.49904843750000005 0.373946875 0.502853125 0.3774984375 0.50393125 0.3967265625 0.49638593750000004 0.40679218749999996 0.4953078125 0.4118421875 0.4968921875 0.4094734375 0.4899171875 0.39132656250000003 0.3931515625 0.3905265625 0.3869375 0.38875000000000004 0.3821171875 0.38638125 0.381546875
2 0.4494953125 0.37672812499999997 0.44806718749999996 0.3773625 0.442040625 0.403234375 0.4335078125 0.47178125 0.4299546875 0.49118593749999995 0.43636406250000004 0.5209890625 0.4402640625 0.5242234375 0.4544765625 0.5228921875 0.455903125 0.4957515625 0.4517234375 0.38972656250000004 0.45162031249999995 0.3864296875 0.4509234375 0.377996875 0.4494953125 0.37672812499999997
2 0.6192265625 0.3956875 0.6156734375 0.39518125 0.6124343750000001 0.396765625 0.60888125 0.401078125 0.59495 0.4334171875 0.5846046874999999 0.48681093750000004 0.58638125 0.498096875 0.587565625 0.49866875000000005 0.5911187499999999 0.4959421875 0.596446875 0.500253125 0.6065140625 0.504565625 0.6076984375000001 0.5029796875 0.6079765625 0.500253125 0.60710625 0.49004375 0.6109375 0.452821875 0.6198890625 0.40348750000000005 0.6204109375 0.39949218750000004 0.6201328125 0.396765625 0.6192265625 0.3956875
1 0.6659703125 0.362396875 0.6647859375 0.3618265625 0.6624171875 0.364553125 0.6553125 0.3764109375 0.6476140625 0.39524375 0.6289796875 0.4518703125 0.6132703125 0.5036140625 0.606478125 0.5305640625 0.6073500000000001 0.5424218749999999 0.6144546875 0.546734375 0.6254265625000001 0.5504749999999999 0.6337171875000001 0.5504749999999999 0.63695625 0.5483203125 0.639325 0.5008874999999999 0.6440609375 0.49067812499999997 0.6499828125 0.4642359375 0.6576796875 0.4168046875 0.660396875 0.3924546875 0.6621390625 0.3805953125 0.6653781249999999 0.367215625 0.6659703125 0.362396875
3 0.6826546875 0.41363281250000006 0.6784046874999999 0.41426718749999997 0.6705671875 0.42656875000000005 0.649634375 0.5003171875 0.6432249999999999 0.530690625 0.6432249999999999 0.5514265625 0.647475 0.5559296875 0.6574359375000001 0.5572609374999999 0.66206875 0.5533296875 0.668790625 0.5235890624999999 0.68565 0.4275203125 0.6858578125 0.4227015625 0.6850578125 0.4179453125 0.6826546875 0.41363281250000006
3 0.707453125 0.42365312499999996 0.701915625 0.42675937499999994 0.6950890625 0.43684218750000003 0.6711953125 0.517565625 0.6665265625 0.5431828125 0.668234375 0.5602406249999999 0.679728125 0.57343125 0.691675 0.5726703125 0.6946703125 0.568040625 0.6993375000000001 0.5424218749999999 0.7123296875 0.4461640625 0.713828125 0.43608125 0.7108671875 0.42365312499999996 0.707453125 0.42365312499999996
4 0.7337515625 0.42276406250000004 0.7316265625 0.42339843750000006 0.7291531250000001 0.4266328125 0.7245203124999999 0.4383 0.713165625 0.47774218749999997 0.7099609375 0.5074828124999999 0.70073125 0.5812296875 0.7060609375 0.5883328125 0.7120859375 0.591565625 0.720271875 0.5902984375 0.7238249999999999 0.594165625 0.7301984375 0.5986687500000001 0.7366078125 0.598034375 0.741240625 0.591565625 0.7433640625 0.5812296875 0.744409375 0.51655 0.7479625000000001 0.5062140625 0.751515625 0.47514218750000003 0.75294375 0.44083750000000005 0.7504703125 0.43050156250000005 0.7476140625000001 0.43113437499999996 0.747265625 0.43696875 0.7401609375 0.47387499999999994 0.7288046875 0.5100828125 0.7252531249999999 0.49974687500000003 0.7245203124999999 0.489346875 0.7259484375 0.46740624999999997 0.7344125 0.4344953125 0.736225 0.4259984375 0.7348312499999999 0.42276406250000004 0.7337515625 0.42276406250000004
4 0.776384375 0.44172500000000003 0.774434375 0.44489531250000003 0.7633234375 0.4781234375 0.7559390625 0.5333546874999999 0.746778125 0.5818640625 0.746534375 0.5953078125 0.7522125 0.6012046875 0.75963125 0.60386875 0.7635671875 0.6020921875 0.76778125 0.6020921875 0.773703125 0.6097015625 0.7771515625000001 0.6097015625 0.7805984375 0.6079265625 0.783071875 0.60475625 0.78686875 0.5935953125 0.789759375 0.5542796875 0.7902125 0.5198484375 0.7934171875 0.5041859375 0.797875 0.4677875 0.7973874999999999 0.447559375 0.7949140625 0.44438750000000005 0.7926859375 0.44349999999999995 0.7902125 0.44438750000000005 0.78899375 0.44844687499999997 0.7773953125 0.5086234375 0.773946875 0.5126828125 0.7714734375 0.5126828125 0.7712296875 0.51135 0.7719609375 0.5041859375 0.784290625 0.44261249999999996 0.782584375 0.44128125 0.7793453125 0.44083750000000005 0.776384375 0.44172500000000003
