4 0.7423546875 0.6433734375 0.7611984374999999 0.6624609375 0.7522125 0.625428125 0.732496875 0.5699421874999999 0.732184375 0.5394421875 0.73009375 0.5062781249999999 0.7282828125 0.501903125 0.679275 0.5111609374999999 0.6807734375 0.534559375 0.69094375 0.567215625 0.6966218750000001 0.5933421875 0.7043890625 0.6237796875 0.7154296875 0.6521250000000001 0.7261921874999999 0.6717187499999999 0.7276906249999999 0.6694984374999999 0.725009375 0.6499046875000001 0.7151515625 0.6085609375 0.7112499999999999 0.5878890625000001 0.710971875 0.582434375 0.7118421875000001 0.5797078124999999 0.7130609375 0.578059375 0.7142453125 0.578059375 0.71574375 0.5805328125 0.71665 0.584084375 0.72978125 0.6161703125 0.7423546875 0.6433734375
4 0.6354921874999999 0.5201015625000001 0.639671875 0.5609390624999999 0.651340625 0.6501578125 0.654615625 0.6572609375 0.658203125 0.6583390625 0.6611984375 0.6539625 0.6623828125 0.6485734375 0.660884375 0.626759375 0.6576109375 0.5989859375 0.6576109375 0.5925171875 0.6585156249999999 0.5902984375 0.660884375 0.589790625 0.664471875 0.593025 0.6686875 0.60393125 0.671646875 0.6322125 0.6755484375 0.6458468749999999 0.6818187499999999 0.652378125 0.6872171875 0.6507296874999999 0.6880875 0.6409 0.6731453125 0.5146484375 0.6704625 0.5102734375 0.6623828125 0.509765625 0.6552078125 0.516296875 0.6387671874999999 0.5157265625 0.6372687499999999 0.5152187500000001 0.636084375 0.516296875 0.6354921874999999 0.5201015625000001
3 0.600521875 0.516296875 0.600209375 0.5304375 0.6106578125000001 0.593025 0.6169625 0.6724796875 0.6196453125 0.68826875 0.62291875 0.6948000000000001 0.6259140624999999 0.693721875 0.6274124999999999 0.691565625 0.628909375 0.6812296875 0.6277250000000001 0.6207984375 0.6307203125 0.600634375 0.6295015625 0.589790625 0.6304078125 0.571275 0.631 0.5168046875 0.6283171875 0.5152187500000001 0.6196453125 0.505390625 0.6103796874999999 0.5043124999999999 0.60888125 0.5048828125 0.6026125 0.509765625 0.600521875 0.516296875
3 0.5691046875 0.52828125 0.5730062499999999 0.5418515625 0.577778125 0.56474375 0.5834546875 0.6284078125 0.5876703125 0.6844640625 0.593346875 0.6659484375 0.5998953124999999 0.6164234375000001 0.6020203125 0.5483828125 0.6008015624999999 0.514140625 0.59780625 0.5086875 0.59453125 0.5048828125 0.581365625 0.5048828125 0.5756875 0.5179453125 0.571821875 0.5201015625000001 0.5703234375 0.520671875 0.5691046875 0.5233359375 0.5691046875 0.52828125
1 0.5452109375 0.5201015625000001 0.5463953125 0.5483828125 0.5452109375 0.571275 0.5514796875 0.674128125 0.5595609375 0.6528859375 0.5643328125 0.6240328125 0.5664234375 0.5859859375 0.5715078124999999 0.5451484375 0.5721 0.5179453125 0.5703234375 0.5124921875 0.5679203125 0.509765625 0.550575 0.503234375 0.5490765625 0.5026640625 0.5469875 0.50646875 0.5452109375 0.5201015625000001
2 0.5201328125 0.509575 0.5198890625 0.535446875 0.5208984375 0.5667093750000001 0.518634375 0.618896875 0.517903125 0.6583390625 0.52438125 0.6461 0.5388359375 0.5685484375 0.5388359375 0.5549140625 0.5430515625 0.515471875 0.5428078125 0.5055171875 0.540578125 0.502790625 0.52438125 0.5005078125 0.522640625 0.5005078125 0.5208984375 0.503234375 0.5201328125 0.509575
2 0.4984671875 0.5925812500000001 0.4979796875 0.6166140625 0.5042140625 0.6147750000000001 0.5069312499999999 0.608878125 0.5091953124999999 0.5953078125 0.5149078125 0.5435640625 0.51689375 0.5041218749999999 0.512678125 0.5005078125 0.499965625 0.49733593750000005 0.4987109375 0.4968921875 0.49697031249999996 0.4968921875 0.4984671875 0.5925812500000001
2 0.4750609375 0.54996875 0.471821875 0.5698796875000001 0.4735625 0.5812296875 0.47129843749999994 0.63519375 0.473040625 0.639759375 0.4787875 0.6424859374999999 0.4817828125 0.6393156249999999 0.48401249999999996 0.6324671875 0.4934859375 0.5467984375 0.4962375 0.5005078125 0.4962375 0.49733593750000005 0.495228125 0.49549843750000006 0.48352500000000004 0.49384843749999996 0.4787875 0.49327812499999996 0.47627968750000005 0.49289843749999995 0.4750609375 0.54996875
2 0.45364062499999996 0.49524375000000004 0.45214218749999996 0.518071875 0.45245625 0.6242234375 0.4557296875 0.643246875 0.4605015625 0.6487 0.4638109375 0.6307546875 0.4649953125 0.5774250000000001 0.46948749999999995 0.5485734375 0.469175 0.5409640625 0.471578125 0.5251750000000001 0.4745734375 0.4935953125 0.4586203125 0.49258125 0.4569140625 0.4925171875 0.45545156249999996 0.4925171875 0.45364062499999996 0.49524375000000004
1 0.42079374999999997 0.636525 0.4347609375 0.641090625 0.436015625 0.6392515624999999 0.441728125 0.556753125 0.4444796875 0.5513 0.4397421875 0.524540625 0.4397421875 0.5054531250000001 0.43873281249999996 0.5041218749999999 0.4345171875 0.5054531250000001 0.43075625000000006 0.51001875 0.426784375 0.51953125 0.423684375 0.5355109375 0.4227796875 0.54128125 0.42006249999999995 0.5689921874999999 0.42079374999999997 0.636525
3 0.38875000000000004 0.5183890625 0.3833859375 0.5150921875 0.37143906250000003 0.5150921875 0.366353125 0.5205453125 0.358271875 0.5516171875 0.35586875 0.618009375 0.3570875 0.6457203125000001 0.3624515625 0.6544703125 0.365446875 0.6533921874999999 0.368721875 0.6452125 0.38279375 0.5733671874999999 0.390875 0.5401390625 0.3900390625 0.5266328125 0.3896546875 0.52219375 0.3896546875 0.5205453125 0.38875000000000004 0.5183890625
4 0.23016406250000002 0.3349390625 0.2289796875 0.3376671875 0.22838750000000002 0.341471875 0.228665625 0.3507296875 0.23016406250000002 0.3653765625 0.2364328125 0.40570781250000004 0.24124062500000001 0.42910624999999997 0.23615468750000002 0.47970781249999994 0.23824375 0.48566875 0.2418328125 0.49169375000000004 0.247509375 0.49327812499999996 0.255590625 0.49327812499999996 0.2642640625 0.49169375000000004 0.273528125 0.48674687499999997 0.276803125 0.48186406249999997 0.2788921875 0.47482499999999994 0.27711562500000003 0.45954375000000003 0.266353125 0.40729218749999996 0.2540921875 0.3294859375 0.2531875 0.328915625 0.24869375 0.33056406250000003 0.244828125 0.3370953125 0.2436078125 0.3431203125 0.24991249999999998 0.3855421875 0.24810156249999998 0.4051359375 0.2427375 0.3876984375 0.2352484375 0.3381734375 0.23465625 0.3365890625 0.2337515625 0.3349390625 0.23016406250000002 0.3349390625
4 0.311459375 0.3400765625 0.307871875 0.3400765625 0.3048765625 0.34330937499999997 0.30310000000000004 0.347178125 0.3034140625 0.3683578125 0.3051890625 0.38306874999999996 0.3048765625 0.397209375 0.3036921875 0.4059609375 0.30160156250000003 0.4102734375 0.29860625 0.411921875 0.297109375 0.40754531250000003 0.29052656250000003 0.344959375 0.287565625 0.34330937499999997 0.28425625 0.34388125 0.281575 0.3466078125 0.2791703125 0.353709375 0.28216718749999997 0.4559921875 0.28547500000000003 0.4897265625 0.28875 0.491946875 0.3036921875 0.4908046875 0.3153609375 0.48865 0.326715625 0.4892203125 0.3342046875 0.4826890625 0.3342046875 0.478884375 0.3194703125 0.3747625 0.316021875 0.3499046875 0.31417656250000003 0.341725 0.311459375 0.3400765625
3 0.33831406249999996 0.319340625 0.33685156250000003 0.3187703125 0.334134375 0.3209890625 0.33831406249999996 0.4194671875 0.337721875 0.4853515625 0.3467078125 0.48801562499999995 0.35775 0.4853515625 0.363428125 0.4788203125 0.3688265625 0.466265625 0.3655171875 0.44559218749999996 0.3613375 0.43252968750000004 0.3562515625 0.40475625 0.35179375 0.36886562500000003 0.3456984375 0.339315625 0.3437125 0.332403125 0.34134375 0.3254921875 0.33831406249999996 0.319340625
3 0.367990625 0.2809125 0.3654828125 0.2809125 0.363671875 0.2835125 0.3625921875 0.29074218749999997 0.36224375000000003 0.3194671875 0.36617968749999996 0.39587812499999997 0.36976718750000004 0.4389984375 0.371578125 0.47425468750000005 0.386625 0.4794546875 0.39526249999999996 0.47685468750000004 0.40170625 0.46899218749999994 0.40494531250000004 0.4539625 0.3999296875 0.4200375 0.3920234375 0.38085 0.386625 0.3442609375 0.3809125 0.3175015625 0.3765234375 0.3055796875 0.37464375 0.29847812500000004 0.372309375 0.29004375 0.367990625 0.2809125
1 0.40679218749999996 0.2844 0.4029265625 0.284971875 0.3993375 0.2887765625 0.3972484375 0.29695625 0.40261250000000004 0.406340625 0.40261250000000004 0.45256875 0.40710625 0.46563125000000005 0.41250468749999997 0.47000624999999996 0.4160921875 0.47057656249999996 0.42354531250000005 0.46563125000000005 0.43281093750000005 0.45694375000000004 0.43549218749999996 0.4444515625 0.43253281250000003 0.427584375 0.42563593749999995 0.39980937499999997 0.42176875 0.3703875 0.41368906250000004 0.3258078125 0.40975312500000005 0.29435625 0.4089171875 0.28662031250000003 0.4082890625 0.284971875 0.40679218749999996 0.2844
2 0.4417625 0.3055171875 0.438453125 0.309828125 0.4375828125 0.31312656250000004 0.4354578125 0.4149015625 0.43577187500000003 0.4469875 0.43817500000000004 0.46005 0.44144843749999996 0.4649328125 0.4483453125 0.4655046875 0.45938749999999995 0.4633484375 0.45970000000000005 0.4507921875 0.4558 0.41433125000000004 0.44844999999999996 0.3258078125 0.4480328125 0.31693125 0.44444375 0.3065953125 0.4417625 0.3055171875
2 0.48181874999999996 0.2863671875 0.4793453125 0.2863671875 0.4755828125 0.28864999999999996 0.47234375 0.29226406250000003 0.47035937499999997 0.30044375 0.46663125 0.33081875 0.4643671875 0.3888390625 0.4631484375 0.4514265625 0.4643671875 0.4659484375 0.46562187499999996 0.4677875 0.47234375 0.4709578125 0.49129218750000003 0.473240625 0.4942875 0.4709578125 0.4955421875 0.46005 0.49327812499999996 0.39524375 0.4900390625 0.358909375 0.48592812500000004 0.29695625 0.4858234375 0.29086875 0.4845703125 0.28864999999999996 0.48181874999999996 0.2863671875
2 0.5328109375000001 0.2896640625 0.529571875 0.2942296875 0.5227453125 0.3118578125 0.5066171875000001 0.39346875 0.5037265625 0.45098281250000005 0.5016015625 0.4718453125 0.5306515625 0.47254218750000004 0.5335078125 0.47057656249999996 0.53531875 0.4640453125 0.53531875 0.36734374999999997 0.5376531250000001 0.3124921875 0.5389062499999999 0.2987953125 0.5415890625 0.28040625 0.5328109375000001 0.2896640625
2 0.5609890625 0.2975265625 0.5574015625000001 0.300825 0.5562171874999999 0.3040578125 0.5397765625 0.401521875 0.5335078125 0.458084375 0.5370953125 0.4684203125 0.5553125 0.47387499999999994 0.5594921875 0.47007031250000003 0.5622078125 0.4565 0.5616156250000001 0.425428125 0.5642984375 0.3731765625 0.5690703125 0.3372859375 0.5669796875 0.3072921875 0.5663875 0.3024734375 0.5633921875000001 0.2975265625 0.5609890625 0.2975265625
1 0.5982234375 0.29435625 0.5938703125 0.29359531250000004 0.5922328125 0.29435625 0.5905609375 0.29809687500000004 0.5831765625 0.330628125 0.5799375 0.353265625 0.5674671874999999 0.42447656250000004 0.5649953125 0.44172500000000003 0.5649953125 0.46030468750000003 0.5672234375 0.46987968750000003 0.5717171875 0.4771078125 0.5746781249999999 0.4771078125 0.58565 0.48027968750000005 0.59289375 0.4712109375 0.5978749999999999 0.457134375 0.5968656250000001 0.43994999999999995 0.597596875 0.39816093750000003 0.5993734374999999 0.352378125 0.60195 0.31103437500000003 0.60219375 0.304565625 0.600521875 0.29847812500000004 0.5982234375 0.29435625
3 0.63385625 0.31255625 0.631453125 0.3087515625 0.6275859374999999 0.30824375000000004 0.621003125 0.3104 0.618321875 0.31363281249999997 0.6141421874999999 0.3234625 0.60905625 0.34305625 0.5923015625 0.44648125 0.5911187499999999 0.4633484375 0.59289375 0.47146406250000006 0.59470625 0.475840625 0.6063390625 0.477996875 0.6075578125 0.4720359375 0.6084640625 0.4720359375 0.610553125 0.47368437500000005 0.6117375 0.4764109375 0.6123296875 0.48129375 0.6141421874999999 0.48452812500000003 0.6159171875 0.48566875 0.62309375 0.48509843750000003 0.6323578125 0.48021562500000003 0.6371640625 0.40887812500000004 0.638384375 0.3438171875 0.638628125 0.3359546875 0.6359453125 0.31965781249999997 0.63385625 0.31255625
3 0.658725 0.333228125 0.65604375 0.3339890625 0.6552078125 0.3355109375 0.6500171875 0.3574515625 0.6456640625000001 0.398225 0.6419015625 0.44927031250000005 0.637965625 0.47007031250000003 0.6371296875 0.47951875 0.645871875 0.4870640625 0.6580984375 0.489346875 0.6668406250000001 0.48630312499999995 0.6686875 0.48440000000000005 0.669940625 0.48027968750000005 0.6711953125 0.46854843749999997 0.667259375 0.4156625 0.6630796875 0.38046875 0.6595609375 0.338934375 0.6593515625 0.3366515625 0.6593515625 0.3339890625 0.658725 0.333228125
4 0.7251125 0.332403125 0.723859375 0.332403125 0.7218734375 0.332846875 0.719365625 0.3364609375 0.7148734375 0.3459734375 0.70839375 0.364996875 0.7024375 0.3999359375 0.6921984375 0.4249203125 0.6845 0.448509375 0.6812609375 0.4666453125 0.6822359375 0.47387499999999994 0.6879828125 0.479328125 0.6981890625 0.4838296875 0.70790625 0.4838296875 0.7171375 0.48294218750000006 0.7265765625 0.479328125 0.7333328125 0.47387499999999994 0.7333328125 0.46480625 0.7320796875 0.44483125 0.7328109375 0.416296875 0.7390453124999999 0.37729843750000003 0.7390453124999999 0.355040625 0.7383140625 0.3464171875 0.73580625 0.3446421875 0.7345531249999999 0.3450859375 0.7330546874999999 0.34736875 0.7265765625 0.3818015625 0.719121875 0.3895375 0.7201328124999999 0.3668359375 0.7251125 0.3468609375 0.7259484375 0.33918906249999997 0.7258453125 0.3355734375 0.7258453125 0.333734375 0.7251125 0.332403125
