4 0.7127140625 0.6649328125 0.7165796875 0.6727328124999999 0.719121875 0.67349375 0.7195406249999999 0.6727328124999999 0.7212468750000001 0.664171875 0.7208296875 0.657196875 0.7148734375 0.6315796875 0.7144203124999999 0.6199109375 0.7182515625 0.613696875 0.725078125 0.613696875 0.728909375 0.617628125 0.7349 0.6455296875000001 0.7387328125 0.6603046875 0.7468484375 0.66569375 0.749390625 0.6649328125 0.7502265625 0.657196875 0.72765625 0.5523781249999999 0.721665625 0.555484375 0.7067578125 0.560178125 0.6952625 0.5547234375000001 0.693975 0.5539625 0.6905609375 0.555484375 0.6901421875 0.560178125 0.69185 0.57178125 0.7127140625 0.6649328125
4 0.6432609375 0.5762203125 0.6597359375 0.65345625 0.6665625000000001 0.6720359375 0.67593125 0.6937859375000001 0.7014984375 0.734178125 0.7070359374999999 0.7411546875 0.7074890625 0.74039375 0.7070359374999999 0.734178125 0.70236875 0.7100828124999999 0.6895859375 0.683703125 0.6769765624999999 0.6513 0.674015625 0.638934375 0.6734234375 0.6297406249999999 0.6746078125 0.62650625 0.677290625 0.6259984375000001 0.6840828125 0.6540265625 0.699790625 0.688521875 0.7053984375 0.6944203124999999 0.7074890625 0.6922640624999999 0.70954375 0.6847171875 0.7077671875 0.675015625 0.6974218750000001 0.64648125 0.6891328125 0.6033609375 0.6858578125 0.5650609375 0.6840828125 0.5602406249999999 0.68230625 0.5585921875000001 0.670184375 0.5585921875000001 0.6485546875 0.5559296875 0.6474046875 0.5557390625 0.6435734375 0.556309375 0.641796875 0.5589734375 0.641484375 0.5649328125 0.6432609375 0.5762203125
3 0.648484375 0.7072296875 0.657053125 0.6964484375 0.6449328125 0.5633484375 0.6413796875 0.560621875 0.632496875 0.5573875 0.6256703124999999 0.5573875 0.621246875 0.5611921875 0.6200625 0.5633484375 0.621246875 0.580025 0.6378265625 0.6894734375 0.64315625 0.7039953125 0.648484375 0.7072296875
3 0.6096828125 0.7228921875000001 0.6126437499999999 0.734178125 0.6141421874999999 0.735828125 0.6165093749999999 0.733671875 0.6182859374999999 0.7164234375 0.61769375 0.6485093749999999 0.6179734375 0.62048125 0.6171015625 0.5644265625 0.615325 0.5622703125 0.609996875 0.55954375 0.6037625 0.5590359375 0.5972484375 0.5622703125 0.5960640625 0.5638546875 0.5946015625000001 0.5676593750000001 0.5942875 0.5724796875 0.5993375000000001 0.6140140625 0.6096828125 0.7228921875000001
1 0.5667359375000001 0.6289796875 0.5714734375 0.6693718750000001 0.5788578125 0.716296875 0.5835953125 0.7372859375 0.58686875 0.7394421875 0.589515625 0.73785625 0.591884375 0.7286625 0.5924765625 0.69524375 0.587146875 0.6473046874999999 0.5874609375000001 0.6138874999999999 0.5910140625 0.5880156249999999 0.590421875 0.568040625 0.58833125 0.56480625 0.583315625 0.561571875 0.5709859374999999 0.560875 0.567015625 0.5604953125 0.5640546875 0.561571875 0.562278125 0.5669625 0.562278125 0.5863671874999999 0.5667359375000001 0.6289796875
2 0.5516546875 0.72175 0.5552078125000001 0.7260625 0.5569843750000001 0.7260625 0.5581671874999999 0.7233984375 0.5590734375 0.715853125 0.5552078125000001 0.637159375 0.5546156250000001 0.58915625 0.552246875 0.5632843750000001 0.5433640625 0.5638546875 0.5315218749999999 0.5670890625 0.5297453125 0.5681671875000001 0.5282828125 0.5692453125 0.534796875 0.6031703125 0.541309375 0.632846875 0.5516546875 0.72175
2 0.5381046875 0.705834375 0.539603125 0.7020921875 0.53988125 0.694546875 0.5390109375 0.6826890624999999 0.5277609375 0.61261875 0.5265765625000001 0.591565625 0.5262625 0.568928125 0.5082890625 0.5710843750000001 0.5037625 0.5705765625 0.4999296875 0.5705765625 0.5330890625 0.7026 0.536328125 0.7064046875 0.5381046875 0.705834375
2 0.46450781250000006 0.5970828125 0.4517234375 0.7070390625 0.44569843750000004 0.745846875 0.452071875 0.738046875 0.4574015625 0.7225109375 0.473040625 0.6533296875 0.4812265625 0.6203546875 0.48404687500000004 0.6138874999999999 0.48760000000000003 0.6015859375 0.4915359375 0.5783125 0.4915359375 0.5731140625 0.49010781249999996 0.5718453125 0.48620625000000006 0.5692453125 0.4750953125 0.5668984375 0.47091562500000006 0.5660109375 0.46983593749999997 0.5660109375 0.468059375 0.5686109375 0.4662828125 0.573746875 0.46450781250000006 0.5970828125
1 0.420028125 0.739821875 0.42448593749999997 0.7376671875 0.4283171875 0.7333546875 0.43396093750000003 0.7247312499999999 0.44312031249999995 0.6908046875 0.4531875 0.6233984375 0.4588296875 0.604565625 0.46119843749999995 0.58566875 0.4602921875 0.573303125 0.4564609375 0.5636015624999999 0.4463953125 0.5587187499999999 0.44016093749999996 0.5592890625 0.433646875 0.5636015624999999 0.4324625 0.5651875000000001 0.4311046875 0.5745078125 0.42950156249999993 0.5996828125 0.4256703125 0.690234375 0.420028125 0.739821875
3 0.39616875 0.7005078124999999 0.4107625 0.630628125 0.4206890625 0.5918203125 0.4299203125 0.5711484375 0.43065156250000003 0.5646796875 0.4242421875 0.5601140625000001 0.4192609375 0.5607484375 0.4132359375 0.5582125 0.3986765625 0.5588453125 0.39759687499999996 0.5588453125 0.394775 0.5633484375 0.390490625 0.6662015625000001 0.3833859375 0.7237796875 0.39616875 0.7005078124999999
4 0.344165625 0.6712109374999999 0.3459421875 0.682878125 0.348415625 0.682878125 0.3530484375 0.6783765625 0.35621718750000003 0.6705765625 0.3619296875 0.638871875 0.36332343749999996 0.633734375 0.367259375 0.632403125 0.3693828125 0.6343687499999999 0.370428125 0.6589734375 0.36617968749999996 0.6770453125 0.3665265625 0.69258125 0.371159375 0.69518125 0.37506093749999997 0.691946875 0.39637812499999997 0.5587187499999999 0.3931734375 0.555484375 0.3835953125 0.555484375 0.376140625 0.5502859375 0.3628 0.5523781249999999 0.3605015625 0.5528859374999999 0.3590734375 0.5547875 0.35799375 0.558021875 0.3555203125 0.5716546874999999 0.344165625 0.6712109374999999
4 0.3106234375 0.5563734375 0.3106234375 0.5774250000000001 0.3043890625 0.6113500000000001 0.2857546875 0.6733671875 0.2857546875 0.6906156250000001 0.28812187499999997 0.6981609375 0.294321875 0.6895374999999999 0.3153609375 0.6248578124999999 0.320096875 0.6151546875 0.32365 0.614584375 0.32601874999999997 0.6173109375 0.32661093750000003 0.6216234375 0.32661093750000003 0.6356375 0.32187343749999997 0.65611875 0.299059375 0.7057078125 0.2934515625 0.7272671875000001 0.3076625 0.7062140625 0.3304421875 0.6679765625 0.3449671875 0.613 0.3497046875 0.60221875 0.35799375 0.5903609375000001 0.3662828125 0.5644890625000001 0.365690625 0.5563734375 0.36360156250000003 0.5499046875 0.3612328125 0.5472421875 0.3508875 0.5477484375 0.3414140625 0.5434375 0.336084375 0.5391250000000001 0.324103125 0.53696875 0.3203765625 0.5358906250000001 0.31563906249999996 0.535384375 0.3132703125 0.538046875 0.3118078125 0.5440078125000001 0.3106234375 0.5563734375
4 0.2549984375 0.59613125 0.2521765625 0.6129359375 0.252525 0.6194046875 0.25785468749999996 0.6200375 0.260328125 0.6161703125 0.2653078125 0.601965625 0.2681640625 0.596765625 0.2727625 0.594165625 0.2777421875 0.5987312499999999 0.27809062500000004 0.60386875 0.277046875 0.6097015625 0.2724140625 0.623271875 0.267084375 0.6355734375 0.2663875 0.6452765625 0.2706375 0.6504749999999999 0.2748875 0.64914375 0.2827234375 0.6362078125 0.31184218750000003 0.5366515625 0.2933828125 0.5353203125 0.285928125 0.5340515625 0.2819578125 0.5317062499999999 0.2777421875 0.5290421875 0.27206562500000003 0.527584375 0.26920937500000003 0.5334171875 0.2660046875 0.552125 0.2549984375 0.59613125
4 0.262 0.4152828125 0.2480671875 0.44546562500000003 0.24569843750000003 0.45732343750000004 0.2466046875 0.4648703125 0.25015624999999997 0.47025937500000003 0.26851250000000004 0.4853515625 0.27621093750000003 0.48693749999999997 0.2960296875 0.4864296875 0.2983984375 0.476728125 0.2987109375 0.4427390625 0.29780625 0.4211796875 0.3001734375 0.39099531249999997 0.3013578125 0.35865625 0.2907 0.3187703125 0.2859625 0.3096390625 0.28390781249999997 0.307990625 0.283003125 0.3096390625 0.28833125000000004 0.332784375 0.2889234375 0.353265625 0.28450000000000003 0.3931515625 0.28094687500000004 0.37431875 0.2830375 0.3329734375 0.283315625 0.3268859375 0.283315625 0.319340625 0.280634375 0.326315625 0.2717515625 0.36246093749999997 0.262 0.4152828125
4 0.32055 0.37539687499999996 0.3199578125 0.39099531249999997 0.3164046875 0.40824375 0.31344531249999996 0.40773593750000003 0.31194687499999996 0.405009375 0.3122609375 0.36785 0.3107625 0.3672796875 0.3075234375 0.37000625 0.3051546875 0.375903125 0.2950890625 0.4713375 0.29805000000000004 0.48046875 0.3039703125 0.48262499999999997 0.321421875 0.4934046875 0.328840625 0.4939765625 0.3318 0.4907421875 0.3301640625 0.36651875 0.328840625 0.35865625 0.3273421875 0.3581484375 0.3252875 0.3592265625 0.321734375 0.368928125 0.32055 0.37539687499999996
3 0.34984375 0.37862968750000003 0.34413125 0.416740625 0.334553125 0.46918125 0.33385625 0.4956875 0.34984375 0.49759062500000006 0.359421875 0.49435624999999994 0.364403125 0.48402031250000005 0.3665265625 0.46074843750000005 0.363671875 0.3552953125 0.3592125 0.3355734375 0.35729687499999996 0.3313890625 0.3547890625 0.3313890625 0.35162031250000003 0.3339890625 0.350540625 0.339821875 0.34984375 0.37862968750000003
3 0.37920625 0.3679765625 0.3638109375 0.45960625000000005 0.36321875000000003 0.480659375 0.3640890625 0.4935953125 0.36941875 0.503296875 0.3735625 0.5054531250000001 0.3812609375 0.5038046875 0.386590625 0.4989859375 0.39073437499999997 0.47742500000000004 0.3967953125 0.364553125 0.3960640625 0.35669062500000004 0.39045625 0.3539625 0.386590625 0.355040625 0.3821671875 0.3599234375 0.37920625 0.3679765625
1 0.4166140625 0.3346234375 0.4127828125 0.345403125 0.40627031249999995 0.3745078125 0.397665625 0.43969531249999994 0.391153125 0.5081796875 0.3982578125 0.5151546875 0.40832499999999994 0.5194671875 0.419296875 0.5162328125 0.4260890625 0.5071015625 0.423128125 0.44508593750000003 0.4237203125 0.40304375 0.43646874999999996 0.32866249999999997 0.43556249999999996 0.3259984375 0.432009375 0.32435 0.4237203125 0.327584375 0.4201671875 0.3303109375 0.4166140625 0.3346234375
2 0.47021875 0.326759375 0.4631140625 0.333228125 0.4568796875 0.34292968749999997 0.4494953125 0.3655671875 0.43291562499999997 0.48522499999999996 0.42817812499999997 0.5121749999999999 0.42964062500000005 0.5213062500000001 0.4323234375 0.5251109375 0.43883593750000005 0.5283453125 0.44977343750000004 0.5310078125000001 0.45510312500000005 0.5288515625 0.45896875000000004 0.5126828125 0.4607453125 0.47767968749999995 0.459246875 0.4539625 0.462521875 0.38763437500000003 0.46785156250000004 0.3418515625 0.47021875 0.335890625 0.4790671875 0.32942343749999997 0.48199218750000006 0.327203125 0.4856140625 0.3218765625 0.48115625 0.32079843750000003 0.4781953125 0.3218765625 0.47021875 0.326759375
2 0.48230625 0.35009531250000003 0.47074218749999996 0.4578953125 0.468059375 0.476728125 0.463915625 0.48915625 0.4609546875 0.51395 0.460675 0.5338625 0.46541249999999995 0.53874375 0.4799375 0.5435640625 0.49501875 0.5462906249999999 0.4988859375 0.54305625 0.5000703125 0.5360171874999999 0.49975625 0.501521875 0.49679531250000003 0.4794546875 0.49620312499999997 0.46702656249999996 0.49474062500000004 0.384590625 0.4902828125 0.341978125 0.4902828125 0.3355109375 0.48909843750000004 0.330690625 0.4867296875 0.330690625 0.484675 0.33392499999999997 0.48230625 0.35009531250000003
2 0.5216296875 0.3578953125 0.5127484375 0.425175 0.50741875 0.48465468749999996 0.5035171875 0.5053265625 0.5017421875 0.5337984375 0.5035171875 0.5408999999999999 0.5106234374999999 0.542865625 0.51738125 0.540265625 0.5280390625 0.540265625 0.54151875 0.5363984375 0.53939375 0.502790625 0.5361890625 0.47691875 0.5354921874999999 0.412871875 0.5340640624999999 0.35269531249999997 0.53336875 0.35009531250000003 0.5301640625 0.344959375 0.5262625 0.3455921875 0.5234062500000001 0.35009531250000003 0.5216296875 0.3578953125
1 0.5831421875 0.36924531250000003 0.5741203125000001 0.472415625 0.5717515625 0.48046875 0.57325 0.4842734375 0.5756187500000001 0.50044375 0.5815390625 0.5112234375 0.5877390625000001 0.5160437499999999 0.59160625 0.5160437499999999 0.5966218750000001 0.509575 0.5983984375 0.4907421875 0.5998953124999999 0.481040625 0.598990625 0.4411546875 0.5938343749999999 0.3516796875 0.5933828125 0.34305625 0.5921984375 0.339821875 0.590421875 0.339821875 0.5874609375000001 0.341978125 0.5831421875 0.36924531250000003
3 0.641484375 0.348065625 0.639115625 0.35345624999999997 0.6388015625000001 0.3895375 0.6358406249999999 0.45586562500000005 0.6311046874999999 0.47526875 0.630825 0.48173750000000004 0.6322890625 0.48605 0.6349703124999999 0.48547812500000004 0.639115625 0.480659375 0.6447234374999999 0.48389375 0.6512359375 0.482815625 0.6545109375 0.47634687500000006 0.6521078124999999 0.3651875 0.6508875 0.3573875 0.64886875 0.34965156249999996 0.6468125 0.3464171875 0.6447234374999999 0.345909375 0.641484375 0.348065625
4 0.7146296875 0.4726703125 0.7125734375 0.4694359375 0.7087078124999999 0.45326562499999995 0.7102062499999999 0.3831953125 0.7087078124999999 0.3750796875 0.70693125 0.3696890625 0.7045625 0.3696890625 0.701009375 0.3729234375 0.6998265625 0.378884375 0.696865625 0.408496875 0.694496875 0.46620156250000006 0.6915359375000001 0.49904843750000005 0.6915359375000001 0.511478125 0.6936265625 0.5201015625000001 0.6954015625000001 0.5238421875 0.6986421875 0.5249203125 0.70219375 0.5244140625 0.705746875 0.5211796875 0.7084296875 0.5168671875 0.7116687500000001 0.514140625 0.7137578125 0.518453125 0.7220484375 0.5211796875 0.725009375 0.51953125 0.72765625 0.5157890625 0.7318 0.5055171875 0.7344828125 0.4942296875 0.7353531249999999 0.47964531250000003 0.73270625 0.44572031250000005 0.7291531250000001 0.3783125 0.7261921874999999 0.3573234375 0.7235109375000001 0.355675 0.720271875 0.3562453125 0.7174859375 0.359734375 0.71671875 0.3670265625 0.7187734375 0.44838281249999995 0.7187734375 0.468865625 0.7175890625 0.47209843749999997 0.7146296875 0.4726703125
