4 0.27523437500000003 0.5096390625 0.28018125 0.5064046875 0.2851625 0.5005703125000001 0.292615625 0.50126875 0.3061296875 0.48833281250000005 0.309334375 0.47602968749999997 0.31003125 0.45922656249999994 0.2915703125 0.39778125000000003 0.2695234375 0.358275 0.2652734375 0.3531390625 0.263496875 0.3544078125 0.2638453125 0.36474375000000003 0.268478125 0.38611249999999997 0.2757234375 0.4133171875 0.2748515625 0.4214328125 0.26893125 0.42409687500000004 0.2650640625 0.42301875000000005 0.262103125 0.415471875 0.25391875 0.38998125 0.239325 0.361509375 0.2411 0.39258125 0.25036562500000004 0.4307546875 0.2581671875 0.4559921875 0.260640625 0.4851609375 0.2610234375 0.49086875 0.26419375 0.49733593750000005 0.26882656250000003 0.5045015625 0.27168281250000004 0.5077359375 0.27523437500000003 0.5096390625
3 0.3950546875 0.462840625 0.3626609375 0.3107171875 0.3605359375 0.318453125 0.3609546875 0.368928125 0.3652734375 0.42067187500000003 0.368234375 0.472415625 0.3711953125 0.4864296875 0.37593125 0.4939765625 0.3812609375 0.49904843750000005 0.38310625 0.49695625000000004 0.387809375 0.4923265625 0.3950546875 0.48300625 0.397178125 0.47526875 0.3950546875 0.462840625
3 0.422396875 0.4781234375 0.42358124999999996 0.473303125 0.4229890625 0.459796875 0.4179375 0.44312031249999995 0.40404062500000004 0.37089375 0.3975265625 0.3034875 0.3948453125 0.29866875 0.39306874999999997 0.29974687499999997 0.38833125 0.3417875 0.391884375 0.3929609375 0.396621875 0.477615625 0.401671875 0.4862390625 0.4093703125 0.4921375 0.410553125 0.49270781250000006 0.4117375 0.49270781250000006 0.41616093750000005 0.48890312500000005 0.41971406250000004 0.48135625 0.422396875 0.4781234375
1 0.435596875 0.2942296875 0.428353125 0.28649375 0.42577499999999996 0.2942296875 0.420028125 0.3455296875 0.4206203125 0.3665828125 0.4280046875 0.4409640625 0.43688593750000004 0.47653749999999995 0.445071875 0.49219999999999997 0.4470921875 0.49606874999999995 0.45137656249999997 0.48674687499999997 0.45391875 0.4479390625 0.44454843750000006 0.35091875 0.435596875 0.2942296875
2 0.4703234375 0.4161703125 0.46534375 0.31591562500000003 0.46321874999999996 0.31268281249999996 0.4585859375 0.31521875 0.4557296875 0.32301875 0.45433593749999995 0.3644265625 0.45663593750000003 0.44128125 0.456321875 0.4611921875 0.45841093749999995 0.48059531250000004 0.46283593749999996 0.48440000000000005 0.469696875 0.4821171875 0.47279687499999995 0.48085000000000006 0.475653125 0.47951875 0.477046875 0.475015625 0.475653125 0.45497812499999996 0.4703234375 0.4161703125
2 0.4787875 0.300825 0.4755828125 0.302790625 0.475234375 0.3111609375 0.47701093749999995 0.346734375 0.4776734375 0.4146484375 0.47945000000000004 0.47774218749999997 0.49143125000000004 0.47317656250000006 0.4944265625 0.47159218750000004 0.49585468749999995 0.47025937500000003 0.4969 0.4677234375 0.4841171875 0.3072921875 0.4787875 0.300825
2 0.502090625 0.2951171875 0.4985375 0.292390625 0.496446875 0.2961953125 0.49526250000000005 0.3064046875 0.5003140625 0.38351250000000003 0.5003140625 0.429296875 0.4985375 0.44546562500000003 0.4985375 0.47025937500000003 0.503553125 0.4762203125 0.5053296875 0.4762203125 0.50741875 0.474571875 0.5103796875 0.47025937500000003 0.5159875 0.47025937500000003 0.51835625 0.469753125 0.5106578125000001 0.3861765625 0.50505 0.30424843749999997 0.502090625 0.2951171875
2 0.532740625 0.373875 0.5223609375 0.301078125 0.5179375 0.29346875 0.515221875 0.2939125 0.5129921875 0.29974687499999997 0.5139671875 0.3208625 0.5196453125 0.367596875 0.5208984375 0.41877031249999996 0.5201328125 0.4452765625 0.5208984375 0.4735578125 0.5221171874999999 0.475840625 0.5236156249999999 0.476728125 0.5374078124999999 0.476284375 0.5384187500000001 0.47488906249999996 0.53915 0.472225 0.53988125 0.46366562499999997 0.5384187500000001 0.43944218749999997 0.532740625 0.373875
1 0.5569484375 0.30291718749999996 0.5533953125 0.282815625 0.5473703125 0.27958125 0.5431203124999999 0.293215625 0.5416921875 0.3138875 0.5418671875000001 0.3873171875 0.544584375 0.47178125 0.5485203125 0.48345000000000005 0.5541968749999999 0.48883906250000003 0.5564265625 0.48928281250000005 0.5613374999999999 0.4879515625 0.5655171875 0.47907343750000003 0.5645421875000001 0.480659375 0.5672234375 0.475840625 0.567990625 0.45814843749999995 0.5640546875 0.385034375 0.5569484375 0.30291718749999996
3 0.59909375 0.4313890625 0.596134375 0.35700625 0.5943578125 0.290171875 0.5908046875 0.28421093750000004 0.5857546874999999 0.28421093750000004 0.5825140625 0.29714687500000003 0.5739109375 0.42219375000000003 0.5712640625 0.44648125 0.572134375 0.4674703125 0.5739109375 0.47178125 0.5768718749999999 0.47178125 0.5810171875 0.47824999999999995 0.5857546874999999 0.48040625 0.589028125 0.4788203125 0.596134375 0.46962656249999996 0.5970046875 0.4674703125 0.5985015625 0.46480625 0.600278125 0.4588453125 0.600278125 0.445909375 0.59909375 0.4313890625
3 0.62455625 0.3090046875 0.616265625 0.28693749999999996 0.6121218749999999 0.28693749999999996 0.6106234374999999 0.290171875 0.6121218749999999 0.299303125 0.6135843750000001 0.33436875 0.607384375 0.37045 0.6017421875 0.427584375 0.59731875 0.4405203125 0.596134375 0.4556125 0.597909375 0.46531406249999996 0.6008703125 0.46962656249999996 0.6058859375 0.47178125 0.6091609375 0.4798984375 0.6127140625 0.4836390625 0.6171375 0.47824999999999995 0.624834375 0.472353125 0.6257406249999999 0.470703125 0.628109375 0.4669625 0.6287015625000001 0.43944218749999997 0.6287015625000001 0.351046875 0.62455625 0.3090046875
4 0.697840625 0.354090625 0.697840625 0.345465625 0.693103125 0.33842812499999997 0.689271875 0.3368421875 0.68335 0.34330937499999997 0.6715078125 0.3648703125 0.663496875 0.40095156249999997 0.6611281250000001 0.40310781249999994 0.657296875 0.403678125 0.6525593749999999 0.40259999999999996 0.6525593749999999 0.397209375 0.6557999999999999 0.3885859375 0.6679546875 0.3502859375 0.6679546875 0.3411546875 0.666771875 0.33468593750000003 0.663496875 0.3336078125 0.6516546875 0.3389984375 0.6356671875 0.3772359375 0.6303375 0.40310781249999994 0.6285609375 0.4203546875 0.62650625 0.430628125 0.6208640625 0.437603125 0.61999375 0.45434374999999994 0.623825 0.46994218749999994 0.6309296875 0.47856718750000005 0.6342046875 0.4774890625 0.6371640625 0.4726703125 0.6442703125 0.4677875 0.6569843750000001 0.46670937500000004 0.6623125 0.4727328125 0.6652734375 0.4764109375 0.6700109375000001 0.47698124999999997 0.6753390625 0.44787499999999997 0.690734375 0.3799625 0.697840625 0.354090625
4 0.7285609375 0.422828125 0.7473703125 0.3659484375 0.749146875 0.3556125 0.747753125 0.351046875 0.7356671875 0.3542796875 0.7132015625 0.407609375 0.7096484375000001 0.40894062499999995 0.702159375 0.403740625 0.7093703125 0.37178125 0.726053125 0.327140625 0.72535625 0.320671875 0.7168234375 0.3135703125 0.7065140624999999 0.3174375 0.7026125000000001 0.327140625 0.6891328125 0.3866203125 0.6727624999999999 0.46556718750000003 0.6752703125 0.47913750000000005 0.68164375 0.48883906250000003 0.6919546875 0.49467343750000003 0.699059375 0.49467343750000003 0.7026125000000001 0.49010781249999996 0.7129218749999999 0.4979078125 0.715046875 0.4979078125 0.7179031250000001 0.497209375 0.7218046874999999 0.49270781250000006 0.7271328125000001 0.4739375 0.7285609375 0.422828125
4 0.7761750000000001 0.422828125 0.7854062500000001 0.3892203125 0.7850578125000001 0.3833859375 0.7815046875 0.3801515625 0.7786484375 0.38275156250000003 0.7665625 0.43252968750000004 0.7623125 0.44483125 0.7473703125 0.44546562500000003 0.7473703125 0.44292968750000006 0.752003125 0.4260625 0.7623125 0.40215625 0.7765234375000001 0.37691875 0.7750953125 0.371084375 0.7701156250000001 0.37045 0.75733125 0.3807859375 0.7452453125 0.400190625 0.7292578125 0.46556718750000003 0.7303375 0.4842734375 0.7335421875 0.4907421875 0.7377921875 0.4939765625 0.74346875 0.4959421875 0.7523515625 0.4953078125 0.7580281249999999 0.497209375 0.7619640624999999 0.49467343750000003 0.7655171875 0.4979078125 0.7665625 0.4979078125 0.7708468749999999 0.49467343750000003 0.774015625 0.48750781249999997 0.7761750000000001 0.46360156249999995 0.7761750000000001 0.422828125
3 0.6540578125 0.6420421875 0.653709375 0.5902984375 0.6547546875 0.5249203125 0.655834375 0.497146875 0.653709375 0.491946875 0.6512015625 0.48807812500000003 0.6434 0.48287812499999994 0.641275 0.4842109375 0.639115625 0.4842109375 0.6366421875 0.48681093750000004 0.6323921875 0.4842109375 0.6266812500000001 0.48744375 0.62243125 0.5022828125000001 0.6235109375000001 0.5204187499999999 0.6270640625 0.5327203125 0.6298843749999999 0.5598609375 0.6373390624999999 0.652378125 0.6380703125 0.654978125 0.6430515625 0.6575140625 0.6455234375 0.6575140625 0.648728125 0.6530125 0.6540578125 0.6420421875
3 0.62455625 0.6298671875 0.62455625 0.5735578125 0.6270640625 0.5231453125 0.6263328125000001 0.503740625 0.621003125 0.49467343750000003 0.6082203125000001 0.48947343749999994 0.6053640625 0.4979078125 0.5982578125 0.499175 0.5925812500000001 0.503740625 0.5886796875 0.5185796875 0.5911531250000001 0.5425484375 0.60041875 0.587825 0.6078718750000001 0.6596062500000001 0.6082203125000001 0.660875 0.61069375 0.66480625 0.613896875 0.665440625 0.6199578125 0.6628406250000001 0.62455625 0.6298671875
1 0.586346875 0.678440625 0.5892031249999999 0.676475 0.5916750000000001 0.6713375 0.5934515625000001 0.6616359375 0.5963078125 0.5361453125 0.59665625 0.5005703125000001 0.588121875 0.487 0.5778125000000001 0.48826875000000003 0.5756875 0.49606874999999995 0.5685828125 0.5102734375 0.5629046875 0.5374125000000001 0.5678859375 0.5807859375 0.5734234375 0.6509828125 0.5735625 0.6570703124999999 0.574259375 0.6622703125 0.5795890625 0.675840625 0.583490625 0.678440625 0.586346875 0.678440625
2 0.5509234375000001 0.6578953125 0.55374375 0.6514265625 0.5566 0.6410265625 0.5633578124999999 0.6029171875 0.5679546875 0.5285359374999999 0.5640546875 0.5052 0.558725 0.49873124999999996 0.5494953125 0.49873124999999996 0.5452109375 0.5052 0.5427375 0.5233359375 0.5420765624999999 0.64654375 0.542040625 0.6533296875 0.5423890625000001 0.6591625 0.543434375 0.66043125 0.54771875 0.659796875 0.5509234375000001 0.6578953125
2 0.5259484375000001 0.6760296875 0.532184375 0.665821875 0.536015625 0.631325 0.5369203125 0.5741921875 0.5369203125 0.51001875 0.5342390625 0.5008874999999999 0.5262625 0.49816093749999996 0.5073140625 0.501965625 0.5073140625 0.5181359375000001 0.5084984375 0.5509828125 0.5096828125 0.5720359375 0.5138281250000001 0.621053125 0.515778125 0.6651234374999999 0.516196875 0.6717187499999999 0.5167890625 0.679834375 0.5182515624999999 0.6809125 0.5218046875 0.6803421875 0.5259484375000001 0.6760296875
2 0.488575 0.668484375 0.49177968749999995 0.66525 0.49460156250000004 0.6580843749999999 0.499234375 0.6303109375 0.50170625 0.5694984375 0.5045625 0.5164234375000001 0.5024375 0.5009515625 0.48181874999999996 0.4989859375 0.4747125 0.4996203125 0.4743640625 0.506721875 0.475409375 0.5410265625 0.47756875 0.5772359375 0.479903125 0.648003125 0.48004218749999994 0.6535828125 0.48039062499999996 0.66005 0.48251406250000006 0.665884375 0.48571875000000003 0.668484375 0.488575 0.668484375
2 0.46321874999999996 0.6766015624999999 0.469175 0.6642359375 0.47129843749999994 0.65256875 0.47429531249999995 0.6020921875 0.4717515625 0.549334375 0.4678859375 0.501965625 0.46109375 0.4996828125 0.4504359375 0.5043124999999999 0.44656874999999996 0.5136328125 0.447021875 0.5407734375000001 0.4504359375 0.5935953125 0.4533953125 0.66265 0.4533953125 0.6603046875 0.45381406249999995 0.6750796875 0.454684375 0.68129375 0.457228125 0.68129375 0.46321874999999996 0.6766015624999999
1 0.4473359375 0.6557390625 0.449878125 0.6433093750000001 0.448171875 0.5400765625 0.44475781249999996 0.51915 0.4353890625 0.50824375 0.43239218749999997 0.50126875 0.4264375 0.4974 0.42173437500000005 0.49816093749999996 0.415778125 0.5098281250000001 0.413653125 0.52219375 0.42048125000000003 0.5688015625 0.426471875 0.654090625 0.4285609375 0.663475 0.4285609375 0.6642359375 0.43410000000000004 0.665821875 0.44092656249999995 0.6642359375 0.4473359375 0.6557390625
3 0.4080453125 0.6731140625 0.4104140625 0.6698796875 0.413653125 0.6509828125 0.41396718750000006 0.6192140625 0.41250468749999997 0.512428125 0.39289375 0.520228125 0.39035156249999997 0.5388078125 0.3924765625 0.5939125 0.3941828125 0.6094484375 0.397109375 0.660684375 0.3973875 0.666075 0.39885000000000004 0.6736203125 0.40121874999999996 0.6752687500000001 0.40477187499999995 0.6752687500000001 0.4080453125 0.6731140625
3 0.3741546875 0.6677875 0.38763437500000003 0.5655671875 0.390490625 0.514521875 0.3890625 0.5015859375 0.38516249999999996 0.4996203125 0.377359375 0.502853125 0.3695234375 0.4957515625 0.3631484375 0.497653125 0.3581671875 0.5041218749999999 0.35604375 0.5151546875 0.3588640625 0.5533296875 0.3595953125 0.5940390625 0.358515625 0.6690546875 0.3588640625 0.6722890625 0.360640625 0.6755234375 0.36774687500000003 0.6748890624999999 0.37060312500000003 0.6729859375 0.3741546875 0.6677875
4 0.3474046875 0.6421046875 0.3516546875 0.5715921875000001 0.35733125 0.52955 0.3584109375 0.4991125 0.34918125 0.4868734375 0.34134375 0.4907421875 0.33531875 0.497209375 0.32466093749999997 0.4907421875 0.320759375 0.492009375 0.3154296875 0.499809375 0.31435 0.5159796875 0.31720625 0.5489531249999999 0.3154296875 0.57609375 0.31435 0.62916875 0.31825156250000003 0.6343062500000001 0.3204109375 0.632403125 0.322884375 0.6278374999999999 0.3243125 0.6194671875 0.3243125 0.6026 0.3265765625 0.5665828125 0.3304421875 0.562840625 0.3328109375 0.5649968750000001 0.33399531250000003 0.569309375 0.33531875 0.6360812499999999 0.33531875 0.6421046875 0.33744375 0.652440625 0.340996875 0.6530750000000001 0.342771875 0.652440625 0.3474046875 0.6421046875
4 0.26516875 0.5174375 0.256565625 0.50126875 0.249878125 0.50221875 0.24148437500000003 0.5300578125000001 0.24322499999999997 0.5619531249999999 0.2504359375 0.6176921875 0.25754062499999997 0.647875 0.2531515625 0.5872546875 0.25294374999999997 0.578059375 0.2566 0.57609375 0.25963125 0.6205453125 0.259665625 0.621559375 0.26182500000000003 0.6441984374999999 0.266075 0.5801515625 0.26785156250000003 0.5381109375 0.26516875 0.5174375
4 0.737896875 0.59086875 0.7547546875 0.6356375 0.760084375 0.6474953125 0.7636359374999999 0.6431828125 0.76631875 0.632403125 0.7671890625 0.6059609375 0.7574359375 0.5569437500000001 0.749146875 0.5364609375 0.746778125 0.5192140625 0.7361203125 0.5003171875 0.7251484375 0.4922640625 0.7180421875 0.49169375000000004 0.70856875 0.501965625 0.7032390625 0.511096875 0.6946703125 0.5192140625 0.691396875 0.528915625 0.7124343750000001 0.632403125 0.7207250000000001 0.6501578125 0.7290140625 0.6582749999999999 0.7361203125 0.66043125 0.739671875 0.66043125 0.7411359375 0.6587828124999999 0.742040625 0.65611875 0.742040625 0.6539625 0.7390796875000001 0.65091875 0.7367125 0.6485734375 0.725740625 0.613 0.725740625 0.596259375 0.7301984375 0.587128125 0.737896875 0.59086875
4 0.30003437499999996 0.50481875 0.2939390625 0.503296875 0.2853703125 0.5044390625 0.2774296875 0.5103359375000001 0.271125 0.511096875 0.267084375 0.519975 0.2678859375 0.536271875 0.271125 0.5521874999999999 0.27356250000000004 0.5677875 0.2760359375 0.591121875 0.2733890625 0.6107171874999999 0.2719609375 0.6318328125 0.271578125 0.6533296875 0.2743640625 0.6635390625 0.2803546875 0.659734375 0.2838734375 0.646925 0.2880875 0.62390625 0.28982968750000004 0.611096875 0.2923015625 0.6059609375 0.2944265625 0.613 0.2951234375 0.613 0.2965171875 0.6264421875 0.2929984375 0.6661374999999999 0.2929984375 0.67698125 0.29582031249999996 0.680215625 0.30425 0.676346875 0.3091609375 0.65783125 0.310240625 0.6200375 0.30954375 0.603425 0.3110421875 0.5620796875 0.311425 0.5533296875 0.311425 0.53779375 0.3104140625 0.5229546875 0.3061296875 0.5118578125 0.30003437499999996 0.50481875
