3 0.5837625 0.6029078125 0.5861328125 0.6121359375 0.591846875 0.725284375 0.592753125 0.7367890625 0.59811875 0.74171875 0.6029265625 0.7394437500000001 0.6056453125 0.732996875 0.6077359375 0.5936781250000001 0.6038328125 0.5773703125 0.5975609375000001 0.5729453125 0.588571875 0.5750953125 0.5864109375 0.5757265625 0.5852265625 0.5778765625 0.5837625 0.6029078125
1 0.553728125 0.597471875 0.558815625 0.7204796875 0.5621609375000001 0.7356515625 0.569965625 0.7384328124999999 0.572334375 0.7176984375 0.57533125 0.6251578125 0.5780484375 0.599115625 0.5789546875 0.5757265625 0.5777703125 0.567509375 0.5741468750000001 0.5632109375 0.560975 0.557775 0.5552609375 0.5582812500000001 0.553728125 0.5599234375 0.551359375 0.570796875 0.553728125 0.597471875
2 0.533309375 0.756384375 0.5378390625 0.74058125 0.5426484375 0.6948171875 0.5477359374999999 0.5920359375 0.5510109375 0.566371875 0.5438328125 0.5625796875 0.5303140625 0.5599234375 0.52794375 0.5637171875 0.530940625 0.623009375 0.533309375 0.756384375
2 0.5096171875 0.706321875 0.5078750000000001 0.7379265625 0.5174218749999999 0.71390625 0.5198609375000001 0.6012640625000001 0.5222296875 0.564221875 0.5180484375 0.5604296875 0.5045296875 0.5599234375 0.5021609375 0.5609359375 0.509059375 0.66005 0.5096171875 0.706321875
2 0.48432031249999996 0.7168140625 0.48529687499999996 0.7217453125 0.48982656249999995 0.71946875 0.4935890625 0.6977249999999999 0.4970734375 0.6414671875 0.5038328125 0.565234375 0.503065625 0.5597984375 0.5013234375 0.5589125 0.498328125 0.5611890625 0.48717812499999996 0.5613140624999999 0.48132343750000006 0.5611890625 0.48529687499999996 0.6233875 0.48432031249999996 0.7168140625
2 0.46306562500000004 0.7276859375 0.4671078125 0.7217453125 0.46961718750000003 0.7091031250000001 0.468571875 0.6051828125000001 0.46961718750000003 0.558028125 0.45156718749999997 0.5625796875 0.4478046875 0.5680156249999999 0.4475953125 0.573071875 0.45107968749999994 0.5970921875 0.46306562500000004 0.7276859375
1 0.419721875 0.6024015625 0.42452968750000003 0.6465234375 0.43679375 0.727559375 0.4452265625 0.7525921875 0.44731718750000005 0.742225 0.4475953125 0.7161828125 0.4446 0.6203546875 0.4410453125 0.5849562500000001 0.4380484375 0.5778765625 0.43233437500000005 0.5740828125 0.42362343750000003 0.5778765625 0.4221609375 0.580025 0.4206265625 0.5838171875 0.419721875 0.6024015625
3 0.3605578125 0.6122625 0.3607671875 0.6281921875 0.369059375 0.734765625 0.37282187499999997 0.7474078125 0.3750515625 0.7510749999999999 0.37853593750000003 0.751453125 0.3850171875 0.749178125 0.3875265625 0.744753125 0.39003437500000004 0.7305937499999999 0.39303125 0.6154234375 0.39247343749999997 0.594184375 0.388084375 0.5854609375 0.38250937500000004 0.5873578125 0.3742859375 0.5922875000000001 0.36257812500000003 0.6040453125 0.3605578125 0.6122625
4 0.3179796875 0.60834375 0.31588906250000004 0.647534375 0.3182578125 0.7024015625 0.320975 0.7209859375 0.3242515625 0.7280656249999999 0.3275953125 0.7290765625 0.33115 0.7269281249999999 0.3324046875 0.721996875 0.3324046875 0.6725656250000001 0.33358906250000003 0.6659921875 0.337490625 0.6643484374999999 0.3407671875 0.6654875 0.3419515625 0.6757265625 0.3404875 0.7198484374999999 0.3423 0.7335015625 0.346759375 0.7394437500000001 0.3501046875 0.7384328124999999 0.35909375 0.647534375 0.35965156249999997 0.592540625 0.35665468749999996 0.591909375 0.33630625 0.5996203125 0.32515625 0.5946906249999999 0.32369375 0.5946906249999999 0.31944218750000003 0.5989890625000001 0.3179796875 0.60834375
4 0.28097500000000003 0.5992421875 0.28097500000000003 0.6149171875 0.2871078125 0.7304671875000001 0.2896171875 0.7442484375 0.294703125 0.751453125 0.30655 0.7500625000000001 0.30982656249999996 0.743615625 0.3213234375 0.595321875 0.3177 0.5920359375 0.30982656249999996 0.5926671875 0.30257812500000003 0.5959546875 0.2975609375 0.5874843750000001 0.2896171875 0.5835656250000001 0.2871078125 0.5835656250000001 0.2849484375 0.5848296875 0.28097500000000003 0.5992421875
4 0.27811875 0.42414687500000003 0.275609375 0.44310937499999997 0.27345 0.4967125 0.270940625 0.513653125 0.2712890625 0.5359046875 0.27958125 0.5450062499999999 0.3073171875 0.5495578125 0.3116375 0.5450062499999999 0.312334375 0.5293296875 0.3083625 0.4940578125 0.3087109375 0.468646875 0.3055046875 0.43198437500000003 0.2943546875 0.3804046875 0.29142812500000004 0.3771171875 0.290034375 0.3778765625 0.28857187500000003 0.383059375 0.2939375 0.45625781249999997 0.29142812500000004 0.461440625 0.290034375 0.45625781249999997 0.28473906250000003 0.40872343750000006 0.285296875 0.3993671875 0.2864109375 0.3810359375 0.27811875 0.42414687500000003
4 0.3489890625 0.42123906250000004 0.3450171875 0.4218703125 0.34320625 0.4245265625 0.3417421875 0.4311 0.338884375 0.48065781249999995 0.337421875 0.485334375 0.3331015625 0.48457656250000003 0.3324046875 0.4787609375 0.3349125 0.4402015625 0.33456406250000004 0.4245265625 0.32703906250000003 0.4245265625 0.323065625 0.429709375 0.3129609375 0.512009375 0.30975625 0.5499375 0.315121875 0.557775 0.321603125 0.5571421875 0.33637656250000003 0.5610625 0.35114999999999996 0.5590390625 0.354703125 0.5493046875 0.3536578125 0.444121875 0.3536578125 0.44146718749999997 0.35254375 0.425790625 0.3489890625 0.42123906250000004
3 0.351846875 0.40113750000000004 0.355121875 0.44576562500000005 0.360209375 0.49266718750000005 0.36146406249999996 0.5404546875 0.3647390625 0.5453859375000001 0.368640625 0.5470296875 0.38125468749999997 0.5443734375 0.39024375 0.53501875 0.390521875 0.526928125 0.3836234375 0.4948171875 0.3641109375 0.41807812499999997 0.3603484375 0.384196875 0.35693437499999997 0.375221875 0.35317031249999997 0.38495625 0.351846875 0.40113750000000004
3 0.3896859375 0.3903921875 0.387246875 0.393678125 0.3845296875 0.40619531249999996 0.3884328125 0.5198484375 0.39087031250000004 0.531353125 0.4070390625 0.5378000000000001 0.41212499999999996 0.5362828125 0.41602812499999997 0.5318578125 0.40947812499999997 0.49152968750000003 0.41038281249999997 0.475853125 0.4013234375 0.396334375 0.39895468749999996 0.3920359375 0.3968640625 0.3892546875 0.3896859375 0.3903921875
1 0.40885 0.3484203125 0.40822343749999995 0.3566375 0.41212499999999996 0.4012640625 0.41484375 0.47800312500000003 0.4196515625 0.5302156250000001 0.42473906250000004 0.5323640625 0.43853593750000003 0.528571875 0.4427875 0.5226296875 0.44425156250000003 0.51390625 0.43282187499999997 0.4268015625 0.4206265625 0.348546875 0.4172828125 0.34083437499999997 0.41038281249999997 0.344121875 0.40885 0.3484203125
2 0.44007031249999995 0.3522125 0.445853125 0.3957015625 0.4478046875 0.4493046875 0.448084375 0.5262953125000001 0.46285781249999997 0.5245265625 0.4682921875 0.520859375 0.46982656250000004 0.5145390625 0.45860625 0.385334375 0.455540625 0.360809375 0.45184687500000004 0.34715625 0.4505921875 0.343109375 0.4423 0.345890625 0.44007031249999995 0.3522125
2 0.47052187500000003 0.4744625 0.4729609375 0.5235140625 0.474703125 0.5283187500000001 0.4801390625 0.5322375 0.49184687499999996 0.5322375 0.49902499999999994 0.5278125 0.4987453125 0.5070796875 0.495121875 0.47775 0.49365781249999996 0.44134062500000004 0.4894078125 0.4059421875 0.4759578125 0.34500625 0.4729609375 0.3340078125 0.46933749999999996 0.3917828125 0.47052187500000003 0.4744625
2 0.5212546875 0.3585328125 0.5143546875 0.383059375 0.5044593749999999 0.488115625 0.5029265625 0.526675 0.516725 0.5311 0.5284328125 0.526675 0.532334375 0.5207328125 0.5275265625000001 0.46194687500000003 0.5284328125 0.4445 0.5271078124999999 0.3676359375 0.527246875 0.35916562500000004 0.5248078125 0.3509484375 0.5212546875 0.3585328125
2 0.5457140625 0.3831859375 0.540975 0.4307203125 0.5361671875 0.5228828125 0.540975 0.526928125 0.549965625 0.5283187500000001 0.554425 0.526421875 0.5559578125 0.5232609375 0.5556796875 0.48116250000000005 0.5572125 0.45385625 0.5559578125 0.383565625 0.560696875 0.35638437500000003 0.5584671875 0.35322343749999996 0.550453125 0.366878125 0.5457140625 0.3831859375
1 0.5786765625 0.3546140625 0.5753999999999999 0.3551203125 0.5729609375 0.3633375 0.5615328125 0.43350156249999994 0.5600703125 0.46839375 0.565784375 0.5255375 0.5753999999999999 0.538559375 0.583484375 0.537546875 0.5882921875 0.5244 0.5933796874999999 0.4896328125 0.5945640625 0.473325 0.5951921875 0.373071875 0.5945640625 0.3676359375 0.585575 0.3633375 0.5786765625 0.3546140625
3 0.5915671875 0.38596718750000003 0.58885 0.390265625 0.5828578125 0.49532187499999997 0.5849484375 0.5226296875 0.5873875 0.5302156250000001 0.5931015625 0.5335015624999999 0.610453125 0.5335015624999999 0.6149828125 0.528065625 0.6161671875 0.5132749999999999 0.6143546875 0.47307187500000003 0.6119859375 0.46270468749999993 0.6108015625000001 0.4474078125 0.608084375 0.38596718750000003 0.60655 0.3838171875 0.5951921875 0.3838171875 0.5915671875 0.38596718750000003
4 0.663275 0.386725 0.656096875 0.3933 0.6503140625 0.4226296875 0.64885 0.4481671875 0.6456453125 0.45916562499999997 0.6427171875 0.4618203125 0.640975 0.45916562499999997 0.6423687499999999 0.39393125 0.6413234375 0.3887484375 0.638396875 0.38343906250000004 0.633728125 0.3873578125 0.6301734375 0.3933 0.6157484375 0.525790625 0.61679375 0.53173125 0.627246875 0.53830625 0.6503140625 0.542225 0.6629265625 0.5402015625 0.663971875 0.53173125 0.6675265625 0.406446875 0.667246875 0.3951953125 0.665784375 0.387990625 0.663275 0.386725
4 0.700696875 0.37193437500000004 0.67909375 0.409103125 0.6729609375 0.428065625 0.6689890625 0.45689062500000005 0.6682921875 0.48432343749999995 0.66139375 0.5195953125 0.662509375 0.5359046875 0.663971875 0.5404546875 0.6708015625 0.543109375 0.68696875 0.5437421875 0.7042515625 0.54829375 0.7096859375 0.5450062499999999 0.7110796875000001 0.539190625 0.7121953125 0.52275625 0.711846875 0.50391875 0.7064109375000001 0.49013906250000006 0.7060625 0.4699109375 0.71073125 0.4509484375 0.71400625 0.40328749999999997 0.71400625 0.3601765625 0.700696875 0.41377968750000005 0.6834140625 0.460809375 0.6834140625 0.4443734375 0.6848078125 0.4359046875 0.7045296875 0.3764859375 0.7064109375000001 0.3700375 0.7103828125 0.3589125 0.700696875 0.37193437500000004
