4 0.77544375 0.627140625 0.7802156250000001 0.6249203125 0.7808078125 0.6178828125 0.7631828125 0.52695 0.7595953125 0.49270781250000006 0.7565999999999999 0.47907343750000003 0.743434375 0.47691875 0.7347609375 0.48287812499999994 0.72340625 0.482371875 0.7147328125 0.49378593750000005 0.7132703125 0.5008250000000001 0.7186343749999999 0.525871875 0.7485203125 0.6042484375 0.761371875 0.62656875 0.7733546875 0.629296875 0.755415625 0.59175625 0.7485203125 0.5639828125 0.7476484375 0.5574515625 0.7479281249999999 0.55256875 0.7495296875 0.5518078125 0.75033125 0.5547234375000001 0.7664578125 0.6118578125 0.77544375 0.627140625
4 0.7198187500000001 0.6414718749999999 0.72309375 0.6441984374999999 0.725775 0.64039375 0.725775 0.6327843750000001 0.71623125 0.5913765625 0.7120515625 0.553265625 0.7063390625 0.5157265625 0.7015671875 0.497209375 0.695890625 0.49289843749999995 0.6898984375 0.49182031249999997 0.6869390625 0.49289843749999995 0.6839421875 0.5048828125 0.6827234375 0.5059609375 0.67854375 0.50646875 0.676175 0.505390625 0.6719609375 0.495625 0.6660046875 0.494546875 0.66419375 0.495625 0.6633234375 0.4999359375 0.663009375 0.5059609375 0.663915625 0.5152187500000001 0.6707765625000001 0.5451484375 0.6767671875 0.56525 0.6800421875 0.593025 0.6839421875 0.61699375 0.691396875 0.6387437499999999 0.694984375 0.6452765625 0.700975 0.654534375 0.7048765625 0.6539625 0.7078375 0.6528859375 0.706653125 0.6431203125 0.6977015625 0.6273296875 0.6934859375 0.61261875 0.6902828125 0.580215625 0.691396875 0.572859375 0.6923015625 0.571275 0.6947062500000001 0.5696265625 0.6973874999999999 0.5696265625 0.6985718750000001 0.570703125 0.7099265625 0.61699375 0.7198187500000001 0.6414718749999999
3 0.6306171875000001 0.5121109374999999 0.6291187500000001 0.5121109374999999 0.6291187500000001 0.518896875 0.6308609374999999 0.529803125 0.6383484375 0.5515531250000001 0.645803125 0.5855421875 0.6543015624999999 0.62048125 0.6649953125 0.649525 0.668721875 0.6513640625 0.669 0.6259359375 0.66175625 0.5592890625 0.6592828125 0.5234625 0.6592828125 0.504375 0.6478234375 0.5012046875 0.6438171875 0.5025999999999999 0.640821875 0.5057703124999999 0.6366078125 0.5043124999999999 0.634621875 0.504375 0.6331249999999999 0.5057703124999999 0.6306171875000001 0.5121109374999999
3 0.6098578125 0.52175 0.6069312499999999 0.52175 0.607140625 0.5410265625 0.6079765625 0.5455921874999999 0.6241734375 0.5905515625 0.637653125 0.633290625 0.645140625 0.6688015625 0.648659375 0.672225 0.651584375 0.6601140625 0.6415890625 0.5830062500000001 0.63744375 0.5603046875000001 0.6337171875000001 0.5300578125000001 0.629153125 0.51344375 0.621665625 0.509321875 0.6125390625 0.5123015625 0.6119125000000001 0.51344375 0.6104499999999999 0.5168671875 0.6098578125 0.52175
1 0.5805296875 0.5588453125 0.621003125 0.6759671875000001 0.6284921875 0.68129375 0.6295375 0.6559921875 0.6237203124999999 0.6147750000000001 0.605434375 0.5407109375 0.60024375 0.5259359375 0.592790625 0.518009375 0.585928125 0.51610625 0.5819921875 0.52479375 0.581365625 0.5266968750000001 0.57969375 0.5399499999999999 0.5805296875 0.5588453125
2 0.554859375 0.527203125 0.5700453125 0.6451484375 0.57203125 0.6564359375000001 0.573040625 0.6591625 0.5772546875 0.6555484375 0.5800062500000001 0.6270140625 0.5800062500000001 0.5231453125 0.578996875 0.519975 0.56401875 0.521115625 0.5595609375 0.52175 0.5545796875 0.5231453125 0.554859375 0.527203125
2 0.5268546875 0.5301203125 0.5301984375 0.5486359375000001 0.5576109375 0.6544703125 0.5609203125 0.6590359375 0.56175625 0.6590359375 0.5644375 0.6548515625 0.5650640625000001 0.6473046874999999 0.5559390625 0.5740015625 0.55343125 0.5331640625 0.5517937500000001 0.5263796875 0.5492859375 0.5248578125 0.5302687500000001 0.5238421875 0.5285265625 0.523715625 0.5268546875 0.52561875 0.5268546875 0.5301203125
2 0.503865625 0.5535828125 0.515325 0.6166140625 0.5207937499999999 0.6220671875 0.5237890625 0.6266328125 0.5272734375 0.6461 0.5387328124999999 0.6538359375 0.5345171875 0.629803125 0.53075625 0.577171875 0.530025 0.5390609375000001 0.5272734375 0.5190875 0.519296875 0.52048125 0.505990625 0.518453125 0.5018812500000001 0.5181984374999999 0.49989531249999997 0.5182625 0.503865625 0.5535828125
2 0.4708109375 0.5132531250000001 0.46973125 0.517184375 0.46973125 0.53348125 0.47519999999999996 0.5547875 0.47495624999999997 0.5965125 0.46973125 0.6201015625 0.49090937500000004 0.5974 0.49714375000000005 0.561128125 0.5011140625 0.523525 0.49763124999999997 0.518515625 0.479728125 0.5130625 0.47495624999999997 0.5121749999999999 0.472134375 0.5121749999999999 0.4708109375 0.5132531250000001
1 0.43354218749999995 0.52435 0.431034375 0.5338625 0.43155625000000003 0.5429296875 0.4345171875 0.55611875 0.43354218749999995 0.6059609375 0.41508124999999996 0.666771875 0.4275515625 0.6577046875 0.45047031249999997 0.624096875 0.46192968749999996 0.592390625 0.46642343750000004 0.5438171875 0.46492500000000003 0.5202921875000001 0.4571921875 0.5116671875 0.45245625 0.5111609374999999 0.4466046875 0.5140781249999999 0.4444796875 0.5152828125 0.436259375 0.5207359375 0.43354218749999995 0.52435
3 0.37593125 0.6447046875 0.3771859375 0.6501578125 0.379903125 0.6538359375 0.38589375000000004 0.651996875 0.391884375 0.6469875 0.40682656250000004 0.6157265625 0.42873593750000005 0.5485734375 0.44120468749999997 0.5177546875 0.44420000000000004 0.5050734375 0.44367812500000003 0.5013953124999999 0.43869687500000004 0.5013953124999999 0.43124375 0.503234375 0.4307203125 0.4996203125 0.43124375 0.495053125 0.41253906249999994 0.49099531250000006 0.40630468750000004 0.49644843749999995 0.4013234375 0.514140625 0.4008359375 0.515915625 0.3903859375 0.5794546875 0.37593125 0.6447046875
3 0.375896875 0.47374687499999996 0.371403125 0.47374687499999996 0.3681640625 0.4800890625 0.365446875 0.5005078125 0.3629390625 0.5440078125000001 0.35423125 0.6179453125000001 0.3465 0.6573875 0.3517234375 0.6542171875 0.35646093749999996 0.6483203125 0.36743281250000004 0.62473125 0.403553125 0.525428125 0.41027500000000006 0.5054531250000001 0.41027500000000006 0.49727343749999997 0.4072796875 0.4927703125 0.392859375 0.4923265625 0.3908390625 0.4909328125 0.3834546875 0.48034218749999996 0.3818875 0.47780625 0.380878125 0.4764109375 0.375896875 0.47374687499999996
4 0.30762812500000003 0.6464171875 0.3225703125 0.6290421875 0.3381046875 0.58605 0.3554515625 0.5272671875 0.3698015625 0.48807812500000003 0.3769765625 0.4755234375 0.3593515625 0.475015625 0.34350468749999996 0.47774218749999997 0.339915625 0.4766640625 0.336328125 0.47228906249999997 0.3159875 0.46899218749999994 0.30762812500000003 0.4657578125 0.3010453125 0.46683593749999996 0.296865625 0.4712109375 0.29446249999999996 0.47824999999999995 0.29446249999999996 0.4885859375 0.299234375 0.5060234375 0.3016375 0.5218140625000001 0.3022296875 0.52999375 0.2872859375 0.5887765625 0.2801109375 0.6235890625 0.27920625 0.6301203125 0.28488281249999997 0.637159375 0.289690625 0.637159375 0.293278125 0.6322765625 0.3094046875 0.587128125 0.3189828125 0.56480625 0.3231625 0.559353125 0.32525312500000003 0.5610015625 0.32466093749999997 0.5718453125 0.324346875 0.5757140625 0.3210734375 0.6018390625000001 0.30762812500000003 0.6464171875
4 0.2473359375 0.5937859375000001 0.2373734375 0.6060234375 0.22643749999999999 0.611478125 0.2373734375 0.61781875 0.2593171875 0.59784375 0.28669375 0.5211796875 0.30115 0.4899171875 0.3041453125 0.4790109375 0.3036578125 0.4690546875 0.2924421875 0.46721562499999997 0.28620625 0.46131875000000006 0.274746875 0.460875 0.260815625 0.45409062499999997 0.252315625 0.45409062499999997 0.2485890625 0.45542187500000003 0.2428765625 0.48085000000000006 0.2353890625 0.5261890625000001 0.22765624999999998 0.5634109375 0.22243125 0.5805953125000001 0.2209328125 0.6032968750000001 0.22817812499999998 0.5942296875 0.2543359375 0.53525625 0.255834375 0.53348125 0.2580640625 0.5329734375 0.2588296875 0.5344953125 0.2587953125 0.5366515625 0.25457968750000004 0.5661375 0.2473359375 0.5937859375000001
4 0.2420765625 0.2598609375 0.2389765625 0.252378125 0.237721875 0.26911874999999996 0.23695624999999998 0.3348765625 0.2349703125 0.35986093750000003 0.231 0.374825 0.22302343750000003 0.400190625 0.2232671875 0.411096875 0.225009375 0.4192765625 0.2299890625 0.42473124999999995 0.23796562500000001 0.42473124999999995 0.24719687499999998 0.432403125 0.25639218750000003 0.43741250000000004 0.2643671875 0.43284687499999996 0.270359375 0.4192765625 0.26687500000000003 0.3861765625 0.2648546875 0.3407734375 0.265378125 0.306784375 0.2628703125 0.2772984375 0.25639218750000003 0.2577671875 0.24893749999999998 0.241471875 0.2466734375 0.241915625 0.2459421875 0.2478125 0.2461859375 0.254596875 0.2509234375 0.2759671875 0.2521765625 0.28864999999999996 0.2526640625 0.3104 0.2524203125 0.327646875 0.2509234375 0.3312625 0.24817187500000001 0.3303734375 0.2456640625 0.2802796875 0.2442703125 0.27044999999999997 0.24367812500000002 0.26569375 0.2420765625 0.2598609375
4 0.2815046875 0.276728125 0.279484375 0.276728125 0.2770109375 0.27850312499999996 0.27575781250000003 0.2807859375 0.2755140625 0.287128125 0.27600156249999996 0.29486406249999997 0.2819921875 0.3696890625 0.2692796875 0.42048125000000003 0.2702890625 0.43088125 0.274015625 0.4436265625 0.283978125 0.4481296875 0.2882265625 0.44407031249999995 0.29595937499999997 0.4476859375 0.31264375 0.4522515625 0.3218390625 0.44178750000000006 0.3228484375 0.434115625 0.319365625 0.4050734375 0.3143859375 0.3796453125 0.3094046875 0.309828125 0.3039015625 0.288965625 0.29519375000000003 0.27260625 0.2994421875 0.32206718749999996 0.301671875 0.361509375 0.29992968750000004 0.3633484375 0.29595937499999997 0.3574515625 0.2882265625 0.30481875 0.28895781249999997 0.2894109375 0.2887140625 0.2866828125 0.2864859375 0.2803421875 0.2815046875 0.276728125
3 0.349459375 0.2686109375 0.3482765625 0.272415625 0.34705625 0.2800890625 0.34705625 0.28605 0.34228437500000003 0.3296125 0.3264375 0.4183265625 0.3204453125 0.442803125 0.3204453125 0.4487640625 0.3222578125 0.4542171875 0.3264375 0.460178125 0.3368859375 0.4629046875 0.34169218749999997 0.458021875 0.3497390625 0.458021875 0.356321875 0.4552953125 0.361128125 0.444959375 0.3605015625 0.42536406250000003 0.356321875 0.3927078125 0.3557296875 0.3530125 0.3584109375 0.347559375 0.357228125 0.3214328125 0.3543015625 0.2826890625 0.353953125 0.27951875 0.3533265625 0.2696890625 0.349459375 0.2686109375
3 0.363253125 0.38668281250000003 0.36175625 0.4156625 0.3535359375 0.451996875 0.356775 0.45922656249999994 0.3662484375 0.46829375000000006 0.3722046875 0.46785 0.3781953125 0.461065625 0.381190625 0.462840625 0.3886453125 0.463284375 0.3943921875 0.45466093750000003 0.40160156249999995 0.43696875 0.4001046875 0.41521875 0.3941484375 0.3821171875 0.38565 0.3435640625 0.37903125000000004 0.309765625 0.376628125 0.3000640625 0.37272656249999997 0.2909328125 0.363253125 0.38668281250000003
1 0.43099999999999994 0.2844 0.4220125 0.287571875 0.41877343749999996 0.2929609375 0.41403749999999995 0.3070390625 0.39609843749999996 0.4018390625 0.3946015625 0.45263125000000004 0.397109375 0.46309374999999997 0.4035875 0.47305 0.41253906249999994 0.47438125 0.420028125 0.4707671875 0.4239984375 0.4617 0.43099999999999994 0.45764062499999997 0.433228125 0.44901718749999997 0.433228125 0.42041874999999995 0.43099999999999994 0.3614453125 0.437721875 0.289790625 0.43695625 0.2870640625 0.43598125000000004 0.2852890625 0.43099999999999994 0.2844
2 0.4688609375 0.2773625 0.44444375 0.36309375 0.433228125 0.4438171875 0.43497031249999996 0.4692453125 0.443921875 0.4755859375 0.45788906249999994 0.473303125 0.46687500000000004 0.46785 0.4688609375 0.4565625 0.470846875 0.40120468750000005 0.4693484375 0.36131875 0.47648906249999995 0.2835125 0.47708125 0.272796875 0.47756875 0.2651234375 0.4688609375 0.2773625
2 0.50529375 0.264553125 0.5024375 0.264553125 0.5009750000000001 0.265821875 0.49811875 0.276284375 0.4905953125 0.3233359375 0.4758625 0.40037968749999997 0.47265781249999994 0.45066562499999996 0.47408593750000005 0.46829375000000006 0.47659375 0.481990625 0.478753125 0.4852890625 0.48735625000000005 0.48655625 0.5110421875 0.48655625 0.5132015625 0.4650609375 0.5117375 0.438934375 0.513896875 0.41084375 0.5110421875 0.40431249999999996 0.50815 0.2703875 0.50815 0.2684203125 0.507453125 0.265821875 0.50529375 0.264553125
2 0.5466734375 0.3172484375 0.5404046874999999 0.3194046875 0.538 0.3253640625 0.5335078125 0.34933437500000003 0.5227796875 0.39942968749999996 0.5122953125 0.45383593749999995 0.509021875 0.48484531249999996 0.5098921875 0.487 0.515290625 0.4902984375 0.5350046875000001 0.491946875 0.5529437500000001 0.487571875 0.555346875 0.48046875 0.5559390625 0.45383593749999995 0.552071875 0.42390625000000004 0.5529078125 0.32828124999999997 0.5529437500000001 0.3226375 0.5511671875 0.3194046875 0.5466734375 0.3172484375
2 0.574746875 0.32980312500000003 0.5702890625 0.3334171875 0.5657953124999999 0.34521250000000003 0.560815625 0.391503125 0.556809375 0.44140781249999994 0.5548234375 0.47767968749999995 0.5570875 0.48262499999999997 0.5640546875 0.4844640625 0.5777421875 0.48402031250000005 0.5809828125000001 0.472225 0.5827234375 0.4436265625 0.5837343749999999 0.36474375000000003 0.5807734375 0.33779375 0.579728125 0.3320859375 0.578753125 0.3279640625 0.574746875 0.32980312500000003
1 0.59575 0.3556125 0.5917796875 0.387825 0.5870421875 0.44178750000000006 0.583803125 0.47216250000000004 0.5877749999999999 0.47805937500000006 0.5925109375 0.487128125 0.5972484375 0.4912484375 0.6037265625 0.49258125 0.6087078125 0.4898546875 0.615709375 0.477615625 0.61818125 0.4603671875 0.6151859375 0.43950468750000005 0.6129578125 0.3646796875 0.6092296875 0.3157265625 0.6089515624999999 0.3138875 0.6077328125 0.3066578125 0.59575 0.3556125
3 0.635771875 0.3303734375 0.6292234375 0.3505390625 0.6178328125 0.42618906250000005 0.615465625 0.4713375 0.619053125 0.4800890625 0.62291875 0.484971875 0.6292234375 0.482815625 0.6328109375000001 0.48662031250000004 0.6399515625000001 0.487128125 0.646534375 0.47190937499999996 0.647753125 0.455040625 0.6441656250000001 0.43164218749999994 0.639671875 0.3513 0.6390796875 0.3434375 0.6378609375 0.3303734375 0.635771875 0.3303734375
3 0.65865625 0.3349390625 0.6514453125 0.400253125 0.6467078125 0.45783125 0.647196875 0.46962656249999996 0.64869375 0.47596718750000006 0.655659375 0.48230781250000004 0.6596656249999999 0.4809765625 0.66614375 0.482815625 0.6686171875 0.47780625 0.6738421875 0.47507968749999996 0.677603125 0.4668984375 0.6758625 0.4542171875 0.677603125 0.441978125 0.6741203125 0.431515625 0.666875 0.357640625 0.6657953125 0.334115625 0.665865625 0.3227015625 0.665690625 0.3164234375 0.65865625 0.3349390625
3 0.6958546875 0.3199109375 0.6866953125 0.3542796875 0.68443125 0.387128125 0.6858578125 0.41211093749999994 0.677359375 0.453646875 0.6779875 0.4616359375 0.6802859375 0.4703234375 0.6860671875000001 0.47824999999999995 0.6960640625 0.47862968749999996 0.7020546875 0.4744453125 0.7035171874999999 0.4695625 0.7058171875 0.4695625 0.711215625 0.47786875 0.714315625 0.47786875 0.7182515625 0.47482499999999994 0.7190875 0.46727968750000004 0.7201328124999999 0.45218749999999996 0.7149421874999999 0.3992390625 0.7182515625 0.3731765625 0.7168234375 0.34445156250000003 0.7124343750000001 0.33081875 0.7072453125 0.3255546875 0.7082890625 0.33348125 0.7058171875 0.3750796875 0.7024734375 0.3909328125 0.7008359375000001 0.3935953125 0.698328125 0.3913125 0.69811875 0.352378125 0.700209375 0.31953125 0.700209375 0.3164875 0.696865625 0.31762812500000004 0.6958546875 0.3199109375
4 0.737478125 0.2985421875 0.7347265625 0.3017125 0.732740625 0.3094484375 0.7284921875 0.3520609375 0.7295015625 0.390171875 0.7277609375 0.4495875 0.7314875 0.4622703125 0.7367125 0.464553125 0.7412046875 0.46366562499999997 0.7506796875 0.4591 0.7623828125000001 0.45821249999999997 0.765621875 0.454596875 0.7671187500000001 0.4400765625 0.7633921875 0.41559999999999997 0.755415625 0.3838296875 0.7561484375 0.3711484375 0.7589 0.3566265625 0.7593875 0.340265625 0.7569140625 0.32301875 0.7516890625 0.3103359375 0.7464296874999999 0.3031078125 0.7469515624999999 0.31851562499999997 0.7454546875 0.349778125 0.742946875 0.3747625 0.7409609374999999 0.36569375000000004 0.7399515625 0.3239703125 0.74134375 0.3107171875 0.7419718750000001 0.306721875 0.74346875 0.29765312499999996 0.737478125 0.2985421875
