3 0.23335468750000002 0.403553125 0.24413437500000001 0.4094734375 0.266265625 0.4153953125 0.2991125 0.41866875 0.38915625 0.42486875 0.39613125 0.423684375 0.3982875 0.42131718749999997 0.40044375 0.41511718750000004 0.39778125000000003 0.39763125 0.3939765625 0.3955765625 0.3794546875 0.394078125 0.3605578125 0.3932078125 0.320165625 0.3932078125 0.2861765625 0.3958546875 0.271084375 0.39526249999999996 0.249525 0.3905265625 0.24901718750000001 0.39111875 0.2425484375 0.39143125 0.2322765625 0.3932078125 0.2290421875 0.39676093749999997 0.23335468750000002 0.403553125
3 0.2322765625 0.43671249999999995 0.2511734375 0.4411703125 0.30615156250000003 0.4500515625 0.3389984375 0.4509234375 0.374571875 0.4527 0.385921875 0.45151562500000003 0.3913125 0.4461859375 0.3939765625 0.43848906249999997 0.3918203125 0.4299203125 0.3875078125 0.4275515625 0.37083125 0.4263671875 0.3336078125 0.4254609375 0.2786296875 0.426053125 0.27647499999999997 0.42695937500000003 0.22473125 0.42723750000000005 0.22041875000000002 0.42932812499999995 0.223653125 0.4334734375 0.2322765625 0.43671249999999995
2 0.441978125 0.4574359375 0.44787499999999997 0.4586203125 0.5066578125000001 0.45715781250000004 0.5740015625 0.4524203125 0.583703125 0.4500515625 0.583703125 0.4482765625 0.570259375 0.4438171875 0.51255625 0.43848906249999997 0.48668281249999995 0.43702500000000005 0.47108437500000006 0.4373046875 0.46620156250000006 0.438209375 0.46727968750000004 0.438209375 0.44629062499999994 0.44144843749999996 0.44032968749999996 0.4450015625 0.44032968749999996 0.451828125 0.441978125 0.4574359375
2 0.43601718749999996 0.48408281249999996 0.43925156249999997 0.4929640625 0.44521249999999996 0.49474062500000004 0.45275781249999997 0.4944625 0.47647500000000004 0.4950546875 0.500696875 0.4929640625 0.52656875 0.4870421875 0.5573234375 0.48230625 0.58046875 0.477290625 0.5912484375 0.47373750000000003 0.5944828125 0.470184375 0.5918203125 0.4680953125 0.578884375 0.4684078125 0.556753125 0.47136875 0.5254921875 0.4704625 0.49099531250000006 0.46691093749999996 0.45326562499999995 0.46454218750000004 0.44844687499999997 0.46454218750000004 0.4381734375 0.46691093749999996 0.4355109375 0.4704625 0.43658906249999996 0.4755140625 0.43601718749999996 0.48408281249999996
2 0.43601718749999996 0.5261234375 0.43766718750000005 0.5290843749999999 0.44521249999999996 0.53058125 0.46620156250000006 0.5296765625 0.5017750000000001 0.5296765625 0.578884375 0.53295 0.597209375 0.5311734375 0.601521875 0.5284921875 0.6020296875 0.5237546875 0.58909375 0.5169625 0.5643 0.5140015625000001 0.5400765625 0.5119125 0.4899171875 0.5030296875 0.46512343749999996 0.5003828125 0.44787499999999997 0.49919843750000004 0.441978125 0.5003828125 0.43601718749999996 0.503621875 0.4370953125 0.503621875 0.4349390625 0.5101359375000001 0.4349390625 0.5160578124999999 0.43658906249999996 0.5199234374999999 0.43601718749999996 0.5261234375
2 0.43766718750000005 0.5557296875 0.44356406249999997 0.558690625 0.46727968750000004 0.563740625 0.48021562500000003 0.5643328125 0.555675 0.5601875 0.5875078125 0.5580984375 0.5987953125 0.556321875 0.5987953125 0.5533609375 0.5880156249999999 0.5507140625 0.5530125 0.545071875 0.48345000000000005 0.540334375 0.46353906250000004 0.540334375 0.44629062499999994 0.54151875 0.4370953125 0.5459765625 0.4355109375 0.5498078125 0.43766718750000005 0.5557296875
1 0.4349390625 0.571125 0.42796406249999996 0.5758625 0.42847187499999995 0.5817828125 0.4258078125 0.5927546875 0.42847187499999995 0.597178125 0.43278437500000005 0.5983625 0.44952500000000006 0.5983625 0.48186406249999997 0.6016375 0.5157890625 0.6031 0.55085625 0.6034140625 0.5998734375 0.601915625 0.606340625 0.5983625 0.6052625 0.5936265625 0.5928984374999999 0.5892031249999999 0.563221875 0.584465625 0.5244140625 0.5794140624999999 0.4899171875 0.5740859375 0.48883906250000003 0.5738078125 0.4613828125 0.569940625 0.44952500000000006 0.5672937499999999 0.44305625 0.5681640625 0.4349390625 0.571125
3 0.4565 0.62796875 0.5443875 0.6321140625 0.581040625 0.6321140625 0.5982875 0.630059375 0.5998734375 0.625321875 0.5923265625 0.62176875 0.570259375 0.6184953125 0.5260625 0.6134796875 0.44952500000000006 0.6010453124999999 0.43386250000000004 0.600453125 0.4234625 0.6027171874999999 0.4166140625 0.610796875 0.41179531249999995 0.61671875 0.412871875 0.623825 0.41934062499999997 0.627690625 0.4565 0.62796875
3 0.42041874999999995 0.6309296875 0.4123015625 0.640125 0.4096390625 0.6516546875 0.4112234375 0.6540234375 0.4182625 0.657296875 0.43170624999999996 0.6557999999999999 0.48776093749999994 0.6552078125 0.5912484375 0.657296875 0.59613125 0.6561125 0.5977171875 0.6540234375 0.5896640625 0.647509375 0.5573234375 0.6407171875000001 0.5195937500000001 0.633890625 0.48345000000000005 0.6303375 0.48452812500000003 0.6303375 0.45707031249999996 0.6297453125 0.44140781249999994 0.6285609375 0.426315625 0.6282828125 0.42041874999999995 0.6309296875
4 0.426315625 0.6590734375 0.42092656249999993 0.665865625 0.42092656249999993 0.6753390625 0.4252375 0.6999296875 0.4311984375 0.702890625 0.45060312500000005 0.7031703125 0.47000624999999996 0.7008015624999999 0.4872546875 0.6999296875 0.5077359375 0.7022984375 0.5346859375 0.7073140625 0.556753125 0.7096828125 0.5718453125 0.7096828125 0.57780625 0.7061296875 0.5729234375 0.6999296875 0.5233359375 0.6880875 0.5131265625 0.6863109374999999 0.5060875 0.6836296875000001 0.5055796875 0.680390625 0.5211796875 0.6797984375 0.547621875 0.6818531250000001 0.5670265624999999 0.6821671874999999 0.5821171875 0.6836296875000001 0.5875078125 0.6824453125 0.5928984374999999 0.6777078125 0.5880156249999999 0.6729703125000001 0.5562453125 0.663496875 0.5244140625 0.6602578125 0.48776093749999994 0.662034375 0.48941093750000003 0.6623125 0.46188906249999995 0.6599437499999999 0.4424859375 0.6567046875 0.4311984375 0.657575 0.426315625 0.6590734375
