4 0.691565625 0.27641875 0.6883328125 0.2739109375 0.677996875 0.272134375 0.597146875 0.28422187499999996 0.5512359375 0.2838734375 0.5331015625 0.2874265625 0.5305015625 0.29111875 0.535446875 0.2960640625 0.5327203125 0.30121875 0.541725 0.315290625 0.537221875 0.3266453125 0.5390609375000001 0.335528125 0.5426124999999999 0.3375125 0.555675 0.3384890625 0.576346875 0.33528437499999997 0.6064046875 0.3256703125 0.6473046874999999 0.31703281250000004 0.685478125 0.305921875 0.6953703124999999 0.30024375000000003 0.6971468749999999 0.2952984375 0.672859375 0.300975 0.615409375 0.3098578125 0.6098921875000001 0.31027499999999997 0.6071015625 0.30975312499999996 0.6023468750000001 0.3070703125 0.6023468750000001 0.3049109375 0.6045015625 0.30334374999999997 0.6077359375 0.30188125 0.6799625 0.287775 0.6909328125 0.2838734375 0.6928984375 0.279240625 0.691565625 0.27641875
3 0.5766640625 0.370115625 0.5953703124999999 0.3619640625 0.6762203125 0.34559375000000003 0.72219375 0.33531875 0.725428125 0.3306859375 0.7214968749999999 0.32925781249999997 0.7066578125 0.32998906250000004 0.6426125 0.3356671875 0.5948640625 0.337965625 0.5683578125000001 0.337965625 0.549525 0.3406828125 0.5454656250000001 0.34190156250000003 0.542803125 0.3438875 0.5414078124999999 0.3567046875 0.5422953125000001 0.35869062500000004 0.549525 0.36238281250000004 0.5521874999999999 0.367571875 0.5520609375000001 0.3676421875 0.5533296875 0.36941875 0.5565625 0.370846875 0.5649968750000001 0.3722390625 0.5766640625 0.370115625
3 0.6866203125 0.3760703125 0.71953125 0.3674671875 0.723271875 0.3648203125 0.7216875 0.3621390625 0.71521875 0.3609546875 0.6483828125 0.3674671875 0.5633484375 0.3684078125 0.5535828125 0.3714734375 0.5446421875 0.37767343750000004 0.5435 0.38505781250000004 0.5442609375 0.388540625 0.5457203125000001 0.3903859375 0.5551046875 0.395959375 0.5569437500000001 0.399234375 0.55783125 0.400034375 0.5604953125 0.40121874999999996 0.5766640625 0.4015328125 0.6041859374999999 0.39146562500000004 0.6866203125 0.3760703125
1 0.6084968749999999 0.428109375 0.71255625 0.4044578125 0.7241593749999999 0.40020937500000003 0.7233984375 0.39380000000000004 0.7180093750000001 0.3908390625 0.6776156249999999 0.39296406250000004 0.6075453125 0.398084375 0.557196875 0.40323906249999997 0.554090625 0.40571250000000003 0.5487 0.4138625 0.5410265625 0.42152500000000004 0.5410265625 0.4234765625 0.543309375 0.4249734375 0.55003125 0.4264375 0.551109375 0.42884062500000003 0.552440625 0.4301984375 0.55516875 0.43315937499999996 0.5594796875 0.43521406249999994 0.5842734375 0.43462187500000005 0.6084968749999999 0.428109375
2 0.6452125 0.4531515625 0.7150921875 0.4335078125 0.72048125 0.4313828125 0.715853125 0.42796874999999995 0.7096390625 0.42796874999999995 0.669309375 0.4335078125 0.6142671875 0.4370953125 0.581040625 0.4380703125 0.5599234375 0.439325 0.5572609374999999 0.44029999999999997 0.5554218750000001 0.442284375 0.55345625 0.4569140625 0.5529484375 0.46119843749999995 0.5529484375 0.4659359375 0.5556125 0.46711875 0.587 0.4654828125 0.6452125 0.4531515625
2 0.5735578125 0.49878125000000006 0.6046296875 0.4920234375 0.6305015625 0.48885468750000005 0.7017125 0.47513125 0.713253125 0.4664578125 0.711984375 0.45155 0.69778125 0.457228125 0.6725421875 0.463984375 0.614965625 0.4678859375 0.5638546875 0.4700109375 0.5587187499999999 0.472134375 0.5568796875 0.49289375 0.556753125 0.49700468750000004 0.556753125 0.49843281250000004 0.5587187499999999 0.5005578125000001 0.5625875 0.5005578125000001 0.5735578125 0.49878125000000006
2 0.6882046875000001 0.5101703125 0.6960046875 0.5005578125000001 0.6940390625 0.4913265625 0.6882046875000001 0.4948796875 0.683703125 0.4991296875 0.6759671875000001 0.5019859375 0.6623328125 0.504109375 0.6209890625 0.5037625 0.5918828125 0.5016375 0.5614453125 0.50090625 0.55954375 0.5044578125 0.5586562500000001 0.520759375 0.5588453125 0.5233015625 0.5596703125 0.5254609375 0.5892828125 0.5247296875 0.6714015625 0.5151171875 0.6882046875000001 0.5101703125
2 0.5881421875 0.55604375 0.6812296875 0.546778125 0.7103359375 0.544653125 0.7200375 0.542528125 0.7226375 0.537896875 0.7226375 0.53295 0.7200375 0.53009375 0.6876984375 0.526540625 0.6178828125 0.53009375 0.6003796875 0.5276203125000001 0.5655046875 0.5297453125 0.5596703125 0.5315218749999999 0.5577046875 0.533646875 0.5599875 0.5481359375 0.5609390624999999 0.5507140625 0.5622703125 0.553884375 0.564171875 0.5553125 0.5700062499999999 0.5563921875 0.5881421875 0.55604375
1 0.6033609375 0.5958546874999999 0.6820546875 0.5979453125 0.7079265625 0.594984375 0.7181984375 0.5890625 0.7208625 0.5857890625 0.7214328125 0.5807734375 0.7192765624999999 0.5769062500000001 0.7014578124999999 0.571890625 0.63785625 0.56419375 0.5974640625000001 0.5585515625 0.5705140625 0.55945625 0.5591625 0.564471875 0.5554218750000001 0.568025 0.5494609374999999 0.5698015625 0.5505390625000001 0.5739468750000001 0.5573234375 0.5838390625 0.5586562500000001 0.586103125 0.559734375 0.5896546875 0.5613187500000001 0.5908390625 0.56563125 0.5920234375 0.6033609375 0.5958546874999999
3 0.7231453125 0.6293624999999999 0.722575 0.6264015625 0.70913125 0.6192968750000001 0.67083125 0.609821875 0.6228921875 0.60480625 0.5975265624999999 0.5977015625 0.5716546874999999 0.5929640625 0.5539 0.610728125 0.5533296875 0.6125046875 0.5544078125 0.6190171875 0.5614453125 0.6265765625 0.5700703125000001 0.6308609374999999 0.5889031250000001 0.6326359375 0.7085609374999999 0.633228125 0.7182625 0.632915625 0.7231453125 0.6293624999999999
3 0.612428125 0.6700109375000001 0.7305640624999999 0.6799031249999999 0.7409 0.6796234375 0.745846875 0.6779171875000001 0.7440703125 0.6712640624999999 0.7206718750000001 0.660640625 0.65871875 0.64705625 0.6065953125 0.6384531250000001 0.5953703124999999 0.632009375 0.5701968749999999 0.6266109375 0.5603671875 0.6280734375 0.558084375 0.6305468750000001 0.557640625 0.6330203125 0.5598609375 0.6426328125 0.5513640625 0.6465687499999999 0.5495875 0.6502953125000001 0.551934375 0.6618593749999999 0.5526953125 0.6643328125 0.5544703125 0.6663187500000001 0.558084375 0.668303125 0.5765374999999999 0.6697671875 0.612428125 0.6700109375000001
4 0.68909375 0.7369203125 0.7036140625 0.736328125 0.710653125 0.73368125 0.715471875 0.729815625 0.6253015625 0.71428125 0.62041875 0.7127828125 0.6155999999999999 0.70954375 0.6155999999999999 0.7053984375 0.6166765625 0.7027171875 0.6199109375 0.7006625 0.6285359374999999 0.7003484375 0.7031078125 0.7244859375 0.70741875 0.7244859375 0.7100828124999999 0.7221171875 0.7100828124999999 0.718878125 0.7041859374999999 0.71264375 0.68046875 0.6993375000000001 0.6357 0.684221875 0.5963859375 0.6735625 0.564553125 0.665865625 0.551109375 0.6664578125 0.5467984375 0.668234375 0.5446421875 0.670915625 0.5467984375 0.692825 0.5408375000000001 0.7025781249999999 0.5414078124999999 0.7082203125000001 0.5446421875 0.7129578125 0.5414078124999999 0.7191578125 0.5408375000000001 0.720340625 0.5451484375 0.723615625 0.5554218750000001 0.7248 0.5968921875000001 0.7268546875 0.68909375 0.7369203125
4 0.6745078125 0.7784390625000001 0.607609375 0.74266875 0.5779328125000001 0.7308250000000001 0.5568171875 0.7263671875 0.541534375 0.7308250000000001 0.53348125 0.7421796875 0.5311984375 0.7490765625 0.5330375 0.75276875 0.5298671875000001 0.757715625 0.5267593749999999 0.7700453125 0.5303109375 0.7766984375 0.5357000000000001 0.7821312500000001 0.5451484375 0.7855796875000001 0.594546875 0.7897937500000001 0.6389984375 0.80383125 0.6664546875 0.809021875 0.674953125 0.809021875 0.6807859374999999 0.8082890624999999 0.6844 0.8053296874999999 0.6821171875 0.802125 0.62041875 0.7776390625 0.612365625 0.77349375 0.6042484375 0.7660750000000001 0.605896875 0.763428125 0.61395 0.76370625 0.622575 0.7657953125 0.691565625 0.7984328125 0.690678125 0.7919890625 0.6745078125 0.7784390625000001
4 0.3408375 0.79265 0.34407031250000003 0.7944265625 0.3483828125 0.7952984375 0.3662015625 0.795890625 0.43735 0.795890625 0.4788203125 0.8029953125 0.48909375 0.802125 0.497146875 0.79975625 0.49930312499999996 0.7970734375 0.5014578125 0.7890984375000001 0.5090046874999999 0.7819921875 0.5122390625000001 0.773703125 0.5122390625000001 0.7710203124999999 0.50741875 0.761859375 0.49606874999999995 0.7553468750000001 0.3888390625 0.7603625 0.3516171875 0.77015 0.34299375 0.7796234375 0.3467984375 0.7796234375 0.375903125 0.773703125 0.43088125 0.76778125 0.43481249999999994 0.7688953125 0.4374765625 0.7717875000000001 0.43595468750000005 0.7756875 0.4318328125 0.7787531249999999 0.351934375 0.7843609375 0.3473046875 0.784953125 0.341915625 0.7867296875 0.339759375 0.78850625 0.339759375 0.7902828125 0.3408375 0.79265
4 0.421053125 0.7466390625 0.4559921875 0.7501921874999999 0.48896562499999996 0.75586875 0.5077359375 0.7494953125 0.516740625 0.7423890625 0.5187062499999999 0.735284375 0.5109703125 0.7327765625 0.51610625 0.7242421875 0.5174375 0.718565625 0.5109703125 0.7075578124999999 0.49866875000000005 0.7008015624999999 0.45726093749999996 0.709334375 0.4190875 0.7146640625 0.3479390625 0.7274468749999999 0.3279015625 0.73598125 0.3408375 0.7370609375 0.368675 0.7306515625000001 0.4438171875 0.7230578125 0.45091875000000003 0.723859375 0.45351875 0.7259140625 0.4513 0.730025 0.4487 0.7320796875 0.44045625 0.733125 0.41781875 0.735284375 0.360875 0.7374078125 0.358275 0.7381046875 0.358275 0.7427374999999999 0.360875 0.7445140625 0.36607500000000004 0.7459421875000001 0.421053125 0.7466390625
3 0.33519375 0.689028125 0.3390609375 0.69045625 0.407609375 0.6893765625 0.5065953125 0.7039703125 0.5221312499999999 0.700034375 0.5272671875 0.69045625 0.517565625 0.6705671875 0.49816093749999996 0.6677109375 0.4710203125 0.6694875 0.3934046875 0.673040625 0.3525046875 0.67903125 0.3434375 0.679728125 0.33392499999999997 0.681575 0.331959375 0.683003125 0.33259375 0.6865546874999999 0.33519375 0.689028125
3 0.3426125 0.653675 0.3927703125 0.6564265625 0.500190625 0.6707421874999999 0.5203546875 0.669871875 0.5305015625 0.6643328125 0.5351296875 0.6549640625 0.52656875 0.6481359375 0.5258078125 0.6370609375 0.514965625 0.631521875 0.49866875000000005 0.6310687500000001 0.36131875 0.6445140625 0.3504125 0.645140625 0.341090625 0.6460125 0.33874375 0.6485546875 0.33874375 0.6511312499999999 0.3426125 0.653675
1 0.3363984375 0.6287015625000001 0.3394421875 0.630825 0.3588453125 0.6321140625 0.49162968749999997 0.6367812500000001 0.5149015625 0.635075 0.528090625 0.630825 0.5405203125 0.622709375 0.5381734375 0.617171875 0.5156625 0.5984328125 0.4908046875 0.59885 0.4574515625 0.605225 0.414775 0.6103453125 0.3562453125 0.6161265625000001 0.34609999999999996 0.6173453125 0.3379203125 0.618878125 0.3324671875 0.62145625 0.333290625 0.6244171875 0.3363984375 0.6287015625000001
2 0.3421046875 0.6026125 0.38478124999999996 0.59240625 0.44457812499999994 0.5907 0.5043124999999999 0.5953671875000001 0.5190875 0.5936609374999999 0.5299296874999999 0.5911187499999999 0.535384375 0.5830031250000001 0.5337984375 0.5663875 0.5182625 0.56468125 0.473240625 0.56893125 0.38027968749999996 0.5771515625 0.3591625 0.5834546875 0.3366515625 0.5936609374999999 0.3312625 0.6081859374999999 0.3421046875 0.6026125
2 0.34996875 0.552734375 0.4329734375 0.55701875 0.48655625 0.56255625 0.535446875 0.558725 0.5385546875 0.545071875 0.532340625 0.512678125 0.5090671875 0.5139328125 0.4640453125 0.520759375 0.3700703125 0.53824375 0.35947968750000003 0.5402640625 0.3473046875 0.5428765624999999 0.34292968749999997 0.547196875 0.3460375 0.550609375 0.34996875 0.552734375
2 0.337603125 0.48941093750000003 0.3435640625 0.49265 0.3672796875 0.5003484375 0.4729234375 0.5113203125 0.50741875 0.5127828125 0.5316421874999999 0.5101359375000001 0.5289796875 0.467503125 0.5203546875 0.46395 0.5057703124999999 0.46335781249999997 0.47343124999999997 0.4648203125 0.44489531250000003 0.46778125 0.344959375 0.4735984375 0.3392515625 0.47429531249999995 0.33544687500000003 0.4757921875 0.332784375 0.47816093750000005 0.332784375 0.48171406250000004 0.337603125 0.48941093750000003
2 0.342803125 0.43479687499999997 0.34654375000000004 0.43775624999999996 0.3605578125 0.44454843750000006 0.40583437499999997 0.45106250000000003 0.4664546875 0.4548234375 0.4949265625 0.4597703125 0.5201015625000001 0.45764531249999996 0.5253015624999999 0.44806718749999996 0.5240328125 0.43277656249999996 0.514965625 0.4285265625 0.49169375000000004 0.4264015625 0.42504687499999994 0.43134843749999996 0.3674703125 0.43134843749999996 0.350603125 0.4254609375 0.345465625 0.4244171875 0.34330937499999997 0.4244171875 0.3400765625 0.4256015625 0.3400765625 0.4285609375 0.342803125 0.43479687499999997
1 0.32530156250000003 0.405015625 0.3738109375 0.40856875 0.4552953125 0.418146875 0.47209843749999997 0.4234765625 0.5025359375 0.423859375 0.516740625 0.4177984375 0.5303109375 0.40111406250000003 0.5290421875 0.3982578125 0.512871875 0.386903125 0.4921375 0.384778125 0.3418515625 0.3879140625 0.330246875 0.3891328125 0.3162328125 0.39327812500000003 0.314965625 0.3972140625 0.3168671875 0.40181093749999997 0.32530156250000003 0.405015625
3 0.49467343750000003 0.389725 0.5062781249999999 0.388296875 0.5166765625 0.3794140625 0.5237796875 0.3705328125 0.52568125 0.36593593750000003 0.5231453125 0.36060625 0.5147109375000001 0.35562499999999997 0.5017750000000001 0.35489375 0.4681671875 0.357053125 0.351490625 0.358271875 0.3410265625 0.358271875 0.3097015625 0.36520312499999996 0.4105890625 0.37694218749999997 0.48040625 0.389725 0.49467343750000003 0.389725
3 0.3279640625 0.3463953125 0.332846875 0.3469875 0.3781234375 0.35113125 0.4794546875 0.355590625 0.497209375 0.355590625 0.5069125 0.3540921875 0.5155359374999999 0.34611562500000004 0.5198484375 0.3378265625 0.5112234375 0.3265765625 0.5031703125 0.3244859375 0.4772984375 0.32480000000000003 0.4178828125 0.3321140625 0.34781249999999997 0.33995156249999997 0.34305625 0.3401953125 0.33176875 0.34137968750000003 0.3263796875 0.34434062499999996 0.3268859375 0.345803125 0.3279640625 0.3463953125
4 0.3572609375 0.30627031250000003 0.4118578125 0.3158484375 0.46740624999999997 0.32058593750000003 0.49651249999999997 0.3247296875 0.5029796875 0.322953125 0.5094484375 0.3194015625 0.5142671875 0.3060953125 0.50995625 0.300453125 0.5088781250000001 0.28979374999999996 0.5094484375 0.2755828125 0.49866875000000005 0.26642343749999997 0.49004375 0.26583125 0.46848437499999995 0.26997499999999997 0.44476875 0.2767671875 0.3887125 0.2791359375 0.3601140625 0.2815046875 0.358528125 0.2850578125 0.360684375 0.2874265625 0.364996875 0.2901078125 0.37412812500000003 0.29188437500000003 0.421053125 0.293346875 0.42707656250000003 0.293103125 0.43050156250000005 0.29665625 0.4313890625 0.2991640625 0.430690625 0.30310000000000004 0.4283453125 0.30567812499999997 0.3622703125 0.29926875000000003 0.3601140625 0.29926875000000003 0.3547234375 0.300453125 0.3520609375 0.3016375 0.3520609375 0.3034140625 0.3572609375 0.30627031250000003
4 0.40780000000000005 0.2607453125 0.46474374999999996 0.26642343749999997 0.49384843749999996 0.273528125 0.4983515625 0.273528125 0.5041859375 0.2721 0.506784375 0.26785156250000003 0.5152187500000001 0.26144218750000003 0.5203546875 0.2490078125 0.5171218750000001 0.23873281249999997 0.5106531249999999 0.2323234375 0.50741875 0.22699375000000002 0.506784375 0.219540625 0.49581406250000004 0.21741562499999997 0.47767968749999995 0.21880937500000003 0.44083750000000005 0.2266453125 0.40526249999999997 0.2245203125 0.3644890625 0.2245203125 0.3618890625 0.2266453125 0.3625234375 0.22985000000000003 0.3664546875 0.2323234375 0.374825 0.2337515625 0.437603125 0.2374078125 0.4312625 0.2408921875 0.43050156250000005 0.24378281249999997 0.4312625 0.246046875 0.43424218750000004 0.2497390625 0.43595468750000005 0.25064375 0.38275156250000003 0.24085625 0.3748890625 0.2392203125 0.366265625 0.2373734375 0.36753281250000003 0.2416234375 0.376790625 0.2504359375 0.40780000000000005 0.2607453125
