4 0.215121875 0.3453859375 0.22975625000000002 0.3709234375 0.2342859375 0.398103125 0.24027812499999998 0.41504375 0.244459375 0.4318578125 0.2526125 0.43463906249999995 0.2660625 0.42591718749999996 0.27149843749999997 0.42528437500000005 0.285296875 0.41605625 0.2906625 0.40682656250000004 0.2889203125 0.3850828125 0.28139375 0.36498125 0.267875 0.3442484375 0.25860625000000004 0.3246515625 0.242996875 0.29797656250000004 0.21721249999999998 0.2788875 0.21539999999999998 0.2838171875 0.22919843750000002 0.30834375 0.24236875000000002 0.3366625 0.24390312500000003 0.3426046875 0.242996875 0.345890625 0.24 0.345890625 0.237909375 0.343109375 0.21721249999999998 0.30505625 0.20160312500000002 0.282175 0.20216093750000003 0.3012640625 0.215121875 0.3453859375
3 0.3634140625 0.3115046875 0.3517078125 0.24298281249999998 0.347178125 0.2304671875 0.342996875 0.22718124999999997 0.33700312499999996 0.2342609375 0.33700312499999996 0.25170625 0.34236875 0.3365359375 0.343275 0.3975984375 0.36515624999999996 0.4024015625 0.367875 0.4024015625 0.36878125 0.401896875 0.36878125 0.3964609375 0.3655046875 0.36055625 0.3634140625 0.3115046875
3 0.38599375 0.2537296875 0.3745640625 0.234134375 0.36529687499999997 0.2270546875 0.3556796875 0.227559375 0.36529687499999997 0.2456390625 0.37219531250000004 0.2706703125 0.377003125 0.3087234375 0.37365781249999996 0.38710468750000004 0.377003125 0.4001265625 0.3857140625 0.40885 0.3928921875 0.40885 0.40034843750000004 0.40227500000000005 0.4021609375 0.3996203125 0.4012546875 0.3745890625 0.39651562500000004 0.3495578125 0.39045312499999996 0.27168125 0.38599375 0.2537296875
1 0.410521875 0.23463906250000002 0.4073171875 0.2337546875 0.40257812499999995 0.23868593749999997 0.4010453125 0.2555 0.4043203125 0.3175734375 0.40655 0.4024015625 0.408571875 0.41011406250000004 0.413309375 0.41694062499999995 0.4172828125 0.41871093750000005 0.43003437499999997 0.41377968750000005 0.43177656249999996 0.41238906249999996 0.43254374999999995 0.389759375 0.42878125 0.33173125 0.41477343749999995 0.24551249999999997 0.410521875 0.23463906250000002
2 0.43986093750000005 0.2764859375 0.4393734375 0.3359046875 0.43609687499999994 0.40885 0.4528921875 0.40695312499999997 0.4612546875 0.40606875000000003 0.448084375 0.2768640625 0.44508749999999997 0.27105 0.44236875 0.271428125 0.43986093750000005 0.2764859375
2 0.46341406249999995 0.2625796875 0.4604875 0.2646015625 0.459790625 0.269784375 0.4619515625 0.2998734375 0.46341406249999995 0.3809109375 0.466271875 0.40758593750000005 0.48466875 0.4128953125 0.487875 0.41226250000000003 0.47811875 0.321365625 0.4698953125 0.271175 0.46731718750000006 0.265865625 0.46341406249999995 0.2625796875
2 0.49149843750000005 0.27281875 0.4891296875 0.2989890625 0.49073124999999995 0.37939375000000003 0.48926875000000003 0.41390625 0.49128906250000004 0.41618281250000005 0.49951249999999997 0.4166875 0.5114984375 0.41340000000000005 0.51400625 0.4121359375 0.50139375 0.28204843749999997 0.49902499999999994 0.2706703125 0.49449531249999995 0.2690265625 0.49149843750000005 0.27281875
2 0.5337984375 0.26637187500000004 0.5203484375 0.33274375 0.5164453124999999 0.3948171875 0.5206265625000001 0.40619531249999996 0.536515625 0.41441249999999996 0.539790625 0.4154234375 0.541603125 0.41276875 0.5425093750000001 0.399115625 0.5410453125 0.2576484375 0.5337984375 0.26637187500000004
1 0.5903140625 0.278003125 0.5863421875 0.2767390625 0.581671875 0.2806578125 0.5654359375 0.3223765625 0.5510796874999999 0.3433625 0.5459937499999999 0.3850828125 0.54745625 0.41390625 0.5517765625 0.417825 0.5600703125 0.419721875 0.57484375 0.41061875 0.577003125 0.40935468750000004 0.5798609375 0.39949375 0.5903140625 0.3295828125 0.5931703125000001 0.2884953125 0.5903140625 0.278003125
3 0.605365625 0.288115625 0.600209375 0.2892546875 0.5861328125 0.36169375000000004 0.57860625 0.41276875 0.5807671875 0.41605625 0.5873171875 0.4193421875 0.6070390625 0.4189640625 0.6101734375000001 0.4165609375 0.6113593749999999 0.41011406250000004 0.6116375 0.36169375000000004 0.60745625 0.29304687500000004 0.605365625 0.288115625
3 0.6331703125 0.2945640625 0.6403484374999999 0.24424843749999997 0.6381875 0.23893749999999997 0.632821875 0.23767343749999997 0.6220203125 0.25335 0.6130312499999999 0.284703125 0.6094078125 0.3311 0.6130312499999999 0.3689 0.60975625 0.404171875 0.611915625 0.41011406250000004 0.6371421875000001 0.41732031249999996 0.64 0.418584375 0.642509375 0.4159296875 0.6428578125 0.408090625 0.6310109374999999 0.3278125 0.6331703125 0.2945640625
4 0.7515671875 0.6008843749999999 0.74466875 0.48457656250000003 0.73860625 0.4689 0.732821875 0.46498125 0.7256453125 0.46498125 0.7151921875 0.46826875 0.7097562500000001 0.4748421875 0.69679375 0.4701640625 0.6939375 0.47092343750000004 0.6906625 0.481921875 0.6906625 0.5061953124999999 0.6924734375 0.522503125 0.70655 0.5903921875 0.715540625 0.6165609375 0.7227171875 0.6244 0.7270390625 0.6250312499999999 0.7303140625 0.6223765625000001 0.731359375 0.6165609375 0.7256453125 0.585209375 0.71484375 0.537546875 0.7177 0.5231359375 0.7205578125 0.5237671875000001 0.724878125 0.535525 0.73533125 0.5897593750000001 0.7356796875 0.59165625 0.7396515625 0.6087234375 0.7429265625 0.6099875 0.74975625 0.60606875 0.7515671875 0.6008843749999999
3 0.674146875 0.58836875 0.6852968749999999 0.5101140625 0.6889203125 0.47281874999999995 0.6867593750000001 0.4676359375 0.6824390625000001 0.46498125 0.657909375 0.4754734375 0.651846875 0.5720609375000001 0.6500343749999999 0.6190890625 0.6440421875 0.6439953125 0.6424390625 0.6504421875 0.63958125 0.6648546875 0.653240625 0.6504421875 0.66188125 0.6335015625 0.674146875 0.58836875
3 0.6498265625 0.4996203125 0.6473171875 0.4767390625 0.6408359375 0.4689 0.6289203125 0.4689 0.6206265625 0.4767390625 0.6149125 0.5262953125000001 0.6131015625 0.65828125 0.6152609375 0.6622 0.6206265625 0.6595453124999999 0.6264109375 0.6386859375 0.637909375 0.5759796875000001 0.6498265625 0.4996203125
1 0.5993031249999999 0.6484203125 0.602578125 0.6298359375 0.6091984375 0.529203125 0.609478125 0.4753484375 0.6020203125 0.46283124999999997 0.5905921875 0.4633375 0.581603125 0.471428125 0.5791640625000001 0.48457656250000003 0.5822296875 0.51061875 0.5830656249999999 0.5890015625 0.5857140625 0.6499375 0.58696875 0.6570171874999999 0.5882234375000001 0.6586593749999999 0.5935890625 0.6586593749999999 0.59630625 0.6548671875000001 0.5993031249999999 0.6484203125
2 0.5637624999999999 0.6250312499999999 0.574215625 0.4676359375 0.5595125000000001 0.46169374999999996 0.54926875 0.4622 0.5445296875000001 0.45941875000000004 0.5422296875 0.4639703125 0.5422296875 0.4834390625 0.5452265625 0.5053093750000001 0.5475265625 0.5659921875 0.5521953125 0.6170671875 0.553240625 0.623640625 0.554215625 0.6290765625 0.556028125 0.63173125 0.5622296875 0.6304671875000001 0.5637624999999999 0.6250312499999999
2 0.525575 0.6270546875 0.5301046875 0.6020234375 0.5336578125 0.526928125 0.540278125 0.45828125000000003 0.538815625 0.4556265625 0.525853125 0.45018906249999996 0.5055046875 0.449684375 0.49679375 0.45828125000000003 0.49679375 0.4790140625 0.5018812500000001 0.5345125000000001 0.50515625 0.5973453125 0.5085015625 0.6165609375 0.5117765624999999 0.630340625 0.5177703124999999 0.632996875 0.521115625 0.632490625 0.525575 0.6270546875
2 0.4563765625 0.6259171875 0.4599296875 0.6204796875 0.4659234375 0.601896875 0.487246875 0.5159296875 0.49386718749999997 0.4762328125 0.49533125 0.45764843749999995 0.49351874999999995 0.45284375 0.46982656250000004 0.4484203125 0.4575609375 0.45056874999999996 0.45421562499999996 0.48495625000000003 0.45365781250000003 0.5175734375000001 0.4389546875 0.6093546875 0.4380484375 0.6182046875 0.4389546875 0.624778125 0.44466875000000006 0.629709375 0.450940625 0.629203125 0.4563765625 0.6259171875
2 0.4259234375 0.6089765625 0.453240625 0.463590625 0.4529609375 0.4543609375 0.4517078125 0.45056874999999996 0.4298265625 0.451075 0.4238328125 0.4766125 0.42020937500000005 0.50164375 0.41400625 0.6003796875 0.41421562500000003 0.6073328124999999 0.41421562500000003 0.613275 0.41630625 0.61605625 0.42202031250000005 0.6144125 0.4259234375 0.6089765625
1 0.3952609375 0.6257906249999999 0.40034843750000004 0.6002531249999999 0.4060625 0.5506953125 0.4129609375 0.50885 0.4213234375 0.4756 0.4213234375 0.463590625 0.41477343749999995 0.44134062500000004 0.41177656249999994 0.438053125 0.4045296875 0.439696875 0.3931703125 0.45006250000000003 0.3901734375 0.4690265625 0.3901734375 0.513653125 0.38717812500000004 0.6051828125000001 0.38236875000000003 0.6328703124999999 0.376934375 0.6443734375 0.3751921875 0.648671875 0.36975625 0.6585328125000001 0.3859234375 0.6498109375000001 0.38982656250000003 0.64273125 0.3952609375 0.6257906249999999
3 0.3936578125 0.474715625 0.39170781250000003 0.46156718750000003 0.3756796875 0.44791406250000004 0.36996562499999996 0.4470296875 0.3657140625 0.452465625 0.3624390625 0.4610625 0.36369375000000004 0.4756 0.36418125 0.5381796875 0.361184375 0.5627046874999999 0.3624390625 0.6149171875 0.36466875 0.618078125 0.3694078125 0.615803125 0.374703125 0.6007578125 0.38369375 0.5523390625 0.3936578125 0.474715625
3 0.3591640625 0.47939375 0.3564453125 0.4681421875 0.3449484375 0.44766093749999997 0.3389546875 0.44500624999999994 0.334215625 0.44905156249999995 0.33170781250000003 0.453603125 0.3326828125 0.5692796875 0.3349125 0.5932999999999999 0.34167187499999996 0.6104937500000001 0.343971875 0.6127687500000001 0.34794375 0.6104937500000001 0.350453125 0.6059421875 0.3556796875 0.57610625 0.3591640625 0.47939375
4 0.3227171875 0.5281921875 0.32216093749999997 0.5137796875 0.3249484375 0.506446875 0.324459375 0.5001265625 0.330453125 0.4610625 0.3282234375 0.4456390625 0.3172125 0.43931718750000004 0.30641093750000004 0.4412140625 0.30445937500000003 0.445259375 0.299721875 0.44159218750000007 0.2964453125 0.4420984375 0.289965625 0.44753437500000004 0.2864109375 0.4589125 0.2896859375 0.534134375 0.29240468750000004 0.56725625 0.2964453125 0.5898859375 0.30041875 0.5998734375 0.3024390625 0.6003796875 0.30418124999999996 0.5967125 0.300696875 0.5455125 0.30041875 0.5273078124999999 0.3014640625 0.5182046875 0.30445937500000003 0.514665625 0.3084328125 0.5173203125 0.3096859375 0.5201015625000001 0.31121875 0.5381796875 0.30822343750000003 0.5835656250000001 0.3084328125 0.5890015625 0.310453125 0.5944375 0.3154703125 0.590896875 0.3199296875 0.56005 0.3227171875 0.5281921875
4 0.2824390625 0.5089765625 0.2821609375 0.483059375 0.2784671875 0.4681421875 0.2739375 0.46270468749999993 0.26794375000000004 0.46131406249999996 0.2649484375 0.4667515625 0.25121875 0.4639703125 0.24167187499999998 0.4721875 0.2354703125 0.47939375 0.2324046875 0.49582812499999995 0.23421562499999998 0.5098609374999999 0.23742187499999998 0.5193421875 0.24745625000000002 0.595575 0.25296093750000004 0.6159296875 0.26041875000000003 0.633628125 0.2659234375 0.6409609374999999 0.2559578125 0.57054375 0.2554703125 0.5402015625 0.257421875 0.534765625 0.25944218750000003 0.534765625 0.2614640625 0.5424781249999999 0.26411093750000003 0.596334375 0.264459375 0.6032875 0.268153125 0.6345125 0.27345 0.58053125 0.2761671875 0.5298359375 0.2824390625 0.5089765625
4 0.7238328125 0.28457656249999996 0.7185359375 0.3101140625 0.714703125 0.3370421875 0.69351875 0.378003125 0.6914281250000001 0.40164375 0.6931703125 0.4214921875 0.69811875 0.4254109375 0.728084375 0.426675 0.7354703125000001 0.4145390625 0.739025 0.38242656249999996 0.730940625 0.34083437499999997 0.735121875 0.3165609375 0.73581875 0.315296875 0.7400703125 0.272440625 0.7361671875 0.2678890625 0.7284328125 0.27054374999999997 0.7238328125 0.28457656249999996
4 0.6705921874999999 0.3056890625 0.6659937499999999 0.32932968749999997 0.6487109375 0.3729453125 0.6448078125000001 0.3984828125 0.6487109375 0.4170671875 0.6547031249999999 0.4214921875 0.6836234375 0.4214921875 0.687875 0.40429843749999994 0.6885718749999999 0.37737031249999997 0.6885718749999999 0.373578125 0.678328125 0.3332484375 0.6772828125 0.3332484375 0.6765859375 0.3037921875 0.6705921874999999 0.3056890625
4 0.2980484375 0.2543609375 0.29219531249999997 0.2556265625 0.289478125 0.2764859375 0.290453125 0.2764859375 0.2943546875 0.30455156250000004 0.2980484375 0.3414671875 0.28975625 0.3854609375 0.29142812500000004 0.40278125 0.294634375 0.40581562499999996 0.30418124999999996 0.40581562499999996 0.33261250000000003 0.3987359375 0.336515625 0.38938125 0.3342859375 0.3676359375 0.33358906250000003 0.366371875 0.3255046875 0.3520859375 0.3159578125 0.32894999999999996 0.3027171875 0.26409531249999996 0.2980484375 0.2543609375
