4 0.2199296875 0.4240203125 0.21456406249999999 0.4240203125 0.2124734375 0.43274375000000004 0.226759375 0.4704171875 0.25554062499999997 0.5242734375 0.2627171875 0.5184578125 0.270453125 0.5189640625 0.279303125 0.5249046875000001 0.28320625 0.5254109375 0.2944953125 0.5151703125 0.297490625 0.5065734375 0.2980484375 0.496334375 0.28139375 0.46232656250000004 0.258815625 0.40796406249999995 0.2519859375 0.39544843749999997 0.243065625 0.3922875 0.24069687499999998 0.39494375000000004 0.2401390625 0.4020234375 0.243971875 0.41327499999999995 0.25944218750000003 0.440834375 0.26682968749999997 0.46611874999999997 0.268640625 0.4801515625 0.26745625 0.48280625 0.2618125 0.48280625 0.23686406249999997 0.45802812499999995 0.23358906250000003 0.44399531249999996 0.2261328125 0.43059375 0.2199296875 0.4240203125
1 0.42007031250000004 0.330846875 0.4166546875 0.330846875 0.41240468750000003 0.3340078125 0.408571875 0.36346406249999996 0.4098265625 0.43173125 0.412821875 0.4667515625 0.4204875 0.5024015625 0.43003437499999997 0.5012640625 0.43379843749999997 0.5008843749999999 0.4358890625 0.497725 0.43421562500000005 0.44108749999999997 0.42522656249999996 0.34715625 0.42007031250000004 0.330846875
2 0.456934375 0.35613125 0.44954687499999996 0.37496874999999996 0.4418125 0.4833125 0.446271875 0.5021484375 0.44919843750000005 0.5075859375 0.46090625 0.5084703125 0.46466874999999996 0.5087234375 0.46230000000000004 0.45157968750000005 0.4641109375 0.3544875 0.4608359375 0.3518328125 0.456934375 0.35613125
2 0.48669062500000004 0.3576484375 0.48445937499999997 0.3599234375 0.4805578125 0.3729453125 0.476096875 0.4021484375 0.46864062500000003 0.5098609374999999 0.4852265625 0.507459375 0.48947812500000004 0.5067 0.490940625 0.5054359374999999 0.491428125 0.3715546875 0.4896859375 0.3590390625 0.48669062500000004 0.3576484375
2 0.5128921875 0.36093593749999997 0.5077359375 0.374715625 0.5019515625000001 0.4159296875 0.49616718750000005 0.5072062500000001 0.5163765625 0.5056890625 0.5178390625 0.5046781250000001 0.519303125 0.50164375 0.51909375 0.49115000000000003 0.5143546875 0.366878125 0.5128921875 0.36093593749999997
2 0.5368640625000001 0.3525921875 0.5354 0.3544875 0.5324734375 0.36953281250000003 0.5217421875 0.49974687500000003 0.5219515625 0.5046781250000001 0.525296875 0.506446875 0.54320625 0.50505625 0.5457140625 0.50391875 0.5477359374999999 0.498609375 0.541603125 0.3620734375 0.539721875 0.3544875 0.5368640625000001 0.3525921875
4 0.7827171875000001 0.6517062499999999 0.7880843750000001 0.591403125 0.786271875 0.5795203124999999 0.7836234375 0.5740828125 0.7785359374999999 0.5735781249999999 0.7622296875 0.56169375 0.7535890625 0.5654874999999999 0.7491296875 0.571934375 0.7441109375 0.60050625 0.7423 0.6360296875 0.742578125 0.6938046875 0.7470390625000001 0.7121359375 0.7514984375 0.7217453125 0.754215625 0.7179515624999999 0.7565859374999999 0.676990625 0.7598609374999999 0.660303125 0.7666906250000001 0.65284375 0.7624390625 0.692540625 0.7622296875 0.70720625 0.7696171875 0.7083437499999999 0.773240625 0.7050562499999999 0.7752609374999999 0.699115625 0.7827171875000001 0.6517062499999999
4 0.7447390625 0.5666249999999999 0.742090625 0.5504421875000001 0.73763125 0.5461437499999999 0.7310796875000001 0.5445 0.7242515625 0.54829375 0.7171421875 0.541340625 0.7037625000000001 0.5472812499999999 0.7007671875 0.5537296875 0.6993031249999999 0.5677625 0.7064109375000001 0.6356515625 0.7075953125 0.67281875 0.712334375 0.716434375 0.7266203124999999 0.7402015625 0.7278046875 0.7375468749999999 0.7195125 0.6906453124999999 0.7177 0.6663718750000001 0.7212546875 0.6480406249999999 0.7266203124999999 0.65941875 0.7325437499999999 0.68950625 0.74236875 0.7294562499999999 0.745365625 0.7304671875000001 0.7471078125 0.7278125 0.7465499999999999 0.7089765625 0.7367250000000001 0.6372953125 0.7447390625 0.5666249999999999
4 0.6723343749999999 0.7034140625 0.6742859375 0.655878125 0.6767937500000001 0.6509484375000001 0.679025 0.6504421875 0.680209375 0.651328125 0.680696875 0.6567640625 0.6817421875 0.6940578125 0.68320625 0.7021484375 0.6854359375 0.705309375 0.687875 0.705309375 0.6908703125 0.7007578125 0.692125 0.6917828125 0.6950515625 0.611378125 0.69581875 0.5637171875 0.6940765625 0.554740625 0.69115 0.55170625 0.6601390625 0.5498109375 0.6586765625 0.5606828125 0.6594421875 0.5929203125 0.663971875 0.6988624999999999 0.664390625 0.704425 0.66515625 0.70885 0.6675953125 0.7115046875 0.6701046875000001 0.711125 0.6723343749999999 0.7034140625
3 0.65581875 0.6776234375 0.6599999999999999 0.5606828125 0.6582578125 0.554740625 0.6376999999999999 0.554740625 0.6308703125 0.5585328125 0.6380484375 0.7056890625000001 0.6388843750000001 0.7089765625 0.64041875 0.713275 0.6456453125 0.717446875 0.6522640625 0.711378125 0.65581875 0.6776234375
3 0.6315671875 0.7183312500000001 0.63400625 0.7021484375 0.6342859375 0.6843234375 0.631915625 0.5776234375 0.6289203125 0.5549937500000001 0.622996875 0.5495578125 0.6170734375 0.5490515625 0.60696875 0.5555 0.6066203125 0.561440625 0.61909375 0.7171937500000001 0.6176999999999999 0.7304671875000001 0.6164453125 0.7366625 0.6152609375 0.743615625 0.6164453125 0.744753125 0.627178125 0.7295828125 0.6315671875 0.7183312500000001
1 0.610453125 0.699115625 0.6054359375 0.6240203125 0.6054359375 0.55613125 0.60188125 0.5484203125 0.5786765625 0.5477875 0.57581875 0.5515796875000001 0.5754703125 0.5594187500000001 0.5772828125 0.601390625 0.5815328125 0.6343875 0.594703125 0.7068265625000001 0.6022296875 0.76384375 0.602578125 0.7676359374999999 0.6040421874999999 0.769659375 0.60794375 0.769659375 0.6111500000000001 0.7624531250000001 0.610453125 0.699115625
2 0.571915625 0.7366625 0.574425 0.6175734375 0.5726125 0.5924140625 0.5726125 0.553603125 0.5694078124999999 0.54715625 0.56515625 0.5451328125 0.553728125 0.5451328125 0.5483625 0.5465234375 0.54696875 0.5735781249999999 0.552334375 0.6299625 0.556934375 0.6964609375 0.5626484375 0.7437421875 0.5633453125 0.7470296875 0.5658531250000001 0.7495578125 0.5687109375 0.7495578125 0.57121875 0.7470296875 0.571915625 0.7366625
2 0.5473874999999999 0.699746875 0.5476656249999999 0.6420984375 0.5429265625 0.5871046875 0.54320625 0.5509484375 0.5420203124999999 0.5434890625000001 0.531915625 0.537546875 0.514425 0.538053125 0.51115 0.541340625 0.5096859375 0.554234375 0.5126125 0.6151703125 0.519790625 0.67496875 0.5254359375 0.700884375 0.5351921875000001 0.769784375 0.535540625 0.7720609375 0.537003125 0.7773703125 0.5396515625 0.7785078125 0.5420203124999999 0.7633375 0.5473874999999999 0.699746875
2 0.4975609375 0.7173203125 0.5073875 0.555878125 0.5061328125 0.5404546875 0.48731718749999997 0.5395703125 0.4765859375 0.541971875 0.47400624999999996 0.5481671875 0.472753125 0.5644750000000001 0.4735890625 0.6257906249999999 0.4771421875 0.7548671875 0.477003125 0.7623265625 0.47916406250000004 0.7686468750000001 0.48341406249999996 0.7677625 0.4903140625 0.7623265625 0.4975609375 0.7173203125
2 0.467875 0.6824265625 0.47087031250000005 0.6010109375 0.46871093750000004 0.54665 0.4635546875 0.5412140625 0.44473906249999995 0.5434890625000001 0.44222968749999997 0.549684375 0.443065625 0.6235140625 0.44648125 0.6762328125 0.443484375 0.690265625 0.44689843749999997 0.6964609375 0.448640625 0.7197218750000001 0.44606250000000003 0.757775 0.44905937500000004 0.7585328125 0.453309375 0.757775 0.4584671875 0.7506953125 0.4601390625 0.7452593750000001 0.467875 0.6824265625
1 0.4182578125 0.72389375 0.4243203125 0.6941843750000001 0.43609687499999994 0.5874843750000001 0.4354 0.5590390625 0.4335890625 0.5532234375 0.4108015625 0.5467765625000001 0.4068296875 0.5518328125 0.40508749999999993 0.57383125 0.4000703125 0.71555 0.4008359375 0.721996875 0.4040421875 0.7278125 0.408640625 0.7290765625 0.41400625 0.7284453125 0.4182578125 0.72389375
3 0.384390625 0.717825 0.399025 0.6343875 0.4082921875 0.5735781249999999 0.4040421875 0.55613125 0.39330937499999996 0.54715625 0.37944218749999997 0.54386875 0.3729609375 0.5515796875000001 0.37121875000000004 0.5704171875 0.3673171875 0.713275 0.367665625 0.7184578125 0.3694078125 0.72503125 0.373728125 0.7262953125 0.3822296875 0.7223765625 0.384390625 0.717825
4 0.337909375 0.6469031249999999 0.3417421875 0.643109375 0.34648124999999996 0.64614375 0.348153125 0.6500625 0.3404875 0.6943109375 0.33958125 0.7175734375 0.3417421875 0.7198484374999999 0.34648124999999996 0.7190890624999999 0.35073125 0.711378125 0.36912968749999997 0.5934265625 0.36912968749999997 0.5584078124999999 0.364390625 0.551453125 0.3498953125 0.5429828125 0.33958125 0.5467765625000001 0.33358906250000003 0.5576484374999999 0.32034843749999997 0.7082171875000001 0.3207671875 0.7121359375 0.322090625 0.7168140625 0.32418125 0.7175734375 0.3293375 0.711378125 0.337909375 0.6469031249999999
4 0.329546875 0.592540625 0.3324046875 0.5601765624999999 0.32989531250000004 0.5498109375 0.3163765625 0.5420984375 0.30320625 0.545259375 0.28390312500000003 0.5568906250000001 0.279303125 0.5653609375 0.279303125 0.585334375 0.2810453125 0.6145390625 0.2803484375 0.6351453125 0.276096875 0.647534375 0.27073125 0.6965859375 0.2693375 0.72503125 0.27038281249999996 0.7353984375 0.28745625 0.6675093750000001 0.2924734375 0.6571421875000001 0.29533125 0.657775 0.296725 0.6623265625 0.2963765625 0.6675093750000001 0.28390312500000003 0.7173203125 0.28390312500000003 0.72503125 0.2860625 0.7276859375 0.289965625 0.7276859375 0.29958125 0.718584375 0.329546875 0.592540625
4 0.27484375 0.7037921875 0.277003125 0.6721874999999999 0.2766546875 0.6242734375000001 0.2777 0.5790140625 0.2752609375 0.57383125 0.270940625 0.571934375 0.24634218749999998 0.576990625 0.23811875 0.58280625 0.2349125 0.6010109375 0.23386718750000002 0.6429828125 0.225296875 0.7083437499999999 0.22710781249999998 0.714159375 0.22961718750000001 0.7160562500000001 0.23533125 0.7154234374999999 0.2377703125 0.7122625 0.2449484375 0.678634375 0.2473875 0.6721874999999999 0.25345 0.66826875 0.2552609375 0.6689 0.257421875 0.6740828125 0.25811875 0.704425 0.25846718750000003 0.7070796875 0.2620203125 0.714159375 0.26808437500000004 0.7160562500000001 0.27275312500000004 0.71163125 0.27484375 0.7037921875
4 0.2915671875 0.43388125000000005 0.2954 0.44310937499999997 0.308084375 0.440834375 0.30982656249999996 0.430846875 0.30641093750000004 0.4078375 0.293728125 0.346396875 0.2924734375 0.344121875 0.2882234375 0.342478125 0.2835546875 0.35322343749999996 0.283971875 0.36788906250000003 0.2915671875 0.43388125000000005
3 0.33860625 0.4293296875 0.34236875 0.43236406250000003 0.3496171875 0.430846875 0.35337968750000004 0.4154234375 0.35721250000000004 0.348671875 0.3563765625 0.33944375 0.35128906249999997 0.33716875 0.345365625 0.3386859375 0.3441109375 0.33944375 0.3394421875 0.3639703125 0.3394421875 0.3931734375 0.3368640625 0.41630781250000004 0.33860625 0.4293296875
3 0.3803484375 0.4384328125 0.38648125 0.4384328125 0.395609375 0.43463906249999995 0.3970734375 0.42136562499999997 0.395609375 0.393553125 0.395609375 0.36219999999999997 0.3917765625 0.3477875 0.3847390625 0.3434890625 0.383275 0.34298281249999996 0.3779796875 0.36586562499999997 0.37679375 0.4037921875 0.3773515625 0.42882499999999996 0.3803484375 0.4384328125
