4 0.784878125 0.6546140625 0.77024375 0.6290765625 0.7657140625000001 0.601896875 0.759721875 0.5849562500000001 0.755540625 0.5681421875 0.7473875 0.5653609375 0.7339375 0.5740828125 0.7285015625 0.574715625 0.714703125 0.58394375 0.7093375 0.5931734375 0.7110796875000001 0.6149171875 0.71860625 0.63501875 0.732125 0.6557515625 0.7413937500000001 0.6753484375000001 0.757003125 0.7020234375000001 0.7827875 0.7211125 0.7846 0.7161828125 0.7708015625 0.6916562500000001 0.75763125 0.6633375 0.756096875 0.6573953125 0.757003125 0.654109375 0.76 0.654109375 0.762090625 0.6568906250000001 0.7827875 0.69494375 0.798396875 0.717825 0.7978390625 0.6987359375 0.784878125 0.6546140625
3 0.6365859375 0.6884953125 0.6482921875 0.7570171875 0.652821875 0.7695328124999999 0.657003125 0.77281875 0.6629968749999999 0.7657390625 0.6629968749999999 0.74829375 0.65763125 0.6634640625 0.656725 0.6024015625 0.63484375 0.5975984375000001 0.632125 0.5975984375000001 0.63121875 0.598103125 0.63121875 0.6035390625 0.6344953125 0.6394437500000001 0.6365859375 0.6884953125
3 0.61400625 0.7462703125 0.6254359375 0.765865625 0.6347031249999999 0.7729453125 0.6443203125 0.772440625 0.6347031249999999 0.7543609375 0.6278046875000001 0.7293296875 0.622996875 0.6912765624999999 0.6263421874999999 0.6128953125 0.622996875 0.5998734375 0.6142859374999999 0.5911500000000001 0.6071078125 0.5911500000000001 0.5996515625 0.597725 0.5978390625000001 0.6003796875 0.5987453125 0.6254109375 0.6034843750000001 0.6504421875 0.609546875 0.72831875 0.61400625 0.7462703125
1 0.5894781250000001 0.7653609375 0.5926828125 0.7662453124999999 0.597421875 0.7613140625 0.5989546875 0.7445 0.5956796875 0.6824265625 0.59345 0.5975984375000001 0.591428125 0.5898859375 0.586690625 0.583059375 0.5827171875 0.5812890625 0.569965625 0.5862203125 0.5682234375 0.5876109375 0.56745625 0.610240625 0.57121875 0.66826875 0.5852265625 0.7544875 0.5894781250000001 0.7653609375
2 0.5601390625 0.7235140624999999 0.5606265625 0.6640953125 0.5639031250000001 0.5911500000000001 0.5471078125 0.593046875 0.5387453125 0.59393125 0.551915625 0.7231359375 0.5549125 0.72895 0.55763125 0.728571875 0.5601390625 0.7235140624999999
2 0.5365859375 0.7374203125000001 0.5395125000000001 0.7353984375 0.540209375 0.730215625 0.5380484375 0.7001265625 0.5365859375 0.6190890625 0.533728125 0.5924140625 0.51533125 0.5871046875 0.5121249999999999 0.5877375 0.5218812500000001 0.678634375 0.5301046875 0.728825 0.5326828124999999 0.734134375 0.5365859375 0.7374203125000001
2 0.5085015625 0.72718125 0.5108703125 0.7010109375 0.50926875 0.62060625 0.51073125 0.5860937500000001 0.5087109375 0.5838171875 0.5004875 0.5833125 0.48850156250000004 0.5866 0.48599375 0.5878640625 0.49860625000000003 0.7179515624999999 0.5009750000000001 0.7293296875 0.5055046875 0.7309734375 0.5085015625 0.72718125
2 0.46620156250000006 0.733628125 0.47965156249999996 0.66725625 0.4835546875 0.6051828125000001 0.47937343749999994 0.5938046875 0.463484375 0.5855875 0.460209375 0.5845765625 0.45839687500000004 0.58723125 0.457490625 0.6008843749999999 0.4589546875 0.7423515625 0.46620156250000006 0.733628125
1 0.40968593750000004 0.721996875 0.4136578125 0.7232609375 0.41832812500000005 0.7193421875 0.43456406249999996 0.6776234375 0.44892031250000003 0.6566375 0.45400625000000006 0.6149171875 0.45254374999999997 0.5860937500000001 0.4482234375 0.582175 0.4399296875 0.580278125 0.42515625 0.58938125 0.42299687500000005 0.5906453125 0.4201390625 0.60050625 0.40968593750000004 0.6704171875 0.4068296875 0.7115046875 0.40968593750000004 0.721996875
3 0.394634375 0.711884375 0.399790625 0.7107453125000001 0.4138671875 0.6383062500000001 0.42139375 0.58723125 0.41923281250000005 0.58394375 0.41268281250000005 0.5806578124999999 0.3929609375 0.5810359375 0.38982656250000003 0.5834390625 0.38864062499999996 0.5898859375 0.3883625 0.6383062500000001 0.39254375 0.706953125 0.394634375 0.711884375
3 0.3668296875 0.7054359375 0.35965156249999997 0.7557515625 0.3618125 0.7610625 0.367178125 0.7623265625 0.3779796875 0.74665 0.38696875 0.715296875 0.3905921875 0.6689 0.38696875 0.6311 0.39024375 0.5958281249999999 0.388084375 0.5898859375 0.36285781250000004 0.5826796875 0.36 0.581415625 0.357490625 0.5840703125 0.3571421875 0.591909375 0.36898906249999996 0.6721874999999999 0.3668296875 0.7054359375
4 0.24843281250000002 0.399115625 0.25533125 0.5154234375 0.26139375 0.5311 0.267178125 0.53501875 0.27435468749999997 0.53501875 0.2848078125 0.53173125 0.29024375 0.5251578125 0.30320625 0.5298359375 0.3060625 0.5290765625 0.3093375 0.518078125 0.3093375 0.49380468750000006 0.3075265625 0.47749687500000004 0.29345 0.4096078125 0.284459375 0.38343906250000004 0.27728281250000003 0.3756 0.2729609375 0.37496874999999996 0.2696859375 0.3776234375 0.268640625 0.38343906250000004 0.27435468749999997 0.414790625 0.28515625 0.462453125 0.2823 0.47686406249999996 0.2794421875 0.4762328125 0.275121875 0.464475 0.26466875 0.41024062499999997 0.2643203125 0.40834374999999995 0.2603484375 0.3912765625 0.2570734375 0.3900125 0.25024375 0.39393125 0.24843281250000002 0.399115625
3 0.32585312499999997 0.41163125 0.314703125 0.4898859375 0.31107968750000003 0.52718125 0.313240625 0.5323640625 0.31756093750000003 0.53501875 0.342090625 0.5245265625 0.348153125 0.42793906249999997 0.349965625 0.3809109375 0.35595781249999997 0.35600468749999997 0.3575609375 0.3495578125 0.36041875 0.3351453125 0.346759375 0.3495578125 0.33811874999999997 0.3664984375 0.32585312499999997 0.41163125
3 0.35017343749999996 0.5003796875 0.3526828125 0.5232609375 0.3591640625 0.5311 0.37107968750000003 0.5311 0.3793734375 0.5232609375 0.38508749999999997 0.4737046875 0.3868984375 0.34171874999999996 0.3847390625 0.3378 0.3793734375 0.34045468749999996 0.3735890625 0.36131406250000003 0.362090625 0.4240203125 0.35017343749999996 0.5003796875
1 0.40069687500000006 0.3515796875 0.397421875 0.3701640625 0.3908015625 0.470796875 0.390521875 0.5246515625 0.3979796875 0.53716875 0.4094078125 0.5366625 0.418396875 0.528571875 0.4208359375 0.5154234375 0.41777031249999996 0.48938125 0.416934375 0.4109984375 0.4142859375 0.3500625 0.41303124999999996 0.34298281249999996 0.41177656249999994 0.341340625 0.4064109375 0.341340625 0.40369374999999996 0.3451328125 0.40069687500000006 0.3515796875
2 0.4362375 0.37496874999999996 0.425784375 0.5323640625 0.4404875 0.53830625 0.45073125 0.5378000000000001 0.4554703125 0.54058125 0.4577703125 0.5360296875 0.4577703125 0.5165609375 0.4547734375 0.49469062499999994 0.4524734375 0.4340078125 0.4478046875 0.3829328125 0.44675937499999996 0.376359375 0.445784375 0.3709234375 0.443971875 0.36826875000000003 0.4377703125 0.36953281250000003 0.4362375 0.37496874999999996
2 0.474425 0.3729453125 0.4698953125 0.3979765625 0.4663421875 0.47307187500000003 0.45972187499999995 0.54171875 0.46118437500000004 0.5443734375 0.474146875 0.5498109375 0.49449531249999995 0.550315625 0.5032062500000001 0.54171875 0.5032062500000001 0.5209859375 0.49811875 0.46548749999999994 0.49484374999999997 0.4026546875 0.49149843750000005 0.38343906250000004 0.4882234375 0.369659375 0.4822296875 0.367003125 0.478884375 0.36750937499999997 0.474425 0.3729453125
2 0.5436234375 0.37408281250000003 0.5400703124999999 0.3795203125 0.5340765625 0.398103125 0.5127531249999999 0.4840703125 0.5061328125 0.5237671875000001 0.50466875 0.5423515625 0.50648125 0.54715625 0.5301734375 0.5515796875000001 0.5424390625 0.54943125 0.545784375 0.51504375 0.5463421875 0.4824265625 0.5610453125 0.3906453125 0.5619515625 0.3817953125 0.5610453125 0.375221875 0.5553312499999999 0.370290625 0.549059375 0.370796875 0.5436234375 0.37408281250000003
2 0.5740765624999999 0.3910234375 0.5467593749999999 0.5364093750000001 0.5470390625 0.5456390625 0.5482921875 0.54943125 0.5701734375 0.548925 0.5761671875000001 0.5233875 0.579790625 0.49835624999999995 0.58599375 0.3996203125 0.585784375 0.39266718749999996 0.585784375 0.386725 0.58369375 0.38394375 0.5779796875 0.3855875 0.5740765624999999 0.3910234375
1 0.6047390625 0.374209375 0.5996515625 0.399746875 0.5939375 0.4493046875 0.5870390624999999 0.49115000000000003 0.5786765625 0.5244 0.5786765625 0.5364093750000001 0.5852265625 0.558659375 0.5882234375000001 0.5619468750000001 0.5954703125 0.560303125 0.6068296875 0.5499375 0.6098265625 0.5309734374999999 0.6098265625 0.486346875 0.6128218750000001 0.3948171875 0.61763125 0.36712968749999997 0.623065625 0.3556265625 0.6248078125000001 0.351328125 0.63024375 0.3414671875 0.6140765625 0.35018906250000004 0.6101734375000001 0.35726874999999997 0.6047390625 0.374209375
3 0.6063421875 0.525284375 0.6082921875 0.5384328125 0.6243203125 0.5520859375 0.6300343749999999 0.5529703125000001 0.6342859375 0.547534375 0.6375609375 0.5389375000000001 0.63630625 0.5244 0.63581875 0.4618203125 0.638815625 0.43729531250000003 0.6375609375 0.3850828125 0.63533125 0.381921875 0.6305921875 0.384196875 0.625296875 0.39924218749999996 0.6163062499999999 0.44766093749999997 0.6063421875 0.525284375
3 0.6408359375 0.5206062499999999 0.6435546875 0.5318578125 0.6550515625 0.5523390625 0.6610453125 0.5549937500000001 0.665784375 0.5509484375 0.6682921875 0.546396875 0.6673171875 0.4307203125 0.6650875 0.4067 0.6583281249999999 0.38950625 0.656028125 0.38723125 0.65205625 0.38950625 0.649546875 0.3940578125 0.6443203125 0.42389374999999996 0.6408359375 0.5206062499999999
4 0.6772828125 0.4718078125 0.6778390625 0.4862203125 0.6750515625 0.49355312500000004 0.675540625 0.49987343749999996 0.669546875 0.5389375000000001 0.6717765625000001 0.5543609375 0.6827875 0.5606828125 0.6935890625 0.5587859374999999 0.695540625 0.554740625 0.700278125 0.5584078124999999 0.7035546874999999 0.5579015625 0.710034375 0.552465625 0.7135890625 0.5410874999999999 0.7103140625 0.465865625 0.7075953125 0.43274375000000004 0.7035546874999999 0.41011406250000004 0.69958125 0.4001265625 0.6975609375 0.3996203125 0.69581875 0.40328749999999997 0.6993031249999999 0.45448750000000004 0.69958125 0.4726921875 0.6985359375 0.48179531249999996 0.695540625 0.485334375 0.6915671875 0.4826796875 0.6903140624999999 0.4798984375 0.68878125 0.4618203125 0.6917765625000001 0.41643437499999997 0.6915671875 0.4109984375 0.689546875 0.4055625 0.6845296875 0.409103125 0.6800703125 0.43994999999999995 0.6772828125 0.4718078125
4 0.7175609374999999 0.4910234375 0.7178390625 0.5169406249999999 0.7215328125 0.5318578125 0.7260625 0.5372953125000001 0.7320562500000001 0.5386859375 0.7350515625 0.5332484375 0.7487812500000001 0.5360296875 0.758328125 0.5278125 0.7645296874999999 0.5206062499999999 0.7675953125 0.504171875 0.765784375 0.49013906250000006 0.762578125 0.48065781249999995 0.75254375 0.404425 0.7470390625000001 0.3840703125 0.73958125 0.366371875 0.7340765625000001 0.3590390625 0.7440421875000001 0.42945625 0.7445296875 0.45979843750000005 0.742578125 0.465234375 0.7405578125 0.465234375 0.7385359375 0.457521875 0.7358890625 0.40366562500000003 0.735540625 0.39671249999999997 0.731846875 0.3654875 0.72655 0.41946874999999995 0.7238328125 0.4701640625 0.7175609374999999 0.4910234375
4 0.2761671875 0.7154234374999999 0.2814640625 0.6898859374999999 0.285296875 0.6629578125 0.30648125 0.621996875 0.308571875 0.5983562499999999 0.3068296875 0.5785078125 0.30188125 0.5745890625000001 0.271915625 0.573325 0.2645296875 0.5854609375 0.260975 0.6175734375 0.269059375 0.659165625 0.26487812499999996 0.6834390625 0.26418125 0.684703125 0.2599296875 0.727559375 0.2638328125 0.7321109375 0.2715671875 0.7294562499999999 0.2761671875 0.7154234374999999
4 0.3294078125 0.6943109375 0.33400625 0.6706703125 0.35128906249999997 0.6270546875 0.35519218750000003 0.6015171875 0.35128906249999997 0.5829328125 0.345296875 0.5785078125 0.3163765625 0.5785078125 0.312125 0.5957015625000001 0.311428125 0.6226296875 0.311428125 0.626421875 0.321671875 0.6667515625 0.3227171875 0.6667515625 0.32341406250000004 0.6962078125 0.3294078125 0.6943109375
4 0.7019515625 0.7456390625 0.7078046875 0.7443734375 0.710521875 0.7235140624999999 0.709546875 0.7235140624999999 0.7056453125 0.6954484375 0.7019515625 0.6585328125000001 0.71024375 0.6145390625 0.708571875 0.59721875 0.705365625 0.594184375 0.69581875 0.594184375 0.6673875 0.6012640625000001 0.663484375 0.61061875 0.6657140625 0.6323640625 0.6664109375 0.633628125 0.6744953125 0.6479140625 0.6840421875 0.6710499999999999 0.6972828125 0.7359046874999999 0.7019515625 0.7456390625
