4 0.2588296875 0.43487656250000006 0.2614078125 0.45440781250000006 0.2724828125 0.4714015625 0.2825140625 0.48402031250000005 0.2921984375 0.5126828125 0.29498437499999997 0.516740625 0.2969 0.5284078125 0.306234375 0.5438171875 0.3128171875 0.5485734375 0.31849531249999996 0.5479390625 0.323859375 0.54476875 0.3273421875 0.53690625 0.3299203125 0.5230812499999999 0.3429125 0.518009375 0.346534375 0.51395 0.3474046875 0.5079265625 0.3467078125 0.495053125 0.34395625 0.48402031250000005 0.337721875 0.47647500000000004 0.306234375 0.4273296875 0.290490625 0.40526249999999997 0.28181875 0.40177500000000005 0.2733546875 0.4068484375 0.2927203125 0.4411546875 0.29965156249999997 0.456309375 0.3003484375 0.4610015625 0.3001734375 0.464171875 0.29878125 0.466075 0.29721406250000004 0.466075 0.28133125 0.45091875000000003 0.2707765625 0.43868124999999997 0.2602234375 0.423209375 0.2588296875 0.43487656250000006
4 0.310553125 0.3539625 0.30888125 0.3573875 0.3084640625 0.3679765625 0.322396875 0.405390625 0.33399531250000003 0.4322125 0.34169218749999997 0.4968296875 0.345628125 0.5029171875 0.36098906249999996 0.5100828125 0.36516875 0.5104625 0.37136874999999997 0.49759062500000006 0.37324999999999997 0.491946875 0.384675 0.4968296875 0.3884015625 0.49499062499999996 0.3907 0.49004375 0.39132656250000003 0.47495312500000003 0.387146875 0.454534375 0.3805296875 0.4379203125 0.373040625 0.40691249999999995 0.36495937500000003 0.37856718749999996 0.35374374999999997 0.347559375 0.3473 0.33582812500000003 0.34315625 0.3336078125 0.33939375 0.33735 0.33939375 0.3452765625 0.352071875 0.39365937500000003 0.353953125 0.40729218749999996 0.353953125 0.41179531249999995 0.3531171875 0.41445781249999997 0.35102812499999997 0.41712187500000003 0.3497734375 0.416740625 0.34897187500000004 0.41636093750000003 0.336503125 0.3959421875 0.325078125 0.3694984375 0.315953125 0.35548437499999996 0.310553125 0.3539625
3 0.405225 0.4178828125 0.3855109375 0.36005 0.36495937500000003 0.32866249999999997 0.3549640625 0.31959375 0.360571875 0.3483203125 0.37324999999999997 0.39137656249999997 0.3807390625 0.428090625 0.38279375 0.4416609375 0.3848828125 0.4655046875 0.38881875 0.47305 0.39171093749999997 0.47305 0.3969 0.4779328125 0.40107968749999995 0.47755156249999997 0.40271718749999996 0.47305 0.4089515625 0.474571875 0.41166875 0.474571875 0.4141421875 0.47228906249999997 0.41665 0.454534375 0.4133046875 0.43715937499999996 0.405225 0.4178828125
3 0.40139375 0.3246671875 0.38996875000000003 0.31433125 0.3825140625 0.3092578125 0.384953125 0.3246671875 0.38875000000000004 0.3379203125 0.40034843750000004 0.3716546875 0.4058859375 0.3955609375 0.412609375 0.4453390625 0.4153953125 0.45034843750000003 0.43270625 0.449396875 0.4356328125 0.43874375 0.43907968750000004 0.43050156250000005 0.439603125 0.4298671875 0.4411703125 0.423271875 0.439603125 0.4185796875 0.4342390625 0.4072296875 0.40139375 0.3246671875
1 0.459003125 0.3683578125 0.449459375 0.3400125 0.4303734375 0.29277031249999996 0.4266453125 0.29277031249999996 0.4218390625 0.30221875 0.4239296875 0.31959375 0.4409609375 0.436778125 0.44510625 0.448509375 0.447996875 0.448509375 0.45113125 0.44508593750000003 0.4585859375 0.43944218749999997 0.459421875 0.4383 0.46004843749999996 0.43753906249999996 0.46318281250000004 0.4194046875 0.462765625 0.4005078125 0.459003125 0.3683578125
2 0.47192656250000004 0.306278125 0.46757187499999997 0.306278125 0.464646875 0.31350625 0.4628 0.3372859375 0.46360156249999995 0.3868109375 0.46569062499999997 0.40951250000000006 0.46527343749999994 0.43785625 0.467990625 0.43861718749999995 0.472134375 0.4374765625 0.47798749999999995 0.43316406250000006 0.48000625 0.4313890625 0.483559375 0.42612500000000003 0.4841515625 0.4227015625 0.47419062500000003 0.3164875 0.47192656250000004 0.306278125
2 0.5012890624999999 0.3609390625 0.4977359375 0.323525 0.49379999999999996 0.316740625 0.48923750000000005 0.31483906250000004 0.4848828125 0.3178828125 0.4836296875 0.342421875 0.4848828125 0.3855421875 0.48735625000000005 0.4278375 0.49697031249999996 0.43373437499999995 0.49878125000000006 0.43424218750000004 0.5012890624999999 0.43386250000000004 0.5027171874999999 0.432403125 0.5037625 0.426315625 0.5012890624999999 0.3609390625
2 0.5210734375 0.367659375 0.5175546875 0.33215 0.5140015625000001 0.32041875000000003 0.5113203125 0.31781875 0.5081859375 0.3181359375 0.5069656250000001 0.3223203125 0.507384375 0.34388125 0.5061296875 0.3963859375 0.5044578125 0.4123015625 0.5055031249999999 0.432340625 0.5164046875 0.4318953125 0.5175546875 0.43195937500000003 0.521909375 0.43043750000000003 0.5221171874999999 0.4228921875 0.5206546875 0.39866875 0.5210734375 0.367659375
2 0.535353125 0.3209890625 0.531209375 0.3130625 0.527865625 0.31268281249999996 0.527446875 0.3130625 0.5270296875 0.320609375 0.5266109375 0.3591625 0.5245562500000001 0.4 0.5235109375 0.436271875 0.531209375 0.439315625 0.536571875 0.439315625 0.5407171875000001 0.4363984375 0.5423890625000001 0.43475 0.5440609375000001 0.43176875 0.5444796875 0.418896875 0.5413796875 0.3739375 0.535353125 0.3209890625
1 0.575375 0.28021562499999997 0.573703125 0.28021562499999997 0.5591781250000001 0.3055796875 0.5471609374999999 0.37171875 0.544653125 0.4041859375 0.5417625 0.42536406250000003 0.54298125 0.44730468749999996 0.552559375 0.456753125 0.5562875 0.458275 0.5608500000000001 0.458275 0.5629390625 0.4559921875 0.564890625 0.45009531249999996 0.5656218749999999 0.44578281249999996 0.5666671875 0.43176875 0.5695578125 0.4114140625 0.572065625 0.37431875 0.575375 0.28021562499999997
3 0.60170625 0.4042484375 0.606165625 0.33988593749999996 0.6111453124999999 0.3026640625 0.6044234375 0.3036140625 0.5969703125 0.31084375 0.5892375000000001 0.33081875 0.5785437499999999 0.38706406250000003 0.5693140624999999 0.4246671875 0.568303125 0.44058281250000003 0.5702890625 0.4496515625 0.5735281249999999 0.45237812499999996 0.578021875 0.4604953125 0.5852671875000001 0.462778125 0.590003125 0.4610015625 0.591465625 0.4604953125 0.5922328125 0.4604953125 0.593975 0.45415312500000005 0.5989546875 0.42561875000000005 0.60170625 0.4042484375
3 0.6283875 0.34521250000000003 0.609265625 0.3898546875 0.5964125 0.42612500000000003 0.587878125 0.445021875 0.5851968750000001 0.46011406250000003 0.5862421875 0.4718453125 0.5889234375 0.47526875 0.594321875 0.47526875 0.5982578125 0.4790109375 0.6140375 0.48129375 0.6182171875 0.47336718749999995 0.618390625 0.47108437500000006 0.620271875 0.4487640625 0.6271328125 0.41211093749999994 0.6447578125 0.33348125 0.6283875 0.34521250000000003
4 0.6719953125 0.3394421875 0.6657609375 0.34128125 0.6500874999999999 0.36436250000000003 0.6241734375 0.44692499999999996 0.616928125 0.458275 0.611459375 0.474128125 0.61020625 0.4836390625 0.611215625 0.494103125 0.616440625 0.49860468750000003 0.6301281249999999 0.4909328125 0.6318703125 0.49270781250000006 0.6321484374999999 0.5031703125 0.63336875 0.5072296875 0.6366078125 0.5122390625000001 0.6600484375 0.51090625 0.66401875 0.506340625 0.66826875 0.494546875 0.6685125000000001 0.48142031249999995 0.6694875 0.472353125 0.6767328125 0.4441984375 0.6881921875 0.4151546875 0.6973874999999999 0.38522500000000004 0.6996515624999999 0.3739375 0.6986421875 0.368928125 0.69665625 0.36753281250000003 0.6929296875000001 0.369371875 0.6719953125 0.40837031250000005 0.662278125 0.42244843750000005 0.6550671875 0.42422343749999997 0.6520718750000001 0.4188328125 0.6520718750000001 0.4174375 0.65653125 0.39251718750000003 0.6662484375 0.358909375 0.6767328125 0.3453390625 0.6719953125 0.3394421875
4 0.74266875 0.40171250000000003 0.742425 0.3953703125 0.7409265625 0.3940390625 0.73695625 0.3940390625 0.714525 0.41084375 0.6948453125 0.43532031250000003 0.68164375 0.4616359375 0.662975 0.495625 0.6594562500000001 0.50741875 0.6599796875 0.5187703124999999 0.6626953125 0.5219406249999999 0.6786484374999999 0.5251109375 0.6838734375 0.5350671874999999 0.6838734375 0.543246875 0.6848828124999999 0.5468609375 0.69160625 0.5504749999999999 0.70383125 0.5473046874999999 0.7120515625 0.532340625 0.716265625 0.5146484375 0.7182515625 0.511478125 0.7195046875 0.5042484375 0.7372 0.4616359375 0.7459078124999999 0.42669687500000003 0.748415625 0.4035515625 0.7376875 0.41991093749999997 0.7317312499999999 0.4362078125 0.7127828125 0.4675328125 0.710553125 0.468865625 0.7075234375 0.46670937500000004 0.7065140624999999 0.4617625 0.7067921875 0.4579578125 0.7187734375 0.4370953125 0.7277250000000001 0.423525 0.73695625 0.41261875000000003 0.74266875 0.40171250000000003
4 0.7146296875 0.6067843749999999 0.71410625 0.5927078125 0.7113890625 0.5872546875 0.6996859375 0.58909375 0.6926859375000001 0.5695625 0.683246875 0.57089375 0.674015625 0.5818015625 0.6715078125 0.5981609375 0.66729375 0.6507296874999999 0.6628000000000001 0.6947375 0.6632875 0.7083703125 0.6657953125 0.712428125 0.668025 0.711540625 0.6690359375 0.7097015625 0.6725187499999999 0.6956249999999999 0.6770109375 0.66480625 0.678753125 0.638490625 0.6817484375 0.6289796875 0.6917109375 0.6452765625 0.6864859375 0.6607484375 0.6827234375 0.6766015624999999 0.684221875 0.6993031249999999 0.684221875 0.7051999999999999 0.6981890625 0.658909375 0.7051546875 0.6457828125 0.7116328125 0.6244140625 0.7146296875 0.6067843749999999
4 0.65276875 0.6736203125 0.6649953125 0.6151546875 0.669696875 0.595625 0.6711953125 0.570703125 0.669975 0.559353125 0.6669796875 0.5530125 0.662 0.5502859375 0.6549984375 0.5566265625 0.6490421875 0.5471140625 0.641553125 0.54483125 0.6326015625 0.5570703124999999 0.6256015625 0.5684203125 0.623128125 0.5974640625000001 0.623859375 0.6097015625 0.6263671875 0.611478125 0.6251125 0.621496875 0.6241375 0.6568796875 0.6263671875 0.6745078125 0.6358406249999999 0.6913125 0.641796875 0.61781875 0.64005625 0.611478125 0.640578125 0.6046921875 0.6430515625 0.6042484375 0.6450359375 0.6055796875 0.646534375 0.612871875 0.6530125 0.6101453125 0.650784375 0.6219406249999999 0.646534375 0.653646875 0.6480328125 0.6677234375000001 0.6480328125 0.6681671875 0.6492859375 0.675459375 0.6500171875 0.676346875 0.6510281250000001 0.676346875 0.65276875 0.6736203125
3 0.618634375 0.7111609375 0.6201328125 0.7075453125 0.6221171875 0.6417875000000001 0.6303375 0.5651234374999999 0.627865625 0.5429296875 0.6241375 0.5338625 0.617903125 0.5288515625 0.61215625 0.5315796875000001 0.6039359375 0.541534375 0.5972140625 0.5538359374999999 0.596203125 0.5696890625 0.6041796875000001 0.6381734375 0.6062000000000001 0.6731140625 0.6064437500000001 0.6748890624999999 0.6096828125 0.6984781250000001 0.613409375 0.7084343750000001 0.6153953125 0.7121109375 0.618634375 0.7111609375
3 0.5827234375 0.6831953125 0.5850921875 0.6755234375 0.5994421875 0.5770453125 0.6066171875 0.5487640625 0.6069312499999999 0.531325 0.6027515625000001 0.5199109375 0.5970390625 0.5138874999999999 0.5880875 0.514965625 0.5818187499999999 0.52695 0.574921875 0.53348125 0.5731453125 0.55256875 0.5740515625 0.5770453125 0.5734234375 0.608053125 0.5689656249999999 0.6853515625 0.57015 0.687 0.5744343749999999 0.674825 0.578475 0.6750796875 0.5805984375000001 0.6853515625 0.5827234375 0.6831953125
1 0.5756875 0.56569375 0.5810515625 0.519340625 0.5781953125 0.5017125 0.5706375 0.48865 0.5652734374999999 0.48801562499999995 0.5609546875 0.4918828125 0.5566703125 0.5043124999999999 0.5509234375000001 0.53696875 0.5494953125 0.5715921875000001 0.549146875 0.6375390624999999 0.5609546875 0.7008875 0.5624171875 0.7008875 0.5645421875000001 0.6982875 0.5652734374999999 0.692390625 0.5688609375 0.654534375 0.5756875 0.56569375
2 0.5485203125 0.5405203125 0.5542312500000001 0.501965625 0.5535 0.47653749999999995 0.5395328125 0.46702656249999996 0.534796875 0.46797656249999997 0.529815625 0.5296125 0.529815625 0.555484375 0.5268546875 0.5935953125 0.5270984375000001 0.6216875 0.5293281249999999 0.635890625 0.53106875 0.638490625 0.5338203125 0.6362078125 0.54005625 0.6031078125 0.547021875 0.5722890625 0.5485203125 0.5405203125
2 0.5199578125000001 0.6127453125 0.524765625 0.5267593749999999 0.5307203125 0.47780625 0.5295375 0.46797656249999997 0.524765625 0.46366562499999997 0.5086031249999999 0.4614453125 0.5029265625 0.46854843749999997 0.5017421875 0.4745078125 0.5029265625 0.513696875 0.5056078125 0.539821875 0.502334375 0.5561828125 0.5083249999999999 0.5790109375 0.5120171874999999 0.6112875 0.5127828125 0.615471875 0.51428125 0.6253015625 0.519365625 0.62473125 0.5199578125000001 0.6209265625 0.5199578125000001 0.6127453125
2 0.482759375 0.6181984375 0.49052656250000004 0.5800890625 0.49770156249999997 0.5120484375000001 0.49860625000000003 0.466328125 0.4944265625 0.459796875 0.48185312500000005 0.4592890625 0.4719953125 0.4620171875 0.4708109375 0.49467343750000003 0.4743984375 0.5365890624999999 0.47258750000000005 0.5730500000000001 0.47349375 0.6285359374999999 0.47349375 0.632340625 0.47499062500000006 0.6329109374999999 0.47826562499999997 0.6312625 0.48035468750000004 0.6258078125 0.482759375 0.6181984375
2 0.4675375 0.630628125 0.46872187500000007 0.5947375 0.46694531250000004 0.54299375 0.4690359375 0.5060234375 0.46694531250000004 0.46353906250000004 0.462765625 0.46195312499999996 0.4445140625 0.47609375 0.44423593749999996 0.4908046875 0.4490078125 0.5261250000000001 0.451096875 0.557196875 0.4561828125 0.6023468750000001 0.46210312499999995 0.6313890625 0.46304375000000003 0.6383 0.46304375000000003 0.641534375 0.46454218750000004 0.6431828125 0.46663125 0.64045625 0.4675375 0.630628125
1 0.4459765625 0.5437546875 0.44273749999999995 0.5052 0.4359109375 0.4771078125 0.430546875 0.48040625 0.42302343750000004 0.48890312500000005 0.4179734375 0.505834375 0.41835625 0.528725 0.426471875 0.6609390625 0.42695937500000003 0.6678499999999999 0.42730781249999994 0.68744375 0.43483124999999995 0.6678499999999999 0.44454843750000006 0.6168671875 0.4459765625 0.5437546875
3 0.421978125 0.5800890625 0.42469531250000003 0.5447046875 0.42222187499999997 0.5251750000000001 0.417240625 0.5224484375 0.4107625 0.5074828124999999 0.40128906249999996 0.5025359375 0.39780625000000003 0.5061515625 0.392825 0.5156625 0.3900734375 0.5283453125 0.3920578125 0.5460375 0.41100624999999996 0.6670890625 0.41400156250000003 0.6712109374999999 0.4179734375 0.6689921875 0.4199578125 0.6644265625 0.42096875 0.65263125 0.421978125 0.5800890625
3 0.3920234375 0.675015625 0.3951234375 0.6659484375 0.39637812499999997 0.603234375 0.3999296875 0.56391875 0.3988859375 0.5461640625 0.3855796875 0.528028125 0.3795546875 0.5234625 0.3698015625 0.536715625 0.368965625 0.5499046875 0.370428125 0.5764109375 0.3781953125 0.6716546875 0.381434375 0.6785671875 0.38474375 0.6814843749999999 0.3891328125 0.6792015625000001 0.3920234375 0.675015625
4 0.37248281250000004 0.6947375 0.37398125000000004 0.6879515625 0.3754796875 0.6734312499999999 0.37349375 0.6258078125 0.37349375 0.5714015625 0.36875625 0.554153125 0.3607796875 0.5441984375 0.3545453125 0.543309375 0.34907656249999997 0.5487 0.34559375000000003 0.5577671875 0.3378609375 0.54914375 0.33462187499999996 0.5514265625 0.329884375 0.5659484375 0.3316265625 0.5872546875 0.33761718749999997 0.6208625 0.3415890625 0.6711484375000001 0.339603125 0.7192765624999999 0.3415890625 0.7228921875000001 0.34510625 0.7197203125 0.3483453125 0.700634375 0.35057499999999997 0.6539625 0.352803125 0.65256875 0.35555625 0.6711484375000001 0.361790625 0.7001906250000001 0.362521875 0.7011421875 0.3660046875 0.7020296874999999 0.36774687500000003 0.7011421875 0.3702546875 0.6988578125 0.37248281250000004 0.6947375
4 0.32911875 0.5849078125 0.3251484375 0.5790109375 0.3154296875 0.5735578125 0.3109375 0.5735578125 0.30619999999999997 0.5857953124999999 0.3051890625 0.597590625 0.29623750000000004 0.5925812500000001 0.2910140625 0.596703125 0.28875 0.6071015625 0.2912578125 0.6252375 0.30644375 0.672415625 0.31118125 0.7300578125 0.3156734375 0.733671875 0.31866875 0.7322765625 0.3201671875 0.725046875 0.31915781249999997 0.693721875 0.323128125 0.6765375 0.33336875 0.670196875 0.3370953125 0.6760937499999999 0.3420765625 0.69784375 0.3430859375 0.69873125 0.345559375 0.69695625 0.345803125 0.6942296875 0.33956875000000003 0.650665625 0.32911875 0.5849078125
