3 0.609509375 0.5591 0.6039703125 0.5621437499999999 0.603134375 0.56525 0.616753125 0.6312625 0.6257046875000001 0.705009375 0.6359453125 0.7329109375 0.6321140625 0.6909953125 0.63124375 0.6584015625 0.637234375 0.6336078125 0.6304078125 0.6305015625 0.6276203125 0.6115406250000001 0.62699375 0.6040578125 0.6210375 0.5644890625000001 0.61933125 0.5613828125 0.6159171875 0.5591 0.609509375 0.5591
1 0.6068265625 0.735384375 0.609334375 0.7360171875 0.6107625 0.73475 0.6107625 0.728915625 0.6086031249999999 0.6674703125 0.599721875 0.5627140625 0.5829671875 0.5560562499999999 0.5784046875 0.5555484374999999 0.57805625 0.56785 0.5812609375 0.5937218750000001 0.5993734374999999 0.7036781249999999 0.6068265625 0.735384375
2 0.573075 0.7079265625 0.578996875 0.715471875 0.58491875 0.717121875 0.58255 0.6896 0.5781265624999999 0.6502859375 0.5757578125 0.61090625 0.579903125 0.6104 0.5769421875 0.6001265625000001 0.5757578125 0.5526953125 0.5686515625 0.5548515625 0.5537796875 0.5527578125 0.5508875 0.5543437499999999 0.550575 0.557578125 0.5511671875 0.5634750000000001 0.563009375 0.6669625 0.573075 0.7079265625
2 0.5430515625 0.7083062499999999 0.5451406249999999 0.7131890624999999 0.5469171875 0.7131890624999999 0.54869375 0.7104625 0.55015625 0.6959421875 0.5525249999999999 0.654978125 0.5528390625 0.6097015625 0.5504703125 0.5552312500000001 0.5344125 0.5540265625 0.531209375 0.554153125 0.529153125 0.5552312500000001 0.529153125 0.5633484375 0.5389062499999999 0.6511734375 0.5430515625 0.7083062499999999
2 0.515953125 0.6594171875 0.5194015624999999 0.68998125 0.5223609375 0.6949265625 0.525565625 0.697590625 0.5275515625 0.697590625 0.5268203125 0.6270765625 0.5273078124999999 0.5889031250000001 0.5258093749999999 0.5570062499999999 0.5208984375 0.5570062499999999 0.5116328125 0.5604953125 0.5083249999999999 0.562396875 0.5060953125000001 0.564171875 0.5068265625 0.5736203125 0.5112859375000001 0.6078 0.515953125 0.6594171875
2 0.48376875 0.6011421875 0.48258437499999995 0.61084375 0.484953125 0.614078125 0.487321875 0.6873812499999999 0.489690625 0.7100187499999999 0.4941140625 0.7197203125 0.49648281250000004 0.71864375 0.4979796875 0.715409375 0.500034375 0.7046296875 0.5029953125 0.6625875 0.5050859375 0.61781875 0.5065484375 0.5994921875 0.505678125 0.5925171875 0.5086375000000001 0.5617625 0.507140625 0.560684375 0.5018109374999999 0.5623328125 0.4874609375 0.560621875 0.48376875 0.560684375 0.48199218750000006 0.560684375 0.48021562500000003 0.562840625 0.480459375 0.57565 0.48376875 0.6011421875
1 0.44256406249999997 0.7344328124999999 0.4458375 0.7414078125 0.450575 0.73874375 0.4549984375 0.732784375 0.45973593749999997 0.7155359375 0.47129843749999994 0.6627140625 0.47662812499999996 0.620671875 0.48018124999999995 0.6115406250000001 0.47722031249999997 0.598034375 0.4760359375 0.5624609375 0.4588640625 0.56303125 0.455903125 0.5641093749999999 0.45127187500000004 0.567596875 0.44789218750000004 0.5710843750000001 0.447021875 0.575396875 0.450575 0.6309453125 0.4416921875 0.728471875 0.44256406249999997 0.7344328124999999
3 0.411878125 0.6396953125 0.42877031250000003 0.72435 0.43410000000000004 0.7157265625 0.439115625 0.6866203125 0.44120468749999997 0.6208625 0.44858906249999997 0.5814843749999999 0.44831093749999995 0.57343125 0.44681249999999995 0.571275 0.44298125 0.5685484375 0.4373390625 0.5669625 0.432009375 0.56911875 0.42817812499999997 0.5685484375 0.42048125000000003 0.5620171875 0.41483749999999997 0.5610015625 0.413653125 0.5620796875 0.411878125 0.5674703125 0.41069374999999997 0.58744375 0.411878125 0.6396953125
3 0.38491875000000003 0.6300578125 0.395890625 0.738934375 0.40121874999999996 0.750221875 0.40090624999999996 0.7454031249999999 0.40860312499999996 0.6747625 0.41246875000000005 0.6192765625 0.4166140625 0.57343125 0.413653125 0.5669625 0.4103796875 0.563728125 0.40181093749999997 0.5599875 0.392615625 0.5594171875 0.38443125 0.562840625 0.38136562500000004 0.565884375 0.3772203125 0.572353125 0.3772203125 0.58046875 0.3819578125 0.5923265625 0.38491875000000003 0.6300578125
4 0.317625 0.584084375 0.3223609375 0.6196578125000001 0.3113890625 0.6859859375 0.31020625 0.7183265624999999 0.3125734375 0.72048125 0.3137578125 0.7199109375 0.3196796875 0.70481875 0.331521875 0.6789468750000001 0.340125 0.6353203125 0.34336406249999996 0.6320859375000001 0.3490078125 0.6320859375000001 0.348415625 0.7112875 0.3504703125 0.7194046875 0.3552078125 0.721559375 0.35757500000000003 0.7194046875 0.3623125 0.70215625 0.37060312500000003 0.633671875 0.37861406249999996 0.5868109375 0.38244531249999997 0.5523140625 0.3765234375 0.5544703125 0.36973124999999996 0.552821875 0.35224687499999996 0.5566265625 0.33598125 0.5560562499999999 0.32441718750000004 0.5603671875 0.3206203125 0.557578125 0.317625 0.5577046875 0.316440625 0.5582125 0.31494218749999997 0.5609390624999999 0.31494218749999997 0.5684843749999999 0.317625 0.584084375
4 0.253675 0.6918203125 0.25635625 0.6982875 0.26109375 0.6982875 0.26642343749999997 0.6875078125 0.2809125 0.618515625 0.2824109375 0.6314515625 0.2747125 0.6783125 0.27439843750000004 0.6987953124999999 0.2764890625 0.7063406249999999 0.283003125 0.7069124999999999 0.289203125 0.6831953125 0.298990625 0.6357640625000001 0.30755781249999997 0.6060875 0.3179375 0.573746875 0.3208984375 0.5565 0.3185296875 0.55003125 0.316440625 0.5489531249999999 0.2983984375 0.5489531249999999 0.2921625 0.551109375 0.2889234375 0.5457203125000001 0.27854375 0.539821875 0.2676765625 0.539315625 0.26346250000000004 0.54305625 0.2595953125 0.5667718749999999 0.2607796875 0.60393125 0.253675 0.6918203125
2 0.464715625 0.3450859375 0.4580640625 0.368040625 0.45141093750000005 0.4129359375 0.44918125 0.4713375 0.4511671875 0.48839531249999996 0.4533609375 0.4951171875 0.45733125 0.49784375000000003 0.46248750000000005 0.49644843749999995 0.4676765625 0.490171875 0.47136875 0.4744453125 0.47015 0.47178125 0.4696625 0.4573875 0.47314531249999997 0.3577046875 0.4735984375 0.3527578125 0.47408593750000005 0.3455296875 0.4731109375 0.34330937499999997 0.46694531250000004 0.34330937499999997 0.464715625 0.3450859375
2 0.48523125 0.3674703125 0.4815390625 0.380025 0.477325 0.428090625 0.47683749999999997 0.46220625000000004 0.478578125 0.4842109375 0.48300312500000003 0.4927703125 0.49090937500000004 0.49727343749999997 0.4970734375 0.4968296875 0.5012546875 0.49321562500000005 0.5037265625 0.4855421875 0.5062 0.4712109375 0.5071749999999999 0.4496515625 0.5049453125000001 0.4033609375 0.49885 0.3657578125 0.49731875 0.360240625 0.49508906250000007 0.358465625 0.490665625 0.359353125 0.4891671875 0.360684375 0.48523125 0.3674703125
1 0.5770109375 0.487634375 0.5851625 0.49841406250000003 0.5918140625 0.500190625 0.5965171875 0.4908046875 0.60170625 0.474128125 0.6127828125 0.39283437499999996 0.6164046875 0.3356375 0.616996875 0.3268234375 0.609578125 0.34299375 0.5967609375 0.3888390625 0.5755484375 0.472353125 0.5770109375 0.487634375
4 0.6644375 0.47786875 0.6617203125 0.48465468749999996 0.6572625000000001 0.49004375 0.6557999999999999 0.4949265625 0.656775 0.5268234374999999 0.65775 0.53088125 0.6617203125 0.535384375 0.6725531250000001 0.5434375 0.6765234375 0.54483125 0.6908046875 0.5336078125 0.69550625 0.5120484375000001 0.69599375 0.4985421875 0.69575 0.481040625 0.6989546875 0.4666453125 0.702159375 0.441534375 0.702159375 0.4086875 0.701428125 0.401521875 0.700453125 0.3979078125 0.6989546875 0.3984140625 0.6974921875 0.401521875 0.6964828125 0.4096390625 0.692546875 0.42891562499999997 0.6878437500000001 0.4603671875 0.6839078125 0.4720359375 0.681434375 0.47520625 0.679971875 0.47565 0.6779875 0.47387499999999994 0.6767671875 0.470703125 0.6767671875 0.4639828125 0.6825140625 0.4 0.6819234375 0.3948 0.679484375 0.3948 0.6777421875 0.39702031249999997 0.6698359375 0.43252968750000004 0.6644375 0.47786875
4 0.72406875 0.4684203125 0.731278125 0.4283453125 0.732915625 0.4107796875 0.7294328125 0.3924546875 0.7261234375 0.38833281249999996 0.7230578125 0.40215625 0.715221875 0.42650625 0.7121562499999999 0.46651875 0.7094734375 0.489346875 0.7031 0.4979703125 0.7020546875 0.504375 0.7020546875 0.50995625 0.7055734375 0.531325 0.708846875 0.5372859375 0.713165625 0.540646875 0.7201671875 0.543246875 0.7277609375 0.543246875 0.7333328125 0.5376671875000001 0.7363984375 0.5309453125 0.739915625 0.5088140625 0.7407171875 0.48490781250000003 0.7405078125 0.4755234375 0.7440265625 0.45269531250000006 0.7440265625 0.42910624999999997 0.7429812499999999 0.41376093750000004 0.739915625 0.40031718749999995 0.738453125 0.408496875 0.73106875 0.4714015625 0.728596875 0.475903125 0.7249046875 0.4740015625 0.72406875 0.4684203125
