3 0.37088125 0.2783125 0.3705328125 0.23430625 0.3662484375 0.2407734375 0.364471875 0.255040625 0.3648203125 0.27958125 0.3641234375 0.3242234375 0.3609203125 0.36563124999999996 0.355590625 0.42187656249999994 0.3602234375 0.42707656250000003 0.3794140625 0.43481249999999994 0.3797625 0.43481249999999994 0.3832109375 0.43024687500000003 0.3840125 0.41604374999999993 0.3758625 0.35783125 0.37088125 0.2783125
1 0.4012546875 0.3283453125 0.38969062499999996 0.2609390625 0.3858578125 0.2507296875 0.381121875 0.2501578125 0.37875312499999997 0.2539625 0.383490625 0.3116046875 0.387321875 0.376284375 0.38613749999999997 0.432340625 0.3882265625 0.4334171875 0.40790625 0.436715625 0.409821875 0.437221875 0.4119125 0.437221875 0.41219062500000003 0.4334171875 0.4113203125 0.4118578125 0.4012546875 0.3283453125
2 0.4201328125 0.2771078125 0.4163015625 0.2760296875 0.41511718750000004 0.2792640625 0.41215624999999995 0.306784375 0.41598750000000007 0.441534375 0.424590625 0.44045625 0.4337859375 0.44388125 0.43667656250000003 0.44438750000000005 0.43942812499999995 0.44413437499999997 0.43907968750000004 0.4366515625 0.42340625000000004 0.28738125000000003 0.4201328125 0.2771078125
2 0.44796250000000004 0.2770453125 0.445071875 0.277425 0.443434375 0.28826874999999996 0.4378609375 0.313 0.436015625 0.3549140625 0.440125 0.4222578125 0.44217968750000003 0.4436265625 0.45698437500000005 0.44489531250000003 0.459246875 0.44508593750000003 0.46172031249999995 0.44508593750000003 0.44897187499999996 0.311096875 0.44939062500000004 0.281546875 0.44796250000000004 0.2770453125
2 0.4799375 0.39499062500000004 0.4801109375 0.3837671875 0.477046875 0.3721625 0.46962656249999996 0.31230156249999996 0.46677187499999995 0.3066578125 0.4640890625 0.3066578125 0.46266093750000004 0.3081796875 0.46161562500000003 0.3216234375 0.461825 0.3904875 0.46492500000000003 0.4436265625 0.47088125 0.44140781249999994 0.4807734375 0.4405203125 0.48300312500000003 0.440265625 0.4848484375 0.4391890625 0.4863109375 0.43544687499999996 0.48526718750000003 0.4249203125 0.4799375 0.39499062500000004
2 0.5086734374999999 0.3942921875 0.51051875 0.38795156249999996 0.507453125 0.381928125 0.5012890624999999 0.29695625 0.4979796875 0.284590625 0.49470625 0.28046875 0.4924421875 0.28085 0.49139687500000007 0.2835125 0.48934218749999997 0.2977171875 0.48627656249999995 0.37818593749999996 0.48338593750000003 0.38605 0.48481406250000003 0.40741875 0.48237500000000005 0.44032968749999996 0.4920234375 0.4391890625 0.507871875 0.4391890625 0.5117734375 0.43956875 0.513409375 0.4381109375 0.5144203125 0.43544687499999996 0.5144203125 0.42682343749999996 0.5086734374999999 0.3942921875
1 0.5487984375 0.260621875 0.5372 0.263284375 0.531765625 0.2714015625 0.522153125 0.31001875 0.5142453125 0.4016484375 0.51720625 0.4370953125 0.53695625 0.4362078125 0.546534375 0.429803125 0.5487984375 0.425871875 0.5495296875 0.41959375000000004 0.5468124999999999 0.39175625 0.5428765624999999 0.3356375 0.5487984375 0.260621875
3 0.5864859375 0.3689921875 0.568721875 0.27520625 0.563984375 0.2611921875 0.5586562500000001 0.2601140625 0.555103125 0.264996875 0.5530484375 0.27520625 0.5497734375000001 0.395434375 0.547996875 0.4228921875 0.5631140625 0.42181406250000003 0.578265625 0.42739374999999996 0.5820624999999999 0.42885156249999995 0.5856140625 0.42885156249999995 0.5876703125 0.424540625 0.5888546875 0.41642343750000005 0.5864859375 0.3689921875
3 0.5916406249999999 0.26670937499999997 0.5886796875 0.2770453125 0.58523125 0.3273296875 0.583490625 0.39695625 0.5837687500000001 0.4275203125 0.5859625 0.429740625 0.5943578125 0.43379843749999997 0.6079421875000001 0.4346859375 0.6190171875 0.4257453125 0.6222578125 0.4135703125 0.6190875 0.403296875 0.6182859374999999 0.3987953125 0.6148374999999999 0.3807859375 0.6057125 0.2981609375 0.5982937500000001 0.26043125 0.5916406249999999 0.26670937499999997
4 0.6341 0.25960625 0.633228125 0.27577656250000004 0.624346875 0.3690546875 0.6178328125 0.41591562499999996 0.6148734375 0.43316406250000006 0.6264015625 0.42992968749999994 0.6427031249999999 0.427775 0.651584375 0.4294234375 0.6669796875 0.42992968749999994 0.680878125 0.424540625 0.6856140625 0.41914999999999997 0.6871125 0.4148390625 0.687390625 0.4105265625 0.6805984375 0.3809125 0.6805984375 0.3722890625 0.6838390624999999 0.31889687499999997 0.6888890625 0.25529531250000004 0.680878125 0.2709578125 0.6571921875 0.348003125 0.65423125 0.3512359375 0.6512718750000001 0.35231406249999997 0.6500874999999999 0.3507296875 0.64298125 0.294103125 0.6409265625 0.2709578125 0.637965625 0.2634109375 0.6341 0.25960625
4 0.7211421875 0.27577656250000004 0.7175890625 0.27850312499999996 0.71198125 0.2925171875 0.701009375 0.3421046875 0.688296875 0.384146875 0.6814703125 0.41376093750000004 0.6814703125 0.4283453125 0.685928125 0.43100781250000003 0.7096140625 0.43589062500000003 0.7190875 0.4363984375 0.7335765624999999 0.44020312500000003 0.7427718750000001 0.43532031250000003 0.7454203125000001 0.42079843749999996 0.74364375 0.3965125 0.7430515625 0.3744453125 0.744828125 0.3512359375 0.747196875 0.294103125 0.7454203125000001 0.2844 0.7415890625 0.2822453125 0.7380359375000001 0.2822453125 0.736259375 0.28605 0.72765625 0.338871875 0.7252875000000001 0.34965156249999996 0.722640625 0.3533921875 0.7187734375 0.3528859375 0.7179031250000001 0.3512359375 0.7235109375000001 0.3173109375 0.726471875 0.2925171875 0.7261921874999999 0.2800890625 0.7211421875 0.27577656250000004
1 0.5933125 0.6077359375 0.5965859375 0.5937218750000001 0.60041875 0.5166765625 0.59599375 0.47190937499999996 0.593034375 0.4643625 0.585021875 0.45954375000000003 0.5681640625 0.461128125 0.5592828125 0.46651875 0.558690625 0.4724796875 0.5628359374999999 0.48649375 0.5719953125 0.522575 0.5752703125 0.548446875 0.5784046875 0.6020296875 0.5791015625 0.6072296875000001 0.5823750000000001 0.615853125 0.58620625 0.615853125 0.5897593750000001 0.613696875 0.5933125 0.6077359375
2 0.5564609375 0.6097015625 0.5552765625 0.49169375000000004 0.554684375 0.47279687499999995 0.5525953125 0.4695625 0.5304078125 0.47336718749999995 0.5241734375 0.4792640625 0.526540625 0.538046875 0.5330546875 0.6027265625 0.540753125 0.6175015625 0.5428421875 0.6199749999999999 0.5454890625 0.62213125 0.55113125 0.621053125 0.554684375 0.61781875 0.5564609375 0.6097015625
2 0.50236875 0.628471875 0.5076984375 0.6259359375 0.5123296875000001 0.6194671875 0.5169625 0.6058343749999999 0.5212125000000001 0.552821875 0.522640625 0.478440625 0.5180078124999999 0.474571875 0.49209375 0.47647500000000004 0.4871125 0.4868734375 0.48390781250000003 0.5586562500000001 0.4867640625 0.6142671875 0.4874609375 0.6168671875 0.4910140625 0.6252375 0.49491406250000003 0.628471875 0.49881562500000004 0.62916875 0.50236875 0.628471875
2 0.45802812499999995 0.6286625 0.464228125 0.6168046875 0.474015625 0.5634750000000001 0.4828984375 0.4852890625 0.48171406250000004 0.47831250000000003 0.4772546875 0.4755859375 0.45179375000000005 0.4766640625 0.44973906250000006 0.48262499999999997 0.44263281250000003 0.6211156250000001 0.44263281250000003 0.6238421875 0.44587187500000003 0.6303109375 0.44824062500000006 0.6313890625 0.45329218750000005 0.6303109375 0.45802812499999995 0.6286625
2 0.4423203125 0.498225 0.4450015625 0.4798984375 0.442040625 0.4740015625 0.43612031250000005 0.4707671875 0.423684375 0.4675328125 0.41776406250000003 0.471275 0.41626562500000003 0.48205468749999997 0.41421093750000004 0.5235890624999999 0.4041453125 0.611984375 0.4047375 0.6146484375 0.4082890625 0.61521875 0.4118421875 0.611984375 0.417171875 0.6012046875 0.4423203125 0.498225
1 0.38784375 0.5807234375 0.4118421875 0.497146875 0.413896875 0.48205468749999997 0.4127140625 0.472353125 0.40975312500000005 0.468040625 0.40059218750000003 0.463728125 0.389934375 0.4643 0.38784375 0.4696890625 0.378090625 0.524096875 0.3733546875 0.564553125 0.3609546875 0.638428125 0.360328125 0.641090625 0.362975 0.64216875 0.3677109375 0.63785625 0.37185625 0.6286625 0.38784375 0.5807234375
3 0.3490421875 0.6024734375 0.3567390625 0.58306875 0.3774640625 0.4979078125 0.380425 0.475840625 0.3798328125 0.46233281249999997 0.3747828125 0.458021875 0.3688609375 0.4585921875 0.3650296875 0.46182656250000004 0.358515625 0.48173750000000004 0.34266874999999997 0.5844640625 0.342215625 0.5906156250000001 0.342215625 0.597653125 0.344584375 0.6035515625000001 0.3466734375 0.6041218749999999 0.3490421875 0.6024734375
3 0.3392890625 0.5605578125 0.3630796875 0.471275 0.36273125 0.45580156250000003 0.3517234375 0.44413437499999997 0.3396375 0.43766718750000005 0.3350046875 0.44476875 0.3304078125 0.46937187500000005 0.316021875 0.5670265624999999 0.3158140625 0.572859375 0.319365625 0.5844640625 0.326471875 0.5851609375 0.33075625 0.5825625 0.3392890625 0.5605578125
4 0.31988906250000004 0.5078625 0.3243125 0.47190937499999996 0.331453125 0.4355109375 0.3295015625 0.4274578125 0.32406875 0.42073593750000005 0.317903125 0.4162328125 0.3136890625 0.41756562500000005 0.309996875 0.41350625 0.30310000000000004 0.40951250000000006 0.2954375 0.4112875 0.2922328125 0.41534531250000006 0.2902828125 0.48091249999999997 0.28261875000000003 0.5325296875000001 0.280146875 0.5644265625 0.282375 0.567153125 0.2850921875 0.568040625 0.287565625 0.566265625 0.3001390625 0.4988578125 0.3035875 0.49169375000000004 0.3065484375 0.4921375 0.3077671875 0.49752656249999994 0.3077671875 0.5091953124999999 0.30456249999999996 0.539315625 0.29495 0.5788203125 0.296446875 0.5797078124999999 0.2991640625 0.5792640625 0.30480625 0.5729859375 0.309021875 0.5617625 0.31988906250000004 0.5078625
4 0.260884375 0.56220625 0.26997499999999997 0.5322125 0.2845703125 0.430690625 0.28338593749999996 0.414521875 0.2810171875 0.4112875 0.2750953125 0.408053125 0.269175 0.406975 0.2602921875 0.40913125 0.2567390625 0.41344375 0.2525953125 0.421559375 0.24608124999999997 0.45764062499999997 0.2419359375 0.48674687499999997 0.2327765625 0.5029171875 0.238384375 0.5104625 0.24075312499999998 0.5255546875 0.23956875000000002 0.56651875 0.2419359375 0.5660109375 0.24430468749999998 0.5643625 0.24639531250000002 0.554153125 0.2549640625 0.500253125 0.25910781250000003 0.48459062499999994 0.262975 0.48135625 0.2644375 0.48674687499999997 0.26415937500000003 0.49644843749999995 0.252003125 0.560621875 0.2514109375 0.5638546875 0.2525953125 0.5670890625 0.2564609375 0.5681671875000001 0.25851562499999997 0.56651875 0.260884375 0.56220625
