4 0.31051875 0.3878890625 0.28899375 0.3303734375 0.285440625 0.323271875 0.28188749999999996 0.3226375 0.2801109375 0.325871875 0.280459375 0.3368421875 0.3032390625 0.40342500000000003 0.30383125 0.41655 0.3026125 0.42213124999999996 0.2987109375 0.42473124999999995 0.2941828125 0.409765625 0.2850921875 0.3653140625 0.2776390625 0.34654375000000004 0.2733546875 0.33880781249999997 0.27230937499999996 0.3394421875 0.2712296875 0.3452765625 0.27513125 0.37374687500000003 0.283315625 0.4441984375 0.2840125 0.47850312500000003 0.285440625 0.48300625 0.2865203125 0.4966390625 0.28864531250000003 0.4979078125 0.29111875 0.4979078125 0.32427656250000003 0.49036093750000004 0.32737656249999997 0.48883906250000003 0.3351796875 0.4862390625 0.33340312499999997 0.4675328125 0.32344062500000004 0.44743125 0.31051875 0.3878890625
4 0.3747125 0.46353906250000004 0.3664234375 0.4166140625 0.35667031250000003 0.34819218749999997 0.35252500000000003 0.3320234375 0.34688281249999997 0.3266328125 0.3430515625 0.327140625 0.3421453125 0.3336078125 0.34423593750000003 0.3546609375 0.351340625 0.409765625 0.34907656249999997 0.41877031249999996 0.3451765625 0.41877031249999996 0.34085624999999997 0.41502812499999997 0.338384375 0.401903125 0.33326406249999996 0.3627140625 0.32911875 0.344959375 0.3249734375 0.33956875000000003 0.32260468750000004 0.342803125 0.3220125 0.349778125 0.32971093749999997 0.42092656249999993 0.33030312500000003 0.44629062499999994 0.3273421875 0.4726703125 0.3282484375 0.48129375 0.3308953125 0.48560625 0.332984375 0.4861765625 0.33859218750000003 0.48452812500000003 0.357471875 0.48865 0.3616859375 0.48883906250000003 0.372065625 0.48941093750000003 0.3747125 0.48833281250000005 0.3764890625 0.48452812500000003 0.3747125 0.46353906250000004
3 0.4127140625 0.4643 0.407384375 0.438428125 0.3938703125 0.3440078125 0.3867640625 0.32656874999999996 0.3825140625 0.32073593749999996 0.375409375 0.3194671875 0.3729359375 0.32523749999999996 0.3722046875 0.332403125 0.375409375 0.381546875 0.375409375 0.4468609375 0.381434375 0.48243437499999997 0.3825140625 0.485034375 0.38394218750000003 0.48630312499999995 0.3946015625 0.4811671875 0.3985015625 0.4772359375 0.400975 0.4772359375 0.40550312499999996 0.48205468749999997 0.40773281250000004 0.48243437499999997 0.4109375 0.4818015625 0.41236562499999996 0.4792015625 0.41306093749999995 0.47336718749999995 0.4127140625 0.4643
3 0.4239296875 0.4005703125 0.4132703125 0.331071875 0.40999687500000004 0.324603125 0.40644375000000005 0.32568125000000003 0.4055734375 0.3283453125 0.405259375 0.3407734375 0.40999687500000004 0.4361453125 0.41030937500000003 0.4792640625 0.41149375 0.48630312499999995 0.41355000000000003 0.49004375 0.41919218750000004 0.491121875 0.43726875 0.48122968750000006 0.439915625 0.4792640625 0.4407875 0.4755234375 0.44050781250000004 0.4701328125 0.43368124999999996 0.4464171875 0.4239296875 0.4005703125
1 0.45823749999999996 0.3494609375 0.4561828125 0.3336078125 0.45360468750000005 0.33176875 0.4495296875 0.33735 0.447475 0.3494609375 0.4411703125 0.44438750000000005 0.43998593750000003 0.481546875 0.4435390625 0.4977171875 0.449459375 0.5052625 0.46011875 0.5007609375000001 0.4635671875 0.49759062500000006 0.46454218750000004 0.4949265625 0.4660390625 0.47831250000000003 0.4633234375 0.44457812499999994 0.45823749999999996 0.3494609375
2 0.4855796875 0.345846875 0.48408281249999996 0.34369062499999997 0.48084218749999996 0.3441984375 0.4793453125 0.3501578125 0.474015625 0.3846546875 0.4704625 0.4498421875 0.4684078125 0.501078125 0.48185312500000005 0.5069125 0.486171875 0.5069125 0.4903171875 0.5075453125 0.4903171875 0.503234375 0.48349062500000006 0.435828125 0.4855796875 0.345846875
2 0.49787499999999996 0.34927031249999996 0.4931375 0.3525046875 0.49167500000000003 0.36220625 0.4907703125 0.388078125 0.4913625 0.455484375 0.4922671875 0.48833281250000005 0.4907703125 0.5055796875 0.5097171875 0.5077359375 0.51149375 0.5077359375 0.5120859375 0.5072296875 0.5120859375 0.5045015625 0.5020203125 0.3660109375 0.49787499999999996 0.34927031249999996
2 0.5296406250000001 0.34819218749999997 0.527865625 0.3422953125 0.525775 0.3433734375 0.5225359375 0.35091875 0.5160218750000001 0.4274578125 0.5142453125 0.45764062499999997 0.5101015624999999 0.5066578125000001 0.5210375 0.5045015625 0.5294328125 0.5062140625 0.5326015625 0.5066578125000001 0.5340640624999999 0.5068484375 0.5305125 0.48243437499999997 0.530825 0.459796875 0.5296406250000001 0.34819218749999997
2 0.540753125 0.3410265625 0.5392546874999999 0.33671562499999996 0.5380703125 0.3383 0.5372 0.34369062499999997 0.5366078125 0.36043125 0.537478125 0.40786249999999996 0.5366078125 0.4617625 0.53483125 0.505390625 0.54845 0.5038046875 0.5525953125 0.503234375 0.555834375 0.5027265625 0.55465 0.4833234375 0.5469515625 0.39327812500000003 0.540753125 0.3410265625
1 0.580946875 0.47190937499999996 0.5756187500000001 0.4331015625 0.5685125 0.33176875 0.56614375 0.3231453125 0.5634625 0.321559375 0.5614078124999999 0.3231453125 0.5590390625 0.33018437500000003 0.557540625 0.349396875 0.558271875 0.40646875 0.556809375 0.456309375 0.558759375 0.4940390625 0.5617203125 0.5012046875 0.57136875 0.503234375 0.5750265625 0.5031703125 0.5779875 0.5005078125 0.5803546875000001 0.4940390625 0.5815390625 0.48484531249999996 0.580946875 0.47190937499999996
3 0.6005578125000001 0.39682968750000003 0.59878125 0.3575140625 0.6058859375 0.3159796875 0.6056078125 0.3116671875 0.6008703125 0.30951249999999997 0.5946359375 0.3138234375 0.5916750000000001 0.326759375 0.588121875 0.35910000000000003 0.5860671875000001 0.4340515625 0.5831062499999999 0.4690546875 0.5842906250000001 0.4755234375 0.5857546874999999 0.47875781249999994 0.58753125 0.48040625 0.5931734375 0.481990625 0.5967265625 0.484146875 0.605015625 0.48345000000000005 0.6079765625 0.479834375 0.6106234374999999 0.4744453125 0.611215625 0.46474374999999996 0.6082203125000001 0.44299375 0.6005578125000001 0.39682968750000003
3 0.6464640625 0.4431828125 0.6478234375 0.3046921875 0.6456984375 0.28395625 0.6400203125 0.28135625000000003 0.6346921875 0.285921875 0.6254265625000001 0.370640625 0.6182515625 0.427775 0.6137937499999999 0.44749531249999996 0.6140375 0.4605578125 0.615534375 0.4740015625 0.6197140625 0.4731140625 0.6239296875 0.47000624999999996 0.628596875 0.47520625 0.6319046875 0.47774218749999997 0.6358406249999999 0.4772984375 0.64200625 0.47146406250000006 0.6447234374999999 0.4643 0.6464640625 0.4431828125
4 0.6921625 0.477996875 0.6921625 0.46182656250000004 0.6901078125 0.4364609375 0.690978125 0.40735625000000003 0.6986765625 0.34914375 0.6963078125 0.344325 0.6915703125 0.341090625 0.687146875 0.343246875 0.6850578125 0.348065625 0.6786828125000001 0.3986046875 0.6755484375 0.415471875 0.67154375 0.4168046875 0.6679906250000001 0.41261875000000003 0.6665625000000001 0.40297968749999996 0.6779515625 0.344325 0.6776734375 0.3324671875 0.6743984375000001 0.3292328125 0.6702546875000001 0.33081875 0.66729375 0.33677812500000004 0.6595953125 0.37501562499999996 0.6447921875 0.47260625 0.64510625 0.47850312500000003 0.647475 0.480659375 0.680634375 0.48478125 0.684778125 0.48662031250000004 0.6877390625 0.4876984375 0.6907 0.487128125 0.6912921875 0.48605 0.6921625 0.477996875
4 0.73646875 0.4565 0.7372 0.4398859375 0.744375 0.3715921875 0.744375 0.3585921875 0.7414140625 0.35142656250000004 0.739671875 0.35003125 0.7372 0.3518703125 0.7354921875 0.3572609375 0.7337515625 0.3765375 0.725009375 0.41724843749999996 0.71884375 0.42695 0.7164406249999999 0.4254921875 0.7158484374999999 0.4164875 0.7165453125 0.4096390625 0.7256015625 0.3644265625 0.7278296875 0.34692500000000004 0.72535625 0.3446421875 0.7241375 0.3455921875 0.7211765625 0.354090625 0.710796875 0.3931515625 0.6991984375 0.44483125 0.692546875 0.45922656249999994 0.6903171875 0.477615625 0.6923015625 0.4861765625 0.69550625 0.49067812499999997 0.70268125 0.4942296875 0.7242421875 0.5011421875 0.7278296875 0.5014578125 0.731278125 0.5009515625 0.7337515625 0.499175 0.73695625 0.48122968750000006 0.73646875 0.4565
4 0.77544375 0.623209375 0.7733546875 0.5509828125 0.7748515625 0.520228125 0.7733546875 0.5072921874999999 0.769209375 0.5013953124999999 0.7647859375 0.5003171875 0.7582718749999999 0.5035515625 0.7538140624999999 0.49866875000000005 0.748484375 0.49651249999999997 0.7440609375 0.49866875000000005 0.7401953125 0.5072921874999999 0.738140625 0.517565625 0.74966875 0.5714640625 0.74966875 0.5870640625 0.750853125 0.5956875 0.757959375 0.625871875 0.7615109375 0.6318328125 0.7636015625 0.6307546875 0.7650640625 0.6280281249999999 0.7650640625 0.62213125 0.7595953125 0.5759671875000001 0.7600140625 0.56911875 0.762034375 0.5651875000000001 0.763775 0.5633484375 0.76534375 0.568928125 0.7695234375 0.623715625 0.7701156250000001 0.6280281249999999 0.7712984374999999 0.630184375 0.7727625 0.6296765625 0.7745390624999999 0.62695 0.77544375 0.623209375
4 0.7196796875 0.6318328125 0.710240625 0.5898546875 0.710971875 0.57951875 0.7134453125 0.58046875 0.7200968750000001 0.588521875 0.728178125 0.630246875 0.731765625 0.64476875 0.73531875 0.6467343750000001 0.73744375 0.6435 0.738871875 0.6383 0.738871875 0.6111609375 0.7370953124999999 0.5703875 0.7314171875000001 0.5231453125 0.728909375 0.51090625 0.7225359375 0.506340625 0.713653125 0.5076734375 0.702646875 0.5166765625 0.693034375 0.5225109375 0.6891328125 0.5322125 0.6902125 0.54388125 0.6941140625 0.56911875 0.7044234375 0.6007609375 0.7163703124999999 0.65611875 0.71933125 0.6609390625 0.7221875 0.6603046875 0.7243125 0.6577046875 0.7246609375 0.6467343750000001 0.7196796875 0.6318328125
3 0.664715625 0.6457828125 0.6693484375 0.61344375 0.6778828125 0.5681671875000001 0.6874609375 0.523525 0.6871125 0.5164234375000001 0.6860328124999999 0.50995625 0.6789265624999999 0.5060875 0.6722046875000001 0.508053125 0.669 0.5112875 0.656565625 0.5060875 0.6519328125 0.5112875 0.649459375 0.53259375 0.651584375 0.5552312500000001 0.65130625 0.6422328125 0.6530125 0.6483828125 0.6562171875 0.6503484375 0.6590390625 0.6503484375 0.6633234375 0.6483828125 0.664715625 0.6457828125
3 0.6406828124999999 0.6650609375000001 0.6436437500000001 0.6601781250000001 0.64510625 0.6532015624999999 0.6468828125 0.6316421875 0.6507484375 0.5486359375000001 0.6543015624999999 0.5146484375 0.6528031249999999 0.5065953125 0.6495640625 0.49904843750000005 0.6436437500000001 0.4968921875 0.6359453125 0.5012046875 0.632984375 0.5065953125 0.6297109375 0.5022828125000001 0.6237890625 0.5001265625 0.619365625 0.502790625 0.616996875 0.5124921875 0.6164046875 0.53785625 0.6217343750000001 0.5755859375 0.6294328124999999 0.6575140625 0.6297109375 0.6596703125000001 0.6320796875 0.6644890625000001 0.6347609375000001 0.6666453125 0.6371296875 0.667215625 0.6406828124999999 0.6650609375000001
1 0.6103796874999999 0.6680406249999999 0.6080109375 0.5554218750000001 0.6115640625000001 0.537603125 0.6115640625000001 0.530628125 0.6112859375 0.5252375 0.6065484375 0.51173125 0.6035874999999999 0.5079906249999999 0.5881921875 0.512809375 0.58523125 0.514965625 0.5819578125 0.5203546875 0.581365625 0.5284718749999999 0.5822703125 0.5408375000000001 0.586415625 0.5683578125000001 0.5917453125 0.6104 0.59860625 0.6760296875 0.5994421875 0.6809765624999999 0.60090625 0.6831328125 0.6053640625 0.6831328125 0.6101015624999999 0.6766640625 0.6103796874999999 0.6680406249999999
2 0.5719953125 0.6805328125 0.575234375 0.5651875000000001 0.577325 0.5388078125 0.5761406250000001 0.525871875 0.5583765625 0.5253015624999999 0.5494953125 0.52910625 0.5500875 0.5441984375 0.557471875 0.6083062499999999 0.56273125 0.6797078125 0.5631140625 0.6843375 0.564890625 0.688078125 0.566075 0.688078125 0.57021875 0.685415625 0.5719953125 0.6805328125
2 0.5432953125 0.6883953125 0.54625625 0.6840843750000001 0.5480328125 0.67869375 0.5480328125 0.6603671875 0.5459765625 0.5881421875 0.5471609374999999 0.5558015625 0.5471609374999999 0.527775 0.5288046875 0.5310078125000001 0.5151859375 0.5299296874999999 0.5163703125 0.5455296875 0.5228843750000001 0.6 0.5315921875 0.65865625 0.5326359375 0.6636015625 0.53531875 0.6824343749999999 0.5382796875 0.6889031250000001 0.54151875 0.6894734375 0.5432953125 0.6883953125
2 0.48390781250000003 0.69518125 0.486590625 0.694103125 0.4889578125 0.689790625 0.49547187499999995 0.6547234375000001 0.5075937500000001 0.536715625 0.48035468750000004 0.5307546875 0.47593125000000003 0.532403125 0.47533906249999996 0.534559375 0.478578125 0.5792640625 0.479484375 0.6116046875000001 0.47837031249999995 0.6610015625 0.47830000000000006 0.664996875 0.47798749999999995 0.676284375 0.4791703125 0.6902984375 0.4815390625 0.694609375 0.48390781250000003 0.69518125
2 0.46140781249999996 0.6823718750000001 0.46485468750000003 0.673303125 0.4690703125 0.5974640625000001 0.4727625 0.5619531249999999 0.47398125 0.533228125 0.457228125 0.5251750000000001 0.45054062500000003 0.528725 0.44684843750000003 0.533228125 0.44587187500000003 0.5471781250000001 0.44956406250000003 0.5776796875 0.45684375 0.6683578125 0.4569484375 0.6729234374999999 0.4569484375 0.6760937499999999 0.45844687500000003 0.6814843749999999 0.459421875 0.6823718750000001 0.46140781249999996 0.6823718750000001
1 0.4206890625 0.6820546875 0.42814375 0.6477484375 0.441309375 0.5455921874999999 0.441309375 0.533290625 0.4395328125 0.5209890625 0.434553125 0.5132531250000001 0.42922343749999997 0.5112875 0.41570937499999994 0.5151546875 0.4107625 0.5261890625000001 0.409334375 0.54039375 0.41215624999999995 0.5546609375 0.41288749999999996 0.568865625 0.41288749999999996 0.6070390625 0.409334375 0.6846546874999999 0.409334375 0.68915625 0.41180781250000004 0.691121875 0.41431562499999997 0.691121875 0.41786874999999996 0.68915625 0.4206890625 0.6820546875
3 0.3964125 0.6104625 0.40261250000000004 0.5544078125 0.4058859375 0.535003125 0.4058859375 0.5253015624999999 0.40498124999999996 0.5188328125 0.40115 0.5097015625 0.3937296875 0.505390625 0.38279375 0.5112875 0.3739109375 0.5177546875 0.37272656249999997 0.523715625 0.375375 0.5431203124999999 0.3798328125 0.5603671875 0.383071875 0.5883953125 0.3833859375 0.6298671875 0.38230624999999996 0.6603671875 0.38220156250000004 0.668675 0.3845703125 0.6714015625 0.38753125 0.67083125 0.38958593750000003 0.665440625 0.3964125 0.6104625
4 0.333646875 0.649334375 0.33793125 0.6234625 0.3436078125 0.54908125 0.3436078125 0.5212421875000001 0.3372 0.5186437500000001 0.3180421875 0.518009375 0.3056078125 0.5212421875000001 0.30383125 0.5251109375 0.30383125 0.5303109375 0.3041796875 0.545846875 0.3070015625 0.57431875 0.306653125 0.5943562499999999 0.3013234375 0.6363984375 0.3013234375 0.6441343749999999 0.3034484375 0.6467343750000001 0.306653125 0.6467343750000001 0.31020625 0.6389984375 0.3171015625 0.5974 0.32156093750000003 0.58605 0.324834375 0.5854781250000001 0.3287703125 0.5930875 0.3268546875 0.6448953125 0.326540625 0.64996875 0.326925 0.6532015624999999 0.329396875 0.6538359375 0.3318703125 0.65256875 0.333646875 0.649334375
4 0.2740515625 0.6448953125 0.29240625 0.567215625 0.2977359375 0.5516171875 0.2977359375 0.5435 0.294775 0.5208625 0.289759375 0.5160437499999999 0.2793796875 0.5171218750000001 0.2613375 0.5235890624999999 0.259246875 0.5284078125 0.259246875 0.5451484375 0.26370625 0.5742546875000001 0.2607453125 0.6529484375 0.261615625 0.655675 0.26370625 0.6551046875 0.26576093749999996 0.6513640625 0.2675375 0.6427390625 0.2726921875 0.5822453125 0.276175 0.5747625000000001 0.2771859375 0.5747625000000001 0.27885781249999997 0.575903125 0.2793796875 0.5790734375000001 0.2719953125 0.634115625 0.27168281250000004 0.6357 0.26990625 0.6470515625 0.26990625 0.652440625 0.2719953125 0.6513640625 0.2740515625 0.6448953125
