4 0.81860625 0.530340625 0.8119156249999999 0.51504375 0.80648125 0.4948171875 0.8018124999999999 0.48495625000000003 0.795121875 0.479140625 0.79115 0.48002500000000003 0.7879437499999999 0.48495625000000003 0.7852265625 0.4970921875 0.7779796875 0.4984828125 0.7745640625 0.5015171875 0.77205625 0.5176984375 0.765365625 0.5262953125000001 0.7624390625 0.5402015625 0.76418125 0.549178125 0.7713593750000001 0.5630843750000001 0.7975609375 0.5838171875 0.7891296875 0.5518328125 0.7901734375 0.5486718749999999 0.8047390625 0.528571875 0.81860625 0.530340625
4 0.778396875 0.620228125 0.7786765625000001 0.6279390625 0.7756796875 0.641340625 0.78041875 0.63059375 0.7826484375 0.6189640625 0.774215625 0.5848296875 0.761115625 0.545765625 0.7450171875 0.48647343750000005 0.7340765625000001 0.4787609375 0.72745625 0.4787609375 0.7224390625 0.48508281249999996 0.72 0.5017703124999999 0.71254375 0.503034375 0.7068984375 0.5070796875 0.70139375 0.5223765625000001 0.6994421875 0.530846875 0.6994421875 0.53716875 0.7024390625 0.5470296875 0.711359375 0.559671875 0.7222296874999999 0.5690265625 0.74794375 0.6045515625 0.7618125 0.618078125 0.7670390625 0.6261687499999999 0.76878125 0.6261687499999999 0.769546875 0.6189640625 0.7673171875 0.6103671875 0.7462718749999999 0.5767390625 0.74599375 0.5704171875 0.742996875 0.5619468750000001 0.74599375 0.5637171875 0.7477359375 0.5646015625 0.75958125 0.5776234375 0.778396875 0.620228125
4 0.7257140625 0.6638437500000001 0.7328921875 0.6823015625 0.7338671875 0.681415625 0.73484375 0.667003125 0.708084375 0.5811625 0.705853125 0.5420984375 0.7024390625 0.5295828124999999 0.6959578125 0.52503125 0.689546875 0.533121875 0.6781875 0.524146875 0.6749125 0.526421875 0.67024375 0.5448796875 0.66878125 0.545259375 0.666271875 0.5412140625 0.6637625 0.545259375 0.6549125 0.5426046875 0.6524046875 0.5551203124999999 0.6526828124999999 0.5619468750000001 0.6598609375 0.5874843750000001 0.6726828125 0.6082171875 0.6860625 0.6490515625 0.6979796875 0.6745890625000001 0.70515625 0.6876109375 0.7101046875 0.6921625 0.716515625 0.6912765624999999 0.7177703125 0.688115625 0.7158187500000001 0.6809109375 0.7064109375000001 0.6664984375 0.6977 0.64728125 0.6947734375 0.625284375 0.6952609375 0.6198484375 0.6972125 0.61719375 0.6999296875 0.6163078125 0.7142859374999999 0.6400765625 0.7257140625 0.6638437500000001
3 0.6273875 0.6112515625 0.6280140624999999 0.63059375 0.6473171875 0.68394375 0.6671781250000001 0.7286984375000001 0.6710796875 0.729203125 0.67254375 0.713653125 0.670453125 0.6737046875 0.6645296875 0.6003796875 0.660696875 0.5884953125 0.6562375 0.5831859374999999 0.653240625 0.5767390625 0.6505921875 0.567509375 0.6475953125 0.5680156249999999 0.6428578125 0.5750953125 0.6404875 0.5820484375 0.6347031249999999 0.5792671875 0.6312890624999999 0.5788875 0.628571875 0.57939375 0.6273875 0.6112515625
3 0.605575 0.58166875 0.5993031249999999 0.5831859374999999 0.5978390625000001 0.5912765624999999 0.592821875 0.60050625 0.592821875 0.6096078125 0.5963765624999999 0.6198484375 0.602578125 0.6479140625 0.6177703125 0.7346390625 0.6213234375 0.7412140625 0.6231359375000001 0.7346390625 0.6243203125 0.715803125 0.623971875 0.5934265625 0.6210453125 0.5859671875 0.6171421875 0.5831859374999999 0.605575 0.58166875
1 0.571428125 0.70720625 0.5806265625 0.7465234374999999 0.58655 0.754109375 0.5910109375 0.7395703124999999 0.5984671875 0.680784375 0.596934375 0.6376734374999999 0.5924734375 0.6021484375 0.587178125 0.5735781249999999 0.5770734375 0.5643484375 0.5684328125 0.5843234374999999 0.5666203125 0.5897593750000001 0.563971875 0.623640625 0.571428125 0.70720625
2 0.5449484375 0.5897593750000001 0.5431359375 0.6905187500000001 0.545853125 0.7099875 0.54878125 0.7061953125 0.5553312499999999 0.6910234375 0.5701734375 0.6166875 0.5717078124999999 0.5962078125 0.5701734375 0.590771875 0.5621609375000001 0.58166875 0.5571421875 0.57838125 0.5496859374999999 0.57838125 0.5475953125 0.5795203124999999 0.545853125 0.5826796875 0.5449484375 0.5897593750000001
2 0.519721875 0.5983562499999999 0.5238328125 0.6506953125 0.5265500000000001 0.70885 0.5291984375000001 0.7121359375 0.5321953125000001 0.7115046875 0.5345640625 0.7050562499999999 0.5404875 0.643615625 0.54466875 0.571934375 0.5229265625 0.569784375 0.5205578125 0.569784375 0.5185359375 0.5757265625 0.519721875 0.5983562499999999
2 0.49839687499999996 0.7151703125 0.501671875 0.7211125 0.5043203125 0.7217453125 0.5061328125 0.7184578125 0.5078750000000001 0.7087234375 0.5117765624999999 0.6565109375 0.5218125 0.5820484375 0.5073171875 0.57939375 0.4992328125 0.5745890625000001 0.4968640625 0.5767390625 0.4956796875 0.695321875 0.49839687499999996 0.7151703125
2 0.46564531249999996 0.5790140625 0.4677359375 0.60050625 0.46682968750000003 0.6561312499999999 0.4680140625 0.6975984375000001 0.4703828125 0.7035390625 0.476028125 0.7045515625000001 0.47902500000000003 0.7024015625 0.482578125 0.68836875 0.493240625 0.62161875 0.49386718749999997 0.5940578125 0.49386718749999997 0.5790140625 0.4926828125 0.5768640625 0.48466875 0.573071875 0.47665468750000006 0.5654874999999999 0.47337968750000003 0.56611875 0.46682968750000003 0.5709234375000001 0.46564531249999996 0.5790140625
1 0.443065625 0.5773703125 0.4358890625 0.5946906249999999 0.4261328125 0.6388109375 0.41630625 0.72616875 0.417490625 0.7309734375 0.42731718750000003 0.716940625 0.4424390625 0.684703125 0.4614640625 0.6312265625 0.46473906249999997 0.6123890624999999 0.463275 0.5940578125 0.458815625 0.5716812499999999 0.45672499999999994 0.5687734375 0.45345 0.5692796875 0.443065625 0.5773703125
3 0.390940625 0.7165609374999999 0.3929609375 0.7208593750000001 0.3962375 0.720228125 0.4060625 0.702528125 0.42418125 0.6265484375 0.43254374999999995 0.5973453125 0.43191562499999997 0.5811625 0.430453125 0.575853125 0.42808437499999996 0.574209375 0.423903125 0.576359375 0.42000000000000004 0.574209375 0.415609375 0.56826875 0.409965625 0.572565625 0.40278749999999997 0.574209375 0.3992328125 0.5785078125 0.3977703125 0.5817953124999999 0.3950515625 0.6070796875 0.390940625 0.7165609374999999
3 0.3570734375 0.5613140624999999 0.3417421875 0.6402015624999999 0.33247343749999997 0.6970921875 0.3246 0.715296875 0.3442515625 0.699746875 0.3912890625 0.605309375 0.39735156250000003 0.57939375 0.3959578125 0.5748421875 0.38878124999999997 0.5671296875 0.386690625 0.5573953125 0.383065625 0.550315625 0.378815625 0.5484203125 0.36815312499999997 0.55613125 0.3631359375 0.5522125 0.360278125 0.5515796875000001 0.3592328125 0.5522125 0.3570734375 0.5613140624999999
4 0.294634375 0.6787609375 0.29581875 0.6868515625 0.29909375 0.685840625 0.3089203125 0.6766125 0.321115625 0.6589125 0.3326828125 0.612009375 0.3413234375 0.5887484374999999 0.3540765625 0.5667515625 0.35881562499999997 0.548925 0.36 0.5370421875 0.35763124999999996 0.5268015625 0.3540765625 0.523640625 0.33860625 0.52895 0.3303140625 0.5084703125 0.31811875 0.5165609375 0.3163765625 0.5165609375 0.3103828125 0.5101140625 0.305365625 0.5149171875 0.302090625 0.520859375 0.30090625000000004 0.52945625 0.2994421875 0.57105 0.295540625 0.5877375 0.273240625 0.6599234375 0.27205625 0.6653609375 0.2729609375 0.6701640624999999 0.27533124999999997 0.6723140625 0.27860625 0.6701640624999999 0.2884328125 0.650315625 0.29707343750000004 0.62225 0.30445937500000003 0.60606875 0.30745625 0.6034140625 0.3112890625 0.6034140625 0.3166546875 0.6077125 0.3178390625 0.6098609374999999 0.3110109375 0.6384328125 0.294634375 0.6787609375
4 0.2343546875 0.6001265625000001 0.2298953125 0.612515625 0.22961718750000001 0.6201015625 0.23135937499999998 0.6281921875 0.236096875 0.631353125 0.24264843749999998 0.614665625 0.27149843749999997 0.5737046875 0.2792328125 0.559671875 0.2964453125 0.5434890625000001 0.30445937500000003 0.5279390625 0.3071078125 0.51605625 0.3056453125 0.51276875 0.3071078125 0.5068265625 0.296725 0.5003796875 0.29498281249999997 0.49013906250000006 0.288153125 0.4896328125 0.28515625 0.47775 0.2792328125 0.4810359375 0.2756796875 0.468646875 0.2691296875 0.467509375 0.25958125 0.47345156250000003 0.2533796875 0.486346875 0.24745625000000002 0.5144124999999999 0.23526093750000002 0.548925 0.2287109375 0.5731984375 0.22752656249999997 0.58394375 0.2310796875 0.5903921875 0.2322640625 0.5903921875 0.2349125 0.5877375 0.24536562499999998 0.5651078125 0.2506625 0.5575218750000001 0.2566546875 0.5532234375 0.2596515625 0.557775 0.25958125 0.560809375 0.252753125 0.5753484375 0.2343546875 0.6001265625000001
4 0.2026484375 0.533375 0.21094062500000002 0.53615625 0.21275312500000002 0.5393171875 0.2124734375 0.544753125 0.2059234375 0.5549937500000001 0.198815625 0.5721875 0.192821875 0.581415625 0.20710781250000002 0.5728187499999999 0.23177656249999998 0.55284375 0.23797968749999998 0.5398234375000001 0.2391640625 0.5302156250000001 0.2391640625 0.5231359375 0.23769999999999997 0.5166875 0.23442500000000002 0.5135265625 0.22878125 0.511884375 0.2282234375 0.4978515625 0.22669062499999998 0.493046875 0.2243203125 0.4892546875 0.218396875 0.491909375 0.21721249999999998 0.4833125 0.2124734375 0.469784375 0.203275 0.475221875 0.193728125 0.488115625 0.1854359375 0.5161828125000001 0.177421875 0.5295828124999999 0.192334375 0.52225 0.1949125 0.5209859375 0.1996515625 0.5226296875 0.2026484375 0.533375
4 0.241603125 0.27395625 0.238396875 0.286978125 0.2387453125 0.2959546875 0.24801406250000002 0.304425 0.249478125 0.314790625 0.2526828125 0.319215625 0.256934375 0.319975 0.2579796875 0.33160625 0.262996875 0.3353984375 0.26975625000000003 0.3335015625 0.27581875 0.326421875 0.28188124999999997 0.2998734375 0.2868984375 0.2487984375 0.285853125 0.24298281249999998 0.284390625 0.24235156249999998 0.282578125 0.2565109375 0.2779796875 0.27395625 0.27442500000000003 0.2811625 0.2701046875 0.2855875 0.26696875000000003 0.244753125 0.26655 0.240328125 0.256934375 0.255246875 0.241603125 0.27395625
4 0.287246875 0.28723125 0.2862015625 0.296965625 0.2779796875 0.33388125 0.26655 0.34943124999999997 0.25554062499999997 0.3745890625 0.2551921875 0.39721875 0.2612546875 0.406321875 0.2662015625 0.40505625 0.2708703125 0.4231359375 0.281184375 0.42958281249999997 0.290453125 0.42831875 0.2936578125 0.422503125 0.3050875 0.3610625 0.3082921875 0.3544875 0.31115 0.3415921875 0.3114984375 0.31125156249999997 0.30794375 0.28533437500000003 0.30257812500000003 0.26599218750000003 0.301184375 0.3144125 0.299721875 0.33059375 0.29790937500000003 0.3332484375 0.29400624999999997 0.3332484375 0.29226406250000003 0.3286984375 0.29254375 0.26763593750000003 0.29121874999999997 0.2520859375 0.28794375 0.2407078125 0.287246875 0.28723125
4 0.3312890625 0.3646015625 0.32745625 0.3662453125 0.3259234375 0.358659375 0.3259234375 0.3446265625 0.328640625 0.3101140625 0.3277359375 0.30101093749999996 0.3247390625 0.3015171875 0.32090625 0.3079640625 0.31345 0.36788906250000003 0.2992328125 0.40391875 0.29623750000000004 0.42123906250000004 0.29623750000000004 0.4314796875 0.30543593750000003 0.45726875 0.31107968750000003 0.454109375 0.315540625 0.4481671875 0.317909375 0.4498109375 0.31972187500000004 0.4567640625 0.32299687499999996 0.46270468749999993 0.32655 0.4653609375 0.342578125 0.4610625 0.34794375 0.414159375 0.345575 0.3931734375 0.3449484375 0.31555 0.343484375 0.30758593749999996 0.33484375 0.307459375 0.3331015625 0.31125156249999997 0.3339375 0.3522125 0.3312890625 0.3646015625
3 0.35909375 0.3890015625 0.349478125 0.42389374999999996 0.3459234375 0.44652343749999995 0.3452265625 0.4606828125 0.34696875 0.47104999999999997 0.3526828125 0.4826796875 0.3577 0.4859671875 0.3701734375 0.48204843750000004 0.3758890625 0.45941875000000004 0.38153281250000004 0.36826875000000003 0.3826484375 0.33008906250000003 0.37909375 0.31390625 0.371915625 0.31074531250000004 0.367665625 0.3145390625 0.367665625 0.31972187500000004 0.3662015625 0.35335 0.35909375 0.3890015625
3 0.3735890625 0.467509375 0.3735890625 0.4804046875 0.37853593750000003 0.4992421875 0.3846 0.5011375 0.4049484375 0.483059375 0.40850156249999997 0.4701640625 0.41101093750000006 0.4448796875 0.4103140625 0.3633375 0.40599375000000004 0.32528437499999996 0.40320625000000004 0.32528437499999996 0.3835546875 0.43135312499999995 0.3735890625 0.467509375
1 0.419721875 0.2993671875 0.41456406250000005 0.340328125 0.4049484375 0.47939375 0.40675937500000003 0.5046781250000001 0.41742187499999994 0.52275625 0.4213234375 0.52275625 0.42954687500000005 0.5156765625 0.43421562500000005 0.5059421875 0.4366546875 0.48723124999999995 0.4377703125 0.465865625 0.43024375 0.370796875 0.4270390625 0.29115 0.4249484375 0.286725 0.4227875 0.286725 0.419721875 0.2993671875
2 0.463275 0.334134375 0.45254374999999997 0.393553125 0.44007031249999995 0.48217499999999996 0.4408359375 0.500253125 0.445784375 0.5099875 0.45435468749999997 0.5151703125 0.4661328125 0.5170671875 0.46898906250000005 0.507459375 0.46648125 0.4446265625 0.470034375 0.398103125 0.4728921875 0.3262953125 0.46933749999999996 0.2933 0.465784375 0.2862203125 0.4614640625 0.2829328125 0.45825781250000003 0.2843234375 0.4618125 0.30050625000000003 0.463275 0.334134375
2 0.48 0.298103125 0.476096875 0.348546875 0.4728921875 0.44943125000000006 0.47219531249999996 0.506446875 0.47428593750000003 0.5212390625000001 0.48432031249999996 0.5270546875 0.505365625 0.5212390625000001 0.5096171875 0.5154234375 0.497490625 0.3912765625 0.485784375 0.30227499999999996 0.48432031249999996 0.29557500000000003 0.48320625 0.28900156250000003 0.48 0.298103125
2 0.5236234375000001 0.326675 0.5188843750000001 0.3343875 0.513309375 0.37863437499999997 0.5077359375 0.4834390625 0.5077359375 0.5214921875 0.5287109375 0.5299625 0.535540625 0.525284375 0.540278125 0.5059421875 0.5420203124999999 0.46017656249999994 0.53254375 0.3343875 0.5317078125 0.3304671875 0.527875 0.326675 0.5236234375000001 0.326675
2 0.5526828125 0.33388125 0.5501046875 0.3378 0.5484328125 0.34399531250000004 0.5454359375 0.4759796875 0.5424390625 0.51163125 0.546690625 0.5194687499999999 0.554425 0.5217453125 0.5655046875 0.5147906250000001 0.5689203125 0.5031609375 0.5698265625000001 0.4611890625 0.5560968749999999 0.34298281249999996 0.5552609375 0.3370421875 0.5539375 0.333121875 0.5526828125 0.33388125
1 0.5772125 0.36725625 0.57254375 0.4929203125 0.5750515625 0.5107453125 0.580209375 0.5232609375 0.585784375 0.532490625 0.595609375 0.517825 0.6003484375 0.49987343749999996 0.601184375 0.4704171875 0.5981875 0.4051828125 0.59303125 0.3462703125 0.5875265625 0.30353906249999996 0.5849484375 0.3020234375 0.5815328125 0.31049375 0.5772125 0.36725625
3 0.6037625 0.3123890625 0.6007671875 0.3123890625 0.5999296875 0.314790625 0.601603125 0.34500625 0.6007671875 0.49089687499999995 0.60418125 0.502528125 0.6084328125 0.5087234375 0.612753125 0.506446875 0.6161671875 0.500253125 0.622996875 0.5096078125 0.6324046875 0.48470312499999996 0.617003125 0.3900125 0.6101734375000001 0.3286984375 0.6093375 0.32402031249999996 0.6063421875 0.31555 0.6037625 0.3123890625
3 0.6330312499999999 0.31251562499999996 0.6301734375 0.32035468749999996 0.6287812500000001 0.36169375000000004 0.6316375 0.43160625 0.6305921875 0.48204843750000004 0.6333796875 0.4884953125 0.6412546875 0.498103125 0.6473171875 0.497471875 0.6597906250000001 0.48065781249999995 0.6597906250000001 0.4748421875 0.6579796875 0.4567640625 0.653728125 0.44386875000000003 0.6459234375 0.40505625 0.638396875 0.3195953125 0.6380484375 0.3170671875 0.637003125 0.31377968749999996 0.6330312499999999 0.31251562499999996
4 0.6599999999999999 0.40328749999999997 0.6564453125 0.4231359375 0.65581875 0.45170625 0.657003125 0.465234375 0.65909375 0.471175 0.6629265625 0.47433593749999997 0.6766546875 0.481415625 0.679303125 0.47812968749999996 0.6861328125 0.461440625 0.68794375 0.461440625 0.6959578125 0.46953281249999995 0.6992328125 0.4640953125 0.7027875 0.45170625 0.7027875 0.4409609375 0.700975 0.428571875 0.6908703125 0.388621875 0.6867593750000001 0.3659921875 0.669478125 0.32351406250000003 0.676934375 0.369784375 0.6766546875 0.37686406250000004 0.67484375 0.38116249999999996 0.668571875 0.380025 0.6617421875 0.32932968749999997 0.659721875 0.32932968749999997 0.658815625 0.37408281250000003 0.6599999999999999 0.40328749999999997
4 0.71860625 0.3700375 0.71860625 0.37901406249999997 0.714146875 0.38445 0.7106625 0.386725 0.7089203125 0.385840625 0.7057140625 0.37408281250000003 0.6977703125 0.33008906250000003 0.6943546875 0.3026546875 0.6908703125 0.32060625 0.68885 0.35170625 0.69484375 0.383565625 0.6975609375 0.4203546875 0.7052265625 0.43565156250000003 0.7106625 0.4432359375 0.715121875 0.4451328125 0.7200703125000001 0.444121875 0.7235546875 0.4374203125 0.72878125 0.4189640625 0.7324734375 0.42174531249999997 0.7381875 0.4221234375 0.74236875 0.418584375 0.7431359375000001 0.4001265625 0.738884375 0.3817953125 0.7210453125 0.33957031249999997 0.7094078125000001 0.3188375 0.7021609375 0.3117578125 0.697490625 0.2975984375 0.69533125 0.2924140625 0.69679375 0.3089765625 0.71860625 0.3700375
4 0.729478125 0.2740828125 0.722090625 0.28331249999999997 0.7176312499999999 0.2806578125 0.712821875 0.2671296875 0.71400625 0.253096875 0.7087109375 0.2633375 0.7063421875 0.27787656250000003 0.7068984375 0.291403125 0.7101734375000001 0.309228125 0.717909375 0.328571875 0.7235546875 0.33716875 0.7277359375 0.34045468749999996 0.7312890624999999 0.3388109375 0.73303125 0.33501875000000003 0.73484375 0.3237671875 0.741671875 0.32161875 0.74466875 0.31732031250000003 0.7473171875 0.30707968750000003 0.7526828125 0.3026546875 0.7579796875 0.30328750000000004 0.7579796875 0.29355312499999997 0.7547734375 0.2795203125 0.741671875 0.254740625 0.7329609375 0.2439953125 0.72794375 0.2477875 0.7303828125 0.2692796875 0.729478125 0.2740828125
