3 0.38181875 0.537221875 0.3871828125 0.537221875 0.391884375 0.5218765624999999 0.3957859375 0.47545937499999996 0.394565625 0.4522515625 0.390875 0.429803125 0.384709375 0.40393125 0.378334375 0.3863671875 0.374225 0.3792640625 0.3688609375 0.3882046875 0.36495937500000003 0.3979703125 0.36516875 0.4151546875 0.36743281250000004 0.4421046875 0.36865156250000003 0.47431875 0.3684078125 0.509575 0.3688609375 0.519975 0.3752 0.5316421874999999 0.38181875 0.537221875
3 0.4058515625 0.5414078124999999 0.4132703125 0.5353203125 0.419784375 0.52561875 0.4218390625 0.4657578125 0.41919218750000004 0.4318328125 0.41236562499999996 0.40646875 0.40881249999999997 0.3833234375 0.40644375000000005 0.3779328125 0.40289062500000006 0.3902984375 0.40024375 0.4226375 0.399059375 0.45066562499999996 0.39609843749999996 0.466328125 0.3946015625 0.49435624999999994 0.39230156250000003 0.5212421875000001 0.39223281249999997 0.5213062500000001 0.3987453125 0.535828125 0.4058515625 0.5414078124999999
1 0.4321140625 0.5506656249999999 0.437721875 0.55174375 0.4433640625 0.5447046875 0.449878125 0.514521875 0.452246875 0.4983515625 0.452246875 0.44717812500000004 0.449878125 0.40944843750000004 0.44395625 0.3824984375 0.43831406250000005 0.36309375 0.4347609375 0.36036718749999996 0.4285609375 0.3700703125 0.4256015625 0.3835765625 0.42500937499999997 0.40887812500000004 0.4220484375 0.478440625 0.421490625 0.524159375 0.42145625000000003 0.5242234375 0.42765624999999996 0.5431203124999999 0.4321140625 0.5506656249999999
2 0.4518640625 0.5535828125 0.46224375 0.5573875 0.4690359375 0.554153125 0.471403125 0.5390609375000001 0.47467812499999995 0.48027968750000005 0.473771875 0.4657578125 0.4755484375 0.4441984375 0.47614062500000004 0.41559999999999997 0.47349375 0.40215625 0.471403125 0.381103125 0.4663875 0.3724796875 0.46342812499999997 0.3805953125 0.462521875 0.39784375 0.4580984375 0.42530156249999995 0.4548234375 0.45497812499999996 0.45217656249999993 0.498096875 0.44865937499999997 0.5226375 0.44862343750000006 0.5228921875 0.4494953125 0.5455296875 0.4518640625 0.5535828125
2 0.49181406250000004 0.561128125 0.500696875 0.5588453125 0.5024031250000001 0.5435640625 0.501184375 0.518009375 0.4977359375 0.48522499999999996 0.4972484375 0.43088125 0.49501875 0.411096875 0.4942875 0.397146875 0.49125781249999995 0.38744375 0.483559375 0.37989843749999996 0.48000625 0.3944828125 0.47795156250000004 0.41762812499999996 0.4758625 0.45269531250000006 0.476175 0.47907343750000003 0.47854374999999993 0.48826875000000003 0.47499062500000006 0.53081875 0.47502656249999997 0.5551046875 0.47502656249999997 0.5552953125 0.479728125 0.561128125 0.49181406250000004 0.561128125
2 0.5236500000000001 0.5605578125 0.5304078125 0.5579578125 0.5325328125000001 0.5405203125 0.532184375 0.5114140625 0.530059375 0.4881421875 0.5311390625 0.4648703125 0.532184375 0.4182625 0.5343093750000001 0.4014578125 0.5304078125 0.391121875 0.5250781250000001 0.391121875 0.5208296875 0.4053265625 0.509090625 0.474571875 0.5080453125 0.4939765625 0.5062703125 0.5062140625 0.504284375 0.5552953125 0.504109375 0.5554218750000001 0.5122953125 0.5605578125 0.5236500000000001 0.5605578125
2 0.55130625 0.5532015625 0.556321875 0.5526953125 0.559003125 0.5311343749999999 0.5504 0.4233359375 0.5483453125 0.40716562500000003 0.5444796875 0.39854218750000003 0.5406484375 0.4055171875 0.5373734375 0.43570000000000003 0.53531875 0.53868125 0.53531875 0.54996875 0.5359453125 0.5562453125 0.5359109375 0.5564359375000001 0.5438875000000001 0.5575140625 0.55130625 0.5532015625
1 0.5819234375 0.5385546875 0.5842906250000001 0.52828125 0.5860671875000001 0.506721875 0.586346875 0.473303125 0.5851625 0.4512359375 0.586346875 0.42479374999999997 0.585475 0.398921875 0.5872515625 0.3833234375 0.5831062499999999 0.3655046875 0.580425 0.364996875 0.57659375 0.369815625 0.570671875 0.39194687500000003 0.5647515624999999 0.42536406250000003 0.558515625 0.495434375 0.5579234375000001 0.5105265625000001 0.5599093749999999 0.5316421874999999 0.56534375 0.5509828125 0.56534375 0.55091875 0.5760015625 0.551490625 0.5819234375 0.5385546875
3 0.60808125 0.5370953125 0.6113203125 0.5249843750000001 0.60595625 0.5045015625 0.60710625 0.463475 0.60710625 0.43512968750000003 0.6058859375 0.4140140625 0.6036578125000001 0.390678125 0.5972484375 0.3794546875 0.5913265625 0.3848453125 0.5890984375 0.39784375 0.58638125 0.40773593750000003 0.58540625 0.4320234375 0.58491875 0.5187062499999999 0.5853703125 0.5249203125 0.58540625 0.5249843750000001 0.600209375 0.54476875 0.60808125 0.5370953125
3 0.6077671875 0.51255625 0.611215625 0.521496875 0.6152562500000001 0.524603125 0.6198890625 0.53215 0.625775 0.5318328125 0.632671875 0.5268859375 0.63416875 0.5166140625 0.631940625 0.5053265625 0.632184375 0.48738125 0.6366421875 0.452821875 0.6363984375 0.440646875 0.632428125 0.40247343750000003 0.6284921875 0.3899171875 0.6248 0.384528125 0.6208296875 0.3908046875 0.6171375 0.43170624999999996 0.611703125 0.4681046875 0.6080453125 0.48186406249999997 0.6080109375 0.481990625 0.606025 0.4959421875 0.6077671875 0.51255625
4 0.2564609375 0.5358906250000001 0.24705625000000003 0.5405828125000001 0.2419359375 0.5499046875 0.23726875 0.5662015625000001 0.2283171875 0.5918203125 0.221490625 0.60653125 0.21125 0.6197203124999999 0.20783749999999998 0.6290421875 0.2061296875 0.6461 0.20741874999999999 0.6577671875 0.21678906250000002 0.65003125 0.22319687500000002 0.6352562500000001 0.23343750000000002 0.62828125 0.2385234375 0.6313890625 0.22319687500000002 0.660875 0.2206203125 0.6694359375000001 0.2202015625 0.6694359375000001 0.219784375 0.6779328125 0.2283171875 0.6802796875 0.2381046875 0.6755859375 0.24747499999999997 0.6601140625 0.25430156249999997 0.64299375 0.262 0.6275203125 0.2704984375 0.6166140625 0.2760703125 0.6072921874999999 0.28115625 0.601078125 0.2845703125 0.583259375 0.2841515625 0.5677234375 0.281609375 0.5568796875 0.2743640625 0.5552953125 0.2676765625 0.5582125 0.2643328125 0.561509375 0.262521875 0.5609390624999999 0.2624171875 0.5607484375 0.2624171875 0.5452125 0.2564609375 0.5358906250000001
4 0.3006265625 0.5506656249999999 0.2929296875 0.5599875 0.287390625 0.5739375 0.28314218750000003 0.597209375 0.27931093749999997 0.62828125 0.2750265625 0.6468609375 0.2711953125 0.6686109375 0.2711953125 0.6755859375 0.2750265625 0.691121875 0.281434375 0.6833859375 0.2861375 0.6655046875 0.2938 0.6507921875 0.3006265625 0.64996875 0.29975625 0.6686109375 0.285684375 0.6918828125 0.28697343750000004 0.7066578125 0.2886796875 0.7081796875 0.2993375 0.702790625 0.3112859375 0.6887765625 0.319784375 0.6561828125 0.32661093750000003 0.6329109374999999 0.3313125 0.6220671875 0.33601562500000004 0.608878125 0.33601562500000004 0.5894734374999999 0.3326015625 0.575459375 0.3283171875 0.5684843749999999 0.3202375 0.5669625 0.31682343749999997 0.564615625 0.31469843750000004 0.5599875 0.3142453125 0.557640625 0.309125 0.5537734375000001 0.3006265625 0.5506656249999999
4 0.3628 0.5750796874999999 0.3560078125 0.568865625 0.34064843749999996 0.5696265625 0.33723437500000003 0.5797078124999999 0.3363984375 0.5952437500000001 0.33723437500000003 0.6254921875 0.331696875 0.6526953125 0.32145625 0.7109062500000001 0.3201671875 0.7209890624999999 0.3231625 0.7318328125 0.32615781250000003 0.7334171875 0.3325328125 0.7163609375 0.33981249999999996 0.684528125 0.347475 0.66823125 0.35472031249999997 0.66125625 0.36067499999999997 0.67520625 0.35855156250000003 0.69613125 0.3538484375 0.71864375 0.3517234375 0.736525 0.35896875 0.7349390625 0.369209375 0.7109062500000001 0.3777421875 0.6573234375 0.381575 0.64648125 0.3845703125 0.62473125 0.3858234375 0.578946875 0.3841171875 0.5773625 0.3841171875 0.5774250000000001 0.3743296875 0.5727328125 0.3628 0.5750796874999999
3 0.4004875 0.5726703125 0.396934375 0.5786296875 0.3954375 0.5786296875 0.39306874999999997 0.573746875 0.3874609375 0.5710843750000001 0.3839078125 0.575396875 0.3850921875 0.598034375 0.38418593749999996 0.618515625 0.38418593749999996 0.652440625 0.38213125 0.682625 0.3815390625 0.712809375 0.3803546875 0.7268234375 0.38213125 0.7370953124999999 0.38568437499999997 0.7392515625 0.39338281249999996 0.726315625 0.40107968749999995 0.6977171875 0.407871875 0.6605578125 0.40759375000000003 0.6228281250000001 0.4096484375 0.6045015625 0.41232968750000004 0.5899171875 0.41250468749999997 0.584146875 0.41232968750000004 0.5840203125000001 0.40759375000000003 0.5748249999999999 0.4004875 0.5726703125
3 0.412921875 0.5862390625 0.409090625 0.604565625 0.40790625 0.6239703125 0.40759375000000003 0.6481921875000001 0.4117375 0.7258078125 0.412921875 0.73874375 0.416475 0.749525 0.422396875 0.7516796875 0.4283171875 0.739821875 0.4306859375 0.7242234375 0.432184375 0.685415625 0.43187031249999996 0.6530750000000001 0.4351453125 0.63690625 0.43779218750000004 0.6325937500000001 0.44016093749999996 0.608878125 0.43838437499999994 0.5970203125 0.4369203125 0.5927078125 0.43187031249999996 0.5916296875 0.42950156249999993 0.5829421875 0.42417343750000003 0.5781234375000001 0.41738125000000004 0.5808500000000001 0.412921875 0.5862390625
1 0.4423203125 0.5738109375 0.4387671875 0.5883953125 0.4399515625 0.60564375 0.4399515625 0.620165625 0.43848906249999997 0.634178125 0.437896875 0.6498421875 0.439359375 0.6729859375 0.4399515625 0.710209375 0.44263281250000003 0.7339249999999999 0.44587187500000003 0.746290625 0.45179375000000005 0.749525 0.4574359375 0.7365890625 0.462765625 0.7085609374999999 0.464228125 0.681103125 0.46335781249999997 0.6277109375000001 0.4648203125 0.61261875 0.46304375000000003 0.593215625 0.46098906250000005 0.5792015625 0.4595953125 0.5764750000000001 0.4594921875 0.5765374999999999 0.449425 0.5716546874999999 0.4423203125 0.5738109375
2 0.46213906250000003 0.5818015625 0.46245156249999997 0.6001265625000001 0.463915625 0.62656875 0.466596875 0.6470515625 0.46924374999999996 0.683703125 0.47634999999999994 0.7143937499999999 0.4808078125 0.7192765624999999 0.4828625 0.708496875 0.4804953125 0.6686109375 0.47903124999999996 0.6270765625 0.481678125 0.609828125 0.48199218750000006 0.589346875 0.4814 0.580215625 0.4808078125 0.5796453125000001 0.46778125 0.5785671875 0.46213906250000003 0.5818015625
2 0.48258437499999995 0.58306875 0.48199218750000006 0.601965625 0.48554531250000005 0.635890625 0.484953125 0.6520609375 0.48909843750000004 0.6914390625 0.49620312499999997 0.7205453125 0.4982578125 0.71781875 0.49944218749999997 0.6903609375 0.49885 0.6644890625000001 0.4973875 0.6434375 0.4973875 0.6240328125 0.49975625 0.5944203124999999 0.49916406249999995 0.581990625 0.498571875 0.579834375 0.48791406249999997 0.579834375 0.48258437499999995 0.58306875
2 0.49975625 0.5863031249999999 0.500034375 0.6046296875 0.502125 0.6261890625000001 0.5024031250000001 0.6440078125 0.505678125 0.6736203125 0.5065484375 0.6968296875 0.51069375 0.707609375 0.5163359375 0.707609375 0.5201671875 0.6903609375 0.5175203125000001 0.6121749999999999 0.5175203125000001 0.599809375 0.5164046875 0.5852890625 0.5163359375 0.585225 0.50449375 0.5809124999999999 0.49975625 0.5863031249999999
4 0.64346875 0.5629671875 0.6380359375 0.561571875 0.6289796875 0.5726703125 0.6233375 0.5726703125 0.618321875 0.5672796875 0.6141765625 0.5651234374999999 0.6109015624999999 0.5710203125 0.610309375 0.5774890625 0.615953125 0.593659375 0.6160578125 0.6259984375000001 0.6171375 0.6513640625 0.63075625 0.7122390625 0.6378609375 0.7322124999999999 0.6443749999999999 0.7354468749999999 0.6443749999999999 0.7294859375 0.6387328125 0.6987953124999999 0.6375484375 0.6761578125 0.6375484375 0.66265 0.6414140625 0.65783125 0.6497046875 0.6653765625 0.6579937499999999 0.7014578124999999 0.6653781249999999 0.726253125 0.6748515625 0.7316421875 0.675165625 0.7246671874999999 0.6707078125 0.6977171875 0.665690625 0.6745078125 0.6603625 0.634115625 0.6579937499999999 0.6033609375 0.6597703125 0.5888390625000001 0.6588640625 0.575903125 0.6562171875 0.5677875 0.6533953125 0.5667093750000001 0.65325625 0.5667093750000001 0.64674375 0.5672796875 0.64346875 0.5629671875
4 0.680946875 0.5469875 0.6752343749999999 0.5605578125 0.6738421875 0.5676593750000001 0.66778125 0.56569375 0.6589 0.5650609375 0.6564265625 0.570259375 0.65963125 0.5902984375 0.65963125 0.6045015625 0.6777421875 0.654978125 0.694078125 0.6918203125 0.7029609375 0.705453125 0.7107625 0.7028531250000001 0.710065625 0.6879515625 0.70188125 0.6659484375 0.6979796875 0.6452765625 0.699059375 0.6426765624999999 0.7118421875000001 0.6588453125 0.728909375 0.6672796875 0.7306859375 0.6666453125 0.73385625 0.6594796875 0.731034375 0.6504749999999999 0.717171875 0.627140625 0.7118421875000001 0.6090671875 0.7086375 0.5876984375000001 0.701184375 0.5579578125 0.6949140625 0.54825625 0.694775 0.54825625 0.6880531249999999 0.5469875 0.680946875 0.5469875
4 0.7281093750000001 0.5164234375000001 0.7239640625 0.52828125 0.7180421875 0.5239703125 0.70856875 0.5218140625000001 0.7041453125 0.5299296874999999 0.7017765625 0.5466078125 0.7041453125 0.560621875 0.70888125 0.5730500000000001 0.721909375 0.6177546875 0.7301984375 0.637159375 0.738175 0.6495875 0.744409375 0.6544078125 0.750609375 0.650665625 0.749425 0.6425484375 0.7423203125 0.630184375 0.7375828125 0.614521875 0.7384890625 0.605896875 0.7411359375 0.6026640624999999 0.74559375 0.6075453125 0.7521078125 0.625871875 0.7633578125 0.6355734375 0.7692796875 0.633925 0.7692796875 0.6188328125 0.764228125 0.605390625 0.7550671875 0.58865 0.7485546875 0.5498421875 0.7479625000000001 0.5304375 0.742040625 0.5142671875 0.74085625 0.5131890625 0.7313828124999999 0.5131890625 0.7281093750000001 0.5164234375000001
4 0.24653437500000003 0.47698124999999997 0.2482765625 0.47964531250000003 0.2523859375 0.4961953125 0.255590625 0.5031078124999999 0.2629390625 0.5031078124999999 0.27290156250000003 0.4940390625 0.2796234375 0.473240625 0.28314218750000003 0.45034843750000003 0.2887140625 0.42955 0.294565625 0.3986046875 0.2951578125 0.37089375 0.29077031249999996 0.3548515625 0.2887140625 0.3516796875 0.28488281249999997 0.35009531250000003 0.2837515625 0.35757812499999997 0.28214843749999996 0.3572921875 0.281678125 0.349525 0.2778828125 0.349525 0.269940625 0.3618265625 0.260571875 0.391121875 0.2371640625 0.4551046875 0.23831406249999998 0.4711484375 0.24653437500000003 0.47698124999999997
4 0.291640625 0.5168671875 0.2960296875 0.514775 0.30219375 0.5270140624999999 0.30480625 0.5296765625 0.312121875 0.5248578125 0.31974843750000004 0.5168671875 0.322675 0.5040578124999999 0.3209328125 0.47368437500000005 0.3241375 0.4469875 0.3261921875 0.41344375 0.325009375 0.39099531249999997 0.31974843750000004 0.371275 0.3130265625 0.35903593749999996 0.3091953125 0.363284375 0.3097875 0.41819843749999996 0.307453125 0.42568124999999996 0.3053984375 0.417184375 0.3053984375 0.36918125 0.303065625 0.360621875 0.2974921875 0.3648703125 0.2951578125 0.384084375 0.294253125 0.41553593749999995 0.2913265625 0.43956875 0.2804953125 0.47951875 0.2778828125 0.5013953124999999 0.27990312500000003 0.5174375 0.281365625 0.5227640625000001 0.281678125 0.52219375 0.2846046875 0.5227640625000001 0.291640625 0.5168671875
4 0.331209375 0.534559375 0.335596875 0.536715625 0.3399859375 0.529740625 0.344096875 0.5254921875 0.34733593749999997 0.529740625 0.35433593750000003 0.5303109375 0.3605015625 0.5254921875 0.3684078125 0.5148390625 0.371334375 0.49670312499999997 0.3666671875 0.44388125 0.3642984375 0.42365312499999996 0.3555203125 0.3750796875 0.3528734375 0.374571875 0.35113125 0.3868109375 0.350853125 0.4444515625 0.3485890625 0.45554843749999996 0.34820625 0.43107187500000005 0.349390625 0.3927078125 0.34907656249999997 0.3788203125 0.34674375 0.3703234375 0.3426328125 0.37241562500000003 0.3385234375 0.39004374999999997 0.3344484375 0.4150921875 0.33385625 0.4161703125 0.3303375 0.44178750000000006 0.326228125 0.4982875 0.3259484375 0.5137609375000001 0.32563593750000003 0.515915625 0.327690625 0.5281546875 0.331209375 0.534559375
4 0.66401875 0.5268859375 0.6675375 0.5268859375 0.6737031250000001 0.5194671875 0.67544375 0.503425 0.6737031250000001 0.47996249999999996 0.67136875 0.46131875000000006 0.6757578125 0.41116093749999993 0.6748875 0.3584015625 0.67136875 0.34933437500000003 0.666075 0.37862968750000003 0.662278125 0.408496875 0.658759375 0.40481875 0.6525953125 0.3599875 0.647928125 0.3525046875 0.6450015625 0.3584015625 0.6438171875 0.3712109375 0.6408921875 0.42238437500000003 0.63270625 0.5018390625 0.6385578125 0.5168046875 0.644096875 0.5242234375 0.650540625 0.52479375 0.655834375 0.5162328125 0.6555203125 0.5157265625 0.65963125 0.5162328125 0.66401875 0.5268859375
4 0.6871828125 0.51781875 0.69421875 0.5168046875 0.69829375 0.509321875 0.7035875 0.5045015625 0.712365625 0.5039953125000001 0.7158828125000001 0.4949265625 0.717625 0.483703125 0.7170671875 0.46880156250000005 0.712365625 0.45440781250000006 0.705921875 0.43944218749999997 0.7029953124999999 0.41972031249999997 0.6950890625 0.392009375 0.6901078125 0.3546609375 0.68571875 0.3434375 0.680425 0.344515625 0.6769421875 0.3559921875 0.67635 0.3726703125 0.6757234375000001 0.47824999999999995 0.676559375 0.496765625 0.678578125 0.507609375 0.6795546875 0.5098281250000001 0.6807390625 0.5098281250000001 0.6871828125 0.51781875
4 0.7350046875 0.47913750000000005 0.737025 0.46740624999999997 0.7439921875 0.4547875 0.7495640625 0.446734375 0.7526296875 0.4381109375 0.7516203124999999 0.4229546875 0.747021875 0.413696875 0.7390453124999999 0.4007609375 0.7206890625 0.3546609375 0.7051546875 0.33868125 0.6972484375 0.3360171875 0.692546875 0.3488265625 0.692546875 0.37171875 0.70195 0.408496875 0.7025078125 0.408496875 0.7025078125 0.41065312499999995 0.7078015625 0.438934375 0.7078015625 0.4426765625 0.715709375 0.46239687500000004 0.7244859375 0.4757140625 0.724834375 0.47698124999999997 0.7293968750000001 0.480659375 0.7350046875 0.47913750000000005
3 0.6268203125 0.7336078125000001 0.6271687499999999 0.7278374999999999 0.622953125 0.7092578125 0.6141765625 0.599809375 0.6099609375 0.5831953125 0.6099609375 0.579328125 0.605015625 0.5755234375 0.5983625 0.5742546875000001 0.5892031249999999 0.576790625 0.5846390625 0.5844640625 0.5849875 0.6055796875 0.5920234375 0.62479375 0.594496875 0.6478125 0.6032734375000001 0.6868734375 0.6201328125 0.7310078125 0.6215609375 0.7316421875 0.6239984375 0.7355109375 0.6268203125 0.7336078125000001
3 0.59926875 0.7121109375 0.589028125 0.6259359375 0.589028125 0.622384375 0.588540625 0.6219406249999999 0.5831765625 0.585921875 0.5753390625 0.583259375 0.568025 0.5845906249999999 0.5655875 0.5974640625000001 0.5614421875 0.60995625 0.5626609375 0.622384375 0.5687562500000001 0.6330375 0.589271875 0.723715625 0.590246875 0.723715625 0.5941484375 0.7303734375000001 0.5956109374999999 0.73081875 0.59975625 0.725046875 0.59926875 0.7121109375
1 0.5675375 0.6663921875 0.5597359375 0.5948 0.557784375 0.583259375 0.5546156250000001 0.5761578125 0.547021875 0.5774890625 0.5414140625 0.5828156250000001 0.5375125 0.6179453125000001 0.5414140625 0.6601781250000001 0.5455593750000001 0.69613125 0.5455593750000001 0.7010140625 0.5521765624999999 0.7263796874999999 0.5521765624999999 0.7281546875 0.558515625 0.7494609375 0.5616859375 0.7574515625 0.56583125 0.7530125 0.568025 0.742359375 0.5685125 0.741471875 0.5687562500000001 0.705009375 0.5675375 0.6663921875
2 0.5370250000000001 0.6644890625000001 0.53678125 0.6391890625000001 0.5345875 0.6182624999999999 0.5365375 0.5929609375 0.53580625 0.5809765625 0.53434375 0.57565 0.5309296875 0.57565 0.5211765625 0.5800890625 0.5189828125 0.5863031249999999 0.5189828125 0.604946875 0.522153125 0.6391890625000001 0.524346875 0.6907421874999999 0.526540625 0.71870625 0.5284921875 0.7324671875 0.5304421875 0.7337984375 0.5316609375 0.7333546875 0.53531875 0.7031703125 0.5370250000000001 0.6644890625000001
