4 0.7921953125 0.64728125 0.7849484375 0.6232609375 0.754215625 0.5692796875 0.74745625 0.5410874999999999 0.7449484375 0.523009375 0.7384671875000001 0.5084703125 0.73073125 0.5021484375 0.7194421875 0.5012640625 0.71345 0.5233875 0.70320625 0.5193421875 0.69345 0.523009375 0.6914281250000001 0.532996875 0.6924734375 0.5484203125 0.696934375 0.5610625 0.7159578125 0.5964609375000001 0.7337281250000001 0.6386859375 0.7454359375 0.660809375 0.7487109375000001 0.663590625 0.7537281250000001 0.660809375 0.7551921875 0.655878125 0.7534500000000001 0.645890625 0.7381875 0.60505625 0.7389546874999999 0.5978515625 0.7417421875 0.5978515625 0.7559578124999999 0.609228125 0.7857140625000001 0.645890625 0.789478125 0.6481671875 0.7921953125 0.64728125
4 0.713240625 0.6809109375 0.7136578124999999 0.6757265625 0.709059375 0.6446265624999999 0.6972125 0.6008843749999999 0.694703125 0.5657390625 0.69533125 0.5490515625 0.689478125 0.5321109374999999 0.67909375 0.5242734375 0.6718468750000001 0.5223765625000001 0.6628578125 0.54058125 0.652753125 0.5327437500000001 0.6434140625 0.5327437500000001 0.6416031249999999 0.5393171875 0.6416031249999999 0.5570171875 0.6510109374999999 0.5896328125 0.6646687499999999 0.6653609375 0.673309375 0.68950625 0.679790625 0.6973453125 0.6837625 0.6967125000000001 0.6848078125 0.6921625 0.6834140625 0.6783812499999999 0.67581875 0.6366625 0.675121875 0.62161875 0.67763125 0.6189640625 0.6804875 0.6189640625 0.6826484374999999 0.6199749999999999 0.6901734375 0.633628125 0.70655 0.6809109375 0.7115671875 0.6824265625 0.713240625 0.6809109375
3 0.6108703125 0.5610625 0.6096171874999999 0.5673828125 0.6108703125 0.5754734375 0.6163765625 0.581415625 0.622090625 0.5959546875 0.6305921875 0.6394437500000001 0.6468296875 0.683059375 0.6568640625 0.7002531249999999 0.665575 0.7048046875 0.6663421875 0.6993671875 0.648571875 0.6249046875000001 0.644878125 0.590896875 0.643065625 0.5565109374999999 0.63860625 0.54829375 0.625853125 0.5446265625 0.6228578125 0.5451328125 0.61958125 0.5442484375000001 0.615609375 0.5460171875000001 0.6143546875 0.5556265625 0.6108703125 0.5610625
3 0.5858531250000001 0.5737046875 0.582090625 0.5773703125 0.581115625 0.5823015625 0.581603125 0.5873578125 0.60236875 0.6445000000000001 0.6140765625 0.68394375 0.6253656249999999 0.702528125 0.632125 0.703034375 0.6351218750000001 0.6984828125 0.6145640625000001 0.6027812499999999 0.6105921875 0.56826875 0.6101046875 0.5656125000000001 0.607875 0.5633375 0.5945640625 0.56055625 0.5896171875 0.5573953125 0.5858531250000001 0.5737046875
1 0.5875953125 0.7243999999999999 0.5936578124999999 0.726675 0.59345 0.69835625 0.5878046875 0.635525 0.5777703125 0.568646875 0.574425 0.5553734375 0.570940625 0.5532234375 0.5558890625 0.558028125 0.553240625 0.5606828125 0.55115 0.6007578125 0.5621609375000001 0.6590390625 0.5775609375 0.7137796875 0.5875953125 0.7243999999999999
2 0.5291984375000001 0.61833125 0.5386765625 0.7099875 0.5441812500000001 0.7122625 0.5491984375000001 0.710871875 0.5516375 0.7045515625000001 0.5471781250000001 0.56611875 0.54515625 0.5597984375 0.5421609375 0.5571421875 0.5268984375 0.5620734374999999 0.52466875 0.5634640625 0.5219515625 0.5648546875 0.52139375 0.567509375 0.5234140625 0.5874843750000001 0.5291984375000001 0.61833125
2 0.5131703125 0.705815625 0.5169343750000001 0.7089765625 0.5186765624999999 0.7077125 0.5221609375 0.69949375 0.5249484375 0.6586593749999999 0.5229265625 0.5965859375 0.521184375 0.5857140625 0.520696875 0.5648546875 0.4996515625 0.560303125 0.49818749999999995 0.560303125 0.49916406249999995 0.612009375 0.504390625 0.65828125 0.510940625 0.7012640625000001 0.5131703125 0.705815625
2 0.4779796875 0.6465234375 0.48466875 0.6782546875000001 0.49017343750000003 0.6900125 0.4926828125 0.691403125 0.49491250000000003 0.689128125 0.49491250000000003 0.60391875 0.4964453125 0.5662453125 0.49491250000000003 0.563590625 0.4792328125 0.5606828125 0.4764453125 0.560303125 0.47345 0.560303125 0.4729609375 0.5721875 0.474425 0.621996875 0.4779796875 0.6465234375
2 0.457909375 0.6862203124999999 0.4641109375 0.695828125 0.465365625 0.646396875 0.4703828125 0.5782546875000001 0.4703828125 0.5579015625 0.45240468749999996 0.55613125 0.448640625 0.559671875 0.44487812499999996 0.5619468750000001 0.44341406250000004 0.58053125 0.4471078125 0.601896875 0.4498953125 0.65499375 0.457909375 0.6862203124999999
1 0.41191562499999995 0.7067 0.4136578125 0.723009375 0.4161671875 0.727559375 0.4196515625 0.727559375 0.4231359375 0.724778125 0.42689843749999995 0.712515625 0.43686406250000004 0.648546875 0.44236875 0.5973453125 0.44411093749999997 0.5592921875 0.44139375000000003 0.551959375 0.42362343750000003 0.5465234375 0.421115625 0.5470296875 0.41888437500000003 0.5487984375 0.415609375 0.5664984375000001 0.4108703125 0.63274375 0.41191562499999995 0.7067
3 0.37463437499999996 0.72161875 0.3771421875 0.72389375 0.3793734375 0.72389375 0.384390625 0.7144125 0.3943546875 0.6848296875 0.4026484375 0.6381796875 0.41135937499999997 0.57383125 0.40236875000000005 0.5529703125000001 0.398396875 0.551075 0.387875 0.554234375 0.38334531250000003 0.5599234375 0.38188125 0.56384375 0.3771421875 0.6091031250000001 0.37463437499999996 0.6890015625 0.3726125 0.7144125 0.37463437499999996 0.72161875
3 0.3473875 0.623009375 0.3338671875 0.6964609375 0.3347734375 0.7073328125 0.3368640625 0.70948125 0.3423 0.7035390625 0.3506625 0.6817953125 0.366759375 0.633628125 0.377421875 0.5946906249999999 0.38515625 0.5792671875 0.38885000000000003 0.566371875 0.389059375 0.559165625 0.38696875 0.5553734375 0.37386718750000003 0.5414671875 0.36926875 0.540328125 0.365784375 0.5437421875 0.35763124999999996 0.5433625 0.356096875 0.5446265625 0.35337968750000004 0.5505687499999999 0.351846875 0.5597984375 0.3524734375 0.57775 0.3473875 0.623009375
4 0.3228578125 0.6758531249999999 0.3310796875 0.6360296875 0.3433453125 0.5924140625 0.3558890625 0.5606828125 0.35533125 0.5415921875 0.352125 0.5335015624999999 0.348084375 0.532996875 0.33763125 0.5393171875 0.325365625 0.5335015624999999 0.321603125 0.5249046875000001 0.307875 0.526675 0.304390625 0.5284453124999999 0.3008359375 0.5343875 0.298328125 0.5443734375 0.29533125 0.5932999999999999 0.2768640625 0.6632109374999999 0.276096875 0.6772437499999999 0.278328125 0.6804046875 0.28285781249999997 0.680025 0.287875 0.6726921875 0.30236874999999996 0.63059375 0.3116375 0.617446875 0.314634375 0.616434375 0.3171421875 0.619215625 0.31860625 0.6232609375 0.315609375 0.6537296875 0.305853125 0.695828125 0.314146875 0.693553125 0.3228578125 0.6758531249999999
4 0.26139375 0.6346390625 0.271846875 0.6178250000000001 0.284878125 0.5824265625 0.2933796875 0.567003125 0.2998609375 0.5515796875000001 0.3028578125 0.5389375000000001 0.30188125 0.5338812500000001 0.29958125 0.5307203125 0.29811875 0.5226296875 0.2958890625 0.5207328125 0.28634218749999996 0.5217453125 0.2758890625 0.5184578125 0.2691296875 0.505815625 0.2646 0.5035390625 0.25637656249999996 0.506321875 0.24787499999999998 0.5175734375000001 0.24083593749999999 0.55613125 0.231846875 0.58836875 0.22188124999999997 0.6378 0.2193734375 0.657775 0.23811875 0.6250312499999999 0.25212500000000004 0.5943109375 0.2571421875 0.5932999999999999 0.25860625000000004 0.5964609375000001 0.25860625000000004 0.6006328125 0.24083593749999999 0.6378 0.2203484375 0.6649812500000001 0.23986093749999998 0.655878125 0.26139375 0.6346390625
4 0.2549125 0.3820484375 0.24167187499999998 0.4270546875 0.2406265625 0.449684375 0.24466875 0.4687734375 0.2498953125 0.47054375000000004 0.2528921875 0.4637171875 0.25839687499999997 0.4651078125 0.2596515625 0.46915312499999995 0.26466875 0.47420937500000004 0.268640625 0.48280625 0.28390312500000003 0.46548749999999994 0.2861328125 0.4451328125 0.286690625 0.40657343749999997 0.294146875 0.371175 0.294146875 0.3562578125 0.2926828125 0.342225 0.2906625 0.3353984375 0.288153125 0.3322375 0.2824390625 0.3345125 0.28090625 0.3434890625 0.2799296875 0.371175 0.278396875 0.3788875 0.274146875 0.3862203125 0.271428125 0.38394375 0.2698953125 0.37939375000000003 0.2684328125 0.36346406249999996 0.2684328125 0.3426046875 0.2634140625 0.32718125 0.26118437499999997 0.32313593749999997 0.2566546875 0.323640625 0.25539999999999996 0.3262953125 0.2561671875 0.3589125 0.2549125 0.3820484375
4 0.2956796875 0.41340000000000005 0.28940781250000003 0.44285781249999995 0.2884328125 0.46460156250000006 0.2906625 0.47964531250000003 0.29867656249999996 0.48912812499999997 0.3026484375 0.48647343750000005 0.30738750000000004 0.4759796875 0.3161671875 0.4873578125 0.3196515625 0.4873578125 0.328640625 0.48053125 0.3336578125 0.47319843749999996 0.33540000000000003 0.46055624999999994 0.33066249999999997 0.41163125 0.3326828125 0.387990625 0.3328921875 0.360809375 0.3301734375 0.3445 0.326690625 0.335778125 0.32466875 0.333121875 0.3201390625 0.333121875 0.318396875 0.3390640625 0.31916406249999996 0.380784375 0.31268281249999996 0.3862203125 0.3103828125 0.3848296875 0.3096859375 0.3539828125 0.304390625 0.340328125 0.30090625000000004 0.338559375 0.297421875 0.3445 0.294425 0.372565625 0.2966546875 0.3984828125 0.2956796875 0.41340000000000005
3 0.33714218749999997 0.3718078125 0.33763125 0.42983593750000004 0.3351921875 0.4692796875 0.336934375 0.481921875 0.34041875 0.4906453125 0.3496859375 0.49734531249999997 0.354634375 0.495575 0.361671875 0.48470312499999996 0.36466875 0.47926718749999997 0.3673875 0.46839375 0.3668984375 0.45385625 0.36466875 0.44298281250000004 0.3524046875 0.3490515625 0.35114999999999996 0.34500625 0.34466874999999997 0.33995000000000003 0.3406265625 0.34045468749999996 0.338884375 0.345890625 0.33714218749999997 0.3718078125
3 0.37379843749999997 0.3934265625 0.369059375 0.4432359375 0.3615328125 0.4740828125 0.36257812500000003 0.48723124999999995 0.3660625 0.49721875000000004 0.3717765625 0.5049296875 0.3775609375 0.506321875 0.3845296875 0.498609375 0.3903140625 0.488115625 0.395540625 0.48457656250000003 0.3975609375 0.4723140625 0.3975609375 0.4455125 0.39428593749999996 0.4051828125 0.38655 0.3426046875 0.385575 0.338053125 0.3838328125 0.3348921875 0.3813234375 0.3343875 0.3772828125 0.337546875 0.37379843749999997 0.3934265625
1 0.40655 0.3175734375 0.3940765625 0.497725 0.3978390625 0.5089765625 0.40557499999999996 0.51719375 0.4165859375 0.5176984375 0.42355468749999997 0.5077125 0.42634218749999997 0.49089687499999995 0.42878125 0.45689062500000005 0.42878125 0.41466562500000004 0.42452968750000003 0.37067031250000004 0.41554062500000005 0.3166875 0.41533125000000004 0.3131484375 0.413309375 0.3098609375 0.4098265625 0.30948125000000004 0.4078046875 0.3121359375 0.40655 0.3175734375
2 0.428571875 0.47825468750000005 0.4275953125 0.5068265625 0.428571875 0.523640625 0.44731718750000005 0.5318578125 0.45156718749999997 0.531353125 0.4537984375 0.5286984375 0.455540625 0.5168140625000001 0.45853593750000005 0.47383125000000004 0.4605578125 0.3862203125 0.4565859375 0.3576484375 0.45484375000000005 0.35499375 0.4512890625 0.353096875 0.4475953125 0.3576484375 0.43958125 0.4021484375 0.428571875 0.47825468750000005
2 0.458328125 0.52503125 0.460278125 0.5322375 0.4638328125 0.533628125 0.47853593749999995 0.5359046875 0.49630625000000006 0.534134375 0.498328125 0.5290765625 0.498328125 0.49469062499999994 0.49484374999999997 0.4715546875 0.4903140625 0.42755937499999996 0.47979062499999997 0.36498125 0.4778390625 0.360809375 0.47428593750000003 0.360809375 0.472821875 0.363084375 0.468084375 0.4307203125 0.458328125 0.52503125
2 0.503065625 0.4815421875 0.5008359375 0.531353125 0.5018125 0.53501875 0.51484375 0.5376734375 0.53630625 0.5381796875 0.5385359375000001 0.5195953125 0.5378390625 0.4824265625 0.5360968749999999 0.4610625 0.5365859375 0.42389374999999996 0.5335890625 0.3713015625 0.531846875 0.3667515625 0.5273171875 0.3653609375 0.5250874999999999 0.3681421875 0.5145640625000001 0.413021875 0.503065625 0.4815421875
2 0.5438328125 0.5284453124999999 0.5460625 0.5338812500000001 0.5718468750000001 0.5275593749999999 0.572334375 0.522503125 0.5715671875 0.4948171875 0.567875 0.4713015625 0.5671078125 0.448546875 0.561115625 0.3968390625 0.5540765624999999 0.3515796875 0.551359375 0.3487984375 0.548084375 0.35335 0.5466203125 0.37244062499999997 0.542578125 0.49127656249999996 0.5438328125 0.5284453124999999
1 0.5738671875 0.480784375 0.575609375 0.503034375 0.5836234375 0.5265484375 0.5965859375 0.523009375 0.60236875 0.515296875 0.605365625 0.502528125 0.604878125 0.49216249999999995 0.6066203125 0.48584062499999997 0.6060625 0.401390625 0.602090625 0.33792656249999997 0.601115625 0.33249062500000004 0.59484375 0.331984375 0.5908703125 0.33742031250000004 0.5765859375 0.4182046875 0.5738671875 0.480784375
3 0.6113593749999999 0.3455125 0.6030656249999999 0.48065781249999995 0.605365625 0.4896328125 0.6105921875 0.494184375 0.61860625 0.5078375 0.6246 0.511884375 0.6301046875 0.51049375 0.6375609375 0.49329999999999996 0.6375609375 0.48470312499999996 0.6335890625 0.46561250000000004 0.6298265625 0.43388125000000005 0.6243203125 0.355878125 0.623065625 0.3504421875 0.6198609375 0.342225 0.616096875 0.3390640625 0.6133093749999999 0.3409609375 0.6113593749999999 0.3455125
3 0.6393734375 0.4207328125 0.632821875 0.46156718750000003 0.6326125 0.4764859375 0.6335890625 0.4815421875 0.6411156250000001 0.48786406250000003 0.6496171875 0.49835624999999995 0.6533796875 0.49835624999999995 0.6603484374999999 0.49013906250000006 0.6636234375 0.4701640625 0.65581875 0.373071875 0.6548437500000001 0.3455125 0.6535890625 0.3409609375 0.6505921875 0.33957031249999997 0.6475953125 0.342225 0.6418125 0.3653609375 0.6393734375 0.4207328125
4 0.6660625 0.39115 0.66878125 0.4055625 0.6633453125 0.47092343750000004 0.668153125 0.480784375 0.6752609374999999 0.4848296875 0.6804187500000001 0.4859671875 0.68878125 0.475853125 0.6910796875 0.475853125 0.6977 0.486346875 0.7050171875 0.4855875 0.7094078125000001 0.4618203125 0.7083625 0.440328125 0.7033453125 0.4096078125 0.7039718749999999 0.400253125 0.6987453125 0.3295828125 0.6966546874999999 0.317446875 0.6933796875 0.334134375 0.6902437499999999 0.3850828125 0.6871078125000001 0.3903921875 0.683971875 0.3915296875 0.6793734375 0.38887499999999997 0.6791640625 0.33299687499999997 0.6785359375 0.32882500000000003 0.6764453125000001 0.32806562499999997 0.66794375 0.3476609375 0.6652265625 0.375221875 0.6660625 0.39115
4 0.7012546875 0.33628281250000003 0.7037625000000001 0.36839374999999996 0.7097562500000001 0.40429843749999994 0.7112890625 0.44690312499999996 0.71303125 0.458659375 0.7187453125000001 0.46776249999999997 0.7278046875 0.4740828125 0.7308015625000001 0.4723140625 0.7375609375 0.45549999999999996 0.7487812500000001 0.461440625 0.75254375 0.457775 0.7550515625 0.4451328125 0.753309375 0.42237656250000005 0.7412546875 0.3792671875 0.7418125 0.348040625 0.739790625 0.31858437500000003 0.7352609375 0.3126421875 0.7333093749999999 0.3140328125 0.7303140625 0.32351406250000003 0.726759375 0.36839374999999996 0.7242515625 0.38343906250000004 0.715540625 0.3539828125 0.709546875 0.32402031249999996 0.70926875 0.3212390625 0.7080140625 0.315803125 0.7050171875 0.3126421875 0.7020203125 0.3149171875 0.7012546875 0.33628281250000003
