4 0.8441812499999999 0.54386875 0.8411843749999999 0.535778125 0.799790625 0.48508281249999996 0.7908015625 0.4829328125 0.78745625 0.486725 0.78745625 0.49608125000000003 0.781184375 0.5003796875 0.777003125 0.5237671875000001 0.772753125 0.530846875 0.76975625 0.54171875 0.7715671875 0.5651078125 0.7793734375 0.5766125 0.7913593750000001 0.582553125 0.7973515625 0.582553125 0.826759375 0.6026546875000001 0.8340062500000001 0.60164375 0.8363765624999999 0.5967125 0.8375609374999999 0.5874843750000001 0.8354703125 0.583059375 0.8219515625 0.5766125 0.8172124999999999 0.57054375 0.8135890625 0.5640953125 0.8124046875 0.558028125 0.813309375 0.5532234375 0.8159578125 0.5515796875000001 0.8186765625 0.5515796875000001 0.8351921875 0.560303125 0.8396515625 0.560303125 0.8429968750000001 0.5570171875 0.8441812499999999 0.54386875
4 0.79860625 0.6587859375 0.79860625 0.6543609375 0.795609375 0.6439953125 0.7775609375 0.589128125 0.7715671875 0.5390640624999999 0.765853125 0.5117578125 0.76320625 0.506953125 0.74696875 0.5079640624999999 0.7421609375 0.5140328125 0.73860625 0.51504375 0.7349828125 0.5112515625 0.72655 0.51504375 0.72 0.5237671875000001 0.72 0.5407078125 0.7248078125 0.5629578125 0.731359375 0.5804046875 0.7352609375 0.6021484375 0.7464109375 0.634765625 0.7583968750000001 0.6625796875 0.7733796875000001 0.6816687499999999 0.7751921875 0.6810359375 0.777003125 0.6788875 0.7742859375 0.6566375 0.7641109375 0.62831875 0.7547734375 0.6075859375 0.754146875 0.5983562499999999 0.7565859374999999 0.5945640625 0.7598609374999999 0.59393125 0.7757484375 0.642478125 0.7880843750000001 0.6609359375 0.7952609374999999 0.6625796875 0.79860625 0.6587859375
4 0.7416031249999999 0.6826796875000001 0.7418812499999999 0.6767390625 0.720278125 0.57383125 0.7184671875 0.5477875 0.7160968750000001 0.533628125 0.7133796875 0.5270546875 0.7073875000000001 0.52161875 0.6956796875 0.5249046875000001 0.68878125 0.532490625 0.6782578125 0.533628125 0.6710796875 0.5367890625 0.6687109375 0.5412140625 0.6671781250000001 0.5515796875000001 0.66926875 0.5689 0.6777 0.586346875 0.684878125 0.6064468749999999 0.6924046875000001 0.648925 0.7101046875 0.7055625 0.7160968750000001 0.70885 0.7184671875 0.692540625 0.705853125 0.6434890625 0.7019515625 0.6238937499999999 0.7010453125 0.609228125 0.70320625 0.6064468749999999 0.7052968749999999 0.6087234375 0.7166546874999999 0.6456390625 0.730453125 0.6783812499999999 0.738884375 0.6859671875 0.7416031249999999 0.6826796875000001
3 0.6548437500000001 0.648925 0.680975 0.7223765625 0.686690625 0.7273078125 0.6894078125 0.7240203125 0.689059375 0.7197218750000001 0.674703125 0.6495578125 0.6683625 0.5934265625 0.6668984375 0.5695328125 0.663275 0.5455125 0.6584671875 0.5400765625 0.6512890625 0.5390640624999999 0.641671875 0.5412140625 0.63630625 0.5499375 0.6344953125 0.5525921874999999 0.6329609375 0.5651078125 0.6344953125 0.5782546875000001 0.6428578125 0.6 0.6548437500000001 0.648925
3 0.6329609375 0.7251578125 0.6368640625 0.7322375 0.6404875 0.7348921875000001 0.642578125 0.73388125 0.644390625 0.7284453125 0.6441109375 0.7218703125 0.6359578124999999 0.6522125 0.6314984375 0.6021484375 0.6294078125 0.5618203125 0.6264109375 0.5509484375 0.621603125 0.54665 0.6131703125 0.5428578125 0.6026484375 0.5553734375 0.601184375 0.5575218750000001 0.5993734374999999 0.560809375 0.6005578125000001 0.57383125 0.6131703125 0.62604375 0.6329609375 0.7251578125
1 0.6048078125 0.7529703125 0.608084375 0.7490515624999999 0.6098953125000001 0.7317312499999999 0.60745625 0.6706703125 0.6048078125 0.62604375 0.5931015625 0.554740625 0.5873875 0.54829375 0.5810453125 0.54715625 0.57630625 0.5509484375 0.5717765625 0.559671875 0.569965625 0.56839375 0.5685015625000001 0.585840625 0.597003125 0.748040625 0.601184375 0.7534765625000001 0.6048078125 0.7529703125
2 0.5542859375 0.6811625 0.5683625 0.722503125 0.5770734375 0.7269281249999999 0.580975 0.7257906249999999 0.5716375 0.6768640625 0.564459375 0.564728125 0.552821875 0.5587859374999999 0.549478125 0.5581546875 0.5440421875 0.5581546875 0.5404875 0.5619468750000001 0.53958125 0.5859671875 0.5542859375 0.6811625
2 0.545575 0.715296875 0.5473171875 0.7121359375 0.5478046875 0.7007578125 0.539790625 0.641340625 0.53254375 0.5587859374999999 0.5135890625 0.55726875 0.50926875 0.55613125 0.5142859375 0.6182046875 0.529059375 0.6871046875 0.5370734374999999 0.7107453125000001 0.545575 0.715296875
2 0.4812546875 0.5903921875 0.48836250000000003 0.6281921875 0.510453125 0.7067 0.5189546875 0.7127687500000001 0.512334375 0.6901390625 0.5073171875 0.6493046875 0.5056453125 0.551453125 0.5004187499999999 0.5548671875 0.486271875 0.5556265625 0.4856453125 0.5556265625 0.4814640625 0.5560046875 0.48 0.5585328125 0.47916406250000004 0.56498125 0.4812546875 0.5903921875
2 0.47330937500000003 0.7103671874999999 0.47728281250000004 0.710871875 0.47930312500000005 0.6954484375 0.47686406249999996 0.6184578125 0.47811875 0.598103125 0.4770734375 0.5568906250000001 0.472334375 0.553096875 0.462090625 0.554234375 0.4517078125 0.5618203125 0.44933750000000006 0.565234375 0.4482921875 0.57838125 0.45930312500000003 0.654109375 0.468571875 0.7013906249999999 0.47330937500000003 0.7103671874999999
1 0.4126125 0.63274375 0.4066203125 0.7073328125 0.4078046875 0.7356515625 0.41142812500000003 0.7432359374999999 0.416515625 0.7465234374999999 0.4240421875 0.7465234374999999 0.42940781250000004 0.7427312500000001 0.4335890625 0.7323640625000001 0.44501718749999997 0.6322375 0.4459234375 0.5886218750000001 0.44264843750000005 0.5625796875 0.43421562500000005 0.54943125 0.42822343749999997 0.5462703125 0.4168640625 0.5587859374999999 0.41142812500000003 0.566878125 0.4089890625 0.5723140625 0.4078046875 0.582175 0.4078046875 0.593553125 0.4126125 0.63274375
3 0.3703828125 0.72616875 0.3660625 0.7437421875 0.37763125 0.7418453125 0.38334531250000003 0.727434375 0.3884328125 0.7039187499999999 0.4089203125 0.5745890625000001 0.4017421875 0.5562578125 0.3901734375 0.545890625 0.38125468749999997 0.553096875 0.37763125 0.5562578125 0.373309375 0.5601765624999999 0.37219531250000004 0.5706703125 0.374703125 0.67775 0.3703828125 0.72616875
3 0.323275 0.7348921875000001 0.32501718749999997 0.748546875 0.33344999999999997 0.7353984375 0.3412546875 0.713653125 0.36285781250000004 0.6031609375 0.37303125000000004 0.5787609375 0.3733796875 0.559165625 0.3652265625 0.5504421875000001 0.3577703125 0.5433625 0.34306562500000004 0.5487984375 0.3400703125 0.5509484375 0.33763125 0.553096875 0.3364453125 0.5629578125 0.3199296875 0.7235140624999999 0.323275 0.7348921875000001
4 0.290521875 0.7001265625 0.294425 0.6978515625 0.3001390625 0.690771875 0.30975625 0.664728125 0.31846718749999997 0.633628125 0.32383281249999996 0.5967125 0.33344999999999997 0.57054375 0.3331703125 0.5667515625 0.3316375 0.5646015625 0.32118437499999997 0.5618203125 0.2992328125 0.5346390624999999 0.2926828125 0.5318578125 0.2884328125 0.532490625 0.2842515625 0.5356515625 0.2812546875 0.556384375 0.2803484375 0.580278125 0.2740765625 0.6140328125 0.2638328125 0.635271875 0.26236875 0.6848296875 0.2656453125 0.693553125 0.26926875 0.693553125 0.2752609375 0.6826796875000001 0.2896171875 0.6233875 0.3010453125 0.6173203125 0.30041875 0.62060625 0.2956796875 0.65271875 0.283971875 0.6859671875 0.283971875 0.691403125 0.290521875 0.7001265625
4 0.1772125 0.601390625 0.178396875 0.6078375 0.1823 0.6127687500000001 0.1891984375 0.6165609375 0.2012546875 0.6165609375 0.2231359375 0.5992421875 0.23275312499999998 0.598103125 0.24620156249999997 0.59051875 0.25400625 0.5790140625 0.2552609375 0.5622 0.25400625 0.548546875 0.24919843749999998 0.5393171875 0.2450171875 0.53501875 0.24529687500000003 0.523009375 0.2420203125 0.5142859375 0.2344953125 0.5077125 0.2306625 0.49582812499999995 0.22850156250000003 0.49582812499999995 0.21804843749999997 0.5001265625 0.20689843749999998 0.5126421875 0.20090625 0.5284453124999999 0.179025 0.548040625 0.1706625 0.56005 0.17003437500000002 0.5676359375 0.171846875 0.576359375 0.17484375000000002 0.5773703125 0.2 0.57054375 0.20362343749999998 0.5709234375000001 0.2066203125 0.5740828125 0.1985359375 0.58394375 0.179303125 0.5931734375 0.1772125 0.601390625
4 0.20362343749999998 0.3718078125 0.20515625 0.37838125 0.20787499999999998 0.3815421875 0.21560937500000002 0.3815421875 0.2168640625 0.3924140625 0.2207671875 0.4077125 0.22285781249999997 0.4109984375 0.22731718750000002 0.41264218750000003 0.23783906250000003 0.4115046875 0.24473906250000002 0.40063281249999994 0.2543546875 0.37724375 0.256725 0.35600468749999997 0.26487812499999996 0.3402015625 0.2666203125 0.308596875 0.26425156250000004 0.30101093749999996 0.2618125 0.297725 0.2582578125 0.297725 0.25581875 0.3021484375 0.2540765625 0.311884375 0.2531703125 0.34298281249999996 0.24536562499999998 0.3587859375 0.240209375 0.36472812499999996 0.2357484375 0.366371875 0.2354703125 0.3548671875 0.236934375 0.35107499999999997 0.24801406250000002 0.338053125 0.249546875 0.32060625 0.24801406250000002 0.311884375 0.24592343749999998 0.30758593749999996 0.2138671875 0.3321109375 0.20696875 0.34728125 0.203971875 0.36093593749999997 0.20362343749999998 0.3718078125
4 0.249546875 0.40872343750000006 0.236096875 0.42869843750000003 0.23031406250000003 0.4523390625 0.23031406250000003 0.4667515625 0.23233437499999998 0.4740828125 0.23581875000000002 0.47724374999999997 0.239790625 0.47724374999999997 0.2460625 0.4940578125 0.252334375 0.49949374999999996 0.2638328125 0.5008843749999999 0.2712890625 0.49949374999999996 0.2770734375 0.49582812499999995 0.2803484375 0.48318593749999994 0.2838328125 0.4495578125 0.292334375 0.40834374999999995 0.293309375 0.3778765625 0.289059375 0.35613125 0.27958125 0.3393171875 0.2742859375 0.3370421875 0.2737984375 0.3398234375 0.278328125 0.355246875 0.279303125 0.3729453125 0.27909375000000003 0.394184375 0.27728281250000003 0.39608125 0.273309375 0.39013906249999997 0.2740765625 0.3543609375 0.27205625 0.35069531249999997 0.2682921875 0.3498109375 0.265296875 0.3534765625 0.258328125 0.3887484375 0.249546875 0.40872343750000006
4 0.31121875 0.444121875 0.303971875 0.35499375 0.300209375 0.34892500000000004 0.302090625 0.3639703125 0.3014640625 0.3806578125 0.2987453125 0.4048046875 0.29226406250000003 0.43426093750000005 0.2862015625 0.446396875 0.27811875 0.469784375 0.27811875 0.4970921875 0.2806265625 0.50164375 0.2887109375 0.5045515625 0.3087109375 0.509103125 0.31289218750000003 0.5075859375 0.3316375 0.510240625 0.3372828125 0.5068265625 0.337490625 0.49936718750000003 0.3326828125 0.4834390625 0.3308015625 0.4604296875 0.331846875 0.445259375 0.33456406250000004 0.4304671875 0.3243203125 0.37838125 0.31533125 0.3529703125 0.3031359375 0.345890625 0.305784375 0.350821875 0.313309375 0.3700375 0.3189546875 0.40328749999999997 0.317909375 0.44108749999999997 0.31121875 0.444121875
3 0.3389546875 0.367003125 0.33700312499999996 0.42958281249999997 0.3319859375 0.5067 0.3329609375 0.5170671875 0.3377703125 0.524778125 0.34696875 0.5302156250000001 0.3524734375 0.5256640625 0.3607671875 0.5256640625 0.3685015625 0.5198484375 0.372753125 0.5067 0.3717078125 0.483059375 0.3685015625 0.4640953125 0.36648125 0.4381796875 0.3579796875 0.37054375 0.353728125 0.346396875 0.35226406250000003 0.3398234375 0.34599375 0.33792656249999997 0.342996875 0.3398234375 0.3412546875 0.34614375000000003 0.3389546875 0.367003125
3 0.37205625000000003 0.45170625 0.3668984375 0.5072062500000001 0.36898906249999996 0.518584375 0.3728921875 0.5273078124999999 0.379790625 0.5322375 0.386690625 0.5300890625 0.3905921875 0.5246515625 0.4004875 0.522503125 0.40655 0.5175734375000001 0.4098265625 0.51049375 0.41254375000000004 0.48546093749999997 0.4029265625 0.43754687499999995 0.3813234375 0.3504421875 0.3792328125 0.34614375000000003 0.37379843749999997 0.34614375000000003 0.3693375 0.3504421875 0.3728921875 0.3924140625 0.37205625000000003 0.45170625
1 0.3957484375 0.321996875 0.40020937500000003 0.44715625000000003 0.4047390625 0.5042984374999999 0.41073125 0.5238937499999999 0.4185359375 0.5319843750000001 0.423903125 0.5314796875 0.430521875 0.5211125 0.43470312499999997 0.5059421875 0.4419515625 0.4944375 0.44341406250000004 0.47977187499999996 0.44222968749999997 0.453603125 0.4248078125 0.3709234375 0.408640625 0.30998749999999997 0.40801406250000005 0.3078375 0.4056453125 0.30455156250000004 0.401115625 0.3055625 0.39630624999999997 0.30998749999999997 0.3957484375 0.321996875
2 0.44940781249999995 0.4566375 0.4449484375 0.48432343749999995 0.44703906250000003 0.5060687500000001 0.44975624999999997 0.5131484375 0.456028125 0.518584375 0.46919843749999995 0.5169406249999999 0.47463437500000005 0.5093546875 0.4764453125 0.48975937500000005 0.471915625 0.36839374999999996 0.4701046875 0.360303125 0.4671078125 0.3537296875 0.4605578125 0.3548671875 0.45421562499999996 0.3804046875 0.44940781249999995 0.4566375
2 0.487246875 0.375853125 0.477490625 0.4934265625 0.48 0.51163125 0.48181250000000003 0.5168140625000001 0.491915625 0.5201015625000001 0.5020203125 0.5207328125 0.5149125 0.51555 0.51533125 0.48166875 0.51205625 0.44108749999999997 0.5084328124999999 0.3627046875 0.5070390625 0.3587859375 0.501603125 0.3523390625 0.49296093750000003 0.35550000000000004 0.4894078125 0.3627046875 0.487246875 0.375853125
2 0.5243203125 0.4499375 0.5188843750000001 0.4996203125 0.5188843750000001 0.5204796875000001 0.52466875 0.5251578125 0.5329609375000001 0.5251578125 0.5394421875 0.5204796875000001 0.550940625 0.5204796875000001 0.557421875 0.5179515625 0.5577703125 0.47029062499999996 0.5567249999999999 0.451328125 0.558884375 0.3951953125 0.5537984375 0.3487984375 0.5512890625 0.3455125 0.548084375 0.3434890625 0.5418125 0.34702968749999996 0.5343546875 0.37686406250000004 0.5243203125 0.4499375
2 0.5758890625 0.39721875 0.56236875 0.4766125 0.5618125 0.509228125 0.566271875 0.520228125 0.5770734375 0.5212390625000001 0.5834140624999999 0.515296875 0.585784375 0.50278125 0.5864109375 0.4700375 0.5905921875 0.3982296875 0.595121875 0.35638437500000003 0.5953999999999999 0.350315625 0.5944953125 0.3460171875 0.5899656249999999 0.3460171875 0.582509375 0.359671875 0.5758890625 0.39721875
1 0.5894078125 0.4954484375 0.5986765625 0.5275593749999999 0.6071078125 0.531353125 0.6151921875 0.51833125 0.622090625 0.49494375 0.6206265625 0.4573953125 0.6215328125 0.31694062500000003 0.62 0.3126421875 0.6151921875 0.316434375 0.6073875 0.34576562499999997 0.587875 0.4824265625 0.5894078125 0.4954484375
3 0.6173515625 0.5053093750000001 0.6248078125000001 0.51833125 0.63351875 0.5206062499999999 0.6362375 0.52604375 0.6395125 0.52604375 0.6485015625 0.517825 0.6515671875 0.49873593749999995 0.6473171875 0.4699109375 0.6431359375000001 0.375221875 0.63484375 0.3378 0.633240625 0.33337500000000003 0.6296171875 0.3246515625 0.6260625 0.3931734375 0.617003125 0.47863437500000006 0.6173515625 0.5053093750000001
3 0.649059375 0.49974687500000003 0.6529609375 0.5089765625 0.6622296875 0.5187109375000001 0.668571875 0.5165609375 0.6778390625 0.5078375 0.681115625 0.497471875 0.6799296874999999 0.47635937500000003 0.6763765625 0.45448750000000004 0.6727531250000001 0.40113750000000004 0.674215625 0.365234375 0.6805578125 0.3255375 0.681115625 0.32225000000000004 0.6826484374999999 0.3168140625 0.6703140624999999 0.32831875 0.6577703125000001 0.3587859375 0.649059375 0.49974687500000003
4 0.6880140625 0.4293296875 0.689546875 0.458659375 0.6826484374999999 0.463590625 0.68236875 0.47939375 0.684459375 0.491909375 0.7072468749999999 0.48584062499999997 0.7282234375 0.485334375 0.73484375 0.4787609375 0.7354703125000001 0.46953281249999995 0.7210453125 0.41845781249999997 0.7114281250000001 0.3573953125 0.700975 0.3323640625 0.7060625 0.3748421875 0.70878125 0.42275625000000006 0.7063421875 0.4270546875 0.7015328125 0.4281921875 0.6994421875 0.419975 0.6982578125 0.4010109375 0.699025 0.3484203125 0.698815625 0.34058125 0.6979796875 0.3226296875 0.691915625 0.3525921875 0.689546875 0.383059375 0.6880140625 0.4293296875
4 0.734634375 0.47812968749999996 0.7383968750000001 0.48445 0.7421609375 0.48723124999999995 0.7503828125 0.48938125 0.7596515625 0.48394375 0.763903125 0.47357812499999996 0.7708703125 0.47496875000000005 0.774146875 0.46498125 0.7758890625 0.44867187499999994 0.7728921875 0.4281921875 0.7689203124999999 0.414159375 0.7596515625 0.4001265625 0.7366546875 0.3393171875 0.745365625 0.3964609375 0.751428125 0.42275625000000006 0.7498953125 0.4255375 0.7443906250000001 0.4281921875 0.741671875 0.42414687500000003 0.7401390625000001 0.394184375 0.734146875 0.37281875000000003 0.7308703125 0.33615625 0.7308703125 0.3156765625 0.7236234375 0.3565109375 0.7221609375 0.38470312500000003 0.7278749999999999 0.4190890625 0.734634375 0.47812968749999996
4 0.747246875 0.31605625000000004 0.7406265624999999 0.2945640625 0.738328125 0.3055625 0.738328125 0.31719375 0.73958125 0.32477812500000003 0.754146875 0.37395625 0.7628578125 0.39747187500000003 0.7721250000000001 0.4001265625 0.7855749999999999 0.397725 0.7866203125 0.386725 0.789546875 0.37775 0.795609375 0.37737031249999997 0.79811875 0.36219999999999997 0.7968640625 0.34298281249999996 0.79121875 0.32894999999999996 0.77811875 0.314159375 0.7693375 0.2926671875 0.7547734375 0.2812890625 0.745575 0.2831859375 0.7487109375000001 0.2922875 0.7716375 0.3323640625 0.7710109375 0.33463906250000003 0.767246875 0.3504421875 0.76515625 0.3534765625 0.7625093749999999 0.3523390625 0.747246875 0.31605625000000004
