3 0.322003125 0.63434375 0.3181359375 0.638175 0.3212421875 0.6432953125 0.34609999999999996 0.646290625 0.47958125 0.64754375 0.48579531249999997 0.6432953125 0.48655625 0.6364687499999999 0.48459062499999994 0.6258453125 0.47958125 0.6232671875 0.47495312500000003 0.6215609375 0.45554843749999996 0.6215609375 0.34609999999999996 0.6313484375 0.322003125 0.63434375
3 0.335890625 0.618146875 0.335890625 0.622396875 0.3405203125 0.624103125 0.41268281250000005 0.6228140625 0.4779328125 0.6206890625 0.4818015625 0.6189828125 0.4833234375 0.6168578124999999 0.482371875 0.6024734375 0.4792640625 0.599234375 0.4711484375 0.5989203125 0.437221875 0.60219375 0.3544703125 0.612609375 0.335890625 0.618146875
1 0.3379203125 0.5748875 0.31927656249999997 0.5808421874999999 0.308434375 0.5876703125 0.308434375 0.5923375 0.3130625 0.5949140625 0.3239703125 0.5953328124999999 0.372859375 0.5936265625 0.481546875 0.5932078125 0.4861765625 0.590665625 0.48928281250000005 0.5855453125000001 0.49067812499999997 0.569175 0.490234375 0.5657609375 0.4885859375 0.5628 0.485921875 0.561303125 0.465440625 0.5607109375 0.3379203125 0.5748875
2 0.27691875 0.519540625 0.27171875 0.534796875 0.27431875 0.5433296875 0.2872546875 0.5504359375 0.40304375 0.5600140625 0.4864296875 0.55896875 0.49486406250000003 0.5550671875 0.4968296875 0.5472312500000001 0.4994296875 0.5246953125 0.499365625 0.5191578125 0.49873124999999996 0.5170328125 0.4890296875 0.5120515625000001 0.3053265625 0.5170328125 0.27691875 0.519540625
2 0.30475625 0.4736328125 0.28345 0.47931093750000003 0.281990625 0.48443125 0.2879515625 0.4970734375 0.304121875 0.5006265625 0.43024687500000003 0.5109375 0.4968921875 0.5109375 0.5001265625 0.5077328125 0.5013953124999999 0.5041796875 0.505009375 0.46983593749999997 0.5052625 0.4665265625 0.49816093749999996 0.4640546875 0.4703234375 0.463671875 0.331959375 0.47042812500000003 0.30475625 0.4736328125
2 0.3799625 0.42908437499999996 0.33918906249999997 0.4305125 0.33145156249999996 0.43228906250000004 0.3307546875 0.437965625 0.346290625 0.44789218750000004 0.37539687499999996 0.4528734375 0.4148390625 0.45785468749999997 0.4885859375 0.46387968749999997 0.501521875 0.46210312499999995 0.506721875 0.4599796875 0.5118578125 0.4557296875 0.51255625 0.44576874999999994 0.50995625 0.43939374999999997 0.5086234375 0.437965625 0.50475625 0.4354578125 0.4982875 0.43368124999999996 0.478884375 0.431209375 0.3799625 0.42908437499999996
2 0.358084375 0.39540156249999997 0.354090625 0.397875 0.35497812500000003 0.4035171875 0.36214375 0.41069374999999997 0.3746984375 0.4146296875 0.412871875 0.42030625 0.5013953124999999 0.4291890625 0.5027265625 0.42525312499999995 0.5007609375000001 0.4044578125 0.4991125 0.40181093749999997 0.49556093749999997 0.4008359375 0.4263796875 0.4013234375 0.37609375 0.4000703125 0.358084375 0.39540156249999997
3 0.363475 0.3666671875 0.325175 0.366875 0.304121875 0.3691390625 0.3007609375 0.37408593749999997 0.304121875 0.380878125 0.34045625 0.3836296875 0.3807859375 0.383734375 0.4168671875 0.3845 0.45155312500000006 0.391396875 0.482815625 0.390978125 0.49048749999999997 0.3860328125 0.49048749999999997 0.37464375 0.4876984375 0.37015 0.483703125 0.3664234375 0.47647500000000004 0.362 0.4622703125 0.3597359375 0.363475 0.3666671875
3 0.7335453125 0.6277953125 0.7296765625 0.62438125 0.724984375 0.6218390625 0.7157265625 0.6201328125 0.5883953125 0.6180078124999999 0.5503484375000001 0.6201328125 0.5418515625 0.622675 0.5356375 0.6277953125 0.5348765625 0.632915625 0.5363984375 0.6414484375 0.540265625 0.6448625 0.5604953125 0.6469875 0.68345 0.64535 0.7009515625 0.6431203125 0.7234625 0.6410312499999999 0.728090625 0.639325 0.73430625 0.6342046875 0.7335453125 0.6277953125
3 0.7447046875 0.59616875 0.7400765625 0.5927546875 0.7338625000000001 0.5910484375 0.65003125 0.58979375 0.5934046875 0.5872171875000001 0.5607484375 0.587634375 0.5483828125 0.5919187499999999 0.5383 0.5978749999999999 0.53519375 0.6029953124999999 0.53519375 0.6094046875 0.5405828125000001 0.6144890625 0.547559375 0.6157781250000001 0.5599875 0.6200625 0.5740015625 0.6200625 0.6205453125 0.6170671875 0.7301203125 0.6068625 0.7369687500000001 0.6055375 0.7400765625 0.6047015625000001 0.74394375 0.602578125 0.7455296875 0.6008703125 0.7447046875 0.59616875
4 0.5725421875000001 0.7242765624999999 0.6013953125 0.7223265624999999 0.61604375 0.7086375 0.6120484375 0.6952281250000001 0.5902984375 0.6901078125 0.5529484375 0.6871828125 0.5408375000000001 0.6882265624999999 0.5374125000000001 0.697178125 0.5391890625 0.7030296875000001 0.5383 0.71671875 0.546734375 0.7228140625 0.5725421875000001 0.7242765624999999
4 0.5334171875 0.6717875 0.5338625 0.6773953125000001 0.5427390625 0.685684375 0.5929609375 0.6896203125 0.62048125 0.6881578125 0.63475 0.6810515625 0.6805328125 0.6781265624999999 0.7264421875 0.6779515625 0.7294234375 0.6769421875 0.7290421874999999 0.6675718749999999 0.7264421875 0.664959375 0.6627140625 0.6631140624999999 0.632403125 0.6612671875 0.6216234375 0.6545796875 0.6057078125 0.6497046875 0.5716546874999999 0.6476484375 0.5427390625 0.64723125 0.5427390625 0.6473703125 0.53430625 0.652978125 0.5316421874999999 0.6598390625 0.5356375 0.665690625 0.5334171875 0.6717875
4 0.48833281250000005 0.35604375 0.48833281250000005 0.3450359375 0.48478125 0.3333328125 0.474571875 0.3204109375 0.4568171875 0.3155 0.4301203125 0.31988906250000004 0.391059375 0.3311390625 0.3390609375 0.3304078125 0.3092578125 0.3321140625 0.30038125 0.3333328125 0.2977171875 0.33625937499999997 0.2986046875 0.34064843749999996 0.30215625 0.3435734375 0.3199109375 0.3460125 0.40437500000000004 0.3479625 0.40481875 0.34820625 0.422575 0.35015625 0.45149062500000003 0.35799375 0.4772359375 0.35896875 0.48833281250000005 0.35604375
4 0.42656875000000005 0.3076984375 0.42656875000000005 0.3081859375 0.44077343750000003 0.3128171875 0.4594796875 0.31379375 0.47190937499999996 0.31086718750000003 0.4798984375 0.2967265625 0.48389375 0.2796234375 0.46880156250000005 0.27304062500000004 0.44749531249999996 0.272796875 0.39327812500000003 0.2805984375 0.33012031249999996 0.2781609375 0.312809375 0.2801109375 0.3101453125 0.28474374999999996 0.312809375 0.2896203125 0.315028125 0.290875 0.3483828125 0.294775 0.3825625 0.2969703125 0.41236562499999996 0.30087031249999996 0.42656875000000005 0.3076984375
2 0.63868125 0.551028125 0.6501578125 0.55245625 0.671275 0.5528390625 0.7046296875 0.55081875 0.732784375 0.5500171875000001 0.7346234375 0.5479625 0.7338625000000001 0.5440968749999999 0.7120484375 0.5428765624999999 0.689790625 0.5402296875 0.6424218749999999 0.5404390625 0.6405828125 0.5404390625 0.637221875 0.54266875 0.6357640625000001 0.54510625 0.6360812499999999 0.548971875 0.63868125 0.551028125
1 0.7216234375 0.4594921875 0.7216234375 0.4547890625 0.671275 0.4438171875 0.6342421875 0.43793125 0.630184375 0.44057812500000004 0.6268234374999999 0.44587187500000003 0.62650625 0.44869375 0.6268234374999999 0.4495296875 0.6461 0.45398750000000004 0.70646875 0.46192968749999996 0.7168671875 0.46213906250000003 0.7216234375 0.4594921875
3 0.6461 0.4314171875 0.7127453125 0.4411703125 0.7264421875 0.44200625000000004 0.7320234375 0.4397421875 0.7312624999999999 0.43629375000000004 0.7231453125 0.4326359375 0.694990625 0.4263328125 0.672415625 0.4202375 0.6446421875 0.4149421875 0.640203125 0.415534375 0.640203125 0.415953125 0.6357640625000001 0.42082968750000005 0.6338625 0.4263328125 0.6357640625000001 0.42897968750000004 0.6461 0.4314171875
3 0.70646875 0.41250468749999997 0.7316421875 0.4120859375 0.73608125 0.40985781250000003 0.729803125 0.40456250000000005 0.7109062500000001 0.40090624999999996 0.6553578124999999 0.3927546875 0.6383 0.3915359375 0.6368421875 0.3943921875 0.6368421875 0.394984375 0.6357640625000001 0.40111406250000003 0.6368421875 0.4062 0.6468609375 0.40884687499999994 0.70646875 0.41250468749999997
4 0.656690625 0.3743984375 0.6772984375 0.3740515625 0.6970203125000001 0.37464375 0.70126875 0.371334375 0.698034375 0.3662828125 0.6751421875 0.3619296875 0.6498421875 0.35802812500000003 0.623715625 0.3558 0.6155359375 0.358725 0.6136328125 0.363671875 0.6142671875 0.36405468750000003 0.6147109375 0.36910468750000003 0.6170578124999999 0.37203125 0.6305640625 0.3735625 0.656690625 0.3743984375
