4 0.5835765625 0.25653125 0.6316421875 0.2571234375 0.6473046874999999 0.2522125 0.6383640625 0.24608124999999997 0.609321875 0.24238906249999997 0.609321875 0.241796875 0.55345625 0.22521718750000003 0.5422328125 0.2208984375 0.5355109375 0.21539531250000002 0.5221312499999999 0.2098578125 0.5120484375000001 0.20825468749999998 0.50538125 0.20801562499999998 0.49752656249999994 0.21170312500000002 0.49974687500000003 0.21783281250000003 0.47856718750000005 0.224590625 0.471275 0.2282484375 0.47438125 0.241065625 0.49067812499999997 0.24831093750000002 0.5478125 0.2516203125 0.5835765625 0.25653125
4 0.46005 0.277778125 0.46651875 0.28812187499999997 0.476790625 0.29258125 0.5020921875 0.2931734375 0.5248578125 0.2917796875 0.5566265625 0.29264999999999997 0.56829375 0.2939046875 0.5845906249999999 0.2921984375 0.6001265625000001 0.2892375 0.61255625 0.28411718750000003 0.60475625 0.281121875 0.588459375 0.2798671875 0.5721625 0.2815390625 0.5582125 0.278996875 0.5667718749999999 0.273459375 0.5853515625 0.2700453125 0.614078125 0.2657953125 0.628090625 0.26492499999999997 0.6327203124999999 0.2602234375 0.61953125 0.25684375 0.5675328125 0.25896875 0.5675328125 0.2598046875 0.5496515625 0.2593875 0.5096390625 0.25081875 0.48465468749999996 0.249878125 0.4844640625 0.2500171875 0.469753125 0.2542671875 0.4660109375 0.260884375 0.4724796875 0.26680625 0.46005 0.277778125
4 0.469753125 0.315953125 0.4643625 0.3206890625 0.4613828125 0.326471875 0.469753125 0.33490000000000003 0.478440625 0.3400203125 0.5031703125 0.3396375 0.5204187499999999 0.338453125 0.5333546874999999 0.33462187499999996 0.5581484375 0.33490000000000003 0.6061515625 0.32810937500000004 0.6115406250000001 0.32455625 0.591565625 0.3195046875 0.5738109375 0.3195046875 0.5635390625000001 0.31713749999999996 0.5641093749999999 0.3127140625 0.5904874999999999 0.3079765625 0.603425 0.3070703125 0.5953703124999999 0.3032390625 0.5748890624999999 0.3035171875 0.5581484375 0.3029265625 0.54039375 0.30115 0.5064046875 0.2946359375 0.49169375000000004 0.29435781250000004 0.4913125 0.29435781250000004 0.4773625 0.2952984375 0.45700624999999995 0.303134375 0.45586562500000005 0.30825468749999996 0.469753125 0.315953125
3 0.46702656249999996 0.3624171875 0.47019687499999996 0.36586562499999997 0.4809765625 0.365134375 0.4939765625 0.365134375 0.5088140625 0.3683390625 0.5155359374999999 0.3688265625 0.5717187499999999 0.35795937499999997 0.6058343749999999 0.352559375 0.607609375 0.343678125 0.60221875 0.3392203125 0.5820546875 0.33747812499999996 0.5551046875 0.3392203125 0.5285984375 0.3401953125 0.4764109375 0.33988125 0.47647500000000004 0.33995156249999997 0.4643625 0.34340000000000004 0.4562453125 0.35426718749999997 0.45897343749999997 0.3592125 0.46702656249999996 0.3624171875
3 0.46569374999999996 0.390246875 0.47197187500000004 0.393975 0.51915 0.39665625000000004 0.53081875 0.39592499999999997 0.5739375 0.390003125 0.6278374999999999 0.3791703125 0.6278374999999999 0.3737375 0.5681046875 0.3729703125 0.5353203125 0.37175156249999997 0.5168671875 0.37001093749999997 0.5025359375 0.36705 0.485921875 0.3651 0.47083125 0.3664578125 0.470640625 0.3665625 0.45897343749999997 0.37175156249999997 0.4540265625 0.37694218749999997 0.45669062499999996 0.38310625 0.46569374999999996 0.390246875
1 0.4631578125 0.42403281249999997 0.5014578125 0.427865625 0.5634109375 0.42521718750000004 0.59955625 0.42107343750000004 0.63995 0.41246875000000005 0.65345625 0.4068625 0.645909375 0.4029953125 0.609765625 0.40034843750000004 0.5688015625 0.39975625 0.5202921875000001 0.3973875 0.5041218749999999 0.39529843750000004 0.47774218749999997 0.39470625 0.47285937499999997 0.39470625 0.45345625 0.400034375 0.44483125 0.40773281250000004 0.4469875 0.4181125 0.4631578125 0.42403281249999997
2 0.4405203125 0.4495296875 0.44914375 0.4533609375 0.5062781249999999 0.45545156249999996 0.576346875 0.45367499999999994 0.6000640625 0.45130625 0.6173109375 0.44862343750000006 0.6237796875 0.44479218749999994 0.6194671875 0.44183281250000006 0.58605 0.43855781250000003 0.5052 0.4288046875 0.47786875 0.42650625 0.47767968749999995 0.4264375 0.4513 0.42762031250000004 0.4426765625 0.42967656249999997 0.43944218749999997 0.44183281250000006 0.4405203125 0.4495296875
2 0.4499046875 0.4888890625 0.4914390625 0.48979375 0.503296875 0.48770468749999996 0.5259359375 0.4862421875 0.572796875 0.48000625 0.59004375 0.47676718749999997 0.5927703125 0.47321562500000003 0.59004375 0.46492500000000003 0.5792640625 0.46046718750000004 0.5577046875 0.46046718750000004 0.53779375 0.45928281249999997 0.513 0.46018749999999997 0.50221875 0.4580984375 0.47685468750000004 0.4557296875 0.4552953125 0.45513750000000003 0.444515625 0.45513750000000003 0.43589062500000003 0.46374062499999996 0.43538437500000005 0.47676718749999997 0.43969531249999994 0.4865203125 0.4499046875 0.4888890625
2 0.4416609375 0.5245203125 0.464615625 0.526471875 0.490171875 0.525740625 0.501903125 0.5235109375 0.5773625 0.5232671875 0.5921375 0.5222921875 0.606975 0.51933125 0.6083062499999999 0.513653125 0.5966390625 0.5094390625 0.5616359375 0.5035171875 0.529296875 0.49686562500000003 0.49061562500000006 0.49167500000000003 0.441978125 0.4908390625 0.4416609375 0.49094375 0.437221875 0.495646875 0.4349390625 0.5079765625 0.4349390625 0.51981875 0.4416609375 0.5245203125
2 0.4745078125 0.5558 0.5081796875 0.5529437500000001 0.5876984375000001 0.547996875 0.6168046875 0.5405078125 0.6200375 0.5366078125 0.6090671875 0.5337859375 0.5573234375 0.5309296875 0.5230187500000001 0.5302328125 0.5036140625 0.52845625 0.48294218750000006 0.5273765625 0.44216875 0.5285968750000001 0.441534375 0.52845625 0.438934375 0.5351796875 0.44413437499999997 0.552246875 0.4512359375 0.5558 0.4745078125 0.5558
1 0.46791406249999995 0.587634375 0.4983515625 0.5911875 0.5714015625 0.592615625 0.5921375 0.59404375 0.6115406250000001 0.5919187499999999 0.6263796875 0.5883671875 0.6360812499999999 0.5840828124999999 0.6296125 0.5769765625 0.5998734375 0.5684781250000001 0.55263125 0.5613718750000001 0.5157890625 0.5570875 0.49638593750000004 0.5556593750000001 0.47197187500000004 0.558203125 0.4773625 0.5578890624999999 0.4629046875 0.5589000000000001 0.445909375 0.56419375 0.4426765625 0.570603125 0.4498421875 0.5826890625 0.46791406249999995 0.587634375
3 0.4694984375 0.6191921875 0.48459062499999994 0.6200625 0.5444515625 0.6147328125 0.583259375 0.612678125 0.606975 0.612365625 0.621496875 0.610309375 0.6268859375 0.6011140625 0.6177546875 0.594321875 0.587 0.596690625 0.5535828125 0.592546875 0.535828125 0.5916406249999999 0.49860468750000003 0.5910484375 0.475015625 0.5884703124999999 0.47545937499999996 0.58899375 0.462840625 0.5931031250000001 0.4495875 0.6064437500000001 0.457134375 0.6141421874999999 0.4694984375 0.6191921875
3 0.47780625 0.6451765625 0.49873124999999996 0.64346875 0.5433734375 0.6467078125 0.6074828125 0.6428765624999999 0.6181984375 0.6445140625 0.6209890625 0.6378609375 0.6096390625 0.6330890625000001 0.5287890625 0.6206546875 0.514775 0.617415625 0.47742500000000004 0.6201671875 0.47653749999999995 0.6203765625 0.46873750000000003 0.625321875 0.45973437500000003 0.63319375 0.46563125000000005 0.642284375 0.47780625 0.6451765625
4 0.46531406249999996 0.6858578125 0.47824999999999995 0.6908390625 0.49638593750000004 0.6922671874999999 0.5688015625 0.68230625 0.604375 0.67593125 0.6173109375 0.6752 0.627646875 0.673075 0.6315796875 0.6659703125 0.61864375 0.6613374999999999 0.5960046875 0.655659375 0.5448953125 0.6521078124999999 0.5254921875 0.6471265625 0.5112234375 0.6446531249999999 0.4996203125 0.64395625 0.48605 0.6446531249999999 0.500634375 0.6438515625 0.47875781249999994 0.6450359375 0.46442656250000003 0.657715625 0.474128125 0.670915625 0.4631578125 0.68000625 0.46531406249999996 0.6858578125
4 0.48833281250000005 0.7230234375 0.48776093749999994 0.7246609375 0.484146875 0.7276203125 0.482371875 0.7340296875 0.48776093749999994 0.737478125 0.497146875 0.7399515625 0.5079265625 0.7406828125 0.5214328125 0.7392203125 0.5326562499999999 0.7354921875 0.5488265625000001 0.7320453125 0.571275 0.72365 0.5811671875 0.7206890625 0.5973359375 0.7182515625 0.6085609375 0.714525 0.6161703125 0.7098578125 0.618453125 0.706165625 0.617565625 0.699721875 0.6076734375 0.6960296875 0.591946875 0.69355625 0.5816109375 0.69258125 0.5807234375 0.69306875 0.5488265625000001 0.6948109375 0.517375 0.6923375 0.49524375000000004 0.69306875 0.4949265625 0.692825 0.483259375 0.6950890625 0.47660156249999996 0.70170625 0.47190937499999996 0.712225 0.48833281250000005 0.7230234375
4 0.29150312500000003 0.2386625 0.2908046875 0.2429125 0.29277031249999996 0.24754375 0.315409375 0.25677500000000003 0.3303109375 0.2610234375 0.33677812500000004 0.264959375 0.3303109375 0.26990625 0.31864375 0.2674328125 0.3018390625 0.2585515625 0.288903125 0.2556953125 0.286303125 0.264228125 0.2940390625 0.26851250000000004 0.308940625 0.2784390625 0.3303109375 0.2862765625 0.3535828125 0.2929984375 0.3748890625 0.3008359375 0.388521875 0.3047375 0.41877031249999996 0.30383125 0.4257453125 0.2993734375 0.4259984375 0.29160624999999996 0.42339843750000006 0.2855453125 0.42339843750000006 0.28094687500000004 0.42796406249999996 0.28021562499999997 0.4344328125 0.2773953125 0.441534375 0.26990625 0.43379843749999997 0.26280000000000003 0.42276406250000004 0.25677500000000003 0.42244843750000005 0.25691406250000004 0.4130625 0.255346875 0.3561828125 0.24966875000000002 0.312809375 0.23901093750000002 0.29150312500000003 0.2386625
4 0.35947968750000003 0.30470156249999997 0.3448953125 0.304109375 0.29315156249999996 0.29258125 0.2775515625 0.2896203125 0.25865625 0.29258125 0.2592265625 0.2967265625 0.2683578125 0.3044234375 0.2840203125 0.307384375 0.2899171875 0.307384375 0.30989218749999997 0.3124 0.329296875 0.3204109375 0.331959375 0.3251484375 0.32117968750000003 0.3287015625 0.3088140625 0.3277953125 0.2904875 0.3287015625 0.25434375 0.321003125 0.25167968749999997 0.3239640625 0.2559921875 0.329884375 0.2624609375 0.3325328125 0.278059375 0.3375828125 0.3222578125 0.34705625 0.3422328125 0.3476484375 0.3530125 0.350609375 0.361065625 0.35179375 0.3713375 0.354440625 0.3966390625 0.3547546875 0.40957499999999997 0.35653125 0.4176921875 0.3547546875 0.41984843749999995 0.3508875 0.4176921875 0.3464640625 0.41877031249999996 0.336084375 0.4176921875 0.33106874999999997 0.4214328125 0.3289796875 0.424159375 0.3239640625 0.424159375 0.31508125 0.422003125 0.3091953125 0.408496875 0.305015625 0.3982875 0.3044234375 0.3750796875 0.30619999999999997 0.35947968750000003 0.30470156249999997
3 0.2786296875 0.3483796875 0.2559921875 0.348728125 0.2559921875 0.3540578125 0.263728125 0.35869062500000004 0.2818640625 0.36541250000000003 0.30386875 0.3693484375 0.321940625 0.37112500000000004 0.3381109375 0.3774984375 0.3588453125 0.379275 0.37501562499999996 0.3796234375 0.4105890625 0.38355937500000004 0.4183265625 0.3774984375 0.4216875 0.3709515625 0.41445781249999997 0.35653125 0.414521875 0.3567046875 0.3937859375 0.3547546875 0.376284375 0.3554859375 0.32454062499999997 0.35297812500000003 0.2786296875 0.3483796875
3 0.27894687500000004 0.38122656250000003 0.2481921875 0.383315625 0.24388125 0.3877390625 0.2487640625 0.39306874999999997 0.2762203125 0.3983984375 0.34305625 0.40491093749999996 0.371084375 0.4093703125 0.3850984375 0.4099609375 0.39695625 0.4081859375 0.40126875 0.40463281249999994 0.4088140625 0.4022640625 0.41585312500000005 0.39871093750000003 0.41636093750000003 0.3924765625 0.40830625 0.3845 0.408496875 0.38474375 0.4050734375 0.383315625 0.3850984375 0.380946875 0.35009531250000003 0.378578125 0.27894687500000004 0.38122656250000003
1 0.249525 0.41417656249999996 0.245909375 0.418146875 0.24863593750000001 0.4218390625 0.25085625 0.4280046875 0.26252343749999996 0.42897968750000004 0.299809375 0.4302328125 0.3375390625 0.43688593750000004 0.3771078125 0.43737343749999996 0.38877656250000003 0.4359109375 0.4148390625 0.4371296875 0.419784375 0.43368124999999996 0.42067187500000003 0.42897968750000004 0.4237796875 0.42159531250000004 0.4233359375 0.41713750000000005 0.41750156250000003 0.4146640625 0.41705781249999996 0.4149421875 0.405390625 0.41198125 0.38516093749999997 0.41246875000000005 0.3146484375 0.411215625 0.249525 0.41417656249999996
2 0.3324671875 0.4430515625 0.29873125 0.44674375 0.27362031249999996 0.4507140625 0.27362031249999996 0.45367499999999994 0.275396875 0.4588296875 0.28211718750000003 0.460571875 0.32213125 0.4580984375 0.35263125 0.4590734375 0.39980937499999997 0.462034375 0.4146484375 0.4623125 0.41731093750000003 0.45586874999999993 0.41731093750000003 0.4465 0.41014531249999997 0.4378609375 0.411034375 0.4378609375 0.398921875 0.43664218750000006 0.3868109375 0.4361546875 0.3674703125 0.440821875 0.3324671875 0.4430515625
2 0.30951249999999997 0.4664921875 0.2794546875 0.4711953125 0.276728125 0.4748875 0.275840625 0.47979843750000006 0.2790109375 0.48202656250000003 0.289346875 0.48032031249999996 0.30500937499999997 0.47931093750000003 0.3333546875 0.4808078125 0.3553578125 0.4812953125 0.3939765625 0.48376875 0.4088140625 0.4830375 0.41376093750000004 0.48056406249999994 0.41376093750000004 0.4743984375 0.41147812500000003 0.4655171875 0.411034375 0.4655171875 0.384084375 0.4632875 0.376475 0.4642640625 0.3427390625 0.46475156249999994 0.30951249999999997 0.4664921875
2 0.26823125000000003 0.5012890624999999 0.2885859375 0.50449375 0.3005703125 0.50546875 0.3153453125 0.50449375 0.3481296875 0.5049812499999999 0.38046875 0.5042500000000001 0.4105890625 0.5049812499999999 0.412809375 0.5015328125 0.41553593749999995 0.49216249999999995 0.411921875 0.485475 0.404946875 0.48425624999999994 0.3014578125 0.4869734375 0.27362031249999996 0.48920312499999996 0.26594843749999997 0.49561093749999996 0.26823125000000003 0.5012890624999999
2 0.3487640625 0.5096828125 0.324984375 0.507453125 0.3020921875 0.507209375 0.2805328125 0.5099265625 0.263475 0.51313125 0.258528125 0.5168234375 0.26296718750000003 0.520028125 0.2890296875 0.5247296875 0.31058906249999996 0.5269250000000001 0.3209265625 0.528665625 0.3568796875 0.52716875 0.3685484375 0.5259484375000001 0.379771875 0.5264375 0.39010781250000004 0.528909375 0.4036140625 0.529153125 0.4152828125 0.527934375 0.41705781249999996 0.5229890625 0.4152828125 0.5150812499999999 0.41135 0.5064437500000001 0.40044375 0.5064437500000001 0.38966406249999996 0.5076984375 0.37171875 0.507453125 0.3487640625 0.5096828125
1 0.32301875 0.5308953125 0.278059375 0.540996875 0.250665625 0.548903125 0.24172500000000002 0.5525953125 0.2394421875 0.558028125 0.24394375 0.5614765625 0.25605625 0.562975 0.29784375 0.56370625 0.35669062500000004 0.5597359375 0.3818640625 0.5538140625 0.40069687500000006 0.5553125 0.4177546875 0.5516203125 0.41870624999999995 0.54395625 0.41642343750000005 0.53483125 0.40741875 0.5313828125 0.40748281249999996 0.5313828125 0.3966390625 0.5304078125 0.3616359375 0.5311390625 0.34369062499999997 0.5296406250000001 0.32301875 0.5308953125
3 0.31870625 0.5741906250000001 0.2501578125 0.58948125 0.2507921875 0.5941140625 0.2624609375 0.597665625 0.26569375 0.604771875 0.2792640625 0.6022640625 0.3005703125 0.5965859375 0.325175 0.593034375 0.34521250000000003 0.593034375 0.3587828125 0.5898296875 0.37241562500000003 0.588784375 0.396321875 0.5884015625 0.40342500000000003 0.5845 0.4105265625 0.5763499999999999 0.4124921875 0.5663875 0.4098921875 0.5642640625 0.40082500000000004 0.5614078124999999 0.3904875 0.5539531249999999 0.390425 0.5540921875 0.38218125000000003 0.5536749999999999 0.37305 0.556078125 0.3665828125 0.5603625 0.31870625 0.5741906250000001
3 0.3259984375 0.5974921875 0.3094484375 0.6037625 0.2522515625 0.623440625 0.24565625 0.6313828125 0.2537734375 0.6341 0.2696890625 0.6315921875 0.288459375 0.6305468750000001 0.3052625 0.627690625 0.3229546875 0.6235109375000001 0.368040625 0.6205859375 0.38611249999999997 0.622709375 0.41097031250000005 0.618321875 0.41591562499999996 0.611703125 0.41781875 0.602821875 0.41781875 0.5921624999999999 0.41395 0.5864859375 0.40557968750000006 0.5855109374999999 0.4042484375 0.5864859375 0.373240625 0.589934375 0.360240625 0.5932421875 0.34216875 0.5939390625 0.3259984375 0.5974921875
4 0.3325296875 0.6239984375 0.3053265625 0.6316609375 0.2781859375 0.6372 0.25491406250000004 0.6457328125 0.255675 0.6533953125 0.27273281250000003 0.6495640625 0.315409375 0.6440265625 0.32942343749999997 0.6478578125000001 0.33018437500000003 0.656809375 0.31001875 0.66534375 0.29448281249999997 0.6661796875 0.2681046875 0.6712984375 0.257196875 0.6777078125 0.2634109375 0.686659375 0.2844 0.684953125 0.315409375 0.6802515625 0.3558015625 0.6712984375 0.3783125 0.6704625 0.402346875 0.67300625 0.4209890625 0.66663125 0.428725 0.6499828125 0.427203125 0.64444375 0.41712187500000003 0.6384890624999999 0.41636093750000003 0.6337859375 0.4209890625 0.628665625 0.4248578125 0.6192968750000001 0.41636093750000003 0.6158828125 0.41636093750000003 0.61671875 0.40393125 0.6201328125 0.3868109375 0.6218390625 0.369753125 0.6211421875 0.3325296875 0.6239984375
4 0.35903593749999996 0.6832109375 0.3118578125 0.7013234374999999 0.28205468749999996 0.7173109375 0.2827515625 0.7254968749999999 0.2904875 0.7268890625 0.3072921875 0.7222921875 0.3351296875 0.7116328125 0.3487 0.7123296875 0.35256875 0.7169625 0.3396328125 0.722640625 0.325428125 0.7339953125 0.3137609375 0.74608125 0.3150921875 0.7510625 0.329296875 0.7510625 0.3396328125 0.747509375 0.36036718749999996 0.7361546875 0.377171875 0.7297453125 0.398478125 0.7254968749999999 0.4114140625 0.72406875 0.4340515625 0.718390625 0.44508593750000003 0.7077328125 0.4444515625 0.69811875 0.43798281250000004 0.69421875 0.42891562499999997 0.6910140625000001 0.42568124999999996 0.68425625 0.42695 0.6793109375 0.4223203125 0.6659359375 0.42244843750000005 0.6672234375 0.40919531249999996 0.671890625 0.3862390625 0.6714734375 0.377171875 0.6771515625 0.35903593749999996 0.6832109375
