2 0.3672239640625 0.46740646874999997 0.35074886875 0.370069753125 0.34642981562499997 0.35250475625 0.3431556953125 0.34914394375 0.339254615625 0.350602409375 0.3376175546875 0.35662650625 0.3388366421875 0.3790741921875 0.3460466734375 0.431452125 0.34827586250000003 0.473367153125 0.3484848484375 0.5108433734375 0.34994775312500004 0.517564996875 0.3616509921875 0.5242866203125 0.3696621390625 0.5261889656250001 0.37446882656249997 0.5236525046875 0.37708115625 0.521306278125 0.3780912578125 0.5160431203125 0.3780912578125 0.510082434375 0.374190178125 0.4924540265625 0.3672239640625 0.46740646874999997
2 0.3841518640625 0.3821179453125 0.380041796875 0.3682942296875 0.37655869062499997 0.363031071875 0.3736677109375 0.363411540625 0.3714036921875 0.367533290625 0.3720306515625 0.3858592265625 0.3769766625 0.4637285984375 0.3769766625 0.4970196578125 0.37840473750000003 0.5127457203125 0.3815047015625 0.5161699421875 0.3899338203125 0.5206087515625 0.39752699375 0.5206087515625 0.40142807343750003 0.5150285359375 0.40428422187499996 0.5136334812500001 0.40637408593749996 0.5116677234375 0.40679205781250005 0.5093849078125 0.4057471265625 0.49327837656250006 0.396900034375 0.45776791406250006 0.3841518640625 0.3821179453125
0 0.400452803125 0.342739378125 0.395715778125 0.3351934046875 0.395715778125 0.3707672796875 0.3989898984375 0.40900443906249995 0.4108324625 0.51198478125 0.4205851625 0.5184527578125 0.429467084375 0.521686746875 0.4389411359375 0.516296765625 0.43984674375 0.5141407734375 0.4395332640625 0.5055168046875 0.4345175890625 0.477488903125 0.4122953671875 0.38205453437500003 0.400452803125 0.342739378125
1 0.4358760015625 0.34343690625 0.431905259375 0.34343690625 0.42918843593749995 0.34610019062499997 0.428213165625 0.3551046296875 0.43044235468750003 0.40672162343749996 0.43636363593749994 0.46017755156250006 0.44155346562500003 0.4894102734375 0.443991640625 0.5131896 0.44893765312499995 0.5123018390625 0.4646116328125 0.5124286625 0.466945315625 0.5127457203125 0.46990595625 0.5131896 0.4652385921875 0.485351934375 0.43932427656249995 0.351490171875 0.4358760015625 0.34343690625
1 0.48561476875 0.46163601718749997 0.4810867296875 0.43316423593750003 0.46854754375 0.360558021875 0.46687565312499996 0.3556753328125 0.4629745734375 0.352694990625 0.4613375125 0.35491439375 0.45970045312499996 0.360938490625 0.46750261249999997 0.448509828125 0.471821665625 0.511414078125 0.4832810875 0.5072923265625 0.4887495640625 0.504375396875 0.49320794218749997 0.5024096390625 0.492197840625 0.49302473124999996 0.48662486875 0.47247939062500005 0.48561476875 0.46163601718749997
1 0.4985022640625 0.37159162968750004 0.49644723125 0.371274571875 0.49421804218750004 0.3734305640625 0.49080459843749996 0.381230184375 0.4904562875 0.40462904218749995 0.4940438875 0.45738744374999996 0.49474050781249995 0.5060240968749999 0.495924765625 0.508497146875 0.506722396875 0.5116043125 0.51459421875 0.5072923265625 0.5159874609374999 0.50538998125 0.516335771875 0.5019657578125 0.510170671875 0.4421052625 0.5020898640625 0.3862396953125 0.4985022640625 0.37159162968750004
1 0.535667015625 0.4273937859375 0.52061999375 0.3606848453125 0.51804249375 0.357831325 0.5158133046875 0.35909955625 0.5151166843749999 0.365060240625 0.519923371875 0.463601775 0.518564959375 0.4842105265625 0.51804249375 0.5050729234375 0.5204458375 0.5072923265625 0.5235109718750001 0.5066582125 0.529501915625 0.502282815625 0.53260188125 0.504755865625 0.5394636015625001 0.5057070390625 0.543921978125 0.50697526875 0.54580285625 0.5072923265625 0.543921978125 0.481991121875 0.53963775625 0.4473684203125 0.535667015625 0.4273937859375
0 0.572866596875 0.37571337968749996 0.570393590625 0.36334812968749997 0.5677115984375 0.357006975 0.5613375125 0.3521242859375 0.5582723796875 0.35326569375 0.5551724140625 0.3603677875 0.550644375 0.3891566265625 0.5498432609374999 0.447939125 0.5453152218749999 0.47038681093749996 0.547579240625 0.5037412812500001 0.5492163015625 0.5067216234374999 0.566283525 0.5085605578125 0.5731452453125 0.50209258125 0.575757575 0.497717184375 0.5773946359375 0.49213696875 0.57819575 0.4782498421875 0.5779867640624999 0.418389346875 0.572866596875 0.37571337968749996
2 0.6086381046875 0.3474318328125 0.60592128125 0.341154090625 0.602960640625 0.33887127499999997 0.6010101015625 0.3420418515625 0.59164054375 0.3793278375 0.584221525 0.43677869375 0.579031696875 0.46556753281249996 0.5743643328125 0.47006975312500004 0.5743643328125 0.4848446421875 0.5763148734375 0.4925174375 0.5797979796875 0.49879518125000005 0.5847091609375 0.5037412812500001 0.5901428078125 0.5072923265625 0.597039359375 0.5072923265625 0.604214559375 0.5016487 0.6076628359375 0.49879518125000005 0.6086381046875 0.4974635390625 0.6108672937499999 0.4798985421875 0.6096482062499999 0.353709575 0.6086381046875 0.3474318328125
2 0.649947753125 0.3920101453125 0.657157784375 0.3418516171875 0.6563218390625 0.32764743125 0.654684778125 0.32536461562499996 0.6485196796875 0.33284717812500003 0.6431556953124999 0.3418516171875 0.6353535359375 0.36429930312500003 0.6257053296875 0.41071654999999996 0.606583071875 0.48218135625 0.60226401875 0.5024096390625 0.6152211765625 0.5046924546875 0.619749215625 0.5039315156249999 0.6347265765625 0.5072923265625 0.6363984671875 0.507672796875 0.6419366078125 0.50202916875 0.6448275859375 0.4833227640625 0.6468826187500001 0.42866201718749997 0.649947753125 0.3920101453125
3 0.7566701499999999 0.668547875 0.7596307906249999 0.6770450218749999 0.7611285265625 0.67393785625 0.7633228843750001 0.6429296124999999 0.7628352484375001 0.6190868734375 0.7596307906249999 0.5961953078125 0.7611285265625 0.5445783125 0.7588993375 0.5391883328125 0.7519679546875 0.5310716546875 0.7465691390625 0.5284083703125 0.742842215625 0.5310716546875 0.7406478578125 0.5342422328125 0.72779519375 0.5284083703125 0.7154649953125001 0.52929613125 0.7134796234375 0.5391883328125 0.7134796234375 0.5571337984375 0.7196795546875 0.5867469875 0.7275513765625 0.6181991124999999 0.73618948125 0.6573240328125001 0.7391501218750001 0.6644895375 0.745315221875 0.6752694984375001 0.750017415625 0.67977171875 0.753465690625 0.6806594796875001 0.7552072453124999 0.67977171875 0.755938696875 0.677932784375 0.7546499484375 0.6760304374999999 0.7539533265625 0.6729866828125 0.7450714031250001 0.6272035515625001 0.7421107625000001 0.6069752687500001 0.7502612328125 0.6209258078125 0.7566701499999999 0.668547875
3 0.7123301984375 0.674128090625 0.7075931734375 0.6342422328125 0.7075931734375 0.5948636656249999 0.7087774296875 0.565250475 0.7111459421874999 0.5361445781249999 0.7105538140625 0.529105896875 0.704353884375 0.5183259359375 0.698119121875 0.5150919468749999 0.6919191921875 0.51566265 0.6883664234375 0.5204819281249999 0.6773946359374999 0.5183259359375 0.6634970390625 0.5199746359375 0.6575757578125 0.529105896875 0.6581678859375 0.5490805328125 0.6634970390625 0.577108434375 0.6702890984375001 0.60082435 0.6732497390625001 0.6347495249999999 0.68066875625 0.6773620796875 0.6850923015625 0.6918833234374999 0.6868686875 0.6924540265625 0.6901428078125 0.6913760296875 0.6939742250000001 0.6881420421875 0.695750609375 0.6784400765624999 0.6919191921875 0.6568801515625 0.686276559375 0.6385542171874999 0.6850923015625 0.626696259375 0.686276559375 0.6180722890625 0.688645071875 0.6164235890625 0.691013584375 0.6164235890625 0.6954719609375 0.6320862390624999 0.70362243125 0.675396321875 0.7049460125 0.6811033609375 0.7067223968749999 0.6870640453125 0.7087774296875 0.6875713375 0.7117380703125 0.6838300578125 0.7123301984375 0.674128090625
2 0.6297805640624999 0.570830690625 0.629467084375 0.5287888390625 0.6282828281249999 0.5239061515625 0.621177290625 0.5195941656249999 0.6066875656249999 0.5228281546875 0.5989898984375001 0.5298668359375001 0.589794496875 0.52606214375 0.590978753125 0.5670259984375 0.6010449328125 0.5950539 0.6096482062499999 0.658655675 0.6168930687499999 0.677108434375 0.618530128125 0.680786303125 0.621177290625 0.6872542796875 0.6235458031250001 0.6721623328125 0.6274120515625 0.6258084968750001 0.6297805640624999 0.570830690625
0 0.6004876343750001 0.6159797078125 0.5989898984375001 0.561001903125 0.5972135140625 0.5318960046875 0.5948450015625 0.5292327203125 0.5824103093749999 0.521686746875 0.5696969703125 0.5292327203125 0.5610936953125 0.5389346859375 0.5634622078125 0.5911857953124999 0.5764890281249999 0.665060240625 0.578927203125 0.6920735578125 0.5797631484375 0.6974001265625 0.5853709515625 0.69467343125 0.593974225 0.7151553578125001 0.5960292578125 0.7071020921875 0.6004876343750001 0.6159797078125
1 0.5591779875 0.6357641093749999 0.5582723796875 0.536588459375 0.545245559375 0.5398224484374999 0.529571578125 0.5376664546875001 0.5292580984375 0.5651870640625 0.5307558343750001 0.610970196875 0.536677115625 0.6632847171875 0.5450017421875 0.7143310078125 0.54702194375 0.7198478125000001 0.54939045625 0.7198478125000001 0.554719609375 0.7155358281249999 0.5591779875 0.7025998734375001 0.5591779875 0.6357641093749999
1 0.5296760703125 0.738617628125 0.5261233015625 0.68883956875 0.5261233015625 0.6040583390625 0.5286311390625 0.5336081171875 0.5101358406250001 0.541978440625 0.5005572968750001 0.5393785671875 0.492023684375 0.5393785671875 0.4941483796875 0.57888395625 0.49808429062500004 0.6124920734375 0.5094392203125 0.69461001875 0.5244862421875001 0.7414077359375 0.5261233015625 0.74508560625 0.5286311390625 0.7509194671875 0.5304075234375001 0.7509194671875 0.53145245625 0.747685478125 0.5296760703125 0.738617628125
1 0.46830372656249997 0.7266962593749999 0.4708115640625 0.7208623968750001 0.4810867296875 0.6406467984375 0.4853709515625 0.5895370953125 0.4907001046875 0.5500951171875 0.49035179375000004 0.5403931515625 0.48819226718750003 0.5371591625 0.4793103453125 0.5448953703125 0.4615465 0.54426125625 0.45729710937499995 0.5455928984375 0.45586903593750006 0.55332910625 0.45694879843749997 0.5901712109374999 0.454824103125 0.6303107171875 0.45764542031250005 0.656816740625 0.4598397765625 0.7166772359375 0.45977011562500003 0.7240963859375 0.46015325625000003 0.7266962593749999 0.4626262625 0.7292327203125 0.46548241093750004 0.7292327203125 0.46830372656249997 0.7266962593749999
1 0.434413096875 0.7276474312500001 0.4471960984375 0.6183259359375 0.45287356250000005 0.57564996875 0.45858585781250005 0.5426759671875 0.445768025 0.5420418515625001 0.42765586874999995 0.5459099562499999 0.4297805640625 0.5821179453124999 0.42587948437499995 0.634495878125 0.4202020203125 0.6934052 0.422396378125 0.725871909375 0.4226750265625 0.7322130625 0.4230581671875 0.7360811671875 0.42553117343749997 0.7379835124999999 0.43016370625 0.7379835124999999 0.434413096875 0.7276474312500001
0 0.41598746093749994 0.6740646796875 0.41919191875 0.5970830687500001 0.42378962031249995 0.5686112875 0.42344130937499996 0.5511731140625 0.4202368515625 0.54920735625 0.41208638124999997 0.5408370328125 0.40355276875 0.539505390625 0.3967955421875 0.5421052625 0.3911180765625 0.5511731140625 0.3914663875 0.5627774249999999 0.3967955421875 0.596448953125 0.395715778125 0.627457196875 0.3967955421875 0.6423589093750001 0.3960989203125 0.6792010140625 0.39171020625 0.7289790734375 0.390386625 0.736144578125 0.3918146984375 0.7387444515625 0.39644723125 0.737412809375 0.4039010796875 0.7212428656250001 0.41598746093749994 0.6740646796875
2 0.3902473 0.7190868734375 0.3902473 0.60779961875 0.3941832109375 0.5631578953124999 0.39380007031250003 0.5509194671875 0.38777429531249996 0.5412175015625 0.383873215625 0.544451490625 0.3756879140625 0.538617628125 0.369313828125 0.5424857328125 0.363984675 0.548953709375 0.3661093703125 0.568357640625 0.37178683437500004 0.6828154718749999 0.37958899375 0.7093849078125001 0.38032044531250003 0.7119213703125 0.3831417625 0.7209892203125 0.3856496 0.7242232093750001 0.38885405781250004 0.7223208624999999 0.3902473 0.7190868734375
2 0.3538836640625 0.728281546875 0.3553814 0.7255548515625 0.3586206890625 0.7126823078125 0.360710553125 0.698604946875 0.36335771562499997 0.6700697531250001 0.36158133124999997 0.5961953078125 0.3636711953125 0.5616994296875 0.3636711953125 0.549334178125 0.35980494531249996 0.5412175015625 0.3544757921875 0.5358275203125 0.3388018109375 0.5417882046875 0.331974921875 0.55415345625 0.33288052968750004 0.560114140625 0.3388018109375 0.579518071875 0.342633228125 0.615091946875 0.3455938703125 0.684083703125 0.3423545796875 0.7121116046875 0.3423545796875 0.7164235890625 0.34294670781250003 0.725047559375 0.34590735 0.72935954375 0.34946011875 0.7298668359375 0.3538836640625 0.728281546875
3 0.328422153125 0.6211160437500001 0.3377917109375 0.5676601140625 0.3387669796875 0.551046290625 0.33138279375 0.5452124281249999 0.31114594218749997 0.5424857328125 0.30226401875 0.545656309375 0.29265064375 0.55326569375 0.294601184375 0.561382371875 0.2973180078125 0.6022194046875 0.3002786484375 0.622891565625 0.2985719265625 0.639505390625 0.29042145625 0.6947368421875 0.29164054375 0.6979074187500001 0.29411355 0.6974635390625 0.30128875 0.6925174375 0.30964820625 0.6318960046875 0.31508185312500003 0.6215599234375 0.3153256703125 0.6377298671875 0.310170671875 0.7001268234375 0.31090212500000003 0.7024096390625 0.31292232656249996 0.7102092578125 0.3182863109375 0.7001268234375 0.32420759375 0.6601775515625 0.328422153125 0.6211160437500001
3 0.2738418671875 0.6879518078125 0.27777777812500004 0.6713379828125 0.28540578125 0.6197209890625001 0.29059561093749997 0.5887127453125001 0.292093346875 0.5684844640625 0.2918495296875 0.5554850984375 0.28913270625 0.5496512359375 0.28244514062500004 0.5460367781250001 0.266910484375 0.551426759375 0.25977011562499996 0.5550412171875 0.25384883281250004 0.5653772984375001 0.25384883281250004 0.581991121875 0.25506792031250003 0.603107165625 0.25778474375 0.6169942921875 0.2568094734375 0.6484464171875 0.2582723796875 0.6736207984375 0.26273075625 0.6947368421875 0.26617903125 0.6296131890625001 0.268059909375 0.6069752687500001 0.2695228140625 0.6015218765625 0.2731800765625 0.60044388125 0.274225009375 0.6096385546875001 0.2683385578125 0.6831325296874999 0.2666666671875 0.6903614453125 0.265691396875 0.695624603125 0.2647509578125 0.69752695 0.2660048765625 0.6986683578124999 0.2686520375 0.6974001265625 0.2738418671875 0.6879518078125
3 0.2478927203125 0.41832593593749995 0.24991292187499997 0.42980342499999996 0.25907349375 0.45129993593749995 0.2647857890625 0.47165504062499997 0.2617206546875 0.4738744453125 0.25377917031249997 0.4587190875 0.24709160625 0.4342422328125 0.2417972828125 0.4335447046875 0.2405781953125 0.44166138281249995 0.24301637031249998 0.46613823749999994 0.24688261875 0.4935320234375 0.2580633921875 0.54090044375 0.263148728125 0.5416613828125 0.275165446875 0.5364616359375 0.282479971875 0.5360811671875 0.2930686171875 0.529803425 0.3007662828125 0.5239061515625 0.30261232968749996 0.5149651234375 0.2948798328125 0.492390615625 0.2853361203125 0.4742549140625 0.276593521875 0.45206087500000003 0.275757575 0.4505389984375 0.26516893124999996 0.42536461562500005 0.2552072453125 0.410906784375 0.2491118078125 0.4120481921875 0.2478927203125 0.41832593593749995
3 0.2088470921875 0.46315789531249996 0.2064089171875 0.4738744453125 0.20679205781249999 0.48389346875 0.2110762796875 0.5050095125 0.21637060312499998 0.5402029171875 0.2202368515625 0.5616360171875 0.2236851265625 0.56981610625 0.226959246875 0.571274571875 0.2381400203125 0.567596703125 0.24545454531250002 0.5594166140625 0.25419714375 0.54755865625 0.25541623125 0.5402029171875 0.2519679546875 0.5275840203125 0.24465343125 0.50538998125 0.23709508906250001 0.4846544078125 0.23486590000000002 0.4801521875 0.2279693484375 0.468357640625 0.21880877812500002 0.46163601718749997 0.212713340625 0.460558021875 0.2088470921875 0.46315789531249996
3 0.70484151875 0.5032974 0.747544409375 0.5148383 0.7514454890625 0.5099556125 0.763392546875 0.4620164875 0.7743991640625 0.4282181359375 0.77708115625 0.4050729234375 0.7773249734375 0.3917565 0.774155346875 0.388205453125 0.7663531875 0.399746353125 0.756078021875 0.4224476859375 0.7455938703125 0.44774889062499995 0.7448624171875 0.4481927703125 0.7443747828125 0.4393151546875 0.7490073140625 0.42022828125 0.7624172765624999 0.40063411562500006 0.7678160921875 0.38864933437500004 0.7653779171874999 0.3802156 0.759491465625 0.37888395625000004 0.7468129578125 0.38554216874999997 0.7301985375 0.41401395 0.7204458375 0.434876346875 0.7119122250000001 0.4481927703125 0.7116684078125 0.4486366515625 0.701149425 0.46601141406249996 0.6950539874999999 0.4846544078125 0.6950539874999999 0.4961953078125 0.70484151875 0.5032974
3 0.8027168234375001 0.524159796875 0.8098571921875 0.5038046921875 0.825774990625 0.465884590625 0.8298153953125 0.45485098281249997 0.8309648203125001 0.437793278125 0.8274817140625 0.430818009375 0.8204458375 0.43405199687499996 0.8104841515625001 0.4505389984375 0.7999303375 0.46601141406249996 0.7964124 0.46924540312499996 0.79522814375 0.46176284062499995 0.8013932421875 0.448953709375 0.8098920234375001 0.4356372859375 0.815151515625 0.42498414687499997 0.8148728671875001 0.4169942921875 0.8081156390625001 0.4148383 0.798188784375 0.4223208625 0.783803553125 0.4414711484375 0.769174503125 0.46601141406249996 0.75893416875 0.48845910000000003 0.753639846875 0.507609384375 0.7516544765625001 0.5172479390625 0.7676419359375 0.5220038046875 0.7935910828125 0.5374762203125 0.7966213859375 0.5356372859375 0.8027168234375001 0.524159796875