3 0.625428028125 0.2477882265625 0.5699429296875 0.2675026125 0.5394419781249999 0.2678160921875 0.5062777421875 0.26990595625 0.501902346875 0.271717171875 0.51116043125 0.32072448593749997 0.5345592890625 0.31922675 0.5672162328125 0.309056078125 0.5933417875 0.3033786140625 0.623779328125 0.2956112859375 0.6521242859374999 0.2845698359375 0.671718453125 0.2738070359375 0.6694990484375001 0.2723093 0.6499048828125 0.2749912921875 0.6085605578125 0.284848484375 0.5878883953125 0.2887495640625 0.582435003125 0.2890282125 0.5797083062499999 0.2881574359375 0.57805960625 0.2869383484375 0.57805960625 0.28575409218750003 0.5805326562500001 0.28425635625 0.584083703125 0.2833507484375 0.6161699421875 0.2702194359375 0.64337349375 0.2576454203125 0.6624603671875 0.2388018109375 0.625428028125 0.2477882265625
3 0.650158528125 0.348659003125 0.657260621875 0.3453848828125 0.6583386171875001 0.3417972828125 0.653963221875 0.3388018109375 0.648573240625 0.3376175546875 0.6267596703125 0.339115290625 0.598985415625 0.34238941093749997 0.5925174375 0.34238941093749997 0.5902980343750001 0.341483803125 0.5897907421874999 0.339115290625 0.59302473125 0.335527690625 0.603931515625 0.33131313125 0.6322130625 0.328352490625 0.6458465437500001 0.32445141093749996 0.6523779328125 0.31818181874999996 0.6507292328125 0.31278300312499996 0.64090044375 0.31191222500000004 0.514648065625 0.32685475468749997 0.5102726703125 0.329536746875 0.5097653765625 0.3376175546875 0.516296765625 0.3447927546875 0.5157260625 0.3612330203125 0.5152187703125 0.36273075625 0.516296765625 0.3639150125 0.5201014578125001 0.364507140625 0.560938490625 0.3603274125 0.650158528125 0.348659003125
2 0.59302473125 0.38934169218750003 0.6724793906250001 0.38303726875 0.688268865625 0.3803552765625 0.694800253125 0.37708115625 0.6937222578125 0.374085684375 0.691566265625 0.3725879484375 0.681230184375 0.3710902125 0.6207989859375 0.37227446875000003 0.600634115625 0.369278996875 0.5897907421874999 0.370498084375 0.571274571875 0.3695924765625 0.5168040578124999 0.3690003484375 0.5152187703125 0.371682340625 0.50538998125 0.3803552765625 0.504311984375 0.389620340625 0.5048826890625 0.3911180765625 0.5097653765625 0.3973876703125 0.516296765625 0.399477534375 0.5304375390625 0.3997910140625 0.59302473125 0.38934169218750003
2 0.5647431828125 0.42222222187499997 0.6284083703125 0.4165447578125 0.684464171875 0.41233019843749996 0.665948003125 0.406652734375 0.6164235890625 0.40010449374999996 0.54838300625 0.39797979843750003 0.5141407734375 0.3991988859375 0.50868738125 0.40219435781249996 0.5048826890625 0.405468478125 0.5048826890625 0.418634621875 0.517945465625 0.42431208593749997 0.5201014578125001 0.42817833437499997 0.5206721625 0.4296760703125 0.523335446875 0.4308951578125 0.528281546875 0.4308951578125 0.5418516171875 0.426994078125 0.5647431828125 0.42222222187499997
0 0.571274571875 0.454789271875 0.674128090625 0.4485196796875 0.652885225 0.44043887187499997 0.6240329734375 0.435667015625 0.58598605 0.4335771515625 0.5451490171875 0.4284918140625 0.517945465625 0.4278996859375 0.5124920734375 0.4296760703125 0.5097653765625 0.4320794140625 0.5032339890624999 0.4494252875 0.502663284375 0.4509230234375 0.5064679765625 0.4530128875 0.5201014578125001 0.454789271875 0.54838300625 0.453605015625 0.571274571875 0.454789271875
1 0.566708940625 0.47910135781249996 0.6188966390624999 0.481365378125 0.6583386171875001 0.4820968296875 0.646100190625 0.47561825156250004 0.5685478749999999 0.46116335781249995 0.5549143937500001 0.46116335781249995 0.515472415625 0.45694879843749997 0.5055168046875 0.457192615625 0.5027901078125 0.45942180468749994 0.5005072921875 0.47561825156250004 0.5005072921875 0.47735980468749994 0.5032339890624999 0.47910135781249996 0.5095751421875 0.4798676421875 0.5354470515624999 0.48011145937500005 0.566708940625 0.47910135781249996
1 0.6147748890625 0.495785440625 0.608877615625 0.4930686171875 0.5953075453125 0.49080459843749996 0.543563728125 0.4850923015625 0.50412175 0.48310693125000004 0.5005072921875 0.487321490625 0.49733671562500004 0.50003483125 0.496892834375 0.50128875 0.496892834375 0.503030303125 0.5925808499999999 0.5015325671875 0.6166138234375 0.5020202015625 0.6147748890625 0.495785440625
1 0.5812301843750001 0.5264367812499999 0.6351934046875 0.5287008015625 0.6397590359375 0.526959246875 0.6424857328125 0.521212121875 0.6393151546875 0.5182166500000001 0.6324667093749999 0.5159874609374999 0.5467977171875 0.506513409375 0.5005072921875 0.5037617562500001 0.49733671562500004 0.5037617562500001 0.49549778125 0.50477185625 0.49384908125000004 0.5164750953125 0.49327837656250006 0.521212121875 0.4928979078125 0.5237199578125 0.54996829375 0.5249390453125 0.56987951875 0.528178334375 0.5812301843750001 0.5264367812499999
1 0.624223209375 0.547544409375 0.6432466703124999 0.5442702890625 0.6487000640625 0.5394984328125 0.630754596875 0.53618948125 0.5774254921875001 0.535005225 0.548573240625 0.5305120171875 0.5409638546875 0.530825496875 0.52517438125 0.528422153125 0.493595434375 0.52542668125 0.49258084999999996 0.5413793109375 0.4925174375 0.5430860328125 0.4925174375 0.5445489375 0.49524413437500003 0.546360153125 0.5180722890625 0.5478578890625 0.624223209375 0.547544409375
0 0.6392517437499999 0.563984675 0.5567533296875 0.5582723796875 0.5512999359374999 0.5555207249999999 0.524540265625 0.56025775 0.5054533921875 0.56025775 0.50412175 0.5612678515625 0.5054533921875 0.5654824109375001 0.5100190234374999 0.569244165625 0.5195307546875 0.5732149078125001 0.5355104625 0.5763148734375 0.5412809125 0.57722048125 0.56899175625 0.5799373046875 0.636525046875 0.5792058515625 0.641090678125 0.5652385921875 0.6392517437499999 0.563984675
2 0.5150919468749999 0.6285614765624999 0.5205453390625 0.6336468125 0.55161699375 0.6417276203125 0.618008878125 0.6441309640624999 0.6457197203125 0.642911878125 0.6544705140625 0.6375478921875 0.6533925171875 0.6345524203124999 0.645212428125 0.6312783 0.573367153125 0.6172065484375 0.5401395046874999 0.6091257406249999 0.526632846875 0.6099616859375 0.5221940390625 0.610344828125 0.5205453390625 0.610344828125 0.518389346875 0.6112504359375001 0.5150919468749999 0.6166144203124999 0.5150919468749999 0.6285614765624999
3 0.34147114843750004 0.771612678125 0.3507292328125 0.7713340296875 0.3653772984375 0.76983629375 0.40570703906250005 0.7635667015625 0.429105896875 0.7587600140624999 0.47970830624999994 0.76384535 0.4856689921875 0.7617554859375 0.4916930875 0.7581678859375 0.49327837656250006 0.7524904218749999 0.49327837656250006 0.7444096140625 0.4916930875 0.7357366765625 0.4867469875 0.7264716124999999 0.48186429999999997 0.7231974921875 0.47482561875 0.7211076281250001 0.4595434375 0.7228840125 0.4072923265625 0.7336468125 0.3294863671875 0.74590735 0.3289156625 0.7468129578125 0.3305643625 0.751306165625 0.3370957515625 0.7551724140625 0.3431198484375 0.7563915015625 0.38554216874999997 0.750087078125 0.405136334375 0.75189829375 0.3876981609375 0.757262278125 0.338173746875 0.7647509578125 0.33658845937500004 0.7653430859375 0.334939759375 0.7662486937499999 0.334939759375 0.76983629375 0.3376664546875 0.77102055 0.34147114843750004 0.771612678125
3 0.34331008281250003 0.69512365 0.3471781859375 0.696900034375 0.368357640625 0.6965865546875001 0.38306911875 0.6948101703125 0.39720989218749997 0.69512365 0.405960684375 0.69630790625 0.4102726703125 0.6983977703125 0.41192137031250003 0.7013932421875 0.40754597343750004 0.702890978125 0.3449587828125 0.7094740515625 0.34331008281250003 0.7124346921875 0.34388078593750004 0.71574364375 0.3466074828125 0.7184256359375001 0.353709575 0.7208289796875 0.45599239062499997 0.7178335078125 0.48972732968750005 0.71452455625 0.491946734375 0.7112504359375 0.4908053265625 0.69630790625 0.48864933437499997 0.6846394984375 0.4892200375 0.6732845703125 0.48268864999999994 0.665795890625 0.47888395624999996 0.665795890625 0.37476220625 0.6805294328125 0.3499048828125 0.6839777078125 0.34172479375 0.6858237546875 0.34007609375 0.688540578125 0.34007609375 0.692128178125 0.34331008281250003 0.69512365
2 0.3209892203125 0.6658655515625 0.41946734374999994 0.6616858234375 0.485351934375 0.6622779515625 0.48801521875000003 0.6532915359375 0.485351934375 0.6422500875 0.4788205453125 0.6365726234375 0.46626506093750003 0.6311738078125 0.44559289843750005 0.634482759375 0.4325301203125 0.6386624875 0.404755865625 0.6437478234375 0.3688649328125 0.6482062 0.3393151546875 0.6543016374999999 0.33240329687500003 0.6562870078125 0.3254914390625 0.6586555203125 0.31934052031250004 0.6616858234375 0.318769815625 0.663148728125 0.3209892203125 0.6658655515625
2 0.283513 0.6363288046875 0.290741915625 0.63740856875 0.31946734375 0.6377568796875 0.39587825 0.63382096875 0.43899809687499997 0.63023336875 0.4742549140625 0.628422153125 0.4794546609375 0.61337513125 0.47685478750000004 0.604737025 0.46899175625 0.598293278125 0.45396322187499993 0.5950539874999999 0.42003804687499996 0.6000696624999999 0.3808497140625 0.607976315625 0.34426125625 0.61337513125 0.3175015859375 0.6190874265625 0.305580215625 0.623476140625 0.2984781234375 0.62535701875 0.2900443875 0.6276906999999999 0.2809131265625 0.632009753125 0.2809131265625 0.6345175890625 0.283513 0.6363288046875
0 0.2887761578125 0.600661790625 0.2969562453125 0.6027516546875 0.4063411546875 0.5973876703125 0.4525681671875 0.5973876703125 0.4656309453125 0.5928944625 0.470006340625 0.587495646875 0.4705770453125 0.5839080453125 0.4656309453125 0.576454196875 0.4569435640625 0.5671891328124999 0.444451490625 0.564507140625 0.4275840203125 0.56746778125 0.39980976562500004 0.5743643328125 0.37038681093750003 0.5782305812499999 0.325808496875 0.5863113890625 0.2943563734375 0.5902472999999999 0.286620165625 0.591083246875 0.28497146406249996 0.5917102062499999 0.2844007609375 0.5932079421875 0.28497146406249996 0.597074190625 0.2887761578125 0.600661790625
1 0.3131261890625 0.5624172765625 0.4149017125 0.564541971875 0.44698795156250004 0.5642284921875 0.46005072968749994 0.5618251484375001 0.46493341718750003 0.558551028125 0.465504121875 0.5516544765625 0.4633481296875 0.5406130265625 0.45079264375 0.540299546875 0.41433100781250004 0.5442006265625 0.325808496875 0.5515499828125 0.31693088125 0.5519679546875 0.3065948 0.5555555562500001 0.3055168046875 0.5582375484375001 0.3098287890625 0.5615465000000001 0.3131261890625 0.5624172765625
1 0.288649334375 0.5244165796875 0.2922637921875 0.5276558687499999 0.30044388125 0.529641240625 0.330818009375 0.5333681640625 0.38883956875000003 0.535632184375 0.451426759375 0.536851271875 0.465948003125 0.535632184375 0.4677869375 0.534378265625 0.47095751406249997 0.5276558687499999 0.47324032968749996 0.5087077671875 0.47095751406249997 0.5057122953125 0.46005072968749994 0.5044583765625 0.395244134375 0.506722396875 0.358909321875 0.5099616859375 0.2969562453125 0.5140717515625 0.2908687375 0.5141762453125 0.288649334375 0.5154301640625001 0.28636651875 0.51818181875 0.28636651875 0.5206548234375 0.288649334375 0.5244165796875
1 0.3118579578125 0.4772553125 0.39346861093749996 0.493382096875 0.45098287812500004 0.49627307500000006 0.47184527656249997 0.49839777031250004 0.47254280312499997 0.46934865937500003 0.4705770453125 0.4664925109375 0.46404565625 0.4646812953125 0.36734305625 0.4646812953125 0.31249207343749996 0.46234761406249997 0.29879518125 0.4610936953125 0.280405834375 0.458411703125 0.28966391874999997 0.46718913281249996 0.29422955 0.470428421875 0.3118579578125 0.4772553125
1 0.3040583390625 0.4437826546875 0.4015218765625 0.46022291875 0.45808497187499997 0.4664925109375 0.468421053125 0.46290491093749997 0.4738744453125 0.4446882625 0.47006975312500004 0.440508534375 0.45649968281250003 0.43779171093749997 0.42542802812499997 0.4383838390625 0.37317691875 0.4357018453125 0.33728598593750003 0.43092998906249996 0.3072923265625 0.43301985312499996 0.30247305 0.43361198125 0.29752695 0.436607453125 0.29752695 0.439010796875 0.30082434999999996 0.4425983984375 0.3040583390625 0.4437826546875
0 0.2943563734375 0.407767328125 0.29809765312500003 0.4094392203125 0.330627775 0.41682340625 0.35326569375 0.4200626953125 0.4244768546875 0.43253221875000003 0.44172479375 0.435005225 0.46030437500000004 0.435005225 0.46987951875 0.43277603593749997 0.477108434375 0.42828282812499996 0.477108434375 0.42532218750000006 0.4802790109375 0.4143504 0.47121116093750004 0.4071055375 0.4571337984375 0.4021246953125 0.43994927031250003 0.403134796875 0.398161065625 0.40240334375 0.35237793281249996 0.400626959375 0.3110336078125 0.398049459375 0.30456563124999997 0.3978056421875 0.2984781234375 0.399477534375 0.2943563734375 0.401776384375 0.293595434375 0.40613026874999997 0.2943563734375 0.407767328125
2 0.3082435 0.37241379375 0.3103994921875 0.378996865625 0.31363348125 0.3816788578125 0.32346227031249997 0.3858585859375 0.3430564359375 0.390943921875 0.446480659375 0.40769766562500004 0.4633481296875 0.4088819234375 0.47146480625000003 0.4071055375 0.475840203125 0.40529432187500003 0.47799619531250004 0.3936607453125 0.4720355109375 0.3924416578125 0.4720355109375 0.39153604999999997 0.4736842109375 0.38944618593749997 0.47641090625000004 0.3882619296875 0.4812935953125 0.3876698015625 0.484527584375 0.3858585859375 0.4856689921875 0.3840822015625 0.48509828749999995 0.3769070015625 0.4802156 0.3676419359375 0.40887761562499997 0.36283524843750004 0.343817375 0.36161616093750004 0.33595434375 0.36137234375 0.319657578125 0.36405433593750003 0.31255548437499997 0.36614420000000003 0.3087507921875 0.36854754375 0.3082435 0.37241379375
2 0.3355104625 0.3447927546875 0.35745085625 0.349982584375 0.3982244765625 0.35433646875 0.44927076718750003 0.3580982234375 0.47006975312500004 0.362034134375 0.479518071875 0.3628700796875 0.48706404531249997 0.35412748125000004 0.48934686093749996 0.3419017765625 0.4863031078125 0.333159178125 0.48440076093749995 0.33131313125 0.4802790109375 0.33005921250000003 0.46854787499999995 0.32880529375 0.41566264999999997 0.3327412046875 0.3804692453125 0.3369209328125 0.3389346859375 0.340438871875 0.3366518703125 0.3406478578125 0.33398858593749997 0.3406478578125 0.333227646875 0.3412748171875 0.33398858593749997 0.343956809375 0.3355104625 0.3447927546875
3 0.33284717812500003 0.2781260890625 0.3364616359375 0.280633925 0.3459733671875 0.2851271328125 0.3649968296875 0.2916057125 0.3999365890625 0.297561825 0.4249207359375 0.307802159375 0.448509828125 0.31549982656250003 0.4666455296875 0.318739115625 0.4738744453125 0.3177638453125 0.47932783749999996 0.31201671875 0.4838300578125 0.301811215625 0.4838300578125 0.292093346875 0.48294229531250005 0.28286311406250003 0.47932783749999996 0.27342389375 0.4738744453125 0.2666666671875 0.4648065953125 0.2666666671875 0.444831959375 0.2679205859375 0.416296765625 0.2671891328125 0.37729866875 0.260954371875 0.35504121718750004 0.260954371875 0.3464172484375 0.2616858234375 0.344641725 0.2641936609375 0.34508560625 0.2654475796875 0.3473684203125 0.266945315625 0.38180088749999996 0.27342389375 0.3895370953125 0.2808777421875 0.3668357640625 0.27986764218750004 0.346861128125 0.27488679843749997 0.3391883328125 0.274050853125 0.335573875 0.274155346875 0.3337349390625 0.274155346875 0.33240329687500003 0.27488679843749997 0.33240329687500003 0.2761407171875 0.33284717812500003 0.2781260890625