2 0.3220038046875 0.6343434343750001 0.3181357 0.6381748515625 0.32124286562500004 0.6432950187500001 0.34610019062499997 0.646290490625 0.479581484375 0.647544409375 0.48579581406249994 0.6432950187500001 0.486556753125 0.6364681296875 0.4845909953125 0.6258446531249999 0.479581484375 0.6232671546875 0.47495244062499997 0.62156043125 0.45554850937499997 0.62156043125 0.34610019062499997 0.6313479625 0.3220038046875 0.6343434343750001
2 0.33589093281250004 0.6181469875000001 0.33589093281250004 0.622396378125 0.340519975 0.6241031 0.4126823078125 0.62281435 0.477932784375 0.6206896546875 0.48180088750000005 0.6189829328124999 0.4833227640625 0.6168582375 0.48237159218750003 0.60247300625 0.4792644265625 0.5992337171875 0.4711477484375 0.5989202375 0.437222575 0.6021943578125 0.3544705140625 0.612608846875 0.33589093281250004 0.6181469875000001
0 0.3379201015625 0.5748867984375 0.31927710781249996 0.5808429125 0.308433734375 0.5876698015625 0.308433734375 0.5923371640624999 0.313062778125 0.5949146640625 0.3239695625 0.5953326359375 0.3728598609375 0.5936259140625 0.48154724218749995 0.5932079421875 0.48617628437500005 0.5906652734375 0.48928345 0.58554510625 0.490678503125 0.569174503125 0.4902346234375 0.565761059375 0.48858592187500005 0.56280041875 0.48592263750000003 0.56130268125 0.46544071093749995 0.5607105531250001 0.3379201015625 0.5748867984375
1 0.2769181984375 0.5195402296875 0.271718453125 0.5347962374999999 0.2743183265625 0.54332985 0.2872542796875 0.5504353890625 0.40304375468750003 0.5600139328125 0.4864299296875 0.558969 0.49486366562499995 0.5550679203125 0.4968294234375 0.5472309296875 0.499429296875 0.5246952281249999 0.49936588437499996 0.5191570875 0.49873176875 0.5170323921875 0.48902980312500005 0.51205155 0.30532656875 0.5170323921875 0.2769181984375 0.5195402296875
1 0.304755865625 0.47363288125 0.2834495875 0.4793103453125 0.28199112187500003 0.4844305125 0.28795180781249996 0.49707419062499997 0.30412175 0.500626959375 0.4302473046875 0.51093695625 0.496892834375 0.51093695625 0.5001268234375 0.507732496875 0.501395053125 0.504179728125 0.5050095125 0.46983629374999997 0.5052631578125 0.46652734218749997 0.498161065625 0.4640543359375 0.47032339843750004 0.4636711953125 0.3319594171875 0.470428421875 0.304755865625 0.47363288125
1 0.379961953125 0.4290839421875 0.3391883328125 0.4305120171875 0.331452125 0.43228840156250004 0.330754596875 0.437965865625 0.34629042499999996 0.4478927203125 0.375396321875 0.45287356250000005 0.4148383 0.45785440624999996 0.48858592187500005 0.46388018124999997 0.5015218765625 0.462103796875 0.5067216234374999 0.4599791015625 0.5118579578125 0.4557297109375 0.512555484375 0.445768025 0.5099556125 0.4393939390625 0.5086239703125 0.437965865625 0.504755865625 0.43545802812499995 0.4982878890625 0.43368164374999996 0.47888395624999996 0.4312086375 0.379961953125 0.4290839421875
1 0.358084971875 0.39540229843749997 0.35409004374999997 0.3978753046875 0.35497780625 0.40351793750000003 0.362143309375 0.4106931375 0.3746987953125 0.41462904843750004 0.4128725421875 0.4203065140625 0.501395053125 0.42918843593749995 0.502726696875 0.425252525 0.5007609390625001 0.4044583765625 0.49911223906249996 0.401811215625 0.49556119218749994 0.4008359453125 0.42637920156250003 0.40132358124999995 0.3760938484375 0.4000696625 0.358084971875 0.39540229843749997
2 0.363474953125 0.36666666718749996 0.32517438125 0.36687565312500003 0.30412175 0.369139671875 0.3007609390625 0.374085684375 0.30412175 0.3808777421875 0.3404565625 0.38362939687500003 0.380786303125 0.38373389062499996 0.41686747031250004 0.3845001734375 0.4515535828125 0.3913967265625 0.48281547187499996 0.390978753125 0.49048826874999996 0.38603274062500004 0.49048826874999996 0.37464298125 0.4876981609375 0.3701497734375 0.48370323437499996 0.3664228484375 0.47647431874999996 0.361999303125 0.4622701328125 0.359735284375 0.363474953125 0.36666666718749996
2 0.7335447046875 0.62779519375 0.7296766015625 0.6243817484374999 0.724984146875 0.6218390796875 0.7157260625 0.6201323578125 0.5883956875 0.6180076624999999 0.5503487640625 0.6201323578125 0.5418516171875 0.6226750265625001 0.5356372859375 0.62779519375 0.534876346875 0.6329153609375 0.536398225 0.6414489718749999 0.540266328125 0.6448624171875 0.560494609375 0.6469871125 0.6834495875 0.6453500515624999 0.7009511734375 0.6431208640625 0.7234622703125 0.641031 0.7280913124999999 0.6393242765625 0.73430564375 0.6342041093749999 0.7335447046875 0.62779519375
2 0.7447051359375 0.5961685828125 0.74007609375 0.5927551375 0.7338617625 0.591048415625 0.65003170625 0.589794496875 0.5934052000000001 0.587216996875 0.56074825625 0.5876349703125 0.54838300625 0.5919191921875 0.5383005703125 0.5978753046875 0.5351934046875 0.602995471875 0.5351934046875 0.6094043890624999 0.5405833859375 0.614489725 0.54755865625 0.615778475 0.5599873171875 0.6200626953125 0.57400126875 0.6200626953125 0.6205453390625 0.6170672234375 0.73012048125 0.6068617203125 0.736968928125 0.605538140625 0.74007609375 0.60470219375 0.7439441984374999 0.6025774984375001 0.7455294859375 0.6008707765625 0.7447051359375 0.5961685828125
3 0.5725428031249999 0.7242772546875 0.601395053125 0.7223267156250001 0.6160431203125001 0.7086381046875 0.6120481921875001 0.69522814375 0.5902980343750001 0.6901079765625 0.5529486359375 0.6871821671875 0.5408370328125 0.6882270984375001 0.5374128093749999 0.6971786828125001 0.5391883328125 0.703030303125 0.5383005703125 0.7167189125 0.5467343062500001 0.7228143499999999 0.5725428031249999 0.7242772546875
3 0.5334178828125 0.671786834375 0.5338617625000001 0.6773946359374999 0.5427393781250001 0.68568443125 0.59296131875 0.689620340625 0.620481928125 0.6881574359375 0.6347495249999999 0.6810518984375 0.68053265625 0.6781260890625 0.7264426125 0.6779519328125 0.7294229546875 0.6769418328125 0.7290424859375 0.667572275 0.7264426125 0.66495994375 0.6627140140625001 0.663113896875 0.632403296875 0.6612678515625 0.6216233359375 0.6545802859375 0.6057070390625 0.6497039359375 0.5716550406249999 0.647648903125 0.5427393781250001 0.6472309296875001 0.5427393781250001 0.6473702546875 0.53430564375 0.65297805625 0.5316423593749999 0.6598397765625 0.5356372859375 0.665691396875 0.5334178828125 0.671786834375
3 0.48833227656249995 0.356043190625 0.48833227656249995 0.34503657187500003 0.48478122968750004 0.3333333328125 0.474571971875 0.32041100624999996 0.456816740625 0.31549982656250003 0.43012048125 0.319888540625 0.39105897343749996 0.3311389765625 0.339061509375 0.3304075234375 0.309258084375 0.3321142453125 0.30038046875 0.3333333328125 0.297717184375 0.33625914375 0.298604946875 0.3406478578125 0.3021559921875 0.3435736671875 0.3199112234375 0.3460118421875 0.404375396875 0.34796238281249997 0.4048192765625 0.3482062 0.42257450781249994 0.3501567390625 0.451490171875 0.3579937296875 0.47723525625 0.358969 0.48833227656249995 0.356043190625
3 0.42656943593749996 0.307697665625 0.42656943593749996 0.3081853015625 0.4407736203125 0.31281783281250003 0.45948002499999996 0.313793103125 0.47190868750000003 0.31086729375 0.4798985421875 0.29672587968749997 0.48389346875 0.279623825 0.468801521875 0.273040753125 0.44749524375 0.27279693437499997 0.3932783765625 0.28059909375 0.33012048125 0.2781609203125 0.31280913125 0.280111459375 0.310145846875 0.2847439921875 0.31280913125 0.28962034062500003 0.3150285359375 0.290874259375 0.34838300625 0.2947753390625 0.38256182656250004 0.296969696875 0.41236525 0.3008707765625 0.42656943593749996 0.307697665625
1 0.6386810406250001 0.5510275171875 0.650158528125 0.5524555906249999 0.671274571875 0.5528387328125001 0.7046290421875 0.5508185296875 0.7327837671874999 0.550017415625 0.7346227015625 0.5479623828125 0.7338617625 0.5440961343749999 0.7120481921875 0.5428770468749999 0.6897907421875 0.540229884375 0.6424223203125 0.540438871875 0.6405833859375 0.540438871875 0.637222575 0.542668059375 0.6357641093749999 0.545106234375 0.6360811671875 0.5489724828125 0.6386810406250001 0.5510275171875
0 0.7216233359374999 0.45949146562500004 0.7216233359374999 0.454789271875 0.671274571875 0.4438174859375 0.6342422328125 0.43793103437500003 0.6301838937500001 0.44057819531250003 0.62682308125 0.44587251875 0.6265060234375001 0.44869383437500004 0.62682308125 0.44952978125 0.646100190625 0.45398815781249996 0.7064679765624999 0.461929640625 0.7168674703125 0.46213862812500006 0.7216233359374999 0.45949146562500004
2 0.646100190625 0.431417625 0.7127457203125 0.44117032343749996 0.7264426125 0.44200627031249995 0.7320228281250001 0.43974225 0.7312618890625 0.436293975 0.7231452125 0.4326367125 0.6949904874999999 0.4263322890625 0.6724159796875 0.4202368515625 0.6446417249999999 0.414942528125 0.6402029171875 0.41553465625 0.6402029171875 0.41595262968749996 0.6357641093749999 0.42082897968750005 0.6338617625 0.4263322890625 0.6357641093749999 0.42897945000000004 0.646100190625 0.431417625
2 0.7064679765624999 0.412504353125 0.731642359375 0.41208638124999997 0.7360811671875 0.4098571921875 0.729803425 0.4045628703125 0.710906784375 0.4009056078125 0.655358275 0.3927551375 0.6383005703125 0.39153604999999997 0.6368421046875 0.3943921984375 0.6368421046875 0.39498432656250004 0.6357641093749999 0.40111459375 0.6368421046875 0.4061999296875 0.6468611281250001 0.40884709218750004 0.7064679765624999 0.412504353125
3 0.6566899171875 0.3743991640625 0.67729866875 0.374050853125 0.6970196578125 0.37464298125 0.70126823125 0.37133402968749996 0.6980342421875 0.366283525 0.6751426765625 0.361929640625 0.6498414718750001 0.3580285609375 0.623715915625 0.3557993734375 0.615535828125 0.3587251828125 0.6136334812500001 0.3636711953125 0.614267596875 0.36405433593750003 0.614711478125 0.3691048421875 0.6170577046875 0.3720306515625 0.6305643625 0.37356321875 0.6566899171875 0.3743991640625