3 0.2464172484375 0.6881574359375 0.25244134375 0.69623824375 0.37159162968750004 0.695646115625 0.3835764109375 0.69143155625 0.3863031078125 0.6827934515625 0.3852251109375 0.6756182515625 0.3879518078125 0.6693138281250001 0.3875713375 0.6624869390625 0.3857958140625 0.6576802515625 0.3835764109375 0.6537791703125 0.2850982875 0.6684430515625001 0.2529486359375 0.677708115625 0.2464172484375 0.6881574359375
2 0.34407102031250003 0.62521769375 0.28015218750000004 0.6321839078125 0.229803425 0.6389063046875 0.22435003125000003 0.643887146875 0.2234622703125 0.6513758265625 0.226632846875 0.65409265 0.2393151546875 0.6555903859375001 0.3282181359375 0.656112853125 0.375840203125 0.6543364687500001 0.389854153125 0.6508533609375 0.3908053265625 0.64587251875 0.3912492078125 0.622222221875 0.3912492078125 0.621212121875 0.3894102734375 0.6189829328124999 0.38446417187500004 0.6189829328124999 0.37311350625 0.6202368515625001 0.34407102031250003 0.62521769375
2 0.2908687375 0.5911180765624999 0.24280279062500001 0.5938348999999999 0.23506658281249998 0.5948450015625 0.23100824375 0.6020550328125001 0.2341788203125 0.6067920578125 0.2369055171875 0.607802159375 0.2759036140625 0.6087774296874999 0.34121750156249997 0.612783003125 0.38883956875000003 0.612783003125 0.390678503125 0.609021246875 0.3947368421875 0.5888540578125 0.3947368421875 0.58662486875 0.3924540265625 0.5853709515625 0.3879518078125 0.5853709515625 0.35662650625 0.589864159375 0.2908687375 0.5911180765624999
0 0.20970196562500001 0.56394984375 0.2110336078125 0.5659352140625 0.22194039375000002 0.5679205859375 0.3185161703125 0.575409265625 0.3521242859375 0.578892371875 0.367977171875 0.5791361890625 0.37476220625 0.5808777421875 0.3928979078125 0.5818878437499999 0.40247305000000005 0.5803901078125 0.4124286625 0.561964471875 0.4115409 0.554719609375 0.4105897265625 0.553744340625 0.3934052 0.5527342390625 0.26093849062499996 0.554963428125 0.2110336078125 0.558969 0.20970196562500001 0.56394984375
1 0.23506658281249998 0.5270637406249999 0.237793278125 0.530825496875 0.24508560625000003 0.5340647859375001 0.3085605578125 0.5407871828124999 0.3548509828125 0.5430163703125 0.3761572609375 0.5477533953125 0.3883956875 0.5497387671875 0.4038046921875 0.5507488687500001 0.40741915000000006 0.5447579234375 0.4112872546875 0.5312783 0.41198478125 0.5293974218749999 0.414267596875 0.5238244515625 0.37070386875 0.5260884703125 0.237793278125 0.525844653125 0.23506658281249998 0.5270637406249999
1 0.2657577671875 0.5051549984375 0.2676601140625 0.507836990625 0.27634749531249997 0.5097178687499999 0.370069753125 0.5149076984375001 0.39048826875 0.517380703125 0.410145846875 0.5190525953125 0.4127457203125 0.513862765625 0.4148383 0.500696621875 0.4150285359375 0.49662138593750005 0.4150285359375 0.4955764546875 0.34774889062500003 0.49829327812499996 0.26727964531250004 0.4985022640625 0.2657577671875 0.5051549984375
1 0.252885225 0.46997561875000005 0.2494610015625 0.4726924421875 0.2494610015625 0.47474747500000003 0.2558655671875 0.476628353125 0.3072923265625 0.4834900734375 0.3616994296875 0.4888888890625 0.41648699999999994 0.495715778125 0.41464806562499995 0.47732497343749997 0.414267596875 0.47370254218749996 0.41464806562499995 0.4708115640625 0.3552948640625 0.47248345468749997 0.29632213125 0.47039359062499997 0.252885225 0.46997561875000005
1 0.2632847171875 0.442807384375 0.264426125 0.44862417343749994 0.270450221875 0.45109717812500005 0.3253012046875 0.45419714375 0.3717818640625 0.4550330890625 0.403107165625 0.45858585781250005 0.41788205468750006 0.45795890000000006 0.4148383 0.439045628125 0.408053265625 0.4322187390625 0.4065313890625 0.43096482031249994 0.399746353125 0.4303378609375 0.3585288515625 0.436781609375 0.269372225 0.44029954687500006 0.2632847171875 0.442807384375
0 0.2329105890625 0.41320097499999997 0.22656943593749998 0.416196446875 0.2256816734375 0.42142110781250003 0.2284083703125 0.42466039687499996 0.23747622031249999 0.4261581328125 0.3499048828125 0.42741205156250006 0.364426125 0.42567049843750004 0.41071654999999996 0.422431209375 0.412555484375 0.4176941828125 0.40932149687499997 0.40247300625 0.40754597343750004 0.40125391875 0.40164869999999997 0.3992337171875 0.3894102734375 0.3992337171875 0.3091312625 0.405468478125 0.2329105890625 0.41320097499999997
2 0.3209258078125 0.3755834203125 0.301838934375 0.377568790625 0.246100190625 0.3805642640625 0.23335447031249998 0.382549634375 0.232022828125 0.38655520781249997 0.23430564375000001 0.3887843953125 0.24831959375 0.39226750312499997 0.30640456562499996 0.39425287343750004 0.40120481874999997 0.3947753390625 0.3967660109375 0.3754789265625 0.3943563734375 0.37133402968749996 0.39118579531250003 0.368094740625 0.3875713375 0.36760710625000004 0.36899175624999997 0.3683733890625 0.3209258078125 0.3755834203125
2 0.24159797031250002 0.34245907343750004 0.2247305015625 0.3481365375 0.22041851562499998 0.35290839375 0.22041851562499998 0.358307209375 0.22530120468749998 0.36189481093750003 0.23018389374999998 0.3636711953125 0.25903614531249997 0.3642633234375 0.38858592187499996 0.363984675 0.383639821875 0.34005572968750003 0.3831325296875 0.3394636015625 0.38205453437500003 0.3376523859375 0.374952440625 0.33615465 0.2596068484375 0.3388714734375 0.24159797031250002 0.34245907343750004
3 0.48363982187500004 0.23618948125 0.45554850937499997 0.2268547546875 0.44705136406249996 0.2268547546875 0.4418516171875 0.22758620624999998 0.437222575 0.23009404375 0.437222575 0.235492859375 0.4248573234375 0.2483803546875 0.42289156562499997 0.25451062343749997 0.42289156562499997 0.26130268125 0.427457196875 0.269209334375 0.43202282812500004 0.274225009375 0.45098287812500004 0.275304771875 0.49733671562500004 0.27279693437499997 0.5398224484374999 0.27279693437499997 0.5992390609375 0.2598746078125 0.6038046921875 0.258446534375 0.6044388078125 0.25663531875 0.5933417875 0.2562870078125 0.541090678125 0.2580982234375 0.5286620171874999 0.2570184609375 0.5273937859375 0.2562870078125 0.5280279015625 0.25412748125 0.533291059375 0.25304771875 0.5889663921875 0.2513758265625 0.5933417875 0.25127133437500004 0.6024730500000001 0.2509230234375 0.598541534375 0.2483803546875 0.5763474953125 0.24517589687500002 0.48363982187500004 0.23618948125
3 0.52853519375 0.304319053125 0.5133164234375001 0.3022291890625 0.506785034375 0.299512365625 0.50621433125 0.2965517234375 0.5116677234375 0.2941483796875 0.5590361453125 0.2938349 0.5611921375 0.29265064375 0.5611921375 0.2905607796875 0.5546607484375 0.2857889234375 0.55085605625 0.2845698359375 0.43874445156249997 0.275304771875 0.4267596703125 0.2786137234375 0.41972098906250005 0.284883315625 0.41972098906250005 0.2905607796875 0.415916296875 0.301915709375 0.4175015859375 0.3135841171875 0.42187698124999995 0.322257053125 0.4305643625 0.324625565625 0.552885225 0.316266109375 0.558465440625 0.31567398125 0.5611921375 0.31508185312500003 0.5606848453125 0.30968303750000004 0.5525047562500001 0.3058167890625 0.52853519375 0.304319053125
2 0.5573240328125 0.32399860625 0.495624603125 0.3309648203125 0.47571337968750005 0.3317311046875 0.4298668359375 0.33047718593750003 0.426696259375 0.3322187390625 0.4248573234375 0.33820968281249997 0.42625237812499994 0.34590735 0.4321496515625 0.3563915015625 0.4439441984375 0.3598746078125 0.456182625 0.35938697343750003 0.48928345 0.3538836640625 0.514711478125 0.34642981562499997 0.5495878249999999 0.33869731875000003 0.6008877609375001 0.33120863749999996 0.6022194046875 0.32998954999999996 0.6026632843749999 0.32772553125 0.59543436875 0.3220132359375 0.5822447687500001 0.32176941875 0.5573240328125 0.32399860625
2 0.5812935953125 0.3618599796875 0.5726696265625 0.36060606093750003 0.5526949906249999 0.36036224375 0.4629042484375 0.3648554515625 0.44337349374999996 0.3688261921875 0.43842739374999995 0.3730755828125 0.438871275 0.38178334999999997 0.44064679843750004 0.3882619296875 0.44749524375 0.3967258796875 0.46106531406249995 0.3967258796875 0.5831959421875 0.37732497343750004 0.5916930875 0.3748171375 0.5925808499999999 0.37084639531249997 0.5908053265625 0.36760710625000004 0.5866835765625 0.36384534999999996 0.5812935953125 0.3618599796875
0 0.5645529484375 0.3978056421875 0.5123018390625 0.396900034375 0.44971464843750003 0.399303378125 0.4453392515625 0.4052594921875 0.44590995624999996 0.41543016406250005 0.451870640625 0.4285963078125 0.4589727328125 0.43277603593749997 0.4801521875 0.43159177968750007 0.5182625234375 0.42410310000000007 0.6369055171875 0.40348310625000006 0.6391249203125 0.40229885000000004 0.6391249203125 0.39630790625 0.6347495249999999 0.394496690625 0.6265694359375 0.394496690625 0.5645529484375 0.3978056421875
1 0.6303741281249999 0.42918843593749995 0.6265694359375 0.42918843593749995 0.6102726703125 0.43159177968750007 0.55909955625 0.43636363593749994 0.5079264421875 0.43726924375 0.45351934062500004 0.43636363593749994 0.44749524375 0.44743991562499996 0.451870640625 0.46565656562499996 0.46601141406249996 0.46565656562499996 0.523715915625 0.45938697343749996 0.570006340625 0.45189829374999996 0.6325935312500001 0.43876697968749995 0.6352568171875 0.4381400203125 0.6369055171875 0.43577150781249996 0.6369055171875 0.43277603593749997 0.6352568171875 0.43127829999999995 0.6303741281249999 0.42918843593749995
1 0.6058972734375 0.4767328453125 0.5623335453125 0.47074190156249995 0.46981610625 0.4695576453125 0.44698795156250004 0.47105538124999996 0.44426125625 0.47941483749999997 0.443183259375 0.497039359375 0.4464172484375 0.506617903125 0.4763474953125 0.5075235109375 0.496512365625 0.504214559375 0.508497146875 0.504214559375 0.5552948640625 0.498258446875 0.6031705765625001 0.488087775 0.6048192765625 0.48749564687499997 0.6135066578124999 0.4847788234375 0.6140773625 0.48241030937499996 0.6124286624999999 0.4797283171875 0.6058972734375 0.4767328453125
1 0.595244134375 0.5359108328125 0.5451490171875 0.524555903125 0.47165504062499997 0.511389759375 0.44552948593749997 0.509613375 0.4428662015625 0.517380703125 0.44337349374999996 0.5383141765625 0.44667089375 0.5502612328125001 0.462967659375 0.5508533609375 0.4928979078125 0.5460815046875 0.552251109375 0.5526645765625 0.607228915625 0.5539184953125 0.61857958125 0.5534308609374999 0.630627775 0.5508533609375 0.6197209890625001 0.5448972484375 0.6083069125 0.5398119125 0.595244134375 0.5359108328125
1 0.495688015625 0.558969 0.4503487640625 0.553500521875 0.44584654375 0.5574712640625 0.4403931515625 0.5719261578125 0.44311984843749996 0.57938000625 0.44489537031250004 0.581400209375 0.45307545937500004 0.582619296875 0.5057070390625 0.58436085 0.5428662015625 0.5848833156250001 0.6024096390625 0.5876001390625001 0.615472415625 0.5881226046875 0.6213696890625 0.587356321875 0.601395053125 0.578892371875 0.555548509375 0.569174503125 0.495688015625 0.558969
0 0.45453392499999995 0.5841866953125 0.4418516171875 0.5854406125 0.43189600468749995 0.5996516890625 0.43411540937500004 0.6130964828125001 0.4414077359375 0.6160919546875 0.489917565625 0.6171020546875 0.5774254921875001 0.6172065484375 0.5911857953124999 0.6164750953125 0.6083069125 0.615081853125 0.587000634375 0.6068617203125 0.4835764109375 0.58669453125 0.45453392499999995 0.5841866953125
2 0.44971464843750003 0.6189481015625 0.4350031703125 0.6219435734375 0.427901078125 0.63239289375 0.42904248593750005 0.6383838390625 0.4366518703125 0.6422500875 0.460558021875 0.644061303125 0.5651870640625 0.6411354921875 0.575396321875 0.63984674375 0.5917565 0.634482759375 0.5721623328125001 0.630581678125 0.4774254921875 0.6183559734374999 0.44971464843750003 0.6189481015625
2 0.555358275 0.6630790671875 0.4561192140625 0.6501915703125001 0.437793278125 0.6491118078125 0.433227646875 0.651236503125 0.4273303734375 0.66130268125 0.42929613125 0.6720654828125 0.4345592890625 0.675269940625 0.561128725 0.6772901421874999 0.571718453125 0.677812609375 0.576284084375 0.6763497046875 0.576284084375 0.6706374078125 0.5729866828125 0.6684778828125 0.555358275 0.6630790671875
3 0.5492707671875 0.6966213859375 0.5225745078124999 0.6930337859375 0.518769815625 0.6918495296875 0.5166138234375001 0.6900383140625 0.5214965125 0.6873563218750001 0.5596068484375001 0.6891675375 0.5601775515625 0.6882619296875 0.5579581484375 0.68436085 0.5492707671875 0.6798676421875001 0.44749524375 0.6658307203125 0.43551046250000003 0.6661442 0.429549778125 0.6703239296875 0.42682308124999996 0.6792755140625 0.4257450859375 0.6978056421875001 0.429549778125 0.700522465625 0.5554216875 0.706025775 0.5617628406249999 0.7061999296875 0.5623335453125 0.7049808421875 0.5601775515625 0.7008011140625 0.5579581484375 0.6990247296875001 0.5492707671875 0.6966213859375
3 0.528344959375 0.70835945625 0.4784400765625 0.7011145937500001 0.43671528281249994 0.6973876703124999 0.42853519375 0.6983629390625 0.4267596703125 0.7003831421875 0.4249207359375 0.70835945625 0.42580849687500005 0.7275165453125 0.42175015781249997 0.7335074890625 0.41788205468750006 0.7438174859375 0.423779328125 0.7490421453125 0.437349396875 0.7512713343749999 0.4970196578125 0.7471960984375 0.52606214375 0.7484500171875 0.5551046296875 0.75067920625 0.5573874437499999 0.7492163015625 0.557831325 0.7471960984375 0.555548509375 0.743956809375 0.5269499046874999 0.733263671875 0.51610653125 0.7267850921875 0.51566265 0.724799721875 0.5165504125 0.7237896203124999 0.5228915656249999 0.7245210734375 0.5523779328125 0.7309996515625 0.5551046296875 0.730755834375 0.557831325 0.728282828125 0.557831325 0.7212817828125 0.5414711484375 0.7123301984375 0.528344959375 0.70835945625
3 0.2162333546875 0.28021595312500003 0.2871274578125 0.287251828125 0.319657578125 0.2942877046875 0.3484464171875 0.2966213859375 0.3767279640625 0.29630790625 0.3831325296875 0.2901776390625 0.38471781875 0.2772901421875 0.39378566875 0.264994775 0.3831325296875 0.25677464375 0.3457831328125 0.25855102812499997 0.322891565625 0.26381051875 0.3218135703125 0.2640891671875 0.2162333546875 0.267014978125 0.20659480000000002 0.2719958203125 0.20659480000000002 0.277568790625 0.2162333546875 0.28021595312500003
3 0.345212428125 0.33611981874999997 0.37133798281249997 0.33434343437499997 0.38256182656250004 0.331417625 0.37989854218749997 0.3205851625 0.37989854218749997 0.3027168234375 0.37400126875 0.298328109375 0.3403931515625 0.2974225015625 0.318008878125 0.29888540625000004 0.3158528859375 0.2991988859375 0.3158528859375 0.306513409375 0.31857958124999997 0.32877046249999997 0.323335446875 0.3346220828125 0.345212428125 0.33611981874999997