3 0.222152559375 0.34121750156249997 0.219784046875 0.34337349375000004 0.21800766249999998 0.3509194671875 0.21859979062499998 0.35846544062499996 0.2304423546875 0.3951173109375 0.2431905265625 0.4209892203125 0.24583768749999999 0.43176918124999997 0.252943225 0.4694990484375 0.27070707031249996 0.4694990484375 0.281365378125 0.47324032968749996 0.2881922671875 0.47431832656250006 0.2923371640625 0.47324032968749996 0.29143155625 0.45599239062499997 0.2730755828125 0.3735573875 0.263322884375 0.3503487640625 0.25353535312500003 0.332022828125 0.24939045625 0.32612555468750004 0.24583768749999999 0.3255548515625 0.244061303125 0.3272035515625 0.244061303125 0.33259353125 0.2482062 0.346036778125 0.2600487640625 0.37622067187499997 0.2640891671875 0.39296131875 0.2582375484375 0.399429296875 0.25506792031250003 0.400570703125 0.2514454890625 0.400253646875 0.24733542343749998 0.391502853125 0.2384535 0.3751426765625 0.22985022656249998 0.348763475 0.22542668125 0.3422954984375 0.222152559375 0.34121750156249997
3 0.3345872515625 0.4366518703125 0.3335074890625 0.405580215625 0.32887495625 0.3525681671875 0.32640195 0.344831959375 0.32176941875 0.3435003171875 0.31717171718750004 0.34610019062499997 0.31574364374999997 0.354533925 0.318599790625 0.410145846875 0.31821665 0.4159797078125 0.3160919546875 0.4159797078125 0.30971786875 0.41401395 0.30686172031250003 0.4069118578125 0.30261232968749996 0.3635383640625 0.2990595609375 0.3519340515625 0.2965517234375 0.3487000640625 0.2894461859375 0.34673430625 0.289097875 0.364235890625 0.29585510312499996 0.46512365312500004 0.2976314875 0.4806594796875 0.31644026406250003 0.479961953125 0.3257053296875 0.4831959421875 0.32887495625 0.4831959421875 0.3317311046875 0.4812935953125 0.333159178125 0.47805960625 0.334204109375 0.47095751406249997 0.3345872515625 0.4366518703125
2 0.368129571875 0.4841471140625 0.3706374078125 0.4511097015625 0.37098571874999997 0.360558021875 0.3677812609375 0.3321496515625 0.3617554859375 0.31401395 0.35712295312500003 0.30951173125000003 0.35712295312500003 0.33018389375 0.346464646875 0.4019657578125 0.33402995468749996 0.46924540312499996 0.3358063390625 0.4841471140625 0.33970741875 0.48864933437499997 0.35440612968749996 0.4953075453125 0.35712295312500003 0.4957514265625 0.363148728125 0.4944831953125 0.3660048765625 0.489917565625 0.368129571875 0.4841471140625
2 0.3955416234375 0.37235256875 0.3929641234375 0.3575776796875 0.3895506796875 0.3513633484375 0.3853012890625 0.3521242859375 0.38317659375 0.356816740625 0.36868686875 0.4910589734375 0.37293625937499997 0.4941661375 0.3889585515625 0.5017755234375 0.3925461515625 0.503487634375 0.3989550671875 0.503487634375 0.40066179062499996 0.50038046875 0.4014977359375 0.4941661375 0.3955416234375 0.37235256875
0 0.4479623828125 0.48611287187499996 0.44538488281250005 0.38598604999999997 0.44242424218750004 0.35491439375 0.439010796875 0.3370957515625 0.434308603125 0.33164235937500003 0.43005921249999995 0.3331642359375 0.4274817140625 0.3409638546875 0.41940090625000004 0.3875079265625 0.401915709375 0.5046924546875 0.40320445781250003 0.510145846875 0.412574015625 0.51401395 0.43249738750000005 0.5199112234375 0.4377220484375 0.52022828125 0.442842215625 0.5194673437499999 0.44496691093749996 0.5148383 0.4466736328125 0.50703868125 0.4479623828125 0.48611287187499996
1 0.4953674671875 0.37805960625 0.49143155624999996 0.3761572609375 0.4847091609375 0.37805960625 0.4768721703125 0.38389346875 0.4605363984375 0.4201014578125 0.45200278593750004 0.51198478125 0.45343086093749996 0.513887128125 0.4605363984375 0.517121115625 0.47049808437499996 0.5190868734375 0.47405085312499995 0.5190868734375 0.4758272375 0.5164869999999999 0.477603621875 0.5106531390625 0.48077325000000004 0.4641090671875 0.4953674671875 0.37805960625
1 0.516335771875 0.383513 0.5117032390625 0.3718452765625 0.507802159375 0.3712111609375 0.5039010796875 0.37577679062499997 0.49501915781249994 0.40488268906249997 0.477603621875 0.516740646875 0.47938000625 0.521306278125 0.486137234375 0.5238427390625 0.49926854687500005 0.5232086234375 0.5010449328125001 0.52194039375 0.5021246953125 0.521306278125 0.504249390625 0.516740646875 0.517380703125 0.39384908125 0.516335771875 0.383513
1 0.5482758624999999 0.38858592187499996 0.544026471875 0.38858592187499996 0.5386973187499999 0.3930881421875 0.525914315625 0.42155992343750004 0.5106234765625 0.4862396953125 0.5056426328125 0.528281546875 0.5109717875 0.5302473046875 0.5268547546875 0.5302473046875 0.5291536046875 0.52276474375 0.5482758624999999 0.41959416562499996 0.5497039359375 0.39765377343749997 0.5482758624999999 0.38858592187499996
1 0.5896551718749999 0.3630944828125 0.5882270984375 0.3611921375 0.5729710906250001 0.3721623328125 0.564437478125 0.38059606874999996 0.5594566359375001 0.39220038125 0.54810170625 0.4374762203125 0.529606409375 0.5312618890625 0.5540578203125001 0.5354470515624999 0.5576802515625 0.5358275203125 0.5598049453125 0.53512999375 0.56158133125 0.5325935312500001 0.5871821671874999 0.381230184375 0.5896551718749999 0.3630944828125
0 0.6085684437500001 0.39917565 0.609613375 0.3616360171875 0.607836990625 0.35580215625 0.6039359109375 0.35580215625 0.5975269937500001 0.364235890625 0.588645071875 0.40044388125 0.5815395328124999 0.47545973437500005 0.5772901421875 0.539505390625 0.5822709859375 0.5466074828124999 0.5955764546875 0.54755865625 0.5986067578125 0.547305009375 0.6032392890625 0.5447051359375 0.608916753125 0.53760304375 0.6110414484375 0.529803425 0.6085684437500001 0.39917565
2 0.6406130265625001 0.49258084999999996 0.6388366421875 0.4123018390625 0.6394287703125 0.39232720312499997 0.6382445140625 0.3793912484375 0.6340996171875 0.3778059609375 0.6317311046875 0.37888395625000004 0.626994078125 0.3912492078125 0.6175200281250001 0.45808497187499997 0.615151515625 0.52764743125 0.628387321875 0.5289790734375 0.6323232328125 0.5281547234375 0.6385231625000001 0.52599873125 0.6412051546875001 0.52276474375 0.6423894109375 0.5184527578125 0.6406130265625001 0.49258084999999996
2 0.654684778125 0.39042485781249997 0.649947753125 0.38934686093750004 0.64580285625 0.39258085 0.6443051203125 0.4055168046875 0.64343434375 0.47939124843750003 0.6443051203125 0.5181991125 0.662068965625 0.5197844 0.666805990625 0.517121115625 0.6721351453125 0.5090044390624999 0.6724486234375 0.5063411546875 0.6724486234375 0.492327203125 0.6617903171874999 0.4060875078125 0.6582375484375 0.3953075453125 0.654684778125 0.39042485781249997
3 0.700661790625 0.38598604999999997 0.6967955421875 0.3773620796875 0.6932427718749999 0.376284084375 0.69028213125 0.3784400765625 0.6888192265625 0.38433735 0.6888192265625 0.3924540265625 0.6938348999999999 0.43772986718749995 0.6923719953125 0.44204185156250003 0.6861372343750001 0.44204185156250003 0.6828979453125 0.438237159375 0.6805294328125 0.3908053265625 0.67843956875 0.3816740640625 0.67579240625 0.377869371875 0.6722396374999999 0.377869371875 0.6686868687499999 0.38059606874999996 0.668094740625 0.3892200375 0.6737025421875 0.503487634375 0.6766631828125 0.50456563125 0.680215953125 0.5039949265625 0.6828979453125 0.5024096390625 0.6852664578125001 0.498097653125 0.6888192265625 0.49594166093750003 0.698293278125 0.49429296093749997 0.7110762796875 0.4863031078125 0.7142807390625 0.48300570781249996 0.7166492515625 0.4808497140625 0.7169279000000001 0.473303740625 0.7136886109375 0.44743183281250004 0.700661790625 0.38598604999999997
3 0.7502612328125 0.42016487031249994 0.747056775 0.38738110312499996 0.7443399515625 0.3752694984375 0.7408916750000001 0.36943563749999997 0.7381748515625 0.368547875 0.7359456640625 0.36899175624999997 0.7335074890625 0.37209892187500004 0.7322535703125 0.377045021875 0.733228840625 0.412999365625 0.734482759375 0.42555485156249995 0.7337513062500001 0.428281546875 0.7324973875 0.42872542812500003 0.7305468484375 0.428281546875 0.7260884703125 0.424223209375 0.7238592828125 0.40938490781250003 0.7219087421875 0.3851617 0.719923371875 0.3752694984375 0.71696273125 0.3707672796875 0.7135144546875 0.3712111609375 0.7110414484375001 0.3729866828125 0.710309996875 0.3851617 0.7122605359375 0.44172479375 0.7142459078125001 0.4794546609375 0.73002438125 0.475396321875 0.748902821875 0.47869372187500003 0.75175896875 0.47812301875 0.7527342390625 0.4776791375 0.754719609375 0.4677869375 0.7544757921875 0.4511731140625 0.7502612328125 0.42016487031249994
3 0.8071055375 0.423779328125 0.81919191875 0.40082435 0.81919191875 0.3936588453125 0.8182166499999999 0.39004438750000003 0.8147683734375001 0.3896005078125 0.8105538140625 0.39048826875 0.8026471609374999 0.40126823125 0.797004528125 0.41249207343750005 0.7884012546875 0.44673430625000005 0.7834552421875001 0.44673430625000005 0.7792755140625001 0.44267596718749996 0.791083246875 0.403551046875 0.7984674328125 0.3936588453125 0.8061302687499999 0.3860494609375 0.81079763125 0.377045021875 0.8105538140625 0.371655040625 0.8068617203124999 0.3644895375 0.7950191578125 0.367152821875 0.7841866953125 0.3812935953125 0.765621734375 0.4216233359375 0.757157784375 0.43557387500000005 0.75541623125 0.444831959375 0.7545802859374999 0.45466074843750004 0.7545802859374999 0.47121116093750004 0.75677464375 0.47901077968749994 0.7634273765625 0.48934686093749996 0.7688610234375 0.49429296093749997 0.7864855453125 0.50120481875 0.7905956109375001 0.501838934375 0.7943573671874999 0.49904882656250005 0.7977708109375 0.4934686109375 0.8021246953125001 0.4752694984375 0.8071055375 0.423779328125
3 0.750121909375 0.5970196578125 0.7533263671875 0.600570703125 0.763113896875 0.673303740625 0.765761059375 0.6814204187499999 0.7710902125 0.6835764109375 0.7731800765625 0.6819277109375 0.7758272374999999 0.6792644265625001 0.77701149375 0.6722257453125 0.7654824109375 0.5714648062500001 0.7610240328125 0.538046925 0.758376871875 0.5320862390625 0.7533263671875 0.5305009515625 0.7435736671875001 0.529930246875 0.734378265625 0.5337349390624999 0.72758620625 0.5385542171875 0.72284918125 0.5439441984375 0.7213514453125 0.5482561828125 0.7213514453125 0.5596068484375001 0.7266805984375 0.586556753125 0.732009753125 0.6199746359375 0.7474050859375 0.6883956875 0.7512713343749999 0.6922003812499999 0.7521421109374999 0.6922003812499999 0.7537791703125001 0.6864933421875 0.7527342390625 0.6754597343750001 0.74106583125 0.602282815625 0.7424939046875 0.5951807234375 0.74580285625 0.5951807234375 0.750121909375 0.5970196578125
3 0.70491118125 0.6722257453125 0.702925809375 0.6493341781249999 0.6992337171874999 0.6251109703125 0.6997213515625 0.6116043125 0.7026819921875 0.6066582125 0.70613026875 0.6066582125 0.7098223609375001 0.608497146875 0.7108324625 0.6120481921875001 0.713793103125 0.654724159375 0.71675374375 0.6677869375000001 0.718704284375 0.6695624609374999 0.721664925 0.6695624609374999 0.7258794843749999 0.6646163609375 0.7273423890624999 0.6564996828125 0.7214211078125 0.581991121875 0.71797283125 0.5545973359375 0.7154998265625 0.550982878125 0.7118077328125 0.5505389984375 0.7039010796875 0.5554850984375 0.7019505406250001 0.5608750796875 0.6950191578125 0.556816740625 0.6878787875000001 0.561318959375 0.6864158828125 0.5662650609375001 0.6836990593750001 0.566708940625 0.6804946015625 0.57564996875 0.681469871875 0.5900443875 0.6962034140625 0.6774254921875 0.6972483453125 0.681230184375 0.6992337171874999 0.6834495875 0.701706721875 0.6821179453124999 0.704179728125 0.67805960625 0.70491118125 0.6722257453125
2 0.6754789265625 0.70209258125 0.6804946015625 0.6982878890625 0.683768721875 0.68966391875 0.6840473703125001 0.681610653125 0.6804946015625 0.5942929609375 0.679031696875 0.5775523140625001 0.67457331875 0.5716550406249999 0.669244165625 0.5710843375 0.662138628125 0.575396321875 0.6585858578125 0.5797083062499999 0.6502960640625 0.586176284375 0.6494252875 0.591566265625 0.6514803203125 0.6185161703125 0.6623476140625 0.6887761578125 0.6630442359375001 0.6934686109375 0.6650992687499999 0.70209258125 0.6680599093749999 0.70367786875 0.6713340296875 0.7031705765625 0.6754789265625 0.70209258125
2 0.6461511671875 0.697336715625 0.6471264375 0.6932783765625 0.6483803546875 0.5890298031250001 0.6461511671875 0.5836398218750001 0.640473703125 0.5792010140625 0.631835596875 0.5792010140625 0.624695228125 0.5827520609375 0.6219784046875 0.5904248578125 0.628456984375 0.6935320234375 0.6286311390625 0.69955611875 0.6315917796875 0.70538998125 0.6382445140625 0.7062777421875001 0.6424590734375 0.702726696875 0.6461511671875 0.697336715625
0 0.6111111109375 0.70209258125 0.6171368859374999 0.621242865625 0.6171368859374999 0.6031705765625001 0.615012190625 0.5902346234375 0.6100313484375001 0.5798985421875 0.604353884375 0.576664553125 0.5979797984374999 0.5759670265625 0.59265064375 0.577932784375 0.5904911187499999 0.5831325296875 0.5912225703125 0.6031705765625001 0.590943921875 0.706404565625 0.59157088125 0.7131261890625 0.5940438875 0.7169942921875 0.601149425 0.7157260625 0.6079066531249999 0.7098922 0.6111111109375 0.70209258125
1 0.5748867984375 0.7343690546875 0.5757227453125 0.7281547234375 0.5808429125 0.6505389984375001 0.583838384375 0.5861128718749999 0.5825496343750001 0.5783766640625 0.5774294671875 0.5737476218750001 0.5599442703124999 0.5752694984375 0.5565308250000001 0.5768547875000001 0.5569836296874999 0.598541534375 0.560815046875 0.6730500953125 0.562068965625 0.7343690546875 0.562068965625 0.7374762203125 0.5637756875 0.742168675 0.566771159375 0.742168675 0.5723093 0.739061509375 0.5748867984375 0.7343690546875
1 0.5299198890625 0.7734939765625 0.5359456640625 0.77152821875 0.5384534999999999 0.7689283453125 0.54092650625 0.75085605625 0.5441309640624999 0.7185161703125 0.5533611984375 0.58135700625 0.5519331249999999 0.5755231453125 0.5455590390625 0.5710209265625 0.5157088125 0.5677869375 0.511424590625 0.5697526953125001 0.5146290484375 0.611794546875 0.516405434375 0.670006340625 0.5178335078125 0.7436905515625 0.5178335078125 0.7488902984375 0.5189132703125 0.7573240328125 0.5217345875 0.7670259984375 0.52528735625 0.7721623328125 0.5299198890625 0.7734939765625
1 0.471159875 0.7322130625 0.48073841875 0.7083069125 0.49637756875 0.622891565625 0.5063392546875 0.5834495875 0.507732496875 0.5686112875 0.49529780625 0.563411540625 0.4708115640625 0.5595434375 0.46617903125 0.5608116671875 0.463706025 0.5660114140625 0.4622779515625 0.584083703125 0.45708812187500003 0.7221306281250001 0.4566004875 0.7263792015625 0.4566004875 0.731578946875 0.458376871875 0.73677869375 0.46687565312499996 0.73677869375 0.471159875 0.7322130625
1 0.43490073125000006 0.734115409375 0.448728665625 0.664235890625 0.46116335781249995 0.560114140625 0.44625565937499995 0.5549778062499999 0.4334726578125 0.5530120484375 0.4302682 0.560114140625 0.42918843593749995 0.579518071875 0.43061650937499996 0.6273937859375 0.43061650937499996 0.6571337984375 0.4220828984375 0.743817375 0.4220828984375 0.7464172484375 0.424590734375 0.7490171218749999 0.42918843593749995 0.7490171218749999 0.43096482031249994 0.7464172484375 0.43490073125000006 0.734115409375
0 0.39272030625 0.7464172484375 0.40348310625000006 0.7135700703125 0.41995820312500004 0.638617628125 0.428247996875 0.5879518078125 0.42619296406249996 0.569625871875 0.41908742656250003 0.5571972093750001 0.407836990625 0.550221940625 0.398049459375 0.554533925 0.39153604999999997 0.5653138875 0.3906652734375 0.581991121875 0.39362591406249997 0.62187698125 0.3930337859375 0.6488268859375 0.3891675375 0.691946734375 0.38181818125 0.74090044375 0.38178334999999997 0.74749524375 0.38237547968749996 0.750158528125 0.3844305125 0.7518072296875 0.39035179375 0.7507292328124999 0.39272030625 0.7464172484375
2 0.36161616093750004 0.75332910625 0.3658655515625 0.7517438171874999 0.37098571874999997 0.7424223203125 0.3731104140625 0.7230183890624999 0.3829327765625 0.6081800890625 0.3863113890625 0.5934052000000001 0.3880181125 0.5686112875 0.38460466718749997 0.553075459375 0.37227446875000003 0.5406467984375001 0.3569139671875 0.5414077359375 0.35308255 0.54996829375 0.3513758265625 0.5794546609375 0.3478230578125 0.736525046875 0.34754440937500003 0.7424223203125 0.34796238281249997 0.747114775 0.3522117734375 0.7517438171874999 0.35520724531250003 0.75332910625 0.36161616093750004 0.75332910625
2 0.324555903125 0.73760304375 0.32668059843749997 0.7350031703125001 0.33023336875 0.7259353203125001 0.3497735984375 0.5991756500000001 0.3526297453125 0.562967659375 0.351201671875 0.550665821875 0.3479972140625 0.538998096875 0.335562521875 0.5286620171874999 0.323476140625 0.52606214375 0.3142459078125 0.534495878125 0.31177290156250004 0.5628408375 0.3098571921875 0.7256182625 0.3099965171875 0.73176918125 0.311389759375 0.7362714015625 0.31316614375 0.738237159375 0.32027168281249996 0.7388712749999999 0.324555903125 0.73760304375
3 0.22149077031250003 0.6662016484375 0.2274120515625 0.631198478125 0.2312783 0.5923906156250001 0.23242772500000003 0.5868738109375 0.23451758906250003 0.5837666453125 0.240438871875 0.5837666453125 0.2433995125 0.5848446421875 0.24458376875 0.5902346234375 0.2357018453125 0.6570703875 0.23660745312499998 0.6656943562500001 0.23897596718749997 0.670006340625 0.241623128125 0.670006340625 0.24517589687500002 0.6689283453125 0.24813653750000003 0.6656943562500001 0.2629397421875 0.5805326562500001 0.267990246875 0.5449587828125 0.26739811874999997 0.53094483125 0.26530825468749997 0.5223208625 0.253465690625 0.5136968921875 0.24517589687500002 0.51528218125 0.23305468437500002 0.5115409 0.22535701874999997 0.5147748890625 0.2220828984375 0.5223208625 0.218530128125 0.556816740625 0.21233019843749998 0.658655675 0.21173807031249997 0.6694356375 0.2135144546875 0.6710843375 0.2164750953125 0.6710843375 0.2191222578125 0.6694356375 0.22149077031250003 0.6662016484375
3 0.289898990625 0.5217501578125 0.278892371875 0.5136968921875 0.2677115984375 0.5164869999999999 0.26548241093749997 0.5220038046875 0.26381051875 0.585288521875 0.26684082187499997 0.5988585921875 0.273981190625 0.6047558656249999 0.28599790937499997 0.6124286624999999 0.29244165781250003 0.6136968921875 0.3033089515625 0.6075459734375 0.30957854375 0.5905516796875 0.31194705625 0.5568801515625 0.311424590625 0.53348129375 0.3112504359375 0.5322130625 0.3070358765625 0.52606214375 0.3010797625 0.5204819281249999 0.2931382796875 0.5201648703124999 0.289898990625 0.5217501578125