2 0.47812301875 0.3918843609375 0.524540265625 0.395785440625 0.547748890625 0.394566353125 0.570196575 0.390874259375 0.596068484375 0.3847091609375 0.6136334812500001 0.37833507499999997 0.6207355734375 0.37422500937500003 0.611794546875 0.3688610234375 0.60202916875 0.36495994375 0.5848446421875 0.36516893125 0.5578947375000001 0.36743295 0.5256816734374999 0.36865203750000003 0.4904248578125 0.3684082203125 0.48002536406249996 0.3688610234375 0.468357640625 0.375200278125 0.46277742499999996 0.38181818125 0.46277742499999996 0.3871821671875 0.47812301875 0.3918843609375
2 0.4743817375 0.419784046875 0.5342422328125 0.4218390796875 0.56816740625 0.41919191875 0.5935320234375 0.4123650296875 0.6166772359375 0.40881226093749995 0.622067215625 0.40644374843750003 0.609701965625 0.402890978125 0.5773620796875 0.4002438171875 0.549334178125 0.3990595609375 0.533671528125 0.3960989203125 0.5056436265625 0.394601184375 0.478757134375 0.392302334375 0.47869372187500003 0.392232671875 0.4641724796875 0.39874608125 0.45859226406250003 0.40585162031250005 0.46467977187500004 0.4132706375 0.4743817375 0.419784046875
0 0.45529486406249997 0.44336468125 0.48547875781250005 0.44987809062500006 0.5016487 0.45224660468750005 0.5528218140625001 0.45224660468750005 0.5905516796875 0.44987809062500006 0.6175015859374999 0.44395680937500004 0.6369055171875 0.4383141765625 0.6396322125 0.4347614078125 0.629930246875 0.4285614765625 0.6164235890625 0.42560083593750003 0.591122384375 0.42500870781250005 0.5215599234375 0.42204806718750004 0.475840203125 0.42149077031250004 0.475776790625 0.4214559390625 0.4568801515625 0.42765586874999995 0.449334178125 0.4321142453125 0.4482561828125 0.4377220484375 0.45529486406249997 0.44336468125
1 0.44584654375 0.4690351796875 0.460938490625 0.47140369218749995 0.5197209890625001 0.47467781249999996 0.5342422328125 0.4737722046875 0.55580215625 0.47554858906249997 0.5844007609374999 0.47614071718749995 0.5978440078125 0.47349355624999995 0.6188966390624999 0.47140369218749995 0.627520609375 0.46638801875 0.61940393125 0.4634273765625 0.6021559921875 0.46252176875 0.5746987953125 0.4580982234375 0.54502219375 0.454824103125 0.501902346875 0.4521769421875 0.4773620796875 0.44865900312500007 0.477108434375 0.44862417343749994 0.4544705140625 0.44949494999999995 0.4464172484375 0.4518634625 0.44261255625 0.46224312031250003 0.44584654375 0.4690351796875
1 0.456436271875 0.50240334375 0.481991121875 0.50118425625 0.5147748890625 0.49773598124999996 0.5691185796875 0.4972483453125 0.5889029796874999 0.49501915781249994 0.60285351875 0.4942877046875 0.612555484375 0.49125740156250003 0.6201014578125 0.4835597359375 0.6055168046875 0.480006965625 0.5823715921875 0.4779519328125 0.547305009375 0.47586206875 0.5209258078125 0.4761755484375 0.511731134375 0.47854406093749996 0.469181990625 0.47499129218749997 0.44489537031250004 0.47502612343750006 0.4447051359375 0.47502612343750006 0.438871275 0.4797283171875 0.438871275 0.49181469843750003 0.441154090625 0.500696621875 0.456436271875 0.50240334375
1 0.45948002499999996 0.53253221875 0.48858592187500005 0.5321839078124999 0.5118579578125 0.5300592125 0.53512999375 0.5311389765625 0.5817374765625 0.5321839078124999 0.598541534375 0.5343086031250001 0.608877615625 0.5304075234375001 0.608877615625 0.5250783703125 0.59467343125 0.5208289796875001 0.525428028125 0.509090909375 0.5060240968749999 0.5080459765625001 0.49378566875 0.5062695921875 0.4447051359375 0.504284221875 0.4445783125 0.504110065625 0.43944197812499997 0.5122953671875 0.43944197812499997 0.5236502953125 0.44204185156250003 0.5304075234375001 0.45948002499999996 0.53253221875
1 0.46886493281249997 0.55900383125 0.576664553125 0.5504005578125 0.5928344953125 0.5483455234375 0.601458465625 0.544479275 0.5944831953125 0.5406478578125 0.564299303125 0.5373737375000001 0.46131895937499995 0.5353187046875 0.45003170625 0.5353187046875 0.44375396250000004 0.5359456640625 0.443563728125 0.5359108328125 0.44248573281250003 0.5438871468750001 0.4467977171875 0.551306165625 0.44730500937500006 0.5563218390625 0.46886493281249997 0.55900383125
0 0.49327837656250006 0.5860675718749999 0.526696259375 0.5863462203124999 0.548763475 0.5851619640625 0.5752060875 0.5863462203124999 0.601077996875 0.5854754437499999 0.6166772359375 0.587251828125 0.634495878125 0.58310693125 0.6350031703125001 0.5804249390625 0.6301838937500001 0.576593521875 0.608053265625 0.5706722390625 0.574635384375 0.5647509578125 0.50456563125 0.558516196875 0.48947368437499994 0.55792406875 0.468357640625 0.5599094390625 0.449017121875 0.5653430859374999 0.4490805328125 0.5653430859374999 0.448509828125 0.57600139375 0.46144578281250004 0.5819226750000001 0.471718453125 0.5842911875000001 0.49327837656250006 0.5860675718749999
2 0.49549778125 0.6059561125 0.536525046875 0.6071055375000001 0.56487000625 0.6071055375000001 0.58598605 0.6058864500000001 0.609321496875 0.6036572625 0.6205453390625 0.5972483453125 0.6151553578125 0.5913270640625 0.6021559921875 0.589097875 0.5922637921875 0.5863810515625001 0.567977171875 0.58540578125 0.4812935953125 0.584918146875 0.4750792640625 0.5853709515625 0.47501585312500005 0.58540578125 0.45523145156249994 0.6002089859375 0.4629042484375 0.6080808078125 0.47501585312500005 0.611320096875 0.49549778125 0.6059561125
2 0.475396321875 0.6152560078125 0.46785034843749995 0.619888540625 0.46816740625 0.625774990625 0.47311350625 0.63267154375 0.48338617656249994 0.6341692796875 0.49467343125 0.631940090625 0.5126188968750001 0.6321839078125 0.5471781859375 0.6366422843749999 0.5593532015625 0.6363984671875 0.59752695 0.632427725 0.610082434375 0.6284918140625 0.615472415625 0.624799721875 0.6091946734375 0.6208289796875001 0.5682942296875 0.6171368859374999 0.5318960046875 0.6117032390625 0.5181357 0.6080459765625 0.5180088781250001 0.6080111453125 0.5040583390625 0.606025775 0.487444515625 0.607767328125 0.4785034875 0.6112156046874999 0.475396321875 0.6152560078125
3 0.4500951171875 0.24193660781249998 0.4337983515625 0.23726924375 0.4081800890625 0.22831765937499998 0.39346861093749996 0.22149077031250003 0.3802790109375 0.21125043593749998 0.3709575140625 0.207836990625 0.353899809375 0.20613026875 0.3422320859375 0.20741901718750003 0.34996829375 0.21678857499999998 0.3647431828125 0.2231974921875 0.371718453125 0.23343782656249998 0.3686112875 0.2385231625 0.3391249203125 0.2231974921875 0.3305643625 0.22061999375000002 0.3305643625 0.2202020203125 0.322067215625 0.219784046875 0.3197209890625 0.22831765937499998 0.32441344375000003 0.23810518906249997 0.339885859375 0.24747474687499998 0.357006975 0.2543016375 0.372479390625 0.26199930312499997 0.3833861765625 0.270498084375 0.3927076734375 0.2760710546875 0.398922003125 0.2811563921875 0.416740646875 0.2845698359375 0.432276475 0.2841518640625 0.44311984843749996 0.2816091953125 0.4447051359375 0.2743643328125 0.4417882046875 0.2676767671875 0.4384908046875 0.264332984375 0.439061509375 0.26252176875 0.43925174375 0.2624172765625 0.454787571875 0.2624172765625 0.4641090671875 0.25646116406249997 0.4594166140625 0.24705677499999998 0.4500951171875 0.24193660781249998
3 0.42606214375 0.287391153125 0.40279010781249996 0.2831417625 0.371718453125 0.2793103453125 0.35313887187500004 0.2750261234375 0.3313887125 0.27119470625000003 0.32441344375000003 0.27119470625000003 0.308877615625 0.2750261234375 0.3166138234375 0.281435040625 0.334495878125 0.286137234375 0.34920735625 0.2938000703125 0.35003170625 0.300626959375 0.3313887125 0.2997561828125 0.30811667656249997 0.28568443125 0.2933417875 0.2869731796875 0.29181991093750004 0.28867990312499997 0.2972098921875 0.299338209375 0.3112238421875 0.3112852671875 0.343817375 0.319784046875 0.36708941093749997 0.32661093750000003 0.377932784375 0.33131313125 0.391122384375 0.33601532500000003 0.410526315625 0.33601532500000003 0.42454026562499997 0.33260188125 0.43151553593749997 0.328317659375 0.43303741249999994 0.3202368515625 0.4353836390625 0.31682340625 0.4400126828125 0.3146987109375 0.44235890937500005 0.3142459078125 0.4462270140625 0.309125740625 0.449334178125 0.300626959375 0.4400126828125 0.2929292921875 0.42606214375 0.287391153125
3 0.430374128125 0.3406478578125 0.42029169375000003 0.3372344125 0.404755865625 0.3363984671875 0.37450856093749996 0.3372344125 0.347305009375 0.3316962734375 0.289093215625 0.3214559390625 0.2790107796875 0.3201671890625 0.26816740625 0.3231626609375 0.26658211718749997 0.3261581328125 0.283639821875 0.33253221875 0.315472415625 0.3398119125 0.33176918125 0.347474746875 0.3387444515625 0.35471960937499997 0.3247939125 0.3606757234375 0.3038681046875 0.358551028125 0.28135700625000004 0.3538488328125 0.263474953125 0.3517241375 0.265060240625 0.358969 0.289093215625 0.369209334375 0.34267596718750004 0.377742946875 0.353519340625 0.3815743640625 0.3752694984375 0.3845698359375 0.42105263125 0.38582375468749996 0.4226379203125 0.3841170328125 0.42257450781249994 0.3841170328125 0.42726696249999996 0.3743295015625 0.4249207359375 0.36280041875 0.4311350671875 0.35600835937499997 0.430374128125 0.3406478578125
2 0.4213696890625 0.3954371296875 0.42625237812499994 0.3930686171875 0.4289156625 0.387460815625 0.424603678125 0.3839080453125 0.4019657578125 0.38509230156249996 0.3814838296875 0.3841866953125 0.34755865625000004 0.3841866953125 0.31737476249999996 0.3821316609375 0.28719086875 0.3815395328125 0.27317691875 0.3803552765625 0.26290424843750004 0.3821316609375 0.26074825625 0.38568443124999996 0.2736842109375 0.39338209687500003 0.30228281562500003 0.40107976250000005 0.339441978125 0.407871821875 0.37717184531250003 0.40759317343749996 0.39549778125 0.40964820625 0.410082434375 0.41233019843749996 0.4158528859375 0.412504353125 0.4159797078125 0.41233019843749996 0.42517438125 0.40759317343749996 0.4273303734375 0.400487634375 0.4213696890625 0.396934865625 0.4213696890625 0.3954371296875
2 0.3760304375 0.40790665312499996 0.3518072296875 0.40759317343749996 0.274191503125 0.4117380703125 0.2612555484375 0.4129223265625 0.25047558593749997 0.4164750953125 0.24831959375 0.422396378125 0.2601775515625 0.42831765937500005 0.275776790625 0.43068617187499997 0.3145846546875 0.43218390781249993 0.346924540625 0.431870428125 0.3630944828125 0.43514454843749995 0.36740646875 0.43779171093749997 0.391122384375 0.4401602234375 0.4029803421875 0.4383838390625 0.4072923265625 0.4369209328125 0.4083703234375 0.431870428125 0.4170577046875 0.42950191562500006 0.42187698124999995 0.4241727625 0.41915028593750003 0.417380703125 0.4137603046875 0.4129223265625 0.39543436875000004 0.409090909375 0.3760304375 0.40790665312499996
0 0.3943563734375 0.43995123593749996 0.3798351296875 0.43995123593749996 0.3658211796875 0.43848833125000003 0.35015852812500003 0.43789620312500005 0.3270133171875 0.4393591078125 0.2897907421875 0.43995123593749996 0.266074825 0.44263322812499994 0.253709575 0.44587251875 0.25047558593749997 0.4517938 0.263411540625 0.4574364328125 0.2914394421875 0.4627655875 0.3188966390625 0.46422849218750006 0.37228915625000003 0.46335771562500006 0.38738110312499996 0.46482062031250004 0.406785034375 0.46304423593750005 0.4207989859375 0.460989203125 0.42352568125 0.459595959375 0.4234622703125 0.45949146562500004 0.42834495937500006 0.4494252875 0.426188965625 0.4423197484375 0.4116043125 0.43876697968749995 0.3943563734375 0.43995123593749996
1 0.3734305640625 0.46391501249999995 0.3529486359375 0.4665970046875 0.31629676562500003 0.469244165625 0.2856055796875 0.4763497046875 0.2807228921875 0.48080808125 0.291502853125 0.48286311406250004 0.3313887125 0.4804946015625 0.372923271875 0.479031696875 0.3901712109375 0.4816788578125 0.4106531390625 0.48199233750000003 0.4197844 0.481400209375 0.4203551046875 0.48080808125 0.42143310156249997 0.46778126093749994 0.41819911249999997 0.46213862812500006 0.3998731765625 0.4624521078125 0.3734305640625 0.46391501249999995
1 0.36410906718749997 0.48554510625 0.347939125 0.48495297812500004 0.3085605578125 0.489097875 0.27945466093750004 0.49620341406249996 0.28218135625 0.498258446875 0.3096385546875 0.499442703125 0.3355104625 0.49885057499999996 0.35656309375 0.4973876703125 0.37596702656250003 0.4973876703125 0.405580215625 0.4997561828125 0.41800887812500004 0.49916405468749997 0.42016487031249994 0.4985719265625 0.42016487031249994 0.48791361875000006 0.41693088125 0.482584465625 0.3980342421875 0.48199233750000003 0.36410906718749997 0.48554510625
1 0.37381103437499996 0.5021246953125 0.355992390625 0.50240334375 0.3263792015625 0.5056774640625 0.3031705765625 0.506548240625 0.292390615625 0.5106931375 0.292390615625 0.516335771875 0.3096385546875 0.5201671890624999 0.387824984375 0.5175200281250001 0.400190234375 0.5175200281250001 0.414711478125 0.516405434375 0.41477488906250004 0.516335771875 0.4190868734375 0.5044932078125 0.4136968921875 0.4997561828125 0.3953709578125 0.50003483125 0.37381103437499996 0.5021246953125
3 0.4273303734375 0.62897945 0.4273303734375 0.6233368171875 0.43272035468750003 0.6183211421875 0.434876346875 0.6141762453124999 0.42897907343749997 0.610902125 0.422511096875 0.610309996875 0.4063411546875 0.6159526296875 0.37400126875 0.6160571234375001 0.3486366515625 0.6171368859374999 0.287761571875 0.630755834375 0.26778693750000004 0.6378613718749999 0.2645529484375 0.6443747828124999 0.2705136328125 0.6443747828124999 0.30120481875 0.6387321484374999 0.3238427390625 0.6375478921875 0.337349396875 0.6375478921875 0.34216867500000003 0.6414141421874999 0.33462270156249996 0.6497039359375 0.29854153437500003 0.6579937296875 0.273747621875 0.6653779171875 0.268357640625 0.6748519671875 0.2753329109375 0.675165446875 0.30228281562500003 0.6707070703125 0.3254914390625 0.665691396875 0.365884590625 0.6603622437500001 0.3966391890625 0.6579937296875 0.41116043125 0.659770115625 0.42409638593750004 0.6588645078125 0.43221306249999997 0.6562173453125 0.433291059375 0.6533960296875 0.433291059375 0.6532567046875 0.43272035468750003 0.6467432953125 0.43703234062499996 0.643469175 0.43842739374999995 0.638035528125 0.4273303734375 0.62897945
3 0.43233988593749995 0.6738418671875 0.43430564374999997 0.6677812609375 0.434939759375 0.6588993375000001 0.42974001250000005 0.6564263328125 0.40970196562499994 0.659630790625 0.39549778125 0.659630790625 0.34502219375 0.677742946875 0.3081800890625 0.6940787187499999 0.29454660781249997 0.702960640625 0.29714648125 0.7107628 0.3120481921875 0.7100661796875001 0.334051996875 0.701880878125 0.354724159375 0.6979797984375 0.35732403281249997 0.6990595609375 0.341154090625 0.7118425640625 0.3327203546875 0.7289097875 0.3333544703125 0.730686171875 0.340519975 0.7338558 0.3495244140625 0.7310344828125 0.3728598609375 0.7171717171875 0.39093215 0.7118425640625 0.4123018390625 0.7086381046875 0.44204185156250003 0.70118425625 0.4517438171875 0.6949146640625 0.4517438171875 0.6947753390625 0.4530120484375 0.68805294375 0.4530120484375 0.6809474046874999 0.43944197812499997 0.675235109375 0.43233988593749995 0.6738418671875
3 0.47603043749999996 0.71804249375 0.47818642968749997 0.70856844375 0.47006975312500004 0.704144896875 0.45339251718750007 0.701776384375 0.4393785671875 0.704144896875 0.42694990468749994 0.7088819234375 0.38224476875 0.7219087421875 0.36284083749999996 0.7301985375 0.350412175 0.7381748515625 0.34559289843749996 0.7444096140625 0.349334178125 0.75060954375 0.35745085625 0.7494252875 0.36981610625 0.7423197484374999 0.38547875781249996 0.7375827234375001 0.3941027265625 0.73848833125 0.397336715625 0.7411354921875 0.3924540265625 0.7455938703125 0.374128090625 0.7521072796875 0.364426125 0.763357715625 0.366074825 0.769278996875 0.381166771875 0.769278996875 0.39461001875 0.7642284921875 0.411350665625 0.7550679203125 0.45015852812499996 0.7485545109375 0.4695624609375 0.7479623828124999 0.485732403125 0.7420411 0.4868104 0.7408568437499999 0.4868104 0.73138279375 0.4835764109375 0.7281086734375 0.471718453125 0.723963775 0.47603043749999996 0.71804249375
3 0.5038046921875 0.252385928125 0.496892834375 0.2555903859375 0.496892834375 0.2629397421875 0.505960684375 0.272901428125 0.5267596703125 0.279623825 0.5496512359375 0.2831417625 0.570450221875 0.28871473281250004 0.601395053125 0.294566353125 0.629105896875 0.29515848125 0.6451490171875001 0.2907697671875 0.6483195937499999 0.28871473281250004 0.6499048828125 0.284883315625 0.6424223203125 0.28375130625 0.6427076734375 0.2821490765625 0.6504755859375 0.2816788578125 0.6504755859375 0.2778822703125 0.638173746875 0.2699407875 0.608877615625 0.2605712296875 0.5448953703125 0.2371647515625 0.5288522515625 0.2383141765625 0.5230183890625 0.246534309375 0.5203551046875 0.24827586250000003 0.5038046921875 0.252385928125
3 0.4729866828125 0.30219435781250004 0.47032339843750004 0.3048066875 0.47514267656250003 0.3121212125 0.4831325296875 0.319749215625 0.49594166093750003 0.32267502656249997 0.5263157890625 0.3209334734375 0.5530120484375 0.32413793125 0.586556753125 0.3261929640625 0.6090044390625 0.3250087078125 0.628725428125 0.319749215625 0.6409638546875 0.3130268203125 0.6367152828125 0.30919540156249997 0.5818008875 0.30978753124999997 0.5743183265625 0.3074538484375 0.5828154718749999 0.305398815625 0.630818009375 0.305398815625 0.6393785671875001 0.303065134375 0.63512999375 0.2974921625 0.6159162968749999 0.29515848125 0.584464171875 0.2942528734375 0.5604311984375 0.2913270640625 0.5204819281249999 0.2804946015625 0.498604946875 0.2778822703125 0.48256182656249996 0.2799024734375 0.47723525625 0.281365378125 0.4778059609375 0.2816788578125 0.47723525625 0.2846046671875 0.4831325296875 0.29164054375 0.4852251109375 0.2960292578125 0.4729866828125 0.30219435781250004
3 0.4702599875 0.3399860671875 0.4745085609375 0.34409613437500003 0.4702599875 0.3473354234375 0.4696892828125 0.35433646875 0.4745085609375 0.3605015671875 0.48516170000000003 0.3684082203125 0.5032974 0.37133402968749996 0.5561192140625 0.36666666718749996 0.5763474953125 0.36429815468750004 0.6249207359375 0.355520725 0.625428028125 0.3528735625 0.6131896 0.351132009375 0.555548509375 0.3508533609375 0.544451490625 0.34858934218750004 0.5689283453125 0.3482062 0.6072923265625 0.34939045625 0.6211794546875 0.34907697656250003 0.6296766015624999 0.3467432953125 0.6275840203125 0.342633228125 0.6099556125000001 0.3385231625 0.584908053125 0.334447928125 0.5838300578125 0.3338558 0.5582117953125 0.3303378609375 0.5017121109375 0.3262277953125 0.4862396953125 0.325949146875 0.48408370312500004 0.3256356671875 0.47184527656249997 0.3276907 0.46544071093749995 0.33120863749999996 0.46328471718750003 0.335597353125 0.4702599875 0.3399860671875
3 0.48053265625 0.6737025421875 0.49657577656249996 0.675444096875 0.520038046875 0.6737025421875 0.538681040625 0.6713688609374999 0.58883956875 0.675757575 0.6415979703125 0.6748867984375 0.650665821875 0.6713688609374999 0.6213696890625 0.6660745390625 0.591502853125 0.6622779515625 0.5951807234375 0.6587600140625 0.6400126828125 0.6525949140625 0.64749524375 0.6479275515625 0.6415979703125 0.6450017421875 0.6287888390624999 0.6438174859375 0.5776157265624999 0.640891675 0.498161065625 0.6327063734375 0.4831959421875 0.63855799375 0.475776790625 0.644096134375 0.4752060875 0.6505398812500001 0.4837666453125 0.6558342046875001 0.4842739375 0.6555207249999999 0.4837666453125 0.659630790625 0.47311350625 0.6640195046875 0.47311350625 0.66753744375 0.48053265625 0.6737025421875
3 0.490678503125 0.698293278125 0.49549778125 0.7035876 0.4960050734375 0.7123650296874999 0.5050729234375 0.7158829671875 0.516296765625 0.7176245203125 0.531198478125 0.7170672234375 0.5455928984375 0.7123650296874999 0.560558021875 0.70592128125 0.5802790109375 0.702995471875 0.6079898546875 0.6950888187500001 0.6453392515624999 0.6901079765625 0.65656309375 0.6857192609375 0.6554850984375 0.6804249390625 0.644007609375 0.6769418328125 0.6273303734375 0.6763497046875 0.5217501578125 0.6757227453125 0.5032339890624999 0.6765586906250001 0.492390615625 0.6785788921875 0.49017121093749993 0.6795541625 0.49017121093749993 0.6807384187500001 0.48218135625 0.6871821671875 0.4831959421875 0.6942180421875 0.490678503125 0.698293278125
3 0.5452124281249999 0.743991640625 0.55326569375 0.7495646109375 0.5618896640625 0.7526297453125 0.577045021875 0.7516196453124999 0.5863031078125001 0.74702194375 0.5992390609375 0.739045628125 0.6453392515624999 0.7206896546875 0.661318959375 0.7051549984375 0.6639822453125 0.6972483453125 0.6511731140625 0.6925461515625 0.628281546875 0.6925461515625 0.591502853125 0.7019505406250001 0.591502853125 0.7025078375 0.5893468609375 0.7025078375 0.5610653140624999 0.707802159375 0.5573240328125 0.707802159375 0.53760304375 0.7157088125 0.5242866203125 0.7244862421875 0.5230183890625 0.724834553125 0.5193405203125 0.729397421875 0.520862396875 0.735005225 0.5325935312500001 0.7370254265625 0.5452124281249999 0.743991640625
2 0.290741915625 0.622953675 0.400190234375 0.6141762453124999 0.41680405781249996 0.6099616859375 0.4206721625 0.6099616859375 0.4244768546875 0.6050156734375001 0.4257450859375 0.5983629390625 0.4232086234375 0.58920236875 0.415535828125 0.5846394984375001 0.394419784375 0.5849878093750001 0.3752060875 0.592023684375 0.3521876984375 0.594496690625 0.3131261890625 0.6032741203125 0.26899175625 0.6201323578125 0.268357640625 0.62156043125 0.2644895375 0.62399860625 0.2663918828125 0.6268199234375 0.2721623328125 0.627168234375 0.290741915625 0.622953675
2 0.37761572656250003 0.5890282124999999 0.37805960625 0.588540578125 0.41407736249999993 0.58317659375 0.416740646875 0.575339603125 0.41540900468749997 0.568025078125 0.4025364609375 0.565586903125 0.39004438750000003 0.56144200625 0.37761572656250003 0.56266109375 0.3669625875 0.56875653125 0.27628408437499996 0.5892720312499999 0.27628408437499996 0.5902472999999999 0.269625871875 0.5941483796875 0.26918199062500003 0.5956112859375 0.274952440625 0.5997561828125 0.2878883953125 0.5992685468750001 0.3740646796875 0.5890282124999999 0.37761572656250003 0.5890282124999999
0 0.416740646875 0.55778474375 0.4238427390625 0.5546151171875 0.422511096875 0.54702194375 0.41718452812500006 0.5414141421875 0.38205453437500003 0.5375130609375 0.3398224484375 0.5414141421875 0.3038681046875 0.5455590390625 0.298985415625 0.5455590390625 0.2736207984375 0.5521769421875 0.2718452765625 0.5521769421875 0.2505389984375 0.558516196875 0.24254914374999997 0.5616858234375 0.24698795156250003 0.5658307203125 0.257641090625 0.568025078125 0.2585288515625 0.5685127140625 0.2949904875 0.56875653125 0.3336081171875 0.56753744375 0.405199746875 0.5597352843750001 0.416740646875 0.55778474375
1 0.3817374765625 0.5345872515625001 0.40703868125 0.5365377921875 0.41902346250000005 0.5358063390625001 0.42435003125000004 0.534343434375 0.42435003125000004 0.5309299890625 0.4199112234375 0.5211772906250001 0.4136968921875 0.5189829328125 0.3950539 0.5189829328125 0.3608116671875 0.522152559375 0.309258084375 0.5243469171874999 0.28129359531250003 0.526541275 0.267533290625 0.5284918140625 0.2662016484375 0.5304423546875 0.2666455296875 0.5316614421875 0.2968294234375 0.5353187046875 0.3355104625 0.5370254265625001 0.3608116671875 0.536781609375 0.3817374765625 0.5345872515625001