3 0.6724486234375 0.6088142046875 0.6720654828125 0.6198478125 0.6805990937499999 0.65085605625 0.7068965515625 0.718769815625 0.72535701875 0.74337349375 0.7303378609375 0.742739378125 0.7317659359375 0.7375396328125 0.7310693140625 0.7304375390625 0.7289097875 0.724603678125 0.7129223265625 0.694863665625 0.7093695578125 0.6799619531250001 0.7086729359375 0.6722257453125 0.7104493203125 0.6715916296875 0.715778475 0.6760938484375 0.720027865625 0.6864299296875 0.729641240625 0.7168674703125 0.7399512359375 0.7310716546875 0.7448972484375 0.72847178125 0.7477533953125 0.7227013312499999 0.7474050859375 0.7149017125 0.7388714734375 0.6819277109375 0.72535701875 0.6372859859375 0.723963775 0.5984781234375001 0.7225357015625 0.5933417875 0.7143504 0.590741915625 0.7061999296875 0.5913760296875 0.7019157093749999 0.595244134375 0.6919888546874999 0.5933417875 0.6855102750000001 0.5936588453125 0.68202716875 0.593975903125 0.67600139375 0.60044388125 0.6724486234375 0.6088142046875
3 0.6220828984375 0.6297400125 0.6302682 0.6614457828125 0.6435736671875001 0.7322130625 0.6604667359375 0.762967659375 0.6671194703125 0.7610653140625 0.6686520375 0.747114775 0.661999303125 0.716360178125 0.6594218046875 0.6800887765625 0.6599442703125 0.6800887765625 0.6609543718750001 0.6763474953124999 0.6630094046874999 0.6791376031249999 0.6839777078125 0.75085605625 0.689620340625 0.75827520625 0.6936955765625 0.7554850984375 0.6932079421874999 0.74337349375 0.6845001734375 0.6930881421875 0.6732497390625001 0.6493341781249999 0.6732497390625001 0.620481928125 0.671717171875 0.6046290421875 0.668129571875 0.5999365890624999 0.6635318703124999 0.598097653125 0.64817136875 0.5999365890624999 0.6384535 0.5962587187499999 0.6274817140625 0.5982244765625 0.624660396875 0.602726696875 0.6220828984375 0.6148383 0.6220828984375 0.6297400125
2 0.5815047015625 0.6140773625 0.5846046671875 0.62523779375 0.596865203125 0.6494610015625 0.622431209375 0.747305009375 0.6270637406249999 0.769625871875 0.63267154375 0.769625871875 0.6342041093749999 0.754724159375 0.6270637406249999 0.657831325 0.623476140625 0.64667089375 0.6178335078125 0.6345592890625 0.61682340625 0.6019657578125 0.6122257046875 0.593595434375 0.6081156390625 0.5926442609375 0.6050505046875 0.593595434375 0.6019853703125 0.5991756500000001 0.5978753046875 0.60291693125 0.5917450359374999 0.603931515625 0.5876698015625 0.6047558656249999 0.5835597359375 0.6057070390625 0.5815047015625 0.6140773625
2 0.572901428125 0.6537729859375 0.582619296875 0.7776791375000001 0.5923371640624999 0.7757767906249999 0.5989898984375001 0.7552948640625 0.5979449671875 0.6873176921875 0.5948798328125 0.6239695625 0.5908045984375 0.5987951812500001 0.5831417625 0.5857958140624999 0.5764890281249999 0.5857958140624999 0.5739115296875 0.58763475 0.56739811875 0.6023462265624999 0.5647161265625 0.6100190234375 0.5636711953125 0.6221306281250001 0.572901428125 0.6537729859375
0 0.539254615625 0.5876981609375 0.53497039375 0.688585921875 0.5375478921875 0.7568801515625 0.542668059375 0.77317691875 0.5460815046875 0.7793912484375001 0.5494949499999999 0.7793912484375001 0.5520376171875 0.77393785625 0.553744340625 0.741344325 0.5562870078125 0.7157260625 0.56015325625 0.652060875 0.563113896875 0.6272669625 0.5618599796875 0.6124920734375 0.5618599796875 0.585351934375 0.5597004531249999 0.5767913765625 0.5554510625 0.5736842109375 0.545768025 0.5732403296874999 0.542807384375 0.574635384375 0.5400905609375 0.5786303109375 0.539254615625 0.5876981609375
1 0.5126785093749999 0.689917565625 0.5148380359375 0.7279644890625 0.518669453125 0.741154090625 0.5220828984375 0.742739378125 0.5254963421875 0.736525046875 0.5293277609375 0.6503487640625 0.5348659 0.6115408999999999 0.5382793453125 0.5758402031250001 0.5361546500000001 0.5719720984375 0.5335771515625 0.569625871875 0.51696273125 0.5618896640625 0.5152560078125 0.563411540625 0.5152560078125 0.6084337343749999 0.5126785093749999 0.689917565625
1 0.49644723125 0.5694990484375 0.49752699375000004 0.6154090046875 0.493242771875 0.7143310078125 0.4960989203125 0.72599873125 0.4996516890625 0.7311984781249999 0.505329153125 0.7247305015625 0.506757228125 0.6807228921874999 0.510309996875 0.62771084375 0.5135144546875 0.6083069125 0.5124346921875 0.5856689921875 0.5145593875000001 0.564299303125 0.500522465625 0.5601775515625 0.49714385156249996 0.5597970828125 0.49644723125 0.5636651875 0.49644723125 0.5694990484375
1 0.4739115296875 0.573811034375 0.4760710546875 0.62682308125 0.47356321875 0.7173747625 0.475339603125 0.7238427390625 0.47924068281250004 0.7264426125 0.482445140625 0.7232086234375 0.4856496 0.70703868125 0.49383489999999997 0.562143309375 0.47676767656249996 0.562143309375 0.475339603125 0.5627774249999999 0.4742946703125 0.56734305625 0.4739115296875 0.573811034375
1 0.45245559062499996 0.6526315796875 0.4492859625 0.7431832593750001 0.45067920624999996 0.7457831328125 0.456008359375 0.7457831328125 0.4648902828125 0.731578946875 0.469174503125 0.69467343125 0.4688261921875 0.649397590625 0.471647509375 0.5950539 0.470602578125 0.5666455296875 0.46631835625000007 0.563411540625 0.4563218390625 0.5625237796875 0.45353535312500004 0.56404565625 0.4521072796875 0.575015853125 0.45245559062499996 0.6526315796875
0 0.4268199234375 0.594039315625 0.42466039687499996 0.7104629046875 0.4268199234375 0.7430564359375 0.4323580640625 0.7554850984375 0.43747823124999996 0.7562460375 0.44043887187499997 0.7523779328125 0.44172762031249996 0.7445783125000001 0.4430163703125 0.7057704499999999 0.44813653750000004 0.6367152828125 0.4502612328125 0.5986683578124999 0.447683734375 0.5800253640624999 0.4425983984375 0.5699429296875 0.4364332984375 0.5703868109375 0.43180076562499997 0.5709575140625 0.42852664531249995 0.5777425484375 0.4268199234375 0.594039315625
2 0.391048415625 0.7334812937499999 0.39073493593749997 0.761001903125 0.392232671875 0.7647431828125 0.39874608125 0.7647431828125 0.402890978125 0.757197209375 0.40613026874999997 0.7437539625 0.40968303749999996 0.7032974000000001 0.4141414140625 0.661826253125 0.4233019859375 0.612238428125 0.42270985781250003 0.6036144578125 0.418564959375 0.587444515625 0.41205155 0.582054534375 0.40703587656250007 0.58471781875 0.4002786484375 0.59296131875 0.398153953125 0.59714648125 0.3960640890625 0.6235256812500001 0.391048415625 0.7334812937499999
2 0.36638801875000004 0.6279644890625 0.348937653125 0.75085605625 0.3492163015625 0.7610653140625 0.35158481406250003 0.769181990625 0.35426680625 0.7718452765625 0.35663531875 0.7713379828125 0.381191221875 0.67647431875 0.3907001046875 0.6521876984375 0.3983977703125 0.6370957515625 0.40372692499999996 0.6220038046874999 0.4060954375 0.606404565625 0.399268546875 0.60906785 0.39425287343750004 0.6074825625 0.39216300937500004 0.6047558656249999 0.3895158484375 0.5945466078125 0.38446534374999997 0.5918199109375 0.38000696562499997 0.5923906156250001 0.3733890625 0.596448953125 0.371717171875 0.5982878890625 0.3699407875 0.6047558656249999 0.36638801875000004 0.6279644890625
3 0.3238592828125 0.7447051359375 0.31675374375 0.75827520625 0.3160571234375 0.7615091953124999 0.31675374375 0.7628408375 0.3213862765625 0.7641090671875 0.32776036249999996 0.7608750796875 0.33807035937499996 0.738237159375 0.35513758281249996 0.66905516875 0.360118425 0.638617628125 0.3636711953125 0.632847178125 0.3707767328125 0.6270133171875 0.37359805 0.6199112234374999 0.371821665625 0.607609384375 0.365795890625 0.6024096390625 0.36189481093750003 0.594039315625 0.35440612968749996 0.594039315625 0.33984674375 0.59790741875 0.33524904218749996 0.5933417875 0.33239289375 0.5933417875 0.31710205468749997 0.599809765625 0.3160571234375 0.6069752687500001 0.3152560078125 0.6491439437500001 0.31177290156250004 0.667723525 0.3014977359375 0.7337349390625 0.297561825 0.7544071015625 0.298293278125 0.7602409640625 0.30254266875 0.7622067218749999 0.30964820625 0.7499048828125 0.3213862765625 0.6942929609374999 0.3291884359375 0.672923271875 0.33239289375 0.6716550406249999 0.33524904218749996 0.67228915625 0.336642284375 0.674191503125 0.3334726578125 0.7078630312499999 0.3238592828125 0.7447051359375
3 0.2592128171875 0.72853519375 0.258481365625 0.7337349390625 0.258481365625 0.7402029171875 0.2592128171875 0.742802790625 0.262034134375 0.74343690625 0.2652385921875 0.7408370328125 0.2883315921875 0.6942929609374999 0.31354928593750003 0.6315155359375 0.31675374375 0.60951173125 0.313932428125 0.5991756500000001 0.3068268890625 0.5914394421875 0.29188436093750003 0.5901078 0.2797979796875 0.5849714640625 0.2726924421875 0.5849714640625 0.267014978125 0.6024096390625 0.267014978125 0.6211794546875 0.2652385921875 0.6393151546875 0.254231975 0.6767913765625 0.243921978125 0.7149651234375 0.2442702890625 0.722067215625 0.2456983625 0.7272669625 0.24855451093749997 0.7272669625 0.252455590625 0.7233988578125 0.25990943906249997 0.7052631578125 0.2687913625 0.6793912484375 0.27342389375 0.6716550406249999 0.27697666249999997 0.6703233984375 0.2784047375 0.6716550406249999 0.2784047375 0.674191503125 0.2652385921875 0.712999365625 0.2592128171875 0.72853519375
3 0.269871125 0.408053265625 0.2684430515625 0.40868738125000004 0.26631835625 0.41261889687500003 0.2634622078125 0.4604311984375 0.2623824453125 0.488268865625 0.2592128171875 0.5024730500000001 0.25458028593750004 0.5193405203125 0.254231975 0.5348129359375 0.256008359375 0.54261255625 0.2623824453125 0.5497146484375001 0.2702194359375 0.5497146484375001 0.2797979796875 0.5549143937500001 0.2840822015625 0.556182625 0.2908045984375 0.5542168671875001 0.2943573671875 0.5484464171875 0.296865203125 0.5315789468750001 0.289759665625 0.4856689921875 0.28547544375 0.426188965625 0.2815743640625 0.4009511734375 0.28014629062499996 0.398985415625 0.2787530484375 0.398985415625 0.276593521875 0.40031705781250004 0.2762452109375 0.4015852890625 0.27836990625 0.45206087500000003 0.277673284375 0.461128725 0.2762452109375 0.4656309453125 0.27234413125 0.4636651875 0.273005921875 0.4172479390625 0.2726924421875 0.41192137031250003 0.2712643671875 0.408053265625 0.269871125 0.408053265625
3 0.2966213859375 0.41972098906250005 0.2942528734375 0.4223842734375 0.2942528734375 0.435320228125 0.2989898984375 0.5021559921875001 0.2960292578125 0.525364615625 0.2966213859375 0.54419784375 0.29989550625 0.5549778062499999 0.31055381406250004 0.5582117953125 0.327133403125 0.5549778062499999 0.33660745312499996 0.5549778062499999 0.341623128125 0.5463538359375 0.3425287359375 0.5334178828125 0.3413444796875 0.5226379203125 0.3389759671875 0.5118579578125 0.3297805640625 0.48598605 0.323580634375 0.440710209375 0.3194357359375 0.4169942921875 0.317938 0.41433100781250004 0.3155694875 0.4137603046875 0.3135144546875 0.41540900468749997 0.3117380703125 0.41972098906250005 0.3117380703125 0.42726696249999996 0.317938 0.4687381109375 0.316161615625 0.47305009531250003 0.31201671875 0.47305009531250003 0.309056078125 0.46981610625 0.3060954375 0.4622701328125 0.3014977359375 0.43100824375 0.30017415468749997 0.4256182625 0.298119121875 0.41972098906250005 0.2966213859375 0.41972098906250005
2 0.3388366421875 0.3926442609375 0.3363636359375 0.3939124921875 0.3352838734375 0.39714648124999996 0.335632184375 0.41915028593750003 0.339184953125 0.47799619531250004 0.3388366421875 0.530374128125 0.3409613375 0.5433100828125 0.3448624171875 0.5511097015625 0.3516196453125 0.553709575 0.3569487984375 0.548509828125 0.3654824109375 0.5491439437500001 0.3732845703125 0.5414077359375 0.3732845703125 0.5310716546875 0.37011494218749996 0.5071020921875 0.355520725 0.4573240328125 0.3448972484375 0.40583386250000003 0.3438174859375 0.40101458437500004 0.3413096484375 0.3932783765625 0.3388366421875 0.3926442609375
2 0.3828282828125 0.38218135625 0.37927551406250004 0.37894736875 0.372169975 0.37767913750000004 0.3664925109375 0.37894736875 0.360815046875 0.3841471140625 0.358307209375 0.3918833234375 0.35795889999999997 0.396448953125 0.358307209375 0.41325301249999996 0.36614420000000003 0.510906784375 0.372169975 0.547114775 0.3768025078125 0.5535827515625 0.379623825 0.5549143937500001 0.38603274062500004 0.54584654375 0.3895855109375 0.5315789468750001 0.39881574375 0.5387444515625 0.40344827656250004 0.53677869375 0.406617903125 0.5296766015625 0.406617903125 0.5135066578124999 0.3938349 0.442993025 0.3881574359375 0.403551046875 0.3870776734375 0.39384908125 0.38603274062500004 0.38864933437500004 0.3828282828125 0.38218135625
0 0.4009404390625 0.3601775515625 0.3984674328125 0.3608750796875 0.3956112859375 0.363411540625 0.3931382796875 0.369245403125 0.3924068265625 0.37894736875 0.3931382796875 0.4223208625 0.40734935625 0.5315789468750001 0.4115987453125 0.5393785671875 0.4180076625 0.5438807859375 0.4233368171875 0.54261255625 0.4243817484375 0.5251109703125 0.4293625921875 0.5102726703125 0.42901428125 0.48440076093749995 0.41037965937500004 0.3722257453125 0.40912574062499996 0.3666455296875 0.40626959218750003 0.3615091953125 0.4009404390625 0.3601775515625
1 0.42887495624999994 0.3564996828125 0.42709857187500005 0.35776791406249997 0.42532218750000006 0.36296765937500003 0.43099965156250003 0.44121750156250006 0.4316962734375 0.50779961875 0.4334726578125 0.52853519375 0.43559735312500003 0.5343690546875 0.43880181093750004 0.5362714015625001 0.4473354234375 0.5350031703125 0.453744340625 0.5304375390625 0.4544409609375 0.5246670890625 0.45409265000000004 0.5162333546875 0.44803204531249996 0.47419150312499997 0.44343434375 0.41077996250000004 0.4369209328125 0.3656309453125 0.4359804953125 0.3603677875 0.434204109375 0.35776791406249997 0.42887495624999994 0.3564996828125
1 0.45792406874999997 0.3484464171875 0.44834552343749995 0.35168040624999997 0.444061303125 0.359480025 0.4437129921875 0.36981610625 0.447614071875 0.4034242234375 0.45367467812499995 0.48687381093750004 0.454719609375 0.534749525 0.45614768437500003 0.5379835125 0.4611285265625 0.5405833859375 0.47711598750000006 0.5405833859375 0.4888540578125 0.5379835125 0.4888540578125 0.5211794546874999 0.484221525 0.48687381093750004 0.463706025 0.3606848453125 0.46325322187499995 0.35491439375 0.46182514843750005 0.351046290625 0.45792406874999997 0.3484464171875
1 0.512748171875 0.351236525 0.5106234765625 0.3532022828125 0.506722396875 0.3584020296875 0.505294321875 0.3661382375 0.49996516875 0.40044388125 0.49393939375 0.47222574531249994 0.48965517187499996 0.5129359546875001 0.4889585515625 0.538173746875 0.519853709375 0.5407736203125 0.523406478125 0.5362714015625001 0.5237896203125 0.508433734375 0.522361546875 0.4773620796875 0.5227098578125 0.441154090625 0.5221177296875 0.358909321875 0.5205851625 0.351236525 0.5177290140624999 0.34996829375 0.512748171875 0.351236525
1 0.552420759375 0.347305009375 0.5485893421875 0.35434369062500004 0.5425983984375 0.373747621875 0.5276907 0.46455294843750006 0.52169975625 0.49714648125 0.519993034375 0.5211794546874999 0.519993034375 0.5305009515625 0.525983978125 0.532847178125 0.5374782312499999 0.53512999375 0.53963775625 0.5343690546875 0.5438871468750001 0.5095751421875 0.5494252875 0.41718452812500006 0.5519679546875 0.386112871875 0.557331940625 0.352694990625 0.5575409265625 0.347305009375 0.5545454546874999 0.3465440703125 0.552420759375 0.347305009375
0 0.582584465625 0.333100825 0.577046325 0.3338617625 0.575339603125 0.3385542171875 0.572762103125 0.3478757140625 0.545071403125 0.477488903125 0.5437826546875 0.48757133750000003 0.5454893765625 0.509321496875 0.548902821875 0.53183259375 0.548902821875 0.541154090625 0.55060954375 0.54426125625 0.5569836296874999 0.5465440703125 0.565517240625 0.5388078625 0.5761755484375 0.5124286625 0.583838384375 0.45960684843750005 0.586032740625 0.35053899843749997 0.585997909375 0.344007609375 0.5851271328125 0.33779327812500004 0.582584465625 0.333100825
2 0.6231974921875 0.361826253125 0.6176593515625 0.3595434375 0.61337513125 0.3595434375 0.6074190171875 0.363411540625 0.6040055734374999 0.3734939765625 0.5899338203125 0.43018389375000005 0.572866596875 0.49461001875 0.5720306515625 0.51401395 0.572866596875 0.5334178828125 0.5762800421875001 0.5372859859375 0.5818530125 0.535700696875 0.588645071875 0.534939759375 0.5895158484375 0.535700696875 0.59035179375 0.5403931515625 0.598049459375 0.5597970828125 0.601880878125 0.560558021875 0.605294321875 0.5558655671875 0.6121212125 0.541154090625 0.618077325 0.509321496875 0.6231974921875 0.458845909375 0.6266109375 0.3974001265625 0.627028909375 0.389029803125 0.6266109375 0.3688649328125 0.6231974921875 0.361826253125
2 0.6447230937499999 0.396448953125 0.640438871875 0.39955611874999997 0.6374434 0.40577045 0.6122953671875 0.5058972734375 0.6054684781249999 0.5284083703125 0.6054684781249999 0.5447051359375 0.6080459765625 0.55326569375 0.6169975625 0.5540266328125 0.6221177296875 0.5578947375000001 0.6284918140625 0.56487000625 0.6353187046875 0.5617628406249999 0.6396029265625 0.55244134375 0.643852315625 0.517564996875 0.650087078125 0.41249207343750005 0.65067920625 0.40190234687500004 0.6489724828125001 0.39720989218749997 0.6447230937499999 0.396448953125
3 0.66861720625 0.413443246875 0.666910484375 0.4180722890625 0.6609543718750001 0.44603677812500003 0.652420759375 0.4801521875 0.6455938703124999 0.50038046875 0.6358063390625001 0.52441344375 0.6353535359375 0.5430564359375001 0.6362243125 0.55079264375 0.6430512015625001 0.5585922640625001 0.6575409265625 0.5624603671874999 0.6647857890625 0.5593532015625 0.6779867640624999 0.5686746984375 0.6818530125 0.5639822453125001 0.68568443125 0.5492707671875 0.6865203765625 0.5097019656249999 0.6839777078125 0.47939124843750003 0.687391153125 0.45846544062500005 0.6869731796874999 0.45535827500000003 0.686102403125 0.45535827500000003 0.6835597359375 0.45846544062500005 0.6805642640625 0.4693088140625 0.67715081875 0.477108434375 0.6737373734375 0.47863031093749997 0.6699059562499999 0.477108434375 0.66861720625 0.47400126875000004 0.66861720625 0.4693088140625 0.6708115640625001 0.4244768546875 0.6707419015625 0.41731135 0.6707419015625 0.41496512343749997 0.66861720625 0.413443246875
3 0.712608846875 0.418389346875 0.7109021249999999 0.41915028593750003 0.7091954015625 0.4214965125 0.7074886796875 0.42612555468749996 0.7015325671875 0.48281547187499996 0.690874259375 0.5223842734375 0.6874608156249999 0.5417882046875 0.6887147328125 0.5549778062499999 0.693416928125 0.5604311984375 0.700661790625 0.561953075 0.7117380703125 0.5573240328125 0.718564959375 0.558845909375 0.7266805984375 0.5627140140625 0.729641240625 0.5564996828125001 0.7309299890625 0.532466709375 0.7266805984375 0.49213696875 0.7279345171875 0.46962587187500004 0.7262277953125 0.4517438171875 0.7241031 0.41528218125 0.7219784046875 0.4074825625 0.718564959375 0.40830691249999995 0.7181469875000001 0.41217501562500003 0.718564959375 0.45948002499999996 0.7181469875000001 0.47038681093749996 0.7177290140625 0.4734939765625 0.7147335421875 0.475776790625 0.712190875 0.4727330375 0.7134447921875 0.4303107171875 0.71431556875 0.4230183890625 0.713897596875 0.41915028593750003 0.712608846875 0.418389346875
3 0.743921978125 0.4525681671875 0.7412399859375001 0.46442612499999997 0.7323580640625 0.5366518703125001 0.73382096875 0.5595434375 0.7406826890625 0.56981610625 0.748659003125 0.577045021875 0.7601880875 0.5582117953125 0.7661093703125 0.5582117953125 0.768199234375 0.55332910625 0.7696621390625 0.533925175 0.7622779515625 0.5145212421875 0.7516196453124999 0.44552948593749997 0.750121909375 0.4439441984375 0.7483455234374999 0.44502219375 0.747474746875 0.45415345625 0.750121909375 0.5161699421875 0.7459770109375 0.5231452125 0.7447927546875001 0.5215599234375 0.7459770109375 0.4687381109375 0.7459770109375 0.454724159375 0.745106234375 0.4525681671875 0.743921978125 0.4525681671875