3 0.6237673828125 0.24989547031249998 0.5921618203125 0.257421603125 0.564348925 0.2708710796875 0.5659924140625 0.277770034375 0.5774968390625 0.290383275 0.5774968390625 0.29672473906249996 0.5877370421875 0.30752613281249996 0.598735778125 0.3128919859375 0.6101137796875 0.3140766546875 0.633501896875 0.306620209375 0.6542351453124999 0.2919163765625 0.6825537296874999 0.2712195125 0.715676359375 0.22857142812500003 0.702149178125 0.2319163765625 0.6771175734375 0.2553310109375 0.6618204796875 0.2630662015625 0.6426042984375 0.26550522656250003 0.6509481671875 0.25797909375 0.707585334375 0.22202090624999998 0.691782553125 0.22139372812500002 0.6514538562500001 0.233379790625 0.6237673828125 0.24989547031249998
2 0.7847029078125 0.3602787453125 0.7869785078125 0.3572822296875 0.78533501875 0.3536585359375 0.780910240625 0.3519163765625 0.751580278125 0.35156794375 0.7123893812500001 0.355818815625 0.617699115625 0.35790940781249997 0.61871049375 0.37317073125 0.6165613140625 0.38362369375 0.614917825 0.386968640625 0.67699115 0.383414634375 0.7596713015625001 0.3710801390625 0.7782553734375 0.364181184375 0.7847029078125 0.3602787453125
2 0.7773704171875 0.39003484374999997 0.79974715625 0.36390243906249997 0.7605562578125 0.3801393734375 0.7131479140625 0.3903135890625 0.6815423515625 0.391846690625 0.6288242734375 0.39240418125 0.6184576484375001 0.39484320624999997 0.615676359375 0.39630662031249997 0.6140328703125 0.40710801406249997 0.6245259171875001 0.4172822296875 0.6298356515625 0.41881533125 0.640202275 0.41881533125 0.66523388125 0.4125435546875 0.7381795203125 0.4047386765625 0.7773704171875 0.39003484374999997
0 0.7960809109375 0.4151219515625 0.7754740828125 0.41240418125 0.750442478125 0.41240418125 0.6415929203124999 0.4208362375 0.611630846875 0.42501742187499997 0.60948166875 0.4301045296875 0.6104930468750001 0.43491289218749996 0.6175726921875 0.442160278125 0.6225031609375 0.44362369375000005 0.631731984375 0.4448083625 0.67585335 0.442439025 0.7804045515625 0.423832753125 0.7960809109375 0.4151219515625
1 0.7710493046875 0.45923345 0.7591656125 0.45351916406250004 0.741213653125 0.45087107968750006 0.6970922875000001 0.4475261328125 0.621997471875 0.44724738750000004 0.6235145390625 0.4609059234375 0.6236409609375 0.4649477359375 0.6257901390625 0.4685017421875 0.6293299625000001 0.46975609687500003 0.72098609375 0.4601393734375 0.7710493046875 0.45923345
1 0.7618204796875 0.47407665468750004 0.7580278125000001 0.47142857187500004 0.736915296875 0.4687108015625 0.6647281921875 0.46996515624999996 0.626548671875 0.4720557484375 0.620859671875 0.4880836234375 0.6201011375000001 0.4912195125 0.7542351453125 0.48264808437499995 0.7603034140625 0.4803484328125 0.76295828125 0.47700348437500006 0.7618204796875 0.47407665468750004
1 0.763337546875 0.5001393734375 0.747534765625 0.49414634218750003 0.62187105 0.4928919859375 0.6192161828125 0.4949128921875 0.6182048046874999 0.5093379796875 0.62098609375 0.51163763125 0.6318584078125 0.5121254359375 0.7561314796875 0.5086411156249999 0.763337546875 0.50515679375 0.763337546875 0.5001393734375
1 0.7403286984374999 0.5349128921874999 0.7426042984375 0.53324041875 0.7414664984375 0.5307317078125 0.730594184375 0.5255052265625 0.64740834375 0.5151219515625 0.6394437421875 0.5159581875 0.6333754734375 0.5182578390625 0.6217446265625 0.531777003125 0.6206068265625 0.5349128921874999 0.6228824265624999 0.53637630625 0.6341340078125 0.5365853656249999 0.72300885 0.5357491296875 0.7403286984374999 0.5349128921874999
0 0.7394437421875 0.58118466875 0.7453855875000001 0.579442509375 0.7476611890625 0.5712195125 0.682300884375 0.5417421609375 0.6519595453125 0.53721254375 0.643236409375 0.5399303140625 0.6300884953125 0.540209059375 0.6192161828125 0.542229965625 0.613780025 0.5496864109375 0.6211125156249999 0.5577003484375 0.6214917828125001 0.562439025 0.623388115625 0.564181184375 0.6509481671875 0.5709407671875 0.7031605562500001 0.5797212546875 0.7254108718750001 0.5822299656250001 0.7394437421875 0.58118466875
2 0.6701643484375001 0.5912195125 0.6745891281249999 0.586968640625 0.67243995 0.5813240421875 0.61580278125 0.567804878125 0.619089759375 0.5740766546875 0.611378003125 0.5816027874999999 0.609228825 0.5912195125 0.60657395625 0.59358885 0.6075853343750001 0.5947735187500001 0.6130214921875 0.595400696875 0.6625790140625 0.5944947734375 0.6701643484375001 0.5912195125
2 0.7792667515625 0.6290592328125 0.7838179515625 0.6280139375 0.785208596875 0.6240418125 0.7806573953125 0.6172822296875 0.764348925 0.6090592328125 0.7298356515625 0.6022996515625 0.6786346390625 0.5997909406249999 0.6155499375 0.60076655 0.613780025 0.6142857140625 0.60834386875 0.625017421875 0.6106194687500001 0.627804878125 0.62958280625 0.626550521875 0.7026548671875 0.6165156796875 0.739823009375 0.62 0.7792667515625 0.6290592328125
3 0.4197218703125 0.7119860625000001 0.46978508281250003 0.711358884375 0.51984829375 0.7128223 0.542098609375 0.7107317078125 0.5508217453124999 0.7080836234375 0.5546144125 0.7044599296875 0.5568900125 0.6912195125 0.5498103671875 0.678954703125 0.5568900125 0.6708710796874999 0.5546144125 0.663972125 0.53994943125 0.6603484328125 0.513906446875 0.660627178125 0.43109987343749995 0.6756794421875 0.4121365359375 0.68076655 0.39797724375 0.6939372828125 0.39797724375 0.6987456453124999 0.40063211093750006 0.7011846687500001 0.404424778125 0.7011846687500001 0.410493046875 0.6987456453124999 0.424020228125 0.69156794375 0.4670037921875 0.6813240421875 0.4865992421875 0.6816724734374999 0.49367888750000005 0.6843205578125 0.49367888750000005 0.6879442515624999 0.48773704218749997 0.69156794375 0.426548671875 0.701393728125 0.41694058125 0.7029268296875 0.4131479140625 0.7059233453125 0.4131479140625 0.70836236875 0.4152970921875 0.7107317078125 0.4197218703125 0.7119860625000001
2 0.468268015625 0.6464111499999999 0.5304677625 0.6609059234375 0.5499367890625 0.6623693375 0.554993678125 0.6618815328125 0.5585335015624999 0.6583972124999999 0.555878634375 0.633379790625 0.5541087234375001 0.6308710796875 0.548166878125 0.6291289203125 0.5141592921875 0.6291289203125 0.4914032875 0.62641115 0.4152970921875 0.6218815328125 0.3948166875 0.6163763062500001 0.38988622031250003 0.6168641109374999 0.3879898859375 0.6188850171875 0.39077117499999997 0.62439024375 0.40948166874999997 0.6360975609375 0.468268015625 0.6464111499999999
2 0.3986093546875 0.6036933796875 0.47155499375 0.6156794421875 0.5494311 0.6259233453124999 0.560809103125 0.62439024375 0.5635903921875001 0.619024390625 0.5635903921875001 0.6066898953125001 0.5586599234375 0.596236934375 0.550442478125 0.593797909375 0.49393173125 0.59324041875 0.421997471875 0.59080139375 0.35512010156249996 0.5848083625 0.351327434375 0.5845296171875 0.3414664984375 0.5820905921875 0.34968394375 0.590174215625 0.3648546140625 0.596794425 0.3986093546875 0.6036933796875
0 0.37560050624999997 0.5782578390625 0.46156763593749994 0.58641115 0.513780025 0.58996515625 0.56118836875 0.587804878125 0.5742098609374999 0.5797909406249999 0.5730720609375 0.5719860625 0.5659924140625 0.56362369375 0.5453855875 0.5620905921875 0.510493046875 0.5657142859375 0.3865992421875 0.5673867593749999 0.37661188437500004 0.567804878125 0.37117572656250003 0.5689895468749999 0.3668773703125 0.5717073171875 0.36953223749999997 0.576167246875 0.37560050624999997 0.5782578390625
1 0.5706700375 0.5585365859375 0.57383059375 0.5572822296875 0.5761061953125 0.5445296171875 0.5752212390625 0.5322648078125 0.545259165625 0.533031359375 0.5161820484375 0.536027875 0.48179519531250004 0.5350522640625 0.450442478125 0.5355400703125001 0.4178255375 0.54 0.400126421875 0.543763065625 0.3964601765625 0.545017421875 0.3910240203125 0.547804878125 0.41554993749999997 0.5520557484374999 0.551580278125 0.55881533125 0.5706700375 0.5585365859375
1 0.5278128953125 0.5262717765625 0.5437420984375 0.5292682921874999 0.5731984828125001 0.5310104531250001 0.582300884375 0.5303135890624999 0.5877370421875 0.5133101046874999 0.5854614406249999 0.5040418125 0.576864728125 0.4965156796875 0.46750948125 0.5040418125 0.413906446875 0.5093379796875 0.4025284453125 0.511358884375 0.398988621875 0.51484320625 0.406194690625 0.5194425093749999 0.42629582812500005 0.5229965156249999 0.5278128953125 0.5262717765625
1 0.5839443734375 0.49477351875000003 0.587484196875 0.48425087031249997 0.5888748421875001 0.46947735156250003 0.586093553125 0.4647386765625 0.5434892546875 0.46348432031250003 0.5217446265625 0.4647386765625 0.4414664984375 0.46202090625 0.4051833125 0.46271777031249994 0.3943109984375 0.4642508703125 0.3951959546875 0.4717073171875 0.4142857140625 0.47923345 0.5793931734375 0.49672473906250003 0.5839443734375 0.49477351875000003
1 0.45461441249999995 0.4512195125 0.5807838171874999 0.46083623749999997 0.5847029078125 0.4583972125 0.5807838171874999 0.44041811875 0.5721871046875 0.4377003484375 0.538938053125 0.43560975625 0.487231353125 0.43498257812499996 0.4039190890625 0.43198606249999993 0.4022756 0.43533101093750004 0.4034134 0.439790940625 0.40884955781250004 0.44404181249999997 0.4213653609375 0.44759581875 0.45461441249999995 0.4512195125
0 0.3963337546875 0.42243902499999997 0.40720606875 0.42452961718750004 0.5214917828125001 0.429616725 0.5596713015625 0.43470383281249997 0.5759797718749999 0.4323344953125 0.589506953125 0.42452961718750004 0.589506953125 0.42000000000000004 0.5824273078125 0.4119163765625 0.5618204796875 0.40501742187499995 0.5275600500000001 0.403832753125 0.451833121875 0.407386759375 0.394690265625 0.407386759375 0.38975979843749997 0.40710801406249997 0.38761061875 0.40710801406249997 0.3871049296875 0.4089198609375 0.38975979843749997 0.417003484375 0.3963337546875 0.42243902499999997
2 0.5342604296875 0.4114982578125 0.54740834375 0.41121951250000005 0.5618204796875 0.40919860625000004 0.56409608125 0.4074564453125 0.565486725 0.402229965625 0.5749683937500001 0.394216028125 0.576864728125 0.38996515625 0.5728192156249999 0.3849477359375 0.5623261687500001 0.378954703125 0.546396965625 0.37846689843750003 0.4992414671875 0.3804878046875 0.41289507031249995 0.38682926875 0.40543615624999996 0.38773519218749997 0.3982300890625 0.3888501734375 0.41264222500000003 0.399442509375 0.47117572656249995 0.4064808359375 0.5342604296875 0.4114982578125
2 0.551833121875 0.379790940625 0.557648546875 0.3785365859375 0.57269279375 0.36153310156249996 0.5707964609375 0.357839721875 0.56409608125 0.3533101046875 0.448419721875 0.35804878125 0.41668773750000004 0.3640418125 0.40581542343750004 0.369825784375 0.4039190890625 0.3728223 0.42932996250000005 0.3813240421875 0.4520859671875 0.3820905921875 0.5146649812499999 0.3813240421875 0.551833121875 0.379790940625
3 0.4835651078125 0.33080139375 0.49292035468749995 0.331358884375 0.49570164375000003 0.33344947812500003 0.49570164375000003 0.336167246875 0.490771175 0.33797909375 0.415676359375 0.3433449484375 0.4015170671875 0.34515679375 0.4003792671875 0.346968640625 0.40366624531250006 0.34843205625 0.4286978515625 0.3478745640625 0.4668773703125 0.3496864109375 0.49241466562499997 0.3493379796875 0.508217446875 0.351428571875 0.5255372953124999 0.350243903125 0.55663716875 0.3541463421875 0.5637168140625 0.352961671875 0.5670037921875 0.3463414640625 0.5670037921875 0.33372822343749997 0.564222503125 0.32292682968749997 0.554993678125 0.31637630625 0.5223767390625 0.31156794374999996 0.49456384375000007 0.3184668984375 0.4657395703125 0.31728222968750003 0.442351453125 0.32292682968749997 0.4069532234375 0.33372822343749997 0.4022756 0.336027875 0.39911504375 0.340557490625 0.4 0.3422996515625 0.4353982296875 0.33630662031249997 0.4835651078125 0.33080139375
3 0.37256637187499997 0.305365853125 0.400126421875 0.3076655046875 0.506447534375 0.308989546875 0.535777496875 0.30473867656250003 0.5402022750000001 0.30118466875 0.5402022750000001 0.2957491296875 0.5364096078125 0.2936585359375 0.5341340078125 0.2783275265625 0.5173198484375 0.2636933796875 0.5036662453125 0.2615331015625 0.48849557499999996 0.26278745625 0.4764854609375 0.26815330937500004 0.4247787609375 0.2759581875 0.39924146718750003 0.283763065625 0.3806573953125 0.29156794375 0.367130215625 0.30118466875 0.4165613140625 0.2891289203125 0.4442477875 0.28675958125 0.47762326093749996 0.282578396875 0.4793931734375 0.2868989546875 0.474841971875 0.2906620203125 0.4568900125 0.29477351875 0.37256637187499997 0.305365853125
3 0.7499367890624999 0.31386759531249997 0.7499367890624999 0.3071777 0.7403286984374999 0.305783971875 0.7223767390625 0.30648083593750003 0.6847029078125 0.314564459375 0.6450063218750001 0.311777003125 0.6193426046875 0.3124738671875 0.6040455125 0.317770034375 0.605309734375 0.32724738750000004 0.6136536031250001 0.34843205625 0.6238938046875 0.3523344953125 0.6456384328125 0.3494773515625 0.647534765625 0.3487804875 0.6603034140624999 0.341393728125 0.6930467765625 0.33080139375 0.7371681421875 0.3195121953125 0.7499367890624999 0.31386759531249997
3 0.7512010109375 0.711777003125 0.7269279390625 0.7029268296875 0.6936788875000001 0.696236934375 0.6680151703125 0.687804878125 0.6533501890625 0.678606271875 0.63476611875 0.6719163765625 0.5975979765625 0.6722648078125 0.593805309375 0.6796515671875001 0.59570164375 0.7075261328125 0.6091024015625 0.71317073125 0.6437420984375 0.7152613234375 0.6648546140625 0.70996515625 0.6667509484374999 0.710383275 0.6711757265625 0.709616725 0.7294563843749999 0.7195121953125 0.7442477875 0.7195121953125 0.7512010109375 0.711777003125
3 0.7056890015625 0.6522648078125 0.6657395703125 0.641393728125 0.643236409375 0.6298954703125 0.620859671875 0.6275958187499999 0.6049304671875 0.6290592328125 0.600126421875 0.6355400703125 0.5996207328125001 0.6640418125 0.6160556265625 0.6672473875 0.64222503125 0.6687108015625001 0.644374209375 0.668989546875 0.6881163078125 0.659024390625 0.714791403125 0.660209059375 0.714791403125 0.6572822296874999 0.7056890015625 0.6522648078125