2 0.3882619296875 0.445466075 0.3882619296875 0.4364616359375 0.38115639218749997 0.3969562453125 0.3736677109375 0.3096385546875 0.3665621734375 0.28573240312500003 0.35663531875 0.27406467968750003 0.3662138625 0.29543436875 0.3665621734375 0.332276475 0.36374085625 0.3730500953125 0.3665621734375 0.3821179453125 0.36875653124999996 0.43050095156249996 0.369418321875 0.4364616359375 0.3718913265625 0.44292961249999996 0.374747475 0.444831959375 0.3815047015625 0.44743183281250004 0.3882619296875 0.445466075
0 0.3931034484375 0.2802790109375 0.390386625 0.2748890296875 0.388679903125 0.276664553125 0.3864507140625 0.282054534375 0.38495297812499996 0.30944832031249997 0.392128178125 0.42580849687500005 0.3948450015625 0.44153455937499997 0.40076628281250004 0.446924540625 0.4128526640625 0.4527584015625 0.413827934375 0.4527584015625 0.41508185312499996 0.45003170625 0.413827934375 0.42536461562500005 0.4044583765625 0.3530120484375 0.3931034484375 0.2802790109375
1 0.42950191562500006 0.3247305015625 0.42180425 0.29619530781250003 0.41797283125 0.292390615625 0.4141065828125 0.292390615625 0.4111459421875 0.29454660781249997 0.41145942187499995 0.3091312625 0.416196446875 0.3996829421875 0.4146987109375 0.40126823125 0.4158829671875 0.4098922 0.417380703125 0.4325301203125 0.4176593515625 0.4562460375 0.42654127500000005 0.45409004375000006 0.43956809531249996 0.45948002499999996 0.44106583125 0.45948002499999996 0.4419366078125 0.4589727328125 0.4422500875 0.4562460375 0.43956809531249996 0.4341788203125 0.42950191562500006 0.3247305015625
1 0.44695228125 0.3032339890625 0.44573319375000003 0.30621433124999997 0.4446882625 0.3181991125 0.43977708125000003 0.336144578125 0.4389411359375 0.36721623281250004 0.4393591078125 0.39378566875 0.443469175 0.45668991718749996 0.44409613437499995 0.45821179531249995 0.46095437187500005 0.459289790625 0.46259143125 0.4589727328125 0.46280041875 0.4529486359375 0.450644375 0.31071655 0.4496342734375 0.3036144578125 0.44695228125 0.3032339890625
1 0.48101706718750004 0.40393151562499996 0.4709508875 0.3298668359375 0.46642284843750004 0.3058972734375 0.464367815625 0.3032974 0.46335771562500006 0.304375396875 0.4629397421875 0.309258084375 0.4629397421875 0.3436905515625 0.4618948109375 0.39422955000000004 0.46273075625000004 0.40133164218750006 0.464367815625 0.45821179531249995 0.48101706718750004 0.4563094484375 0.483699059375 0.455611921875 0.4857540921875 0.45377298593750004 0.4857540921875 0.44248573281250003 0.481226053125 0.41407736249999993 0.48101706718750004 0.40393151562499996
1 0.5086729359375 0.40577045 0.5074538484375 0.40038046875 0.4997910140625 0.3145846546875 0.49784047343750004 0.3033608109375 0.4956112859375 0.2988585921875 0.49265064374999995 0.2993024734375 0.4911529078125 0.30152187656249996 0.487460815625 0.36892834531249996 0.48672936250000004 0.39093215 0.4840125390625 0.40171211093750003 0.48547544374999996 0.4165504125 0.48547544374999996 0.43043753906250004 0.48153953281249995 0.45605580156250003 0.4943573671875 0.45428027968749995 0.510170671875 0.45605580156250003 0.51337513125 0.45605580156250003 0.5143504 0.45383639843749995 0.5143504 0.44889029843749995 0.5079414843750001 0.4155992390625 0.5086729359375 0.40577045
0 0.536851271875 0.27152821875 0.531870428125 0.276664553125 0.527237896875 0.28573240312500003 0.5165795890625 0.351046290625 0.51316614375 0.4133164234375 0.5144200624999999 0.4384908046875 0.51316614375 0.45466074843750004 0.5183559734375 0.452885225 0.53267154375 0.452885225 0.5405433640624999 0.45060240937499996 0.5441309640624999 0.44603677812500003 0.546429815625 0.4409638546875 0.5460815046875 0.4164235890625 0.5411006625 0.34457831250000004 0.540404040625 0.27152821875 0.536851271875 0.27152821875
2 0.5846743296875 0.4206721625 0.579623825 0.366772353125 0.564541971875 0.30209258125 0.558307209375 0.2908053265625 0.552385928125 0.2902346234375 0.548833159375 0.2951173109375 0.546464646875 0.44280279062499994 0.5651341000000001 0.445466075 0.571717171875 0.44857324062500004 0.575200278125 0.449778059375 0.57843956875 0.45085605624999997 0.5811215609375 0.449778059375 0.5840822015625 0.4433100828125 0.5846743296875 0.4206721625
2 0.5990943921875 0.2818008875 0.5958899343749999 0.270196575 0.5909090906250001 0.26823081875 0.589829328125 0.2688649328125 0.58805294375 0.28503487656250004 0.5816788578125001 0.3296766015625 0.5766980140625 0.3949904875 0.5642633234375001 0.4312618890625 0.5646116328125 0.44350031718749994 0.566736328125 0.4480659484375 0.57102055 0.44996829375 0.5973180078125 0.456436271875 0.6083246250000001 0.453899809375 0.6108672937499999 0.45028535156249994 0.6136537796875 0.446100190625 0.6143504 0.4428662015625 0.6143504 0.4305643625 0.6093695578125 0.4131261890625 0.5990943921875 0.2818008875
3 0.6346220828125 0.286556753125 0.6267850921875 0.3182625234375 0.6165099265625 0.4185161703125 0.6111807734375 0.4263157890625 0.606548240625 0.4521876984375 0.61079763125 0.45992390624999996 0.627168234375 0.4554216875 0.6360501562499999 0.454724159375 0.6698014624999999 0.4554216875 0.6786833859375 0.45085605624999997 0.6829327765625 0.44248573281250003 0.6829327765625 0.4366518703125 0.6797283171874999 0.42694990468749994 0.6761755484374999 0.41984781250000003 0.674747475 0.4126823078125 0.6737025421875 0.39720989218749997 0.6758272375 0.3570703875 0.6829327765625 0.30209258125 0.6914663875 0.26848446406250004 0.6672936265625 0.3176284078125 0.6535005218750001 0.3718452765625 0.6510275171875 0.3785668984375 0.6445489375 0.38103995 0.6431556953124999 0.37970830625 0.6417276203125 0.3487000640625 0.6420759312500001 0.30209258125 0.6406478578125 0.2943563734375 0.6346220828125 0.286556753125
3 0.721664925 0.30342422343750003 0.718704284375 0.3023462265625 0.71574364375 0.3039949265625 0.708951584375 0.3158528859375 0.6953326359374999 0.3643627140625 0.6876349703125 0.39562460312500003 0.677568790625 0.4247305015625 0.6737025421875 0.43766645468750004 0.6722396374999999 0.45922637968749996 0.6834900734375 0.461382371875 0.6967955421875 0.4618896640625 0.708951584375 0.46512365312500004 0.713967259375 0.46892834531250005 0.724625565625 0.47051363281249997 0.7317311046875 0.470006340625 0.735005225 0.46030437500000004 0.736781609375 0.43982244843749996 0.735005225 0.4069118578125 0.7376523859375 0.38053265625 0.7412051546875 0.31369689218749996 0.7382445140625 0.3098922 0.7311389765625 0.31693088125 0.725809821875 0.33849080468750004 0.718704284375 0.3740646796875 0.7154649953125001 0.38376664531250004 0.7133751312500001 0.387000634375 0.712504353125 0.3859226375 0.715151515625 0.35358275156249996 0.7231626609374999 0.316360178125 0.7231626609374999 0.3088142046875 0.721664925 0.30342422343750003
2 0.5852664578125 0.5190234625000001 0.583838384375 0.5067216234374999 0.57600139375 0.497717184375 0.5621734593750001 0.497717184375 0.54831069375 0.500253646875 0.5522117734374999 0.5054533921875 0.5550679203125 0.5119213703125001 0.5586206890625001 0.5384273937499999 0.5678857546875 0.5750792640625 0.5696273078125 0.5811033609375 0.57105538125 0.586937221875 0.576384534375 0.5972733031249999 0.5792058515625 0.5818008875 0.5852664578125 0.5190234625000001
0 0.527203065625 0.5955611921874999 0.536816440625 0.560114140625 0.541031 0.5174381734375 0.53855799375 0.49543436874999996 0.5363288046875 0.4846544078125 0.5326367125 0.48148382968750003 0.528422153125 0.482878884375 0.5227446875 0.48960050781250003 0.5207941484374999 0.5044388078125001 0.52055033125 0.53183259375 0.51208638125 0.6046924546875 0.511424590625 0.60951173125 0.511912225 0.6162333546875 0.516335771875 0.6162333546875 0.5183211421875 0.61401395 0.527203065625 0.5955611921874999
1 0.49993033750000004 0.611731134375 0.5043887140625001 0.5944831953125 0.510309996875 0.5422320859374999 0.5105886453124999 0.49156626562500005 0.50734935625 0.484527584375 0.49874608125000003 0.4802156 0.4901776390625 0.48237159218750003 0.48662486875 0.4909955609375 0.48247997187499997 0.5136334812500001 0.4815743640625 0.562143309375 0.48463949843750004 0.60779961875 0.48571926093749995 0.611731134375 0.488679903125 0.6160431203125001 0.491048415625 0.6176918203125 0.4951933125 0.6176918203125 0.49993033750000004 0.611731134375
1 0.41964472343750003 0.60412175 0.4362243125 0.5216233359375 0.4365029609375 0.5140773624999999 0.43504005625 0.511414078125 0.428213165625 0.5119213703125001 0.42347614062499994 0.5108433734375 0.4184604671875 0.5038681046875 0.4172762109375 0.507609384375 0.4166840828125 0.5280913125 0.4116335765625 0.6105897265625 0.41194705625 0.6127457203125 0.41253918437500003 0.6143310078125 0.41431556875000003 0.6143310078125 0.4166840828125 0.6127457203125 0.41964472343750003 0.60412175
0 0.41717171718749996 0.48731769218750004 0.41717171718749996 0.47311350625 0.4143504 0.46924540312499996 0.3997910140625 0.46207989843749997 0.3912574015625 0.46467977187500004 0.3851967953125 0.5157894734374999 0.3756182515625 0.5804692453125 0.374190178125 0.6140773625 0.3677812609375 0.6551046296874999 0.369209334375 0.6522511093750001 0.3756182515625 0.6367152828125 0.3912574015625 0.58433735 0.40794148437500005 0.5202916937500001 0.41717171718749996 0.48731769218750004
2 0.35677464375 0.5809765375 0.366840821875 0.558845909375 0.3866597 0.48123018437500004 0.3869731796875 0.46937222500000003 0.38310693125 0.46182625312500003 0.377777778125 0.45916296718750005 0.3718564953125 0.45859226406250003 0.3671194703125 0.46239695625 0.3617903171875 0.47533291093749996 0.34642981562499997 0.5714648062500001 0.345210728125 0.5760938484375 0.34433995156249997 0.580405834375 0.346394984375 0.58471781875 0.3526297453125 0.58471781875 0.35677464375 0.5809765375
2 0.33382096875 0.5767279640625 0.34092650625 0.564426125 0.36116335781250003 0.49847812343750003 0.365795890625 0.470006340625 0.363288053125 0.456436271875 0.3540578203125 0.445466075 0.344479275 0.44090044375000004 0.3401950546875 0.4441344328125 0.3359456640625 0.46740646874999997 0.3233368171875 0.5550412171875 0.32208289843750004 0.5631578953124999 0.3238592828125 0.5722257453124999 0.32776036249999996 0.57805960625 0.3309648203125 0.57805960625 0.33382096875 0.5767279640625
3 0.32476489062499997 0.47755231406250004 0.33246255625 0.4370957515625 0.3309996515625 0.43012048125 0.3244862421875 0.42365250468750004 0.3182514796875 0.42523779375000004 0.312643678125 0.41934052031249996 0.30759317343750003 0.4176918203125 0.3008011140625 0.4176918203125 0.298119121875 0.4214965125 0.2966562171875 0.438173746875 0.29752699374999997 0.4812935953125 0.29606408906250004 0.49695624531249993 0.28836642343749996 0.5114774890625 0.289829328125 0.565948003125 0.2913270640625 0.57564996875 0.293382096875 0.57888395625 0.294566353125 0.5783132531249999 0.3028561484375 0.541154090625 0.307906653125 0.5136334812500001 0.3117380703125 0.5098922 0.3135144546875 0.5114774890625 0.313827934375 0.516360178125 0.3081504703125 0.5628408375 0.307314525 0.5743817375 0.3064437484375 0.5837666453125 0.3152908390625 0.5718452765625 0.32685475468749997 0.517945465625 0.32476489062499997 0.47755231406250004
3 0.268582375 0.510145846875 0.2641239984375 0.5591629671875 0.263253221875 0.579137603125 0.2712295375 0.5602409640625 0.2798328109375 0.5317057703125 0.2816091953125 0.4918199109375 0.2833855796875 0.47400126875000004 0.28425635625 0.47400126875000004 0.291083246875 0.445466075 0.293451759375 0.42872542812500003 0.293451759375 0.42225745156250005 0.2913618953125 0.4185161703125 0.28366422812500003 0.41147748906250003 0.280111459375 0.4098922 0.27478230625 0.412555484375 0.26976663125 0.40932149687499997 0.26739811874999997 0.4066582125 0.2614768375 0.405580215625 0.2564263328125 0.41147748906250003 0.253465690625 0.417945465625 0.25050505 0.43950539062500005 0.2520027859375 0.4670259984375 0.2502264015625 0.5025998734375 0.24726576093750002 0.5273937859375 0.25262974531250004 0.5656309453125 0.2540578203125 0.5602409640625 0.254963428125 0.5564996828125001 0.2605712296875 0.5041851609375 0.2641239984375 0.49663918906250004 0.268582375 0.4998731765625 0.268582375 0.510145846875