3 0.7127133406249999 0.6649334171875 0.7165795890625 0.6727330375 0.7191222578125 0.6734939765625 0.7195402296875 0.6727330375 0.7212469515625 0.6641724796874999 0.7208289796875 0.657197209375 0.7148728671875 0.631578946875 0.7144200625 0.6199112234374999 0.7182514796875 0.6136968921875 0.7250783703125 0.6136968921875 0.7289097875 0.6176284078125 0.73490073125 0.6455294859375 0.7387321484375 0.660304375 0.7468477874999999 0.6656943562500001 0.74939045625 0.6649334171875 0.7502264015625 0.657197209375 0.72765586875 0.5523779328125 0.721664925 0.5554850984375 0.7067572281250001 0.5601775515625 0.695262975 0.554724159375 0.6939742250000001 0.5539632218749999 0.6905607796875 0.5554850984375 0.6901428078125 0.5601775515625 0.6918495296875 0.5717818640625 0.7127133406249999 0.6649334171875
3 0.6432601874999999 0.576220671875 0.6597352843750001 0.6534559296875 0.6665621734375 0.6720355109375 0.6759317312500001 0.69378566875 0.7014977359375 0.7341788203124999 0.7070358765625 0.741154090625 0.7074886796875 0.7403931515625 0.7070358765625 0.7341788203124999 0.7023685125 0.7100824343750001 0.6895855109375 0.683703234375 0.6769766625 0.6512999359375 0.674016021875 0.6389346859375 0.67342389375 0.6297400125 0.67460815 0.6265060234375001 0.6772901421874999 0.6259987312499999 0.6840822015625 0.6540266328125 0.6997910140625 0.6885225109374999 0.705398815625 0.694419784375 0.7074886796875 0.6922637921875 0.7095437125 0.68471781875 0.707767328125 0.675015853125 0.6974225015625 0.646480659375 0.68913270625 0.6033608109374999 0.6858585859375 0.565060240625 0.6840822015625 0.5602409640625 0.6823058171875 0.5585922640625001 0.6701846046875 0.5585922640625001 0.6485545109374999 0.5559289796875 0.6474050859375 0.55573874375 0.6435736671875001 0.5563094484375 0.6417972828125 0.5589727328125 0.6414838031250001 0.5649334171875 0.6432601874999999 0.576220671875
2 0.6484848484375 0.707228915625 0.6570532921875001 0.696448953125 0.6449320796875 0.5633481296875 0.6413793109375 0.5606214328125 0.6324973875000001 0.5573874437499999 0.6256704984375 0.5573874437499999 0.6212469515625 0.5611921375 0.6200626953125 0.5633481296875 0.6212469515625 0.5800253640624999 0.637826540625 0.689473684375 0.6431556953124999 0.7039949265625001 0.6484848484375 0.707228915625
2 0.6096830375 0.722891565625 0.612643678125 0.7341788203124999 0.6141414140625 0.7358275203125 0.6165099265625 0.733671528125 0.6182863109375 0.7164235890625 0.6176941828125 0.648509828125 0.61797283125 0.620481928125 0.6171020546875 0.564426125 0.6153256703125 0.5622701328125 0.6099965171874999 0.5595434375 0.6037617562500001 0.5590361453125 0.5972483453125 0.5622701328125 0.5960640890625 0.563855421875 0.594601184375 0.5676601140625 0.5942877046875 0.5724793906250001 0.599338209375 0.61401395 0.6096830375 0.722891565625
0 0.566736328125 0.6289790734375 0.5714733546875 0.669372225 0.5788575406249999 0.716296765625 0.583594565625 0.7372859859374999 0.5868686875 0.739441978125 0.5895158484375 0.7378566906249999 0.5918843609375 0.7286620171875 0.5924764890625001 0.695244134375 0.5871473359375 0.647305009375 0.587460815625 0.613887128125 0.591013584375 0.5880152187500001 0.59042145625 0.5680405828125 0.5883315921875 0.5648065953125 0.5833159171875 0.56157260625 0.57098571875 0.5608750796875 0.567014978125 0.560494609375 0.5640543359375 0.56157260625 0.5622779515625 0.5669625875000001 0.5622779515625 0.58636651875 0.566736328125 0.6289790734375
1 0.5516544765625 0.7217501578125 0.5552072453125 0.72606214375 0.5569836296874999 0.72606214375 0.5581678859375 0.7233988578125 0.5590734937499999 0.7158528859375 0.5552072453125 0.6371591624999999 0.5546151171875 0.5891566265625 0.5522466046875001 0.5632847171875001 0.54336468125 0.563855421875 0.5315221171875 0.5670894109375 0.5297457328124999 0.56816740625 0.5282828281249999 0.5692454031249999 0.5347962374999999 0.6031705765625001 0.5413096484375 0.632847178125 0.5516544765625 0.7217501578125
1 0.5381051890624999 0.7058338625 0.5396029265625 0.70209258125 0.539881575 0.6945466078125 0.539010796875 0.68268865 0.5277603625 0.612618896875 0.5265761062500001 0.591566265625 0.5262626265625 0.5689283453125 0.50828979375 0.5710843375 0.5037617562500001 0.5705770453125 0.49993033750000004 0.5705770453125 0.5330895156250001 0.7025998734375001 0.5363288046875 0.706404565625 0.5381051890624999 0.7058338625
1 0.464507140625 0.5970830687500001 0.4517241375 0.70703868125 0.44569836250000006 0.74584654375 0.4520724484375 0.738046925 0.45740160156250004 0.722511096875 0.473040753125 0.65332910625 0.481226053125 0.6203551046875 0.4840473703125 0.613887128125 0.48760013906250005 0.6015852890625 0.49153605 0.5783132531249999 0.49153605 0.57311350625 0.4901079765625 0.5718452765625 0.486206896875 0.5692454031249999 0.4750957859375 0.566899175 0.4709160578125 0.5660114140625 0.46983629374999997 0.5660114140625 0.46805990937499997 0.5686112875 0.466283525 0.5737476218750001 0.464507140625 0.5970830687500001
0 0.420027865625 0.7398224484375 0.42448624218750003 0.7376664546875 0.42831765937500005 0.7333544703125 0.4339602921875 0.7247305015625 0.4431208640625 0.6908053265625 0.45318704218750006 0.6233988578125 0.45882967656250007 0.6045656312500001 0.4611981890625 0.5856689921875 0.46029258124999994 0.573303740625 0.45646116406250004 0.563601775 0.446394984375 0.5587190875 0.4401602234375 0.5592897906250001 0.4336468125 0.563601775 0.43246255624999996 0.5651870640625 0.4311041453125 0.5745085609375 0.42950191562500006 0.5996829421875 0.42567049843750004 0.6902346234375 0.420027865625 0.7398224484375
2 0.3961685828125 0.7005072921875 0.4107628 0.630627775 0.42068965468749997 0.5918199109375 0.4299198890625 0.5711477484375 0.430651340625 0.5646797718750001 0.424242425 0.560114140625 0.41926158124999996 0.56074825625 0.41323580625 0.5582117953125 0.39867641875 0.558845909375 0.39759665625 0.558845909375 0.3947753390625 0.5633481296875 0.39049111875000003 0.6662016484375 0.3833855796875 0.723779328125 0.3961685828125 0.7005072921875
3 0.3441657953125 0.6712111609375 0.3459421796875 0.682878884375 0.3484151859375 0.682878884375 0.35304771874999996 0.6783766640625 0.35621734531250004 0.6705770453125 0.361929640625 0.638871275 0.363322884375 0.6337349390625 0.3672587953125 0.632403296875 0.36938349062500003 0.6343690546875 0.37042842187499997 0.6589727328125 0.36617903125 0.6770450218749999 0.3665273421875 0.6925808499999999 0.371159875 0.6951807234375 0.3750609546875 0.691946734375 0.39637756875 0.5587190875 0.39317311093749996 0.5554850984375 0.383594565625 0.5554850984375 0.37614071718750003 0.5502853515624999 0.36280041875 0.5523779328125 0.3605015671875 0.552885225 0.35907349375000003 0.554787571875 0.3579937296875 0.558021559375 0.355520725 0.5716550406249999 0.3441657953125 0.6712111609375
3 0.3106234765625 0.5563728593749999 0.3106234765625 0.5774254921875001 0.3043887140625 0.6113506656250001 0.28575409218750003 0.673367153125 0.28575409218750003 0.6906150921875 0.2881226046875 0.698161065625 0.2943225359375 0.6895370953125 0.3153605015625 0.6248573234375 0.3200975265625 0.6151553578125 0.3236502953125 0.6145846546875 0.326018809375 0.61731135 0.32661093750000003 0.6216233359375 0.32661093750000003 0.6356372859375 0.3218739109375 0.6561192140625 0.2990595609375 0.7057070390625 0.293451759375 0.7272669625 0.3076628359375 0.70621433125 0.3304423546875 0.6679771718749999 0.3449669109375 0.612999365625 0.3497039359375 0.6022194046875 0.3579937296875 0.5903614453125 0.366283525 0.5644895375 0.365691396875 0.5563728593749999 0.3636015328125 0.5499048828124999 0.3612330203125 0.5472415984375 0.3508881921875 0.547748890625 0.3414141421875 0.54343690625 0.3360849875 0.5391249203124999 0.3241031 0.5369689281250001 0.320376175 0.5358909328125 0.31563915 0.5353836390625 0.3132706375 0.538046925 0.3118077328125 0.544007609375 0.3106234765625 0.5563728593749999
3 0.25499825781249996 0.5961318953125 0.25217694218750003 0.6129359546875001 0.252525253125 0.61940393125 0.25785440625 0.620038046875 0.2603274125 0.6161699421875 0.26530825468749997 0.6019657578125 0.268164403125 0.5967660109375 0.272762103125 0.5941661375 0.277742946875 0.59873176875 0.2780912578125 0.6038681046875001 0.27704632500000004 0.609701965625 0.27241379375 0.6232720359374999 0.2670846390625 0.6355738750000001 0.26638801875 0.645275840625 0.2706374078125 0.6504755859375 0.27488679843749997 0.6491439437500001 0.2827237890625 0.636207990625 0.3118425640625 0.5366518703125001 0.293382096875 0.535320228125 0.2859282484375 0.5340519968749999 0.28195750625 0.5317057703125 0.277742946875 0.5290424859375 0.2720654828125 0.5275840203125 0.269209334375 0.5334178828125 0.2660048765625 0.5521242859375 0.25499825781249996 0.5961318953125
3 0.26199930312499997 0.41528218125 0.248066875 0.445466075 0.2456983625 0.4573240328125 0.24660397031249998 0.46487000624999997 0.2501567390625 0.4702599875 0.2685127140625 0.485351934375 0.2762103796875 0.486937221875 0.2960292578125 0.4864299296875 0.2983977703125 0.47672796406250006 0.29871125 0.442739378125 0.2978056421875 0.42117945468749995 0.30017415468749997 0.3909955609375 0.3013584109375 0.358655675 0.2907001046875 0.318769815625 0.2859630796875 0.3096385546875 0.28390804531249997 0.3079898546875 0.2830024375 0.3096385546875 0.2883315921875 0.33278376718749997 0.2889237203125 0.35326569375 0.2845001734375 0.393151553125 0.2809474046875 0.37431832656249997 0.28303726875 0.3329740015625 0.28331591718750004 0.32688649375 0.28331591718750004 0.31934052031250004 0.280633925 0.32631578906250003 0.271752003125 0.3624603671875 0.26199930312499997 0.41528218125
3 0.32055033125 0.375396321875 0.319958203125 0.3909955609375 0.316405434375 0.40824350000000004 0.3134447921875 0.4077362078125 0.31194705625 0.40500951250000006 0.31226053593750003 0.36785034843750003 0.3107628 0.3672796453125 0.30752351093749997 0.370006340625 0.3051549984375 0.3759036140625 0.29508881875 0.47133798281250006 0.298049459375 0.4804692453125 0.30397074218750003 0.4826252375 0.3214211078125 0.49340520000000004 0.32884012500000004 0.49397590312500006 0.331800765625 0.49074191562499997 0.33016370625 0.36651870625 0.32884012500000004 0.358655675 0.3273423890625 0.3581483828125 0.32528735625 0.35922637968750004 0.3217345875 0.36892834531249996 0.32055033125 0.375396321875
2 0.3498432609375 0.3786303109375 0.3441309640625 0.416740646875 0.3345524203125 0.469181990625 0.3338558 0.495688015625 0.3498432609375 0.4975903609375 0.3594218046875 0.4943563734375 0.364402646875 0.4840202921875 0.3665273421875 0.46074825625000004 0.3636711953125 0.3552948640625 0.35921281718750003 0.335573875 0.35729710937500003 0.3313887125 0.354789271875 0.3313887125 0.3516196453125 0.33398858593749997 0.35053988125 0.3398224484375 0.3498432609375 0.3786303109375
2 0.3792058515625 0.367977171875 0.36381051875 0.45960684843750005 0.363218390625 0.4806594796875 0.3640891671875 0.493595434375 0.369418321875 0.5032974 0.37356321875 0.5054533921875 0.381260884375 0.5038046921875 0.3865900390625 0.498985415625 0.39073493593749997 0.4774254921875 0.3967955421875 0.36455294843749997 0.3960640890625 0.3566899171875 0.3904562875 0.353963221875 0.3865900390625 0.35504121718750004 0.3821664921875 0.35992390625000004 0.3792058515625 0.367977171875
0 0.41661442031249996 0.33462270156249996 0.41278300312500005 0.3454026640625 0.40626959218750003 0.37450856093749996 0.39766631874999997 0.439695625 0.3911529078125 0.5081800890625 0.398258446875 0.5151553578125 0.408324625 0.5194673437499999 0.41929641249999994 0.5162333546875 0.42608847031249997 0.5071020921875 0.42312782968749996 0.44508560625 0.4237199578125 0.40304375468750003 0.43646812968750004 0.3286620171875 0.435562521875 0.32599873125 0.432009753125 0.32435003125 0.4237199578125 0.3275840203125 0.42016718906249995 0.3303107171875 0.41661442031249996 0.33462270156249996
1 0.47021943593750004 0.32675967031250003 0.46311389687500004 0.333227646875 0.4568791359375 0.3429296125 0.44949494999999995 0.3655675328125 0.4329153609375 0.4852251109375 0.42817833437499997 0.512175015625 0.429641240625 0.521306278125 0.4323232328125 0.5251109703125 0.4388366421875 0.528344959375 0.4497735984375 0.53100824375 0.4551027515625 0.5288522515625 0.458969 0.5126823078125 0.460745384375 0.4776791375 0.4592476484375 0.45396322187499993 0.46252176875 0.38763475000000003 0.4678509234375 0.3418516171875 0.47021943593750004 0.33589093281250004 0.4790665265625 0.3294229546875 0.48199233750000003 0.3272035515625 0.48561476875 0.32187698125 0.4811563921875 0.3207989859375 0.47819575 0.32187698125 0.47021943593750004 0.32675967031250003
1 0.4823058171875 0.3500951171875 0.47074190156249995 0.45789473750000004 0.46805990937499997 0.47672796406250006 0.46391501249999995 0.48915662656250003 0.46095437187500005 0.5139505390625 0.4606757234375 0.5338617625000001 0.46541274843749997 0.5387444515625 0.4799373046875 0.543563728125 0.49501915781249994 0.546290425 0.49888540625 0.5430564359375001 0.5000696625 0.5360177546875 0.4997561828125 0.5015218765625 0.4967955421875 0.4794546609375 0.49620341406249996 0.4670259984375 0.49474050781249995 0.3845909953125 0.49028213125000003 0.341978440625 0.49028213125000003 0.3355104625 0.489097875 0.3306911859375 0.48672936250000004 0.3306911859375 0.4846743296875 0.33392517499999996 0.4823058171875 0.3500951171875
1 0.52163009375 0.3578947375 0.512748171875 0.42517438125 0.5074190171875 0.4846544078125 0.5035179375000001 0.5053265687499999 0.501741553125 0.5337983515625 0.5035179375000001 0.54090044375 0.5106234765625 0.5428662015625 0.517380703125 0.540266328125 0.5280390109375 0.540266328125 0.541518634375 0.536398225 0.5393939390625 0.5027901078125 0.53618948125 0.4769181984375 0.535492859375 0.4128725421875 0.5340647859375001 0.352694990625 0.5333681640625 0.3500951171875 0.53016370625 0.3449587828125 0.5262626265625 0.34559289843749996 0.523406478125 0.3500951171875 0.52163009375 0.3578947375
0 0.5831417625 0.369245403125 0.574120515625 0.4724159796875 0.5717520031250001 0.4804692453125 0.5732497390625 0.4842739375 0.5756182515625 0.5004438812500001 0.5815395328124999 0.5112238421875 0.5877394640625 0.5160431203125 0.5916057125 0.5160431203125 0.5966213859375 0.5095751421875 0.5983977703125001 0.49074191562499997 0.59989550625 0.48103995 0.5989898984375001 0.441154090625 0.5938348999999999 0.35168040624999997 0.593382096875 0.3430564359375 0.592197840625 0.3398224484375 0.59042145625 0.3398224484375 0.587460815625 0.341978440625 0.5831417625 0.369245403125
2 0.6414838031250001 0.3480659484375 0.639115290625 0.3534559296875 0.6388018109375 0.3895370953125 0.6358411703125 0.4558655671875 0.6311041453125 0.4752694984375 0.630825496875 0.4817374765625 0.6322884015625 0.4860494609375 0.63497039375 0.48547875781250005 0.639115290625 0.4806594796875 0.6447230937499999 0.48389346875 0.651236503125 0.48281547187499996 0.6545106234375 0.4763474953125 0.6521072796875 0.3651870640625 0.6508881921875 0.35738744375 0.648867990625 0.3496512359375 0.6468129578124999 0.3464172484375 0.6447230937499999 0.34590995625 0.6414838031250001 0.3480659484375
3 0.7146290484375 0.4726696265625 0.712574015625 0.4694356375 0.7087077671875 0.45326569375 0.710205503125 0.3831959421875 0.7087077671875 0.3750792640625 0.7069313828125 0.3696892828125 0.7045628703125 0.3696892828125 0.7010101015625 0.372923271875 0.6998258453124999 0.37888395625000004 0.696865203125 0.408497146875 0.6944966906250001 0.4662016484375 0.6915360500000001 0.49904882656250005 0.6915360500000001 0.5114774890625 0.6936259140625001 0.5201014578125001 0.6954022984375 0.5238427390625 0.6986415890625 0.5249207359375 0.7021943578125 0.52441344375 0.7057471265624999 0.5211794546874999 0.70842911875 0.5168674703125 0.7116684078125 0.5141407734375 0.713758271875 0.5184527578125 0.7220480671875 0.5211794546874999 0.7250087078125 0.5195307546875 0.72765586875 0.5157894734374999 0.731800765625 0.5055168046875 0.734482759375 0.49422955 0.7353535359375 0.4796448953125 0.7327063734375 0.4457197203125 0.7291536046875 0.378313253125 0.7261929640625 0.35732403281249997 0.723510971875 0.3556753328125 0.7202716828125 0.3562460375 0.717485196875 0.359733671875 0.7167189125 0.3670259984375 0.7187739468750001 0.44838300625 0.7187739468750001 0.46886493281249997 0.717589690625 0.47209892187499997 0.7146290484375 0.4726696265625