2 0.55909955625 0.39049111875000003 0.562143309375 0.3960292578125 0.565250475 0.396865203125 0.6312618890625 0.38324625625 0.7050095125 0.37429467031249997 0.7329105890625 0.36405433593750003 0.6909955609375 0.3678857546875 0.6584020296875 0.36875653124999996 0.6336081171875 0.3627655875 0.6305009515625 0.3695924765625 0.6115408999999999 0.3723789625 0.6040583390625 0.37300592187500003 0.5644895375 0.378962034375 0.561382371875 0.38066875625 0.55909955625 0.3840822015625 0.55909955625 0.39049111875000003
0 0.7353836390625 0.39317311093749996 0.7360177546875 0.3906652734375 0.734749525 0.3892372 0.7289156625000001 0.3892372 0.6674698796875 0.3913967265625 0.5627140140625 0.4002786484375 0.5560558015625 0.4170323921875 0.555548509375 0.4215952625 0.5678503484374999 0.4219435734375 0.5937222578125 0.41873911562500005 0.70367786875 0.400626959375 0.7353836390625 0.39317311093749996
1 0.7079264421875 0.4269244171875 0.7154724156250001 0.421003134375 0.717121115625 0.41508185312499996 0.6896005078125 0.417450365625 0.6502853515625 0.4218739109375 0.610906784375 0.424242425 0.6103994921875 0.4200975265625 0.6001268234375 0.4230581671875 0.5526949906249999 0.424242425 0.5548509828125 0.4313479625 0.5527584015625 0.4462208296875 0.554343690625 0.4491118078125 0.5575776796875 0.4494252875 0.563474953125 0.448833159375 0.6669625875 0.43699059531250006 0.7079264421875 0.4269244171875
1 0.7083069125 0.45694879843749997 0.7131896 0.45485893437499997 0.7131896 0.45308255 0.7104629046875 0.451306165625 0.6959416609375 0.44984326093749993 0.65497780625 0.44747474687500005 0.609701965625 0.44716126718749993 0.5552314515625 0.44952978125 0.5540266328125 0.465586903125 0.55415345625 0.46879136250000003 0.5552314515625 0.47084639531250005 0.5633481296875 0.47084639531250005 0.6511731140625 0.4610936953125 0.7083069125 0.45694879843749997
1 0.6594166140625 0.4840473703125 0.6899809765625 0.48059909375 0.6949270765625 0.477638453125 0.6975903609375 0.4744339953125 0.6975903609375 0.4724486234375 0.627076728125 0.47318007656249994 0.5889029796874999 0.4726924421875 0.557006975 0.47419017812500003 0.557006975 0.47910135781249996 0.560494609375 0.4883664234375 0.56239695625 0.49167537499999997 0.5641724796875 0.49390456250000003 0.5736207984374999 0.4931731109375 0.60779961875 0.4887147328125 0.6594166140625 0.4840473703125
1 0.6011414078125 0.516231278125 0.6108433734375 0.517415534375 0.6140773625 0.515047021875 0.687381103125 0.5126785093749999 0.7100190234375 0.510309996875 0.7197209890625 0.50588645 0.71864299375 0.5035179375000001 0.7154090046875 0.5020202015625 0.7046290421875 0.49996516875 0.662587190625 0.497004528125 0.61781864375 0.4949146640625 0.5994927078125001 0.49345175937499997 0.5925174375 0.4943225359375 0.5617628406249999 0.49136189531249996 0.5606848453125 0.49285963125 0.5623335453125 0.498188784375 0.5606214328125 0.512539184375 0.5606848453125 0.516231278125 0.5606848453125 0.5180076625 0.5628408375 0.519784046875 0.57564996875 0.5195402296875 0.6011414078125 0.516231278125
0 0.7344324671875 0.5574364328125 0.7414077359375 0.5541623125 0.7387444515625 0.5494252875 0.7327837671874999 0.5450017421875 0.7155358281249999 0.540264715625 0.6627140140625001 0.5287008015625 0.6206721625 0.523371646875 0.6115408999999999 0.5198188781249999 0.5980342421875 0.52277951875 0.5624603671874999 0.523963775 0.563031071875 0.5411354921875 0.5641090671875 0.5440961343749999 0.567596703125 0.548728665625 0.5710843375 0.5521072796875 0.575396321875 0.55297805625 0.63094483125 0.5494252875 0.72847178125 0.558307209375 0.7344324671875 0.5574364328125
2 0.639695625 0.5881226046875 0.72435003125 0.5712295375 0.7157260625 0.5659003828125 0.6866201656250001 0.560884709375 0.620862396875 0.5587948453125 0.5814838296875 0.5514106578125 0.5734305640625 0.55168930625 0.571274571875 0.5531870421875 0.5685478749999999 0.5570184609375 0.5669625875000001 0.56266109375 0.5691185796875 0.567990246875 0.5685478749999999 0.571821665625 0.5620164875 0.57951933125 0.561001903125 0.5851619640625 0.5620798984375 0.5863462203124999 0.5674698796875 0.5881226046875 0.587444515625 0.5893068625 0.639695625 0.5881226046875
2 0.6300570703124999 0.615081853125 0.7389346859375 0.604110065625 0.750221940625 0.5987809125 0.7454026640625 0.5990943921875 0.6747622062499999 0.5913967265625 0.6192771078125 0.5875304765625 0.5734305640625 0.5833855796875 0.5669625875000001 0.5863462203124999 0.5637285984375 0.589620340625 0.5599873171875 0.598188784375 0.5594166140625 0.6073841859375 0.5628408375 0.6155694875 0.565884590625 0.618634621875 0.57235256875 0.62277951875 0.5804692453125 0.62277951875 0.592327203125 0.61804249375 0.6300570703124999 0.615081853125
3 0.584083703125 0.6823754796875 0.619657578125 0.6776384531249999 0.68598605 0.688610240625 0.7183259359374999 0.689794496875 0.720481928125 0.687425984375 0.7199112234375 0.686241728125 0.7048192765625 0.6803204453125 0.6789473687500001 0.6684778828125 0.635320228125 0.6598746078125 0.6320862390624999 0.65663531875 0.6320862390624999 0.6509926859374999 0.7112872546875 0.6515848140625 0.71940393125 0.6495297812499999 0.7215599234375001 0.6447927546875001 0.71940393125 0.6424242421875 0.7021559921875 0.6376872171875 0.633671528125 0.629397421875 0.5868104 0.6213862765625 0.552314521875 0.617554859375 0.5544705140625 0.623476140625 0.5528218140625001 0.6302682 0.55662650625 0.6477533953125 0.5560558015625 0.6640195046875 0.5603677874999999 0.6755834203125 0.5575776796875 0.67938000625 0.5577045015625 0.6823754796875 0.5582117953125 0.6835597359375 0.560938490625 0.685057471875 0.5684844640625 0.685057471875 0.584083703125 0.6823754796875
3 0.6918199109375001 0.746325321875 0.6982878890625 0.7436433296875 0.6982878890625 0.7389063046875 0.6875079265624999 0.7335771515625 0.6185161703125 0.7190874265625 0.631452125 0.717589690625 0.678313253125 0.72528735625 0.6987951812500001 0.7256008359375 0.7063411546875 0.723510971875 0.7069118578125 0.7169975625 0.6831959421875 0.71079763125 0.6357641093749999 0.7010101015625 0.6060875078125 0.6924416578125 0.5737476218750001 0.682062 0.5564996828125001 0.6791013578125 0.55003170625 0.681469871875 0.548953709375 0.6835597359375 0.548953709375 0.7016022296875 0.5511097015625 0.7078369906249999 0.5457197203125 0.7110762796875 0.5398224484374999 0.7214559390625 0.5393151546875 0.7323232328125 0.5430564359375001 0.7365377921875 0.566772353125 0.740404040625 0.603931515625 0.739219784375 0.6918199109375001 0.746325321875
1 0.34508560625 0.5352838734375001 0.3680405828125 0.5419366078125 0.41293595468750005 0.5485893421875 0.47133798281250006 0.5508185296875 0.4883956875 0.548833159375 0.49511731093750005 0.5466388015625 0.4978440078125 0.542668059375 0.496448953125 0.5375130609375 0.49017121093749993 0.5323232328125 0.4744451484375 0.5286311390625 0.47178186406249994 0.5298502265625 0.45738744374999996 0.5303378609375 0.3577045015625 0.5268547546875 0.3527584015625 0.52640195 0.3455294859375 0.525914315625 0.34331008281250003 0.5268895859375 0.34331008281250003 0.5330546843749999 0.34508560625 0.5352838734375001
1 0.3674698796875 0.5147683734374999 0.3800253640625 0.5184604671875 0.4280913125 0.5226750265625 0.462206721875 0.5231626609375 0.4842105265625 0.5214211078125001 0.492771084375 0.5169975625000001 0.49727330312499995 0.509090909375 0.4968294234375 0.502925809375 0.493214965625 0.49874608125000003 0.48554216875 0.49627307500000006 0.47121116093750004 0.49380007031249995 0.4496512359375 0.4928248 0.4033608109375 0.49505398749999996 0.36575776718749997 0.501149425 0.3602409640625 0.5026819921875 0.35846544062499996 0.50491118125 0.3593532015625 0.5093347265625 0.3606848453125 0.5108324625 0.3674698796875 0.5147683734374999
0 0.48763474999999995 0.42298850625 0.4984147109375 0.4148380359375 0.500190234375 0.4081853015625 0.4908053265625 0.40348310625000006 0.474128090625 0.39829327812500004 0.3928344953125 0.387216996875 0.3356372859375 0.383594565625 0.32682308125000004 0.38300243749999996 0.342993025 0.39042145625 0.38883956875000003 0.4032392890625 0.47235256875 0.42445141093750005 0.48763474999999995 0.42298850625
3 0.47786937187499995 0.335562521875 0.4846544078125 0.33827934531250003 0.49004438749999996 0.34273772187499996 0.4949270765625 0.3442006265625 0.52682308125 0.34322535625 0.5308814203125001 0.34225008749999997 0.5353836390625 0.33827934531250003 0.54343690625 0.3274468828125 0.544831959375 0.323476140625 0.5336081171875 0.30919540156249997 0.5120481921875 0.3044932078125 0.498541534375 0.3040055734375 0.48103995 0.304249390625 0.4666455296875 0.3010449328125 0.44153455937499997 0.29784047343750003 0.40868738125000004 0.29784047343750003 0.4015218765625 0.2985719265625 0.39790741875 0.299547196875 0.39841471093749997 0.3010449328125 0.4015218765625 0.3025078375 0.4096385546875 0.3035179375 0.4289156625 0.3074538484375 0.46036778749999996 0.31215604375 0.4720355109375 0.3160919546875 0.4752060875 0.318564959375 0.47564996875 0.320027865625 0.4738744453125 0.3220132359375 0.47070386875 0.32323232343749997 0.46398224531250004 0.32323232343749997 0.4 0.317485196875 0.394800253125 0.318077325 0.394800253125 0.3205155 0.3970196578125 0.322257053125 0.4325301203125 0.33016370625 0.47786937187499995 0.335562521875
3 0.468421053125 0.27593173125 0.42834495937500006 0.2687217 0.41077996250000004 0.2670846390625 0.3924540265625 0.27056774687499996 0.3883322765625 0.2738766984375 0.40215599218750003 0.2769418328125 0.42650602343750005 0.2847788234375 0.46651870625 0.28784395625000003 0.48934686093749996 0.2905259484375 0.49797083124999997 0.296900034375 0.504375396875 0.29794496718749997 0.5099556125 0.29794496718749997 0.5313253015625 0.2944270296875 0.5372859859375 0.29115290781250003 0.5406467984375001 0.28683385625 0.5432466703125 0.2798328109375 0.5432466703125 0.2722396375 0.5376664546875001 0.2666666671875 0.53094483125 0.2636015328125 0.5088142046875 0.26008359531249997 0.484908053125 0.2592824796875 0.4755231453125 0.259491465625 0.45269499062499996 0.255973528125 0.429105896875 0.255973528125 0.4137603046875 0.2570184609375 0.40031705781250004 0.26008359531249997 0.408497146875 0.2615465 0.47140139531249997 0.26893068593749997 0.4759036140625 0.2714036921875 0.47400126875000004 0.2750957859375 0.468421053125 0.27593173125