3 0.2400905609375 0.4763474953125 0.24186694531250003 0.46791376093750003 0.2411703234375 0.46017755156250006 0.2297805640625 0.42847178125 0.2212817828125 0.41293595468750005 0.217345871875 0.41033608125 0.20846395 0.4149017125 0.20707070781249998 0.4213696890625 0.20707070781249998 0.42587190937499997 0.21024033437499998 0.4414077359375 0.22445141093749998 0.4782498421875 0.22765586875000002 0.4834495875 0.23155694843750002 0.48408370312500004 0.2400905609375 0.4763474953125
2 0.31365377968749997 0.4627140140625 0.3164750953125 0.45948002499999996 0.3182514796875 0.45237793281250005 0.3164750953125 0.4239061515625 0.3132706375 0.40843373437499997 0.30936955781250003 0.40450221875 0.302995471875 0.40583386250000003 0.2983629390625 0.40843373437499997 0.2965865546875 0.4135700703125 0.29515848125 0.4336081171875 0.295889934375 0.4511097015625 0.299442703125 0.46144578281250004 0.30369209375 0.46467977187500004 0.30369209375 0.465948003125 0.31079763125 0.46467977187500004 0.31365377968749997 0.4627140140625
2 0.37084639531249997 0.5338617625000001 0.3761755484375 0.524159796875 0.374050853125 0.49961953125 0.3623127828125 0.4517438171875 0.34346917499999996 0.3818643 0.339219784375 0.3773620796875 0.3321142453125 0.38256182656250004 0.3310344828125 0.39226379218749996 0.3317659359375 0.43557387500000005 0.3292580984375 0.4860494609375 0.32998954999999996 0.513823715625 0.333194009375 0.5325935312500001 0.339219784375 0.5455294859375 0.34562870156250003 0.5467977171875 0.346325321875 0.5455294859375 0.3623127828125 0.539061509375 0.37084639531249997 0.5338617625000001
0 0.4038662484375 0.5176918203125 0.40849878124999994 0.5105897265625 0.4117032390625 0.500253646875 0.4099268546875 0.48408370312500004 0.4003134796875 0.4472415984375 0.3864855453125 0.40063411562500006 0.37864855468749997 0.3670259984375 0.37227446875000003 0.365060240625 0.367990246875 0.37476220625 0.36729362656250003 0.4 0.3736677109375 0.485351934375 0.37722048125 0.5157894734374999 0.380076628125 0.5202916937500001 0.3847091609375 0.5222574515625 0.3857540921875 0.5222574515625 0.3960640890625 0.52352568125 0.4038662484375 0.5176918203125
1 0.439045628125 0.49765377343750006 0.444026471875 0.48928345 0.44580285625 0.48148382968750003 0.4425983984375 0.44527584062500003 0.4205851625 0.35992390625000004 0.413827934375 0.34629042499999996 0.40672239687499995 0.3469879515625 0.40139324218750005 0.3611921375 0.4020898640625 0.381230184375 0.40707070781250004 0.429105896875 0.40849878124999994 0.458845909375 0.412748171875 0.493151553125 0.4170323921875 0.50412175 0.42413793125000004 0.5060875078125 0.42413793125000004 0.50412175 0.43479623749999996 0.5015218765625 0.439045628125 0.49765377343750006
1 0.4756530828125 0.48858592187500005 0.477777778125 0.473747621875 0.47708115624999997 0.444641725 0.47314524531249996 0.415535828125 0.46499477499999997 0.3838300578125 0.45290839375 0.35409004374999997 0.4425983984375 0.3379201015625 0.43726924375 0.3327203546875 0.43228840156250004 0.330818009375 0.428387321875 0.33595434375 0.426959246875 0.3488902984375 0.4401253921875 0.3870640453125 0.44688261875 0.429105896875 0.447579240625 0.46791376093750003 0.44935562500000004 0.48281547187499996 0.4514803203125 0.49118579531249995 0.45576454218749995 0.4950539 0.4688958546875 0.493151553125 0.4756530828125 0.48858592187500005
1 0.515081853125 0.48795180781249997 0.5165099265624999 0.444007609375 0.512608846875 0.3876981609375 0.5037269249999999 0.341154090625 0.4980146296875 0.32561826250000003 0.49233716406249994 0.324984146875 0.4895158484375 0.33012048125 0.48488331562500003 0.35795814843749996 0.48310693125000004 0.40063411562500006 0.48241030937499996 0.4433100828125 0.48063392499999996 0.47761572656249995 0.4816788578125 0.48795180781249997 0.483803553125 0.49441978437499995 0.48843608437499997 0.4957514265625 0.5094043890625 0.4957514265625 0.5136537796875 0.493151553125 0.515081853125 0.48795180781249997
1 0.5456287015625 0.498985415625 0.54952978125 0.4957514265625 0.5538140015625 0.4769816109375 0.5587948453125 0.3974001265625 0.5633925468750001 0.3585922640625 0.5644723093749999 0.34502219375 0.5633925468750001 0.334051996875 0.55914315625 0.330818009375 0.5509578546875 0.3398224484375 0.540299546875 0.3728598609375 0.5250435390625 0.42847178125 0.5207593171875 0.4504755859375 0.517938 0.4769816109375 0.517554859375 0.48928345 0.517938 0.49378566875 0.523615465625 0.49765377343750006 0.5250435390625 0.4970196578125 0.537826540625 0.498985415625 0.5456287015625 0.498985415625
0 0.5769070015625 0.5060875078125 0.5801114593750001 0.503487634375 0.58436085 0.49765377343750006 0.58683385625 0.47501585312500005 0.5893416921875 0.44007609375 0.5950191578124999 0.405199746875 0.5989202375 0.3883322765625 0.60247300625 0.3786303109375 0.6028213171875 0.36962587187499996 0.6 0.3682942296875 0.5935910828125001 0.37152821875 0.579031696875 0.390298034375 0.5669453156250001 0.42650602343750005 0.5594914656250001 0.4569435640625 0.554858934375 0.48795180781249997 0.554858934375 0.500253646875 0.5562870078125 0.5022194046874999 0.55771508125 0.503487634375 0.5690700109375 0.5060875078125 0.5769070015625 0.5060875078125
3 0.6586206890625 0.45237793281250005 0.6600487640625 0.44914394375000005 0.6614420062499999 0.43944197812499997 0.6614420062499999 0.340519975 0.659665621875 0.335320228125 0.6543364687500001 0.3327203546875 0.651166840625 0.3333544703125 0.6483106937499999 0.3391883328125 0.6447579234374999 0.3831959421875 0.6444096140625 0.444007609375 0.6461859984375 0.4517438171875 0.6479623828125 0.4530120484375 0.648659003125 0.454343690625 0.6557645421875 0.454343690625 0.6586206890625 0.45237793281250005
3 0.682062 0.4562460375 0.683838384375 0.4511097015625 0.6845350046875 0.4414077359375 0.6841866953125 0.4213696890625 0.682410309375 0.38256182656250004 0.681365378125 0.3767279640625 0.6788575406249999 0.3728598609375 0.6714036921875 0.374128090625 0.6689306859374999 0.3818643 0.6671543015625 0.39226379218749996 0.6675026125 0.4517438171875 0.6696273078125 0.4575776796875 0.67105538125 0.458845909375 0.6788575406249999 0.45948002499999996 0.682062 0.4562460375
3 0.7058516203125 0.4511097015625 0.70727969375 0.44590995624999996 0.70727969375 0.43430564374999997 0.7062347609375 0.4142041859375 0.7048066875 0.4019657578125 0.7019505406250001 0.3974001265625 0.6888192265625 0.4 0.687391153125 0.405199746875 0.6863113890625 0.438173746875 0.6870428421875 0.44914394375000005 0.688470915625 0.454343690625 0.692023684375 0.4569435640625 0.69272030625 0.45821179531249995 0.7026819921875 0.4562460375 0.7058516203125 0.4511097015625
3 0.7815395328125 0.6955611921875 0.7822361546875001 0.6904248578125001 0.7779867640625 0.6793912484375 0.7708812265625 0.6696892828125 0.7634273765625 0.6548509828125 0.7555903859375 0.6412809125 0.754893765625 0.6360811671875 0.7566701499999999 0.634115409375 0.7723093000000001 0.6664552953125 0.7840125390625 0.6845909953125 0.7868686874999999 0.6839568796875 0.787216996875 0.6768547875 0.7840125390625 0.6677869375000001 0.776558690625 0.6386810406250001 0.7708812265625 0.613443246875 0.766980146875 0.5849714640625 0.7648554515625 0.5507292328125 0.76130268125 0.543563728125 0.7555903859375 0.5384273937499999 0.751340996875 0.5370957515625 0.7449320796875 0.540329740625 0.7413793109375 0.5455294859375 0.736781609375 0.55003170625 0.7303726921875 0.55003170625 0.7200626953125 0.5519974640624999 0.71438523125 0.56816740625 0.71438523125 0.5811033609375 0.719366075 0.6057070390625 0.7335771515625 0.638046925 0.751340996875 0.6703868109375 0.76875653125 0.687824984375 0.7698014625 0.6897907421875 0.7772901421875 0.696892834375 0.7815395328125 0.6955611921875
3 0.6991292234375 0.733100825 0.7033786140625 0.73183259375 0.7048066875 0.727901078125 0.706583071875 0.7136968921875 0.7080111453125 0.6916930875 0.7069313828125 0.6405833859375 0.7048066875 0.632847178125 0.703030303125 0.6302473046875 0.6951933125 0.6289790734375 0.69164054375 0.6308814203125 0.6888192265625 0.6354470515624999 0.6877394640625 0.6393151546875 0.687391153125 0.6942929609374999 0.690943921875 0.727901078125 0.690943921875 0.7305009515625 0.6944966906250001 0.733100825 0.6991292234375 0.733100825
2 0.6707070703125 0.7065948 0.671752003125 0.702726696875 0.6703239296875 0.6904248578125001 0.66854754375 0.6651870640624999 0.6678509234375001 0.6270133171875 0.672831765625 0.5863031078125001 0.6738766984375 0.558465440625 0.6714036921875 0.543563728125 0.6689306859374999 0.539695625 0.6614420062499999 0.5351934046875 0.6497387671875 0.5325935312500001 0.644061303125 0.5338617625000001 0.6419017765625 0.5410272671875 0.6412051546875001 0.5720355109375 0.6483106937499999 0.6457831328125 0.65649599375 0.6904248578125001 0.656112853125 0.6904248578125001 0.6660745390625 0.707228915625 0.6707070703125 0.7065948
2 0.6373040750000001 0.6994927078125001 0.6394287703125 0.69625871875 0.6401253921875 0.6833227640625 0.640508534375 0.6289790734375 0.6401253921875 0.5720355109375 0.6376523859375001 0.5467977171875 0.6358760015625 0.5422954984375 0.6308951578124999 0.5384273937499999 0.6237896203125 0.5351934046875 0.61919191875 0.5351934046875 0.6159874609375 0.539695625 0.6106583078125001 0.5429296124999999 0.6092302328125 0.5455294859375 0.60957854375 0.5571972093750001 0.6134796234375 0.5837032343749999 0.6216649249999999 0.6580849718749999 0.626994078125 0.689093215625 0.6273423890625 0.6897907421875 0.6334029953125 0.6987951812500001 0.6373040750000001 0.6994927078125001
0 0.6166840828125 0.7135700703125 0.6177638453125 0.710970196875 0.6170323921875001 0.7025998734375001 0.613862765625 0.6850982875 0.6106583078125001 0.655992390625 0.60957854375 0.59714648125 0.606757228125 0.5544705140625 0.6049808421875 0.54090044375 0.600696621875 0.5363348125 0.5928944625 0.532466709375 0.58683385625 0.53183259375 0.576558690625 0.5376664546875001 0.5751306171875 0.5428027906249999 0.57478230625 0.5693088140625 0.578335075 0.5900443875 0.5840125390625001 0.61781864375 0.593242771875 0.670894103125 0.6014280734375 0.7032339890625 0.601776384375 0.7058338625 0.6124346921875 0.7155358281249999 0.6166840828125 0.7135700703125
1 0.57938000625 0.6783766640625 0.5811563921875 0.6751426765625 0.5818878437499999 0.6686746984374999 0.5758272375 0.6085605578125 0.57227446875 0.558084971875 0.5669453156250001 0.532847178125 0.5612678515625 0.528344959375 0.5545106234375 0.5263792015625001 0.54952978125 0.52771084375 0.5459770109375001 0.53348129375 0.5449320796875 0.5412809125 0.545280390625 0.556816740625 0.54952978125 0.58719086875 0.5545106234375 0.61566265 0.5630442359375001 0.6473684203125 0.562695925 0.6486366515624999 0.5719261578125 0.6719086875 0.57938000625 0.6783766640625
1 0.5545106234375 0.660304375 0.5555903859375 0.6551046296874999 0.5545106234375 0.6473684203125 0.5499129218750001 0.625364615625 0.5406478578125 0.5341788203125 0.5357018453125 0.52771084375 0.52998955 0.5263792015625001 0.5214907703125 0.5289790734375 0.5197143859375 0.53348129375 0.5200626953125 0.55161699375 0.523963775 0.5833227640625 0.5303726921874999 0.613062778125 0.541031 0.6473684203125 0.541031 0.6499048828125 0.5502612328125001 0.66157260625 0.5545106234375 0.660304375
1 0.5275165453125 0.6551046296874999 0.5268199234375001 0.64090044375 0.5225357015625 0.60786303125 0.5168582374999999 0.541915028125 0.5154301640625001 0.5315789468750001 0.5111807734375 0.52771084375 0.504075234375 0.5257450859375 0.4973180078125 0.5257450859375 0.49376523906249997 0.532847178125 0.493416928125 0.550982878125 0.49623824375 0.5859226375000001 0.502995471875 0.6124286624999999 0.5136537796875 0.6499048828125 0.5133054687499999 0.650602409375 0.52539185 0.656372859375 0.5275165453125 0.6551046296874999
1 0.505503309375 0.662587190625 0.505503309375 0.65745085625 0.5022988500000001 0.6470513640625 0.4973180078125 0.623779328125 0.487356321875 0.5410272671875 0.47885754062499997 0.5358275203125 0.46959247656249997 0.5364616359375 0.46534308593749996 0.537793278125 0.46144200625 0.5410272671875 0.46071055312500003 0.5507292328125 0.46213862812500006 0.5811033609375 0.469244165625 0.6166772359375 0.4866597 0.6567533296875 0.4866597 0.65745085625 0.5015673984375 0.668421053125 0.505503309375 0.662587190625
2 0.41452455625000006 0.7311350671875 0.4262626265625 0.7285986046875 0.4266109375 0.7214331015625 0.4251828625 0.7046290421875 0.4202368515625 0.6716550406249999 0.41595262968749996 0.638046925 0.4131313125 0.6263792015625 0.4099268546875 0.6251109703125 0.400696621875 0.62764743125 0.3978404734375 0.6296131890625001 0.3960640890625 0.632847178125 0.3964124 0.650982878125 0.399268546875 0.6755231453125 0.404249390625 0.702726696875 0.4091954015625 0.7246670890625 0.4091954015625 0.7221306281250001 0.410275165625 0.7285986046875 0.41452455625000006 0.7311350671875
2 0.3935910828125 0.7430564359375 0.3935910828125 0.736588459375 0.39143155625000003 0.7094483203124999 0.3822013234375 0.6499048828125 0.3779519328125 0.642168675 0.3761755484375 0.6402029171875 0.3662138625 0.64343690625 0.363392546875 0.64667089375 0.3623127828125 0.65250475625 0.3623127828125 0.6641724796874999 0.364437478125 0.6835764109375 0.370498084375 0.7133164234375 0.3779519328125 0.7404565625 0.38185301250000003 0.7476220671875 0.3878787875 0.7476220671875 0.3935910828125 0.7430564359375
3 0.32535701875 0.7456563093749999 0.3292580984375 0.7417882046875001 0.3303378609375 0.7100824343750001 0.3292580984375 0.6732403296875 0.3267850921875 0.660304375 0.32180425 0.6583386171875001 0.314002090625 0.6577045015625 0.31010100937499996 0.660304375 0.308324625 0.6628408375 0.308324625 0.6783766640625 0.31010100937499996 0.71071655 0.312574015625 0.737222575 0.31365377968749997 0.7385542171874999 0.31933124375 0.7456563093749999 0.32535701875 0.7456563093749999
3 0.2432601875 0.7348129359375 0.24740508593750002 0.7251109703124999 0.2577499125 0.6878883953125 0.2618948109375 0.6604311984375 0.260710553125 0.6533925171875 0.2553814 0.6496512359375 0.24946011875 0.64749524375 0.24531522187500002 0.6496512359375 0.24235457968750002 0.653963221875 0.23406478593750002 0.705136334375 0.23378613750000002 0.7234622703125 0.2334726578125 0.7251109703124999 0.23733890624999998 0.731578946875 0.2432601875 0.7348129359375