3 0.22385928281249998 0.3879518078125 0.2226750265625 0.3939124921875 0.2280041796875 0.413823715625 0.24695228125000002 0.4461636015625 0.26025775 0.47311350625 0.2712295375 0.5216233359375 0.28425635625 0.518389346875 0.2907697671875 0.5205453390625 0.3014280734375 0.5135700703125 0.3082201328125 0.5119213703125001 0.3180076625 0.5027901078125 0.3206548234375 0.4925174375 0.31682340625 0.46613823749999994 0.30261232968749996 0.4424223203125 0.293416928125 0.4305643625 0.2697318 0.3734305640625 0.26025775 0.35776791406249997 0.2528735625 0.3486366515625 0.24782305781249997 0.339441978125 0.245768025 0.346480659375 0.24932079375 0.36962587187499996 0.258481365625 0.383639821875 0.26854754375 0.40951173125 0.27359805000000004 0.4353836390625 0.27328457031250003 0.4375396328125 0.271612678125 0.4397590359375 0.27004527968750003 0.438617628125 0.255520725 0.42568167343749996 0.2327412046875 0.3868738109375 0.2268199234375 0.3857958140625 0.22385928281249998 0.3879518078125
3 0.3405781953125 0.3629042484375 0.3376175546875 0.351046290625 0.3316962734375 0.3451490171875 0.326959246875 0.3462270140625 0.3254963421875 0.35161699375 0.3337861375 0.3947368421875 0.33497039375000004 0.4049461 0.333194009375 0.40982878906250003 0.329641240625 0.41198478125 0.32636711875 0.41198478125 0.3219435734375 0.4065948 0.3124695234375 0.3682942296875 0.30978753124999997 0.355358275 0.3086032734375 0.3521242859375 0.3032741203125 0.351046290625 0.3009056078125 0.355358275 0.301811215625 0.36721623281250004 0.3201671890625 0.49549778125 0.33465691406250003 0.49873176875 0.3417624515625 0.49549778125 0.350052246875 0.49873176875 0.3574712640625 0.4917565 0.35865552031250003 0.4901078 0.3604667359375 0.48497146406249997 0.360710553125 0.47717184531249995 0.3515499828125 0.4184527578125 0.3405781953125 0.3629042484375
2 0.37084639531249997 0.38142041875 0.3652385921875 0.351236525 0.3610936953125 0.34584654375 0.35398815781250004 0.34749524374999996 0.3516196453125 0.357197209375 0.3581330546875 0.48706404531249997 0.359595959375 0.4892200375 0.36405433593750003 0.49086873750000004 0.37234413125 0.4913760296875 0.376489028125 0.48979074218749996 0.3841866953125 0.4892200375 0.3856496 0.4881420421875 0.38683385625 0.48598605 0.38683385625 0.48059606875 0.382410309375 0.4568801515625 0.37084639531249997 0.38142041875
2 0.389097875 0.35053899843749997 0.38317659375 0.3478757140625 0.3787182171875 0.359733671875 0.38613723437499997 0.48370323437499996 0.3899686515625 0.487444515625 0.4003483109375 0.48909321562499997 0.4080459765625 0.48649334218750007 0.41010100937500005 0.485288521875 0.4118773953125 0.48154724218749995 0.39766631874999997 0.386112871875 0.3923371640625 0.3602409640625 0.389097875 0.35053899843749997
0 0.424590734375 0.2856055796875 0.41821665 0.299809765625 0.41253918437500003 0.343817375 0.41145942187499995 0.44857324062500004 0.4171368859375 0.482878884375 0.4221177296875 0.487381103125 0.43559735312500003 0.4906150921875 0.43845349999999994 0.4899809765625 0.44057819531250003 0.4841471140625 0.43702542656250004 0.42853519375 0.4281435046875 0.3321496515625 0.424590734375 0.2856055796875
1 0.45653082500000003 0.326252378125 0.45430163749999997 0.326252378125 0.45012190937499996 0.32980342500000004 0.44740508593749995 0.3459733671875 0.44517589687500003 0.42637920156250003 0.44566353124999997 0.46639188281250005 0.44987809062500006 0.49017121093749993 0.4650644375 0.4892200375 0.46638801875 0.48750792656249997 0.4671543015625 0.4852251109375 0.4634273765625 0.444388078125 0.4592476484375 0.3320862390625 0.45653082500000003 0.326252378125
1 0.478787878125 0.3104629046875 0.47405085312499995 0.307228915625 0.471682340625 0.3098922 0.47196098906249995 0.3902346234375 0.46840822031249996 0.4872542796875 0.4840125390625 0.487381103125 0.4876698015625 0.4872542796875 0.4906304421875 0.4834495875 0.4864855453125 0.4317057703125 0.483211425 0.3368421046875 0.478787878125 0.3104629046875
1 0.5044932078125 0.33119847812500003 0.5002786484375 0.3298668359375 0.49881574375 0.33119847812500003 0.49759665625 0.341090678125 0.49784047343750004 0.382815471875 0.4963427375 0.44121750156250006 0.4911529078125 0.48389346875 0.5100661796875 0.4842105265625 0.512643678125 0.48389346875 0.5148380359375 0.48123018437500004 0.51459421875 0.47495244062499997 0.511389759375 0.4461636015625 0.5044932078125 0.33119847812500003
1 0.526018809375 0.31737476249999996 0.5208289796875001 0.319657578125 0.5188436078125 0.3304375390625 0.521072796875 0.4112872546875 0.5193312437500001 0.44857324062500004 0.5166492515625001 0.4840202921875 0.54228491875 0.4840202921875 0.5420410999999999 0.4755231453125 0.536607453125 0.41800887812500004 0.52897945 0.32276474374999997 0.526018809375 0.31737476249999996
0 0.5715081859375 0.3205453390625 0.567955415625 0.30760938437499996 0.56381051875 0.3054533921875 0.560849878125 0.306024096875 0.5581678859375 0.3135700703125 0.5466388015625 0.42352568125 0.5454545453125 0.48008877656250004 0.5486938343750001 0.481166771875 0.5606060609375 0.4802156 0.5652734234375 0.48008877656250004 0.569139671875 0.48008877656250004 0.570602578125 0.468801521875 0.5723789625 0.39708306875 0.5715081859375 0.3205453390625
2 0.6025774984375001 0.34407102031250003 0.606513409375 0.3201014578125 0.60613026875 0.3091312625 0.602960640625 0.3058972734375 0.5954719609375 0.31236525 0.58554510625 0.34407102031250003 0.5823406484375 0.38801521875 0.5816440265625 0.43525681718750003 0.5834204109375001 0.47209892187499997 0.5858934171875 0.4740646796875 0.5912225703125 0.47469879531250003 0.5999303375 0.47178186406249994 0.6025774984375001 0.46823081875000006 0.6033089515625 0.46239695625 0.60118425625 0.41198478125 0.6004528031249999 0.363474953125 0.6025774984375001 0.34407102031250003
2 0.6358411703125 0.31401395 0.6322884015625 0.3091312625 0.6281435046875 0.3118579578125 0.6251828625 0.320481928125 0.6177986765625 0.3625237796875 0.6059561125 0.46277742499999996 0.6083246250000001 0.470830690625 0.6112852671875 0.4729866828125 0.6201671890625 0.47514267656250003 0.627830025 0.4727330375 0.6305120171875 0.4643627140625 0.632009753125 0.45523145156249994 0.630825496875 0.40830691249999995 0.6364332984375001 0.322067215625 0.6358411703125 0.31401395
3 0.6803204453125 0.3567533296875 0.6785440609375 0.3457197203125 0.67464298125 0.3418516171875 0.670393590625 0.3418516171875 0.6682340640625 0.3496512359375 0.6671891328124999 0.3774254921875 0.6654127484375 0.39232720312499997 0.6618599796875 0.39492707656250003 0.6568791359375 0.393595434375 0.6557993734374999 0.387761571875 0.658307209375 0.3696892828125 0.6611285265625 0.358021559375 0.66151166875 0.3457197203125 0.657227446875 0.3360177546875 0.6551027515625 0.3367152828125 0.6490769765625 0.3521876984375 0.638035528125 0.4750792640625 0.6540229890625 0.47121116093750004 0.6677464296875 0.47317691875 0.671786834375 0.47254280312499997 0.6757227453125 0.47184527656249997 0.6767676765624999 0.46994292968750007 0.677847440625 0.4647431828125 0.6803204453125 0.3567533296875
3 0.78181818125 0.6149017125 0.7899686515625 0.560558021875 0.7878439562499999 0.5463538359375 0.781435040625 0.5379201015625 0.7697318 0.530818009375 0.75656565625 0.5294863671875001 0.747683734375 0.5379201015625 0.7413096484375 0.5793278374999999 0.739881575 0.60906785 0.7423545796875 0.6466074828124999 0.7455590390625 0.6692454031249999 0.7508881921875 0.68218135625 0.7526645765625 0.6834495875 0.7579937296875 0.6808497140624999 0.7594218046875 0.6666455296875 0.7629745734375 0.64337349375 0.7654475796875 0.6407736203125001 0.766875653125 0.6407736203125001 0.7714733546875 0.6843373500000001 0.7732497390625 0.6909955609375 0.7768373390625001 0.6976537734375 0.7782654124999999 0.68471781875 0.7846394984375 0.6491439437500001 0.78181818125 0.6149017125
3 0.74590735 0.6734305640625 0.7432601875 0.6610019031250001 0.73733890625 0.6141407734375 0.73733890625 0.5936588453125 0.745315221875 0.545656309375 0.745315221875 0.5273303734375 0.7432601875 0.5176284078125 0.7337861375 0.511731134375 0.7249042140624999 0.513887128125 0.7154301640625 0.50741915 0.7050505046875 0.5095751421875 0.6961685828124999 0.5181991125 0.697074190625 0.5440710203125 0.701811215625 0.5812301843750001 0.7035876 0.59955611875 0.7035876 0.6432466703124999 0.7068268890625 0.669625871875 0.7157088125 0.6890298031250001 0.722222221875 0.6939124921875 0.7281435046875 0.6933417875 0.7305120171875 0.6901078 0.7305120171875 0.68471781875 0.7254963421875 0.6782498421875001 0.7198537093749999 0.662650603125 0.717485196875 0.642168675 0.7163009406249999 0.620038046875 0.7168930687499999 0.614648065625 0.7204458375 0.6114140781249999 0.723406478125 0.613062778125 0.7364332984375 0.6760938484375 0.736746778125 0.6777425484374999 0.73733890625 0.6793278375 0.7423545796875 0.6798985421875 0.74472309375 0.6777425484374999 0.74590735 0.6734305640625
3 0.67586206875 0.671274571875 0.677046325 0.6653772984375 0.6746778124999999 0.6238427390625 0.6746778124999999 0.6141407734375 0.6776384531249999 0.6087507921875 0.6802856140625 0.6087507921875 0.6823754796875 0.610906784375 0.6859282484375 0.657831325 0.6882967609375 0.6669625875 0.6930337859375 0.6664552953125 0.695680946875 0.66322130625 0.6977708109375 0.656182625 0.695680946875 0.6001268234375 0.6939045625 0.5166138234375001 0.687391153125 0.513887128125 0.675269940625 0.5160431203125 0.66252176875 0.5166138234375001 0.6569139671875 0.518769815625 0.6539533265624999 0.522511096875 0.6551375828125 0.5554216875 0.66495994375 0.6658211796875 0.6654824109375 0.6718452765625 0.66638801875 0.6745085609375 0.669348659375 0.6750792640625 0.672901428125 0.67400126875 0.67586206875 0.671274571875
2 0.6517938 0.6792644265625001 0.65426680625 0.6743183265625 0.6552420765625 0.6428662015625 0.65426680625 0.5188966390624999 0.6327760359375 0.5193405203125 0.624660396875 0.5238427390625 0.6337164750000001 0.6643627140625 0.634273771875 0.669372225 0.6365029609375 0.6760938484375 0.641657959375 0.681991121875 0.6490769765625 0.681991121875 0.6517938 0.6792644265625001
2 0.6207244859375 0.6916296765625 0.624660396875 0.6817374765624999 0.62664576875 0.6687381109375 0.62640195 0.5384908046875 0.6251828625 0.520038046875 0.6140717515625 0.514648065625 0.6044583765625 0.51781864375 0.5972831765625 0.524540265625 0.5987809125 0.565884590625 0.6091954015625001 0.677108434375 0.609613375 0.68218135625 0.6098571921875 0.6853519343750001 0.6135841171874999 0.6920735578125 0.6165447578125 0.6934052 0.6207244859375 0.6916296765625
0 0.6045977015624999 0.6443246671875 0.59867641875 0.5868104 0.59770115 0.521686746875 0.5942528734375 0.5145212421875 0.5673284562500001 0.5149651234375 0.5658655515625 0.5230818015625001 0.5690700109375 0.5769816109375 0.5764890281249999 0.6187064046875 0.5846046671875 0.6551046296874999 0.596900034375 0.72688649375 0.5987809125 0.735573875 0.601880878125 0.741344325 0.6055729703125 0.741344325 0.606583071875 0.7400126828125 0.6045977015624999 0.6443246671875
1 0.5650644375 0.5710843375 0.562695925 0.5166772359375 0.5428770468749999 0.51236525 0.535458028125 0.5166772359375 0.537826540625 0.5829422953125001 0.5473005921875 0.6643627140625 0.553639846875 0.7095751421875 0.554719609375 0.7144578312500001 0.557366771875 0.71610653125 0.562103796875 0.7139505390625 0.5630094046874999 0.7079898546875001 0.5650644375 0.5710843375
1 0.5363984671875001 0.6880786296875 0.53490073125 0.59752695 0.5328456984375001 0.5150285359375 0.5310693140625 0.511794546875 0.4990943921875 0.508053265625 0.49759665625 0.5527584015625 0.50233368125 0.5889029796874999 0.50856844375 0.646036778125 0.5138975968749999 0.6724159796875 0.5244862421875001 0.734051996875 0.5263322890625 0.740329740625 0.5281086734375 0.74090044375 0.5328456984375001 0.7398224484375 0.5337164750000001 0.7370957515625001 0.5363984671875001 0.6880786296875
1 0.478962034375 0.7321496515625 0.4810867296875 0.717945465625 0.491048415625 0.6331642359375 0.49386973125000005 0.5135066578124999 0.4761058859375 0.510970196875 0.4605015671875 0.5148383 0.45907349374999995 0.521306278125 0.4611981890625 0.570450221875 0.463322884375 0.6662016484375 0.4684778828125 0.73012048125 0.46900034843749994 0.7360177546875 0.4707767328125 0.738617628125 0.47471264375000005 0.7379835124999999 0.47718565 0.7360177546875 0.478962034375 0.7321496515625
1 0.4504005578125 0.69543436875 0.453605015625 0.6333544703125 0.457157784375 0.5440710203125 0.454684778125 0.522067215625 0.45256008437500006 0.5194673437499999 0.43726924375 0.518833228125 0.4280390109375 0.5259353203125 0.42730755781249996 0.538871275 0.4305120171875 0.59384908125 0.43514454843749995 0.6546607484375 0.437965865625 0.7071020921875 0.43611981875000005 0.722954978125 0.43514454843749995 0.7297400125 0.43726924375 0.7348763468749999 0.44329501875000005 0.7336081171875 0.44580285625 0.7271401390625 0.4504005578125 0.69543436875
0 0.40581678906249996 0.7218135703125 0.40936955781249995 0.7199112234375 0.4122257046875 0.7153455921874999 0.41720654843749994 0.67070386875 0.42288401249999996 0.54007609375 0.421107628125 0.5277742546875 0.41755485937500003 0.529105896875 0.40581678906249996 0.530374128125 0.3923371640625 0.530374128125 0.39620341406250004 0.7001268234375 0.39623824375 0.7082435 0.396934865625 0.7121116046875 0.39871124999999996 0.7166772359375 0.402995471875 0.7211794546875 0.40581678906249996 0.7218135703125
2 0.3766631828125 0.7114774890625 0.38178334999999997 0.6959416609375 0.39331243437499996 0.5748890296875 0.3881922671875 0.5360811671875 0.3719958203125 0.528344959375 0.36429815468750004 0.529105896875 0.35921281718750003 0.53760304375 0.36248693906249996 0.6707672796875 0.36248693906249996 0.6842105265625 0.3634622078125 0.7003804687499999 0.36516893125 0.7114774890625 0.3702890984375 0.7145846546875 0.3766631828125 0.7114774890625
2 0.34099616875 0.707609384375 0.3467084640625 0.70247305 0.35203761718750004 0.68306911875 0.3598397765625 0.5905516796875 0.3601880875 0.5472415984375 0.352385928125 0.5323398859374999 0.3346220828125 0.5265060234375001 0.323963775 0.536207990625 0.3225357015625 0.544641725 0.32072448593749997 0.6818643 0.32041100624999996 0.6901712109375 0.32183907968750003 0.6953709578125 0.32821316562499997 0.704375396875 0.3321142453125 0.70697526875 0.34099616875 0.707609384375
3 0.292093346875 0.7175015859375 0.299407871875 0.69384908125 0.3166492515625 0.59461001875 0.3181469875 0.5752060875 0.32169975625 0.5563728593749999 0.32169975625 0.5417882046875 0.317554859375 0.5348129359375 0.3080808078125 0.53100824375 0.294461859375 0.5348129359375 0.2713688609375 0.5499048828124999 0.269871125 0.55745085625 0.275200278125 0.609701965625 0.272831765625 0.6269499046875 0.26098920312499996 0.6922003812499999 0.26130268125 0.6959416609375 0.2624869390625 0.6986683578124999 0.2690003484375 0.6986683578124999 0.2722396375 0.6959416609375 0.2749216296875 0.6851617 0.2787530484375 0.6625237796875 0.2817136890625 0.6533925171875 0.2882270984375 0.6463538359375 0.2917798671875 0.6490805328125 0.293277603125 0.65497780625 0.2935562515625 0.660938490625 0.292093346875 0.66740646875 0.282619296875 0.6889663921875 0.2793451765625 0.7180722890625 0.280250784375 0.72022828125 0.2834900734375 0.7234622703125 0.286172065625 0.7239695625 0.28913270625 0.7223842734375 0.292093346875 0.7175015859375
3 0.248833159375 0.7119213703125 0.24942528749999998 0.7054533921874999 0.24677812656250003 0.6391883328125 0.24824103125 0.6364616359374999 0.2526994078125 0.63595434375 0.254754440625 0.6407736203125001 0.2556600484375 0.6537095749999999 0.254754440625 0.68928345 0.25506792031250003 0.6930881421875 0.25771508125000003 0.69467343125 0.2598049453125 0.6935954343749999 0.2627655875 0.69093215 0.26631835625 0.68554216875 0.26955764531250004 0.6623335453125 0.269278996875 0.6213696890625 0.269871125 0.5825618265625 0.269278996875 0.57070386875 0.264541971875 0.560494609375 0.2562521765625 0.5583386171875 0.2420411 0.55992390625 0.23343782656249998 0.5669625875000001 0.22960640937500001 0.571274571875 0.2275165453125 0.5831325296875 0.2303726921875 0.6215599234375 0.23141762500000002 0.6343690546875 0.2396725875 0.7108433734374999 0.24322535625000002 0.7157260625 0.24587251875 0.7151553578125001 0.248833159375 0.7119213703125