3 0.7800696859375 0.5759797718749999 0.785435540625 0.5759797718749999 0.7875261328125001 0.5672566375 0.77324041875 0.52958280625 0.7444599296875001 0.475726928125 0.7372822296875 0.48154235156249997 0.7295470390625 0.48103666250000005 0.7206968640625 0.47509481718749996 0.716794425 0.474589128125 0.7055052265625 0.48482932968750003 0.7025087109375 0.49342604375 0.70195121875 0.5036662453125 0.7186062718749999 0.53767383125 0.74118466875 0.5920353984375 0.7480139375 0.6045512015625001 0.7569337984375 0.6077117578125 0.7593031359375 0.605056890625 0.7598606265625001 0.59797724375 0.756027875 0.5867256640625 0.740557490625 0.5591656125 0.73317073125 0.5338811625 0.731358884375 0.51984829375 0.7325435546875 0.5171934265625 0.7381881531250001 0.5171934265625 0.7631358890625 0.5419721875 0.7664111499999999 0.55600505625 0.7738675953125 0.5694058156249999 0.7800696859375 0.5759797718749999
0 0.5799303140625 0.6691529703125 0.5833449484375001 0.6691529703125 0.58759581875 0.6659924140625 0.5914285718750001 0.6365360296875 0.590174215625 0.568268015625 0.5871777 0.5332490515625 0.5795121953125 0.49759797656250004 0.56996515625 0.49873577812500003 0.566202090625 0.49911504375 0.5641114984375 0.5022756 0.565783971875 0.5589127687500001 0.57477351875 0.6528444999999999 0.5799303140625 0.6691529703125
1 0.5430662015625 0.6438685203125 0.5504529609375 0.62503160625 0.5581881531249999 0.5166877375000001 0.5537282234375 0.497850821875 0.55080139375 0.49241466562499997 0.5390940765625001 0.49152970937499996 0.5353310109375 0.4912768640625 0.5377003484375 0.548419721875 0.5358885015625 0.645512009375 0.5391637625000001 0.648166878125 0.5430662015625 0.6438685203125
1 0.5133101046874999 0.6423514531250001 0.5155400703125 0.640075853125 0.5194425093749999 0.6270543609375 0.5239024390625 0.597850821875 0.531358884375 0.4901390640625 0.51477351875 0.4925410875 0.5105226484375 0.49329962031249996 0.5090592328125 0.49456384375000007 0.508571428125 0.62844500625 0.5103135890625 0.640960809375 0.5133101046874999 0.6423514531250001
1 0.4871080140625 0.639064475 0.49226480781250004 0.62528445 0.49804878124999996 0.5840707968750001 0.503832753125 0.49279393125000004 0.48362369374999997 0.4943109984375 0.482160278125 0.4953223765625 0.48069686406249995 0.4983565109375 0.4809059234375 0.5088495578125001 0.4856446 0.6331226296875 0.4871080140625 0.639064475
1 0.46313588906250003 0.64740834375 0.464599303125 0.645512009375 0.4675261328125 0.6304677625 0.47825783906249997 0.50025284375 0.47804878124999994 0.4953223765625 0.4747038328125 0.493552465625 0.456794425 0.494943109375 0.4542857140625 0.4960809109375 0.4522648078125 0.5013906453125 0.4583972125 0.637926675 0.4602787453125 0.645512009375 0.46313588906250003 0.64740834375
3 0.21728222968750002 0.34829330000000003 0.2119163765625 0.40859671249999996 0.21372822343750003 0.42048040468750003 0.21637630625 0.42591656093749997 0.22146341406249997 0.42642225 0.237770034375 0.4383059421875 0.24641115 0.43451327500000003 0.2508710796875 0.42806573906249995 0.2558885015625 0.3994943109375 0.2577003484375 0.36396965937500003 0.257421603125 0.30619469062500004 0.25296167187499996 0.2878634640625 0.24850174218749999 0.2782553734375 0.24578397187499998 0.282048040625 0.24341463437500002 0.32300885 0.2401393734375 0.33969658593749996 0.2333101046875 0.3471555 0.237560975 0.3074589125 0.237770034375 0.29279393125 0.23038327500000003 0.29165613125 0.22675958125 0.294943109375 0.2247386765625 0.30088495625 0.21728222968750002 0.34829330000000003
3 0.25526132343749997 0.4333754734375 0.2579094078125 0.449557521875 0.2623693375 0.453855878125 0.2689198609375 0.45549936718749995 0.2757491296875 0.4517067 0.2828571421875 0.4586599234375 0.296236934375 0.45271807812500003 0.29923345 0.44627054375 0.30069686406249996 0.4322376734375 0.29358885 0.364348925 0.29240418125 0.327180784375 0.28766550468749996 0.2835651078125 0.273379790625 0.259797725 0.272195121875 0.2624525921875 0.2804878046875 0.309355246875 0.2822996515625 0.33362831875 0.2787456453125 0.3519595453125 0.273379790625 0.3405815421875 0.2674564453125 0.310493046875 0.2576306625 0.27054361562499996 0.254634146875 0.2695322375 0.2528919859375 0.2721871046875 0.25344947812499996 0.29102402031249996 0.26327526093750003 0.36270543593750004 0.25526132343749997 0.4333754734375
3 0.3276655046875 0.29658660000000003 0.3257142859375 0.344121365625 0.32320557499999997 0.34905183281249996 0.32097560937499997 0.349557521875 0.319790940625 0.348672565625 0.3193031359375 0.343236409375 0.3182578390625 0.3059418453125 0.316794425 0.297850821875 0.314564459375 0.294690265625 0.3121254359375 0.294690265625 0.3091289203125 0.2992414671875 0.30787456406249997 0.30821744687499997 0.3049477359375 0.388621996875 0.304181184375 0.43628318593750004 0.3059233453125 0.445259165625 0.3088501734375 0.4482933 0.3398606265625 0.4501896328125 0.3413240421875 0.43931732031250004 0.340557490625 0.4070796453125 0.336027875 0.3011378 0.33560975625 0.29557522187499996 0.33484320625 0.2911504421875 0.33240418125 0.288495575 0.3298954703125 0.2888748421875 0.3276655046875 0.29658660000000003
2 0.344181184375 0.3223767390625 0.33999999999999997 0.43931732031250004 0.3417421609375 0.445259165625 0.3622996515625 0.445259165625 0.3691289203125 0.4414664984375 0.36195121874999997 0.29431099843749997 0.3611149828125 0.29102402031249996 0.35958188125 0.2867256640625 0.3543554 0.2825537296875 0.3477351921875 0.288621996875 0.344181184375 0.3223767390625
2 0.36843205625 0.28166877343749996 0.36599303125 0.297850821875 0.3657142859375 0.315676359375 0.3680836234375 0.42237673906250006 0.3710801390625 0.44500632187500005 0.377003484375 0.450442478125 0.3829268296875 0.4509481671875 0.393031359375 0.4445006328125 0.393379790625 0.4385587859375 0.38090592343749996 0.2828065734375 0.3822996515625 0.2695322375 0.38355400624999997 0.263337546875 0.3847386765625 0.2563843234375 0.38355400624999997 0.2552465234375 0.3728223 0.27041719375 0.36843205625 0.28166877343749996
0 0.3895470390625 0.30088495625 0.394564459375 0.375979771875 0.394564459375 0.4438685203125 0.3981184671875 0.45158027812499996 0.42132404218749997 0.4522123890625 0.42418118437499996 0.448419721875 0.42452961718750004 0.4405815421875 0.4227177703125 0.3986093546875 0.41846689843749996 0.3656131484375 0.4052961671875 0.2931731984375 0.397770034375 0.23615676406250002 0.397421603125 0.2323640953125 0.3959581875 0.23034134062499997 0.3920557484375 0.23034134062499997 0.3888501734375 0.2375474078125 0.3895470390625 0.30088495625
1 0.4280836234375 0.263337546875 0.4255749125 0.3824273078125 0.42738675937500004 0.40758533437500005 0.42738675937500004 0.446396965625 0.430592334375 0.4528445 0.43484320624999995 0.45486725625 0.44627177656250006 0.45486725625 0.45163763125 0.4534766125 0.453031359375 0.42642225 0.4476655046875 0.3700379265625 0.4430662015625 0.3035398234375 0.43735191562500003 0.2562579015625 0.43665505156249995 0.2529709234375 0.4341463421875 0.250442478125 0.43128919843749997 0.250442478125 0.4287804875 0.2529709234375 0.4280836234375 0.263337546875
1 0.452613240625 0.30025284375 0.45233449531250003 0.35790139062500004 0.45707317031250005 0.41289507031249995 0.456794425 0.4490518328125 0.45797909375 0.4565107453125 0.4680836234375 0.46245259218749996 0.4855749125 0.46194690312500003 0.4888501734375 0.4586599234375 0.4903135890625 0.44576485468750005 0.487386759375 0.3848293296875 0.480209059375 0.32503160625 0.47456445937499997 0.29911504375 0.4648083625 0.2302149171875 0.46445992968749994 0.2279393171875 0.462996515625 0.2226295828125 0.4603484328125 0.22149178281249998 0.45797909375 0.23666245312499998 0.452613240625 0.30025284375
1 0.5024390249999999 0.28268015156250004 0.492613240625 0.44412136562500004 0.4938675953125 0.4595448796875 0.5126829265625 0.4604298359375 0.523414634375 0.4580278125 0.52599303125 0.451833121875 0.5272473875 0.4355246515625 0.52641115 0.3742098609375 0.5228571421875 0.24513274375 0.5229965156249999 0.23767383125000002 0.5208362375 0.23135271875000002 0.516585365625 0.23223767343750001 0.5096864109375 0.23767383125000002 0.5024390249999999 0.28268015156250004
1 0.5321254359375 0.3175726921875 0.5291289203125 0.398988621875 0.5312891984375 0.45335018906249996 0.53644599375 0.45878634687500003 0.5552613234375 0.4565107453125 0.5577700343750001 0.45031605625 0.5569337984375 0.3764854609375 0.5535191640625 0.3237673828125 0.5565156796874999 0.3097345125 0.5531010453125 0.3035398234375 0.551358884375 0.2802781296875 0.5539372828125 0.24222503125 0.5509407671875 0.24146649843749998 0.5466898953125 0.24222503125 0.5415331015625 0.24930467812499998 0.5398606265625 0.254740834375 0.5321254359375 0.3175726921875
0 0.5817421609375 0.2761061953125 0.5756794421875 0.3058154234375 0.5639024390625 0.41251580312499997 0.564599303125 0.44096080937500004 0.56641115 0.44677623281249995 0.58919860625 0.4532237671875 0.5931707312500001 0.448166878125 0.5949128921875 0.42616940625 0.5999303140625 0.2844500625 0.5991637625 0.278002528125 0.5959581875 0.2721871046875 0.5913588843750001 0.2709228828125 0.58599303125 0.27155499375000003 0.5817421609375 0.2761061953125
2 0.61560975625 0.2821744625 0.600975609375 0.3656131484375 0.5917073171875 0.42642225 0.5959581875 0.4438685203125 0.6066898953125001 0.4528445 0.620557490625 0.4561314796875 0.627038328125 0.448419721875 0.6287804875 0.42958280625 0.6326829265625 0.2867256640625 0.6323344953125 0.2815423515625 0.630592334375 0.27496839375 0.6262717765625 0.273704171875 0.617770034375 0.2776232609375 0.61560975625 0.2821744625
3 0.6620905921875 0.35309734531250003 0.6582578390625 0.35689001249999996 0.6535191640625 0.35385587812499997 0.651846690625 0.3499367890625 0.6595121953125 0.3056890015625 0.66041811875 0.28242730781250003 0.6582578390625 0.28015170624999997 0.6535191640625 0.28091024062500003 0.6492682921874999 0.288621996875 0.6308710796875 0.40657395625000003 0.6308710796875 0.44159292031249997 0.6356097562499999 0.44854614374999996 0.6501045296875 0.457016434375 0.66041811875 0.4532237671875 0.66641115 0.442351453125 0.6796515671875001 0.291782553125 0.67923345 0.2878634640625 0.6779094078125001 0.28318584062499996 0.675818815625 0.28242730781250003 0.6706620203125 0.288621996875 0.6620905921875 0.35309734531250003
3 0.6704529609375001 0.4074589125 0.66759581875 0.43982300937499996 0.6701045296875 0.4501896328125 0.68362369375 0.457901390625 0.696794425 0.454740834375 0.7160975609375 0.4431099875 0.7206968640625 0.434639696875 0.7206968640625 0.41466498124999995 0.718954703125 0.385461440625 0.7196515671875 0.3648546140625 0.7239024390625 0.352465234375 0.7292682921875 0.3034134 0.7306620203125 0.27496839375 0.729616725 0.2646017703125 0.7125435546875 0.33249051875 0.7075261328125 0.3428571421875 0.7046689890625 0.34222503125000003 0.7032752609374999 0.33767383125 0.70362369375 0.33249051875 0.7160975609375 0.28268015156250004 0.7160975609375 0.27496839375 0.7139372828125 0.27231352656249996 0.71003484375 0.27231352656249996 0.70041811875 0.2814159296875 0.6704529609375001 0.4074589125
3 0.72515679375 0.2962073328125 0.722996515625 0.3278128953125 0.7233449484375 0.375726928125 0.7222996515625 0.42098609375 0.7247386765625 0.42616940625 0.7290592328125001 0.42806573906249995 0.7536585359375 0.42300885 0.7618815328124999 0.41719342656249997 0.7650871078125 0.398988621875 0.7661324046875 0.357016434375 0.7747038328125 0.29165613125 0.7728919859375 0.2858407078125 0.770383275 0.2839443734375 0.7646689890625 0.2845764859375 0.762229965625 0.28773704218749996 0.7550522640625 0.3213653609375 0.752613240625 0.3278128953125 0.7465505218749999 0.331731984375 0.7447386765624999 0.3310998734375 0.742578396875 0.3259165609375 0.7418815328125 0.29557522187499996 0.7415331015625 0.2929203546875 0.73797909375 0.2858407078125 0.7319163765625001 0.2839443734375 0.7272473875000001 0.288369153125 0.72515679375 0.2962073328125
3 0.70843205625 0.5661188375 0.704599303125 0.5568900125 0.6919163765625 0.5591656125 0.690174215625 0.5691529703125 0.69358885 0.5921618203125 0.7062717765625 0.653603034375 0.7075261328125 0.6558786343749999 0.711777003125 0.6575221234375 0.7164459937500001 0.6467762328125 0.716027875 0.6321112515625 0.70843205625 0.5661188375
2 0.661393728125 0.5706700375 0.6576306625 0.5676359046874999 0.650383275 0.5691529703125 0.646620209375 0.5845764859375 0.64278745625 0.651327434375 0.6436236937500001 0.6605562578125 0.6487108015625 0.6628318578125 0.654634146875 0.661314790625 0.6558885015625 0.6605562578125 0.660557490625 0.636030340625 0.660557490625 0.6068268015625 0.6631358890625 0.5836915296875 0.661393728125 0.5706700375
2 0.6196515671875 0.5615676359374999 0.6135191640625 0.5615676359374999 0.60439024375 0.5653603031250001 0.6029268296875 0.5786346390625 0.60439024375 0.606447534375 0.60439024375 0.637800253125 0.608222996875 0.6522123890625 0.6152613234375 0.6565107453125 0.6167247390624999 0.657016434375 0.6220209062500001 0.6341340078125 0.623205575 0.5962073328125 0.622648084375 0.5711757265624999 0.6196515671875 0.5615676359374999