3 0.7848780484375 0.6546144125 0.770243903125 0.6290771171875 0.7657142859375 0.601896334375 0.7597212546875001 0.5849557515625 0.7555400703124999 0.5681415921874999 0.747386759375 0.5653603031250001 0.7339372828124999 0.5740834390625 0.7285017421875 0.57471555 0.7147038328125 0.5839443734375 0.7093379796875 0.5931731984375 0.7110801390625 0.614917825 0.7186062718749999 0.6350189640624999 0.7321254359375 0.6557522125 0.741393728125 0.6753476609375 0.757003484375 0.70202275625 0.78278745625 0.721112515625 0.784599303125 0.7161820484375 0.77080139375 0.69165613125 0.7576306625 0.663337546875 0.7560975609375 0.6573957015625 0.757003484375 0.6541087234375 0.76 0.6541087234375 0.7620905921875 0.6568900125 0.78278745625 0.694943109375 0.7983972125000001 0.7178255375 0.797839721875 0.698735778125 0.7848780484375 0.6546144125
2 0.636585365625 0.6884955749999999 0.6482926828125 0.757016434375 0.6528223 0.7695322375 0.657003484375 0.772819215625 0.662996515625 0.7657395703125001 0.662996515625 0.7482933 0.6576306625 0.6634639703125 0.6567247390625 0.6024020234374999 0.63484320625 0.5975979765625 0.6321254359374999 0.5975979765625 0.6312195125 0.598103665625 0.6312195125 0.6035398234375 0.6344947734375 0.6394437421875 0.636585365625 0.6884955749999999
2 0.6140069687499999 0.74627054375 0.6254355406250001 0.7658659921875001 0.6347038328125 0.7729456390625 0.6443205578125 0.77243995 0.6347038328125 0.7543615671875 0.627804878125 0.7293299625 0.6229965156249999 0.6912768640625 0.6263414640625 0.6128950703125 0.6229965156249999 0.599873578125 0.6142857140625 0.5911504421875 0.6071080140625 0.5911504421875 0.5996515671875 0.5977243999999999 0.597839721875 0.6003792671875 0.5987456453125 0.625410871875 0.6034843203125 0.650442478125 0.6095470390625 0.728318584375 0.6140069687499999 0.74627054375
0 0.5894773515625 0.765360303125 0.5926829265625 0.766245259375 0.597421603125 0.761314790625 0.598954703125 0.7445006328125 0.5956794421875 0.6824273078124999 0.5934494781249999 0.5975979765625 0.5914285718750001 0.5898862203124999 0.5866898953125 0.58305941875 0.5827177703124999 0.58128950625 0.56996515625 0.586219975 0.568222996875 0.58761061875 0.5674564453125 0.6102402015624999 0.5712195125 0.668268015625 0.58522648125 0.754487990625 0.5894773515625 0.765360303125
1 0.5601393734375 0.7235145390625 0.5606271781250001 0.6640960812500001 0.5639024390625 0.5911504421875 0.5471080140625 0.5930467765625 0.5387456453125 0.59393173125 0.5519163765624999 0.723135271875 0.5549128921875 0.7289506953125 0.5576306625 0.728571428125 0.5601393734375 0.7235145390625
1 0.5365853656249999 0.7374209859375 0.5395121953124999 0.7353982296875 0.540209059375 0.7302149171875 0.53804878125 0.7001264218750001 0.5365853656249999 0.619089759375 0.5337282234375 0.592414665625 0.5153310109375 0.5871049296875 0.5121254359375 0.5877370421875 0.5218815328125 0.6786346390625 0.5301045296875 0.7288242734375 0.5326829265625 0.7341340078124999 0.5365853656249999 0.7374209859375
1 0.5085017421875 0.727180784375 0.5108710796875 0.701011378125 0.5092682921875 0.6206068265625 0.5107317078125 0.586093553125 0.5087108015624999 0.5838179515624999 0.5004878046875 0.5833122625 0.48850174218750003 0.5865992421875 0.48599303125000004 0.5878634640625 0.49860627187500006 0.717951959375 0.500975609375 0.7293299625 0.5055052265625 0.7309734515625 0.5085017421875 0.727180784375
1 0.46620209062500007 0.73362831875 0.4796515671875 0.6672566375 0.48355400625 0.6051833125 0.479372821875 0.593805309375 0.46348432031250003 0.5855878640625 0.460209059375 0.5845764859375 0.4583972125 0.587231353125 0.4574912890625 0.60088495625 0.45895470312500003 0.7423514531250001 0.46620209062500007 0.73362831875
0 0.40968641093749997 0.721997471875 0.4136585359375 0.7232616937499999 0.41832752656250005 0.7193426046875 0.43456445937500005 0.6776232609374999 0.4489198609375 0.65663716875 0.45400696875 0.614917825 0.4525435546875 0.586093553125 0.44822299687499995 0.5821744625 0.43993031406250005 0.5802781296874999 0.42515679375 0.58938053125 0.42299651562499996 0.5906447531250001 0.4201393734375 0.6005056890625 0.40968641093749997 0.67041719375 0.40682926875 0.711504425 0.40968641093749997 0.721997471875
2 0.394634146875 0.7118836921875 0.399790940625 0.7107458906249999 0.41386759531250006 0.6383059421875 0.421393728125 0.587231353125 0.41923345 0.5839443734375 0.4126829265625 0.5806573953124999 0.39296167187500003 0.5810366625000001 0.38982578437500004 0.5834386859375 0.388641115625 0.5898862203124999 0.38836236875 0.6383059421875 0.3925435546875 0.7069532234375 0.394634146875 0.7118836921875
2 0.36682926875 0.70543615625 0.3596515671875 0.7557522125 0.361811846875 0.7610619468750001 0.3671777 0.76232616875 0.37797909375 0.7466498109375 0.386968640625 0.7152970921875 0.390592334375 0.6689001265625001 0.386968640625 0.6310998734375 0.390243903125 0.595828065625 0.38808362343749997 0.5898862203124999 0.3628571421875 0.5826801515625 0.36 0.5814159296875 0.3574912890625 0.5840707968750001 0.3571428578125 0.5919089765625001 0.368989546875 0.6721871046875 0.36682926875 0.70543615625
3 0.24843205625000003 0.39911504375 0.2553310109375 0.5154235140625001 0.261393728125 0.5310998734375 0.2671777 0.5350189640624999 0.2743554 0.5350189640624999 0.2848083625 0.531731984375 0.29024390312500004 0.525158028125 0.303205575 0.5298356515625 0.3060627171875 0.5290771171875 0.3093379796875 0.5180783812499999 0.3093379796875 0.493805309375 0.30752613281249996 0.4774968390625 0.293449478125 0.40960809062500003 0.2844599296875 0.38343868593749997 0.2772822296875 0.37560050624999997 0.272961671875 0.37496839375 0.2696864109375 0.3776232609375 0.26864111562500004 0.38343868593749997 0.2743554 0.414791403125 0.28515679375 0.46245259218749996 0.2822996515625 0.47686472812499997 0.27944250937500004 0.47623261718750004 0.27512195156249997 0.46447534843750005 0.26466898906249997 0.41024020156249996 0.26432055781249997 0.40834386875 0.2603484328125 0.3912768640625 0.2570731703125 0.3900126421875 0.250243903125 0.39393173125000003 0.24843205625000003 0.39911504375
2 0.32585365781250003 0.41163084687499996 0.3147038328125 0.48988622031249995 0.3110801390625 0.527180784375 0.31324041875 0.5323640953125001 0.317560975 0.5350189640624999 0.34209059218750004 0.5245259171875001 0.348153309375 0.4279393171875 0.34996515625 0.380910240625 0.3559581875 0.35600505625 0.357560975 0.349557521875 0.36041811875 0.3351453859375 0.34675958125 0.349557521875 0.3381184671875 0.366498103125 0.32585365781250003 0.41163084687499996
2 0.350174215625 0.5003792671875 0.3526829265625 0.52326169375 0.35916376250000004 0.5310998734375 0.3710801390625 0.5310998734375 0.379372821875 0.52326169375 0.3850871078125 0.47370417187499997 0.3868989546875 0.3417193421875 0.3847386765625 0.337800253125 0.379372821875 0.3404551203125 0.37358885000000003 0.361314790625 0.3620905921875 0.424020228125 0.350174215625 0.5003792671875
0 0.4006968640625 0.35158027812500003 0.397421603125 0.3701643484375 0.39080139375 0.4707964609375 0.3905226484375 0.5246523390625 0.39797909374999996 0.5371681421875001 0.40940766562500003 0.536662453125 0.41839721250000006 0.528571428125 0.4208362375 0.5154235140625001 0.417770034375 0.48938053125 0.4169337984375 0.4109987359375 0.4142857140625 0.35006321093750004 0.413031359375 0.342983565625 0.411777003125 0.3413400765625 0.40641115 0.3413400765625 0.4036933796875 0.34513274374999997 0.4006968640625 0.35158027812500003
1 0.436236934375 0.37496839375 0.42578397187499994 0.5323640953125001 0.4404878046875 0.5383059421875 0.45073170781250005 0.537800253125 0.45547038281249996 0.5405815421875 0.457770034375 0.536030340625 0.457770034375 0.5165613140625 0.45477351875 0.49469026562499996 0.45247386718750005 0.4340075859375 0.447804878125 0.38293299687500004 0.44675958125 0.3763590390625 0.44578397187499996 0.3709228828125 0.443972125 0.368268015625 0.437770034375 0.36953223749999997 0.436236934375 0.37496839375
1 0.47442508749999995 0.3729456390625 0.46989547031249995 0.39797724375 0.4663414640625 0.4730720609375 0.4597212546875 0.5417193421875 0.46118466874999997 0.544374209375 0.4741463421875 0.5498103671875 0.4944947734375 0.55031605625 0.503205575 0.5417193421875 0.503205575 0.52098609375 0.49811846718749997 0.465486725 0.49484320625 0.4026548671875 0.49149825781249995 0.38343868593749997 0.488222996875 0.36965865937500003 0.48222996562500003 0.3670037921875 0.4788850171875 0.36750948125 0.47442508749999995 0.3729456390625
1 0.5436236937500001 0.37408343906249997 0.5400696859375 0.3795195953125 0.5340766546875 0.398103665625 0.5127526125 0.48407079687500004 0.5061324046875 0.5237673828125 0.5046689890625 0.542351453125 0.5064808359375 0.5471555 0.530174215625 0.551580278125 0.542439025 0.5494311 0.5457839718749999 0.5150442484375 0.5463414640625001 0.4824273078125 0.5610452968749999 0.390644753125 0.56195121875 0.3817951953125 0.5610452968749999 0.3752212390625 0.5553310109375 0.37029077187500004 0.5490592328125 0.37079646093749996 0.5436236937500001 0.37408343906249997
1 0.5740766546875 0.3910240203125 0.54675958125 0.5364096078125 0.547038328125 0.5456384328125 0.5482926828125 0.5494311 0.570174215625 0.5489254109374999 0.576167246875 0.523388115625 0.5797909406249999 0.4983565109375 0.58599303125 0.3996207328125 0.585783971875 0.392667509375 0.585783971875 0.3867256640625 0.5836933796875 0.3839443734375 0.57797909375 0.3855878640625 0.5740766546875 0.3910240203125
0 0.6047386765625 0.3742098609375 0.5996515671875 0.39974715625 0.5939372828125 0.449304678125 0.587038328125 0.4911504421875 0.5786759578125 0.5243994937500001 0.5786759578125 0.5364096078125 0.58522648125 0.5586599234375 0.588222996875 0.5619469031250001 0.5954703828125 0.5603034140625 0.60682926875 0.5499367890625 0.609825784375 0.5309734515625 0.609825784375 0.486346396875 0.6128223 0.3948166875 0.6176306625 0.367130215625 0.6230662015624999 0.355625790625 0.6248083624999999 0.351327434375 0.630243903125 0.3414664984375 0.6140766546875 0.3501896328125 0.6101742156250001 0.3572692796875 0.6047386765625 0.3742098609375
2 0.6063414640625 0.52528445 0.6082926828125 0.5384323640625001 0.6243205578125 0.5520859671875 0.6300348437500001 0.5529709234375 0.6342857140625 0.547534765625 0.637560975 0.538938053125 0.6363066203125001 0.5243994937500001 0.635818815625 0.4618204796875 0.63881533125 0.4372945640625 0.637560975 0.385082175 0.6353310109375 0.38192161874999997 0.630592334375 0.38419721875 0.6252961671875 0.39924146718750003 0.6163066203125 0.44766118906249996 0.6063414640625 0.52528445
2 0.6408362375000001 0.5206068265625 0.64355400625 0.5318584078125 0.6550522640625001 0.5523388109375 0.661045296875 0.554993678125 0.665783971875 0.5509481671875001 0.6682926828125 0.546396965625 0.6673170734375 0.43072060624999997 0.6650871078125 0.40670037968750006 0.6583275265624999 0.389506953125 0.656027875 0.387231353125 0.6520557484375 0.389506953125 0.6495470390625 0.3940581546875 0.6443205578125 0.4238938046875 0.6408362375000001 0.5206068265625
3 0.6772822296875 0.4718078375 0.6778397218750001 0.486219975 0.6750522640625001 0.493552465625 0.6755400703125 0.499873578125 0.6695470390625 0.538938053125 0.671777003125 0.5543615671875 0.68278745625 0.5606826796875 0.69358885 0.5587863468750001 0.6955400703125 0.554740834375 0.7002787453125 0.5584070796875 0.70355400625 0.557901390625 0.71003484375 0.552465234375 0.71358885 0.5410872312499999 0.7103135890625001 0.4658659921875 0.70759581875 0.4327433625 0.70355400625 0.4101137796875 0.69958188125 0.400126421875 0.697560975 0.3996207328125 0.695818815625 0.403286978125 0.6993031359375 0.454487990625 0.69958188125 0.47269279375 0.6985365859375 0.48179519531250004 0.6955400703125 0.48533501875 0.69156794375 0.4826801515625 0.6903135890625001 0.47989886249999997 0.6887804875 0.4618204796875 0.691777003125 0.41643489218749996 0.69156794375 0.4109987359375 0.6895470390625 0.4055625796875 0.6845296171874999 0.4091024015625 0.6800696859375 0.43994943124999997 0.6772822296875 0.4718078375
3 0.7175609749999999 0.49102402031250003 0.717839721875 0.51694058125 0.7215331015625 0.5318584078125 0.7260627171875 0.5372945640625 0.7320557484375 0.538685209375 0.7350522640625 0.5332490515625 0.7487804875 0.536030340625 0.7583275265625 0.5278128953125 0.7645296171875 0.5206068265625 0.76759581875 0.504171934375 0.765783971875 0.4901390640625 0.7625783968750001 0.48065739531249996 0.7525435546875 0.404424778125 0.747038328125 0.384070796875 0.73958188125 0.36637168125 0.7340766546874999 0.359039190625 0.7440418125 0.429456384375 0.7445296171875 0.45979772499999993 0.742578396875 0.46523388125 0.740557490625 0.46523388125 0.7385365859374999 0.45752212343750004 0.7358885015625 0.40366624531250006 0.7355400703125 0.396713021875 0.7318466906250001 0.365486725 0.726550521875 0.41946902656249996 0.7238327531250001 0.47016434843750005 0.7175609749999999 0.49102402031250003
3 0.276167246875 0.7154235140625 0.2814634140625 0.6898862203125 0.2852961671875 0.66295828125 0.30648083593750003 0.621997471875 0.308571428125 0.5983565109375 0.30682926875 0.5785082171875 0.3018815328125 0.574589128125 0.2719163765625 0.5733249046875 0.2645296171875 0.5854614406249999 0.26097560937500003 0.6175726921875 0.2690592328125 0.6591656125 0.2648780484375 0.6834386859375 0.26418118437500004 0.6847029078125 0.2599303140625 0.72756005 0.263832753125 0.7321112515625 0.27156794375 0.7294563843749999 0.276167246875 0.7154235140625
3 0.329407665625 0.6943109984375 0.33400696875 0.6706700375 0.3512891984375 0.6270543609375 0.3551916375 0.6015170671875001 0.3512891984375 0.582932996875 0.3452961671875 0.5785082171875 0.31637630625 0.5785082171875 0.3121254359375 0.59570164375 0.311428571875 0.6226295828125 0.311428571875 0.62642225 0.3216724734375 0.6667509484374999 0.32271777031250004 0.6667509484374999 0.323414634375 0.6962073328125 0.329407665625 0.6943109984375
3 0.70195121875 0.7456384328125 0.7078048781249999 0.744374209375 0.7105226484375 0.7235145390625 0.7095470390624999 0.7235145390625 0.7056446000000001 0.6954487984375 0.70195121875 0.6585335015625 0.7102439031250001 0.614538559375 0.708571428125 0.5972187109375 0.705365853125 0.5941845765625 0.695818815625 0.5941845765625 0.667386759375 0.601264221875 0.6634843203125 0.6106194687500001 0.6657142859375 0.6323640953125 0.66641115 0.63362831875 0.6744947734375 0.6479140328125 0.6840418125000001 0.6710493046875 0.6972822296875 0.7359039187499999 0.70195121875 0.7456384328125