3 0.4903614453125 0.275235109375 0.493595434375 0.280181121875 0.499429296875 0.2851619640625 0.49873176875 0.29261581406250003 0.5116677234375 0.30613026875 0.5239695625 0.3093347265625 0.5407736203125 0.3100313484375 0.6022194046875 0.29157088125 0.64172479375 0.2695228140625 0.6468611281250001 0.2652734234375 0.6455928984375 0.2634970390625 0.6352568171875 0.26384535 0.613887128125 0.26847788281249996 0.5866835765625 0.2757227453125 0.5785668984375001 0.2748519671875 0.5759036140625 0.26893068593749997 0.5769816109375 0.2650644375 0.584527584375 0.262103796875 0.6100190234375 0.2539184953125 0.6384908046875 0.23932427656250002 0.60741915 0.2411006625 0.5692454031249999 0.2503657265625 0.544007609375 0.2581678859375 0.5148383 0.2606408921875 0.5091312625 0.26102403281250003 0.502663284375 0.2641936609375 0.49549778125 0.26882619218750003 0.49226379218750005 0.271682340625 0.4903614453125 0.275235109375
2 0.5371591625 0.3950539875 0.68928345 0.36266109375 0.6815472421875 0.36053639843749996 0.6310716546874999 0.360954371875 0.5793278374999999 0.3652734234375 0.5275840203125 0.36823406406250003 0.5135700703125 0.37119470625 0.5060240968749999 0.37593173125 0.5009511734375 0.381260884375 0.5030437546875001 0.38310693125 0.507672796875 0.38780912500000003 0.5169942921875 0.3950539875 0.5247305015625 0.3971786828125 0.5371591625 0.3950539875
2 0.5218769812499999 0.422396378125 0.526696259375 0.42358063437500004 0.5402029171875 0.42298850625 0.5568801515625 0.41793800000000003 0.629105896875 0.4040404046875 0.6965123656250001 0.39752699375 0.7013316421875 0.3948450015625 0.700253646875 0.3930686171875 0.6582117953125 0.3883315921875 0.6070386812499999 0.3918843609375 0.5223842734375 0.39662138593749996 0.5137603046875 0.401671890625 0.50786303125 0.40936955781249995 0.5072923265625 0.41055381406249997 0.5072923265625 0.4117380703125 0.5110970203125 0.416161615625 0.51864299375 0.4197143859375 0.5218769812499999 0.422396378125
0 0.7057704499999999 0.43559735312500003 0.7135066578125 0.428352490625 0.7057704499999999 0.425774990625 0.6544705140625 0.420027865625 0.6334178828125 0.42061999375000003 0.5590361453125 0.42800417968750004 0.5234622703125 0.436886103125 0.50779961875 0.44507140312500004 0.5039315156249999 0.44709160625 0.5132530125 0.4513758265625 0.552060875 0.4539184953125 0.6490805328125 0.4445489375 0.7057704499999999 0.43559735312500003
1 0.5838300578125 0.47032392968750003 0.684083703125 0.46534308593749996 0.6873176921875 0.463218390625 0.6847812296875 0.45858585781250005 0.6769816109375 0.4557297109375 0.6355738750000001 0.45433646875000006 0.5587190875 0.45663531874999996 0.5388078625 0.4563218390625 0.5194039312500001 0.458411703125 0.5155992390625 0.4628352484375 0.5178820546875 0.4696969703125 0.5191502859375 0.472796934375 0.5204819281249999 0.4756530828125 0.524984146875 0.477046325 0.54502219375 0.4756530828125 0.5838300578125 0.47032392968750003
1 0.69917565 0.478787878125 0.6972098921875001 0.47558342031249995 0.68883956875 0.47523510937499996 0.65326569375 0.47701149374999996 0.585351934375 0.47767328437499995 0.5222574515625 0.47944966874999995 0.52682308125 0.49143155624999996 0.5284083703125 0.49442702968749996 0.5297400125 0.495855103125 0.532276475 0.496900034375 0.6927076734375001 0.4841170328125 0.69917565 0.478787878125
1 0.7048826890625 0.5020898640625 0.707609384375 0.4985370953125 0.7038046921875 0.49644723125 0.6935954343749999 0.495262975 0.616487 0.5003134796875 0.57070386875 0.5003134796875 0.554533925 0.4985370953125 0.5297400125 0.4985370953125 0.523779328125 0.50355276875 0.523779328125 0.505329153125 0.525428028125 0.5074190171875 0.5297400125 0.5103796593750001 0.5297400125 0.5159874609374999 0.5302473046875 0.5183559734375 0.6138237156249999 0.5106583078125 0.6957514265625 0.5050505046875 0.7048826890625 0.5020898640625
1 0.6261255546875 0.5327412046875 0.6989220031250001 0.522361546875 0.7065313890625 0.517938 0.7060875078125 0.5152211765625 0.700253646875 0.5129919890625 0.6791376031249999 0.513967259375 0.632403296875 0.5196447234375 0.5812301843750001 0.5208986421875 0.554724159375 0.5201323578125 0.5264426125 0.5208986421875 0.524159796875 0.5221177296875 0.5232720359374999 0.523615465625 0.523715915625 0.53740856875 0.5251109703125 0.53841866875 0.5277742546875 0.539150121875 0.5363348125 0.539881575 0.560558021875 0.53841866875 0.6261255546875 0.5327412046875
0 0.69708306875 0.5569487984375 0.717184528125 0.5533960296875 0.720418515625 0.5473702546875 0.706785034375 0.5431208640625 0.686112871875 0.541692790625 0.6126823078125 0.5418669453125 0.5282181359375 0.54458376875 0.5165504125 0.5485196796875 0.51116043125 0.55419714375 0.5107165499999999 0.5564263328125 0.5120481921875 0.5613375125 0.5209258078125 0.565517240625 0.5193405203125 0.564541971875 0.524159796875 0.5672239640625001 0.5418516171875 0.567990246875 0.6149651234375 0.5640543359375 0.69708306875 0.5569487984375
2 0.5686112875 0.5990943921875 0.642993025 0.5961337515625 0.7098287890625 0.5943573671875 0.7157894734375 0.5908045984375 0.7157894734375 0.5857540921875 0.70285351875 0.582514803125 0.5778059609375 0.5739115296875 0.5535193406250001 0.5712643671875 0.5325301203125 0.5721351453125 0.5282181359375 0.5739115296875 0.5282181359375 0.5768721703125 0.5217501578125 0.5810170671875 0.5195941656249999 0.5857540921875 0.5211794546874999 0.5890282124999999 0.530374128125 0.5961337515625 0.5325301203125 0.597004528125 0.5351934046875 0.5985022640625 0.541154090625 0.6002786484375 0.55409004375 0.6002786484375 0.5686112875 0.5990943921875
2 0.6909955609375 0.624555903125 0.7130627781250001 0.6162661093749999 0.7130627781250001 0.6121212125 0.7098287890625 0.6106234765624999 0.7006975265625 0.6121212125 0.6656309453125 0.6135841171874999 0.629549778125 0.6073841859375 0.5724159796875 0.601741553125 0.5594800249999999 0.5973180078125 0.544388078125 0.5961337515625 0.5346861125 0.5979101359375 0.530374128125 0.6008707765625 0.5282181359375 0.6058864500000001 0.5201014578125001 0.6091605718750001 0.516360178125 0.6127133406249999 0.5217501578125 0.6171368859374999 0.52764743125 0.624834553125 0.52929613125 0.6257401609375 0.5330374124999999 0.6281086734375 0.560558021875 0.6287008015625 0.648953709375 0.6287008015625 0.6909955609375 0.624555903125
3 0.6459099562499999 0.6978404734375 0.654533925 0.6978404734375 0.66157260625 0.6931034484375 0.6631578953124999 0.68927203125 0.6566899171875 0.6833507484375 0.63512999375 0.6715081859375001 0.5990488265625 0.6634970390625 0.596892834375 0.6611285265625 0.59632213125 0.657297109375 0.5974001265625 0.652560084375 0.6027901078125 0.652560084375 0.6114140781249999 0.6557993734374999 0.6497146484375 0.667955415625 0.658845909375 0.667955415625 0.6653138875 0.666771159375 0.6663918828125001 0.6634970390625 0.6610019031250001 0.6516544765625001 0.62276474375 0.6356670156249999 0.596892834375 0.6303378609375 0.5796448953125 0.6285614765624999 0.5693722250000001 0.6265064437500001 0.56239695625 0.6208638109375 0.545656309375 0.619993034375 0.5300570703124999 0.6238244515625 0.5214331015625 0.6309299890625 0.522511096875 0.6342041093749999 0.5273303734375 0.6371647515625 0.5322130625 0.6442702890625001 0.533291059375 0.6569836296875 0.5272669624999999 0.6623127828125 0.52358909375 0.6652734234375 0.5230183890625 0.67001045 0.5521242859375 0.6753396031250001 0.620038046875 0.6907349359375 0.6459099562499999 0.6978404734375
3 0.5771718453125 0.7285614765624999 0.634051996875 0.7473702546875 0.644388078125 0.7491466390625 0.648953709375 0.7477533953125 0.6457197203125 0.735667015625 0.5923906156250001 0.713200975 0.5910589734375 0.70964820625 0.5962587187499999 0.7021595265625 0.6282181359375001 0.7093695578125 0.6728598609375 0.726053640625 0.6793278375 0.72535701875 0.6864299296875 0.71682340625 0.6825618265625 0.7065134093750001 0.6728598609375 0.7026123296875 0.613379834375 0.68913270625 0.5344324671875 0.672762103125 0.520862396875 0.675269940625 0.51116043125 0.6816440265625 0.5053265687499999 0.6919540234375 0.5053265687499999 0.6990595609375 0.5098922 0.7026123296875 0.50209258125 0.7129223265625 0.50209258125 0.715047021875 0.5027901078125 0.7179031703125001 0.5072923265625 0.72180425 0.52606214375 0.7271334031250001 0.5771718453125 0.7285614765624999
3 0.5771718453125 0.7761755484374999 0.6107799625 0.7854057812499999 0.6166138234375 0.785057471875 0.6198478125 0.7815047015625 0.6172479390625 0.7786485546875 0.5674698796875 0.7665621734375 0.555168040625 0.7623127828125 0.554533925 0.7473702546875 0.5570703875 0.7473702546875 0.5739378562499999 0.7520027859375 0.5978440078125 0.7623127828125 0.6230818015625 0.776523859375 0.6289156625000001 0.7750957859375001 0.629549778125 0.7701149421875 0.6192136968749999 0.7573319406250001 0.599809765625 0.745245559375 0.5344324671875 0.7292580984375 0.5157260625 0.7303378609375 0.5092580843750001 0.7335423203125 0.5060240968749999 0.7377917109375 0.5040583390625 0.743469175 0.5046924546875 0.752351096875 0.5027901078125 0.7580285609375 0.5053265687499999 0.761964471875 0.50209258125 0.765517240625 0.50209258125 0.7665621734375 0.5053265687499999 0.7708463953125 0.5124920734375 0.774016021875 0.536398225 0.7761755484374999 0.5771718453125 0.7761755484374999
2 0.35795814843749996 0.6540578203125 0.40970196562499994 0.6537095093749999 0.4750792640625 0.654754440625 0.5028535187500001 0.6558342046875001 0.508053265625 0.6537095093749999 0.5119213703125001 0.651201671875 0.517121115625 0.6433995125 0.5157894734374999 0.6412748171875 0.5157894734374999 0.639115290625 0.5131896 0.6366422843749999 0.5157894734374999 0.63239289375 0.512555484375 0.6266805984375 0.497717184375 0.622431209375 0.479581484375 0.623510971875 0.4672796453125 0.6270637406249999 0.44013950468749996 0.6298850578125 0.3476220671875 0.63733890625 0.34502219375 0.638070359375 0.3424857328125 0.6430512015625001 0.3424857328125 0.6455242078125 0.3469879515625 0.648728665625 0.35795814843749996 0.6540578203125
2 0.37013316406249996 0.624555903125 0.4264426125 0.624555903125 0.47685478750000004 0.6270637406249999 0.49625871874999994 0.6263322890625 0.5053265687499999 0.621003134375 0.5105263156250001 0.6082201328125 0.50209258125 0.605363984375 0.50082435 0.598258446875 0.49625871874999994 0.5925809828124999 0.48142041874999997 0.588679903125 0.45745085625000004 0.5911529078125 0.41217501562500003 0.6004179734374999 0.3403931515625 0.607871821875 0.3391249203125 0.6082201328125 0.3351934046875 0.6106931375 0.3345592890625 0.613897596875 0.3371591625 0.619958203125 0.37013316406249996 0.624555903125
0 0.3215599234375 0.5863462203124999 0.32352568125 0.58920236875 0.3286620171875 0.591675375 0.3383639828125 0.5934517593749999 0.46385542187500006 0.5963079062500001 0.499429296875 0.5966562171875001 0.512999365625 0.5881226046875 0.511731134375 0.577812609375 0.5039315156249999 0.5756879140625 0.48972732968750005 0.568582375 0.46258719062500003 0.5629049109375 0.419213696875 0.5678857546875 0.349017121875 0.57342389375 0.3429296125 0.57356321875 0.33772986718750003 0.5742598390625 0.32415979687499996 0.5795889937500001 0.3215599234375 0.5834900734375 0.3215599234375 0.5863462203124999
1 0.3421052625 0.5509230234375 0.348573240625 0.553744340625 0.3589727328125 0.5566004875 0.39708306875 0.563357715625 0.47146480625000003 0.567955415625 0.49480025312500003 0.5640543359375 0.50126823125 0.5587251828124999 0.50126823125 0.5494949499999999 0.49480025312500003 0.545210728125 0.476664553125 0.542737721875 0.3534559296875 0.5420759312500001 0.34667089375 0.5420410999999999 0.3408370328125 0.5423894109375 0.33956880156249997 0.54343434375 0.3402029171875 0.547718565625 0.3421052625 0.5509230234375
1 0.3239695625 0.525949146875 0.3341788203125 0.5321839078124999 0.3686746984375 0.5360153249999999 0.42580849687500005 0.5369209328125 0.4899809765625 0.5369209328125 0.49911223906249996 0.534238940625 0.501838934375 0.5262626265625 0.49803424218750003 0.507314525 0.48186429999999997 0.507314525 0.449017121875 0.5084987812499999 0.42796448906249995 0.5096830375 0.37894736875 0.513827934375 0.334876346875 0.5157784750000001 0.328281546875 0.516196446875 0.3201648703125 0.516788575 0.3190868734375 0.5182514796875 0.319657578125 0.52180425 0.3239695625 0.525949146875
1 0.3315155359375 0.488575409375 0.334749525 0.49177986718750005 0.34191502812499996 0.494601184375 0.3696892828125 0.4992337171875 0.43050095156249996 0.501706721875 0.4835764109375 0.5045628703125 0.49904882656250005 0.502438175 0.501014584375 0.48181818125 0.50038046875 0.47471264375000005 0.49327837656250006 0.47436433281249996 0.4589727328125 0.475409265625 0.42276474375 0.477568790625 0.3519974640625 0.47990247343750003 0.3464172484375 0.480041796875 0.3399492703125 0.48039010781249997 0.334115409375 0.48251480312500006 0.3315155359375 0.48571926093749995 0.3315155359375 0.488575409375
1 0.3233988578125 0.463218390625 0.335764109375 0.469174503125 0.3474318328125 0.4712991984375 0.39790741875 0.4742946703125 0.45066582187500004 0.47175200312500004 0.49803424218750003 0.46788575468750004 0.5003170578125 0.4610936953125 0.495688015625 0.45043538906249997 0.48636651875 0.44656913906250006 0.45922637968749996 0.44702194375 0.40640456562500005 0.45043538906249997 0.337349396875 0.4533960296875 0.339695625 0.4533960296875 0.32492073593750004 0.4538140015625 0.3187064046875 0.454684778125 0.3187064046875 0.457227446875 0.3233988578125 0.463218390625
0 0.34426125625 0.4473354234375 0.3566899171875 0.44987809062500006 0.45992390624999996 0.44817136875 0.4808497140625 0.4447579234375 0.4917565 0.43538836718749996 0.49873176875 0.43239289375 0.5025998734375 0.42643678124999995 0.501838934375 0.42173458750000004 0.49017121093749993 0.41577847500000004 0.4778059609375 0.41365377968750006 0.43119847812499995 0.42048066874999995 0.34590995625 0.4264716125 0.33652504687499996 0.4285614765625 0.335764109375 0.4285614765625 0.3341788203125 0.4340996171875 0.335764109375 0.44092650625 0.34426125625 0.4473354234375
2 0.32688649375 0.4080459765625 0.33012048125 0.4104144890625 0.349017121875 0.41365377968750006 0.380786303125 0.413967259375 0.48757133750000003 0.412504353125 0.47977171875 0.39289446250000004 0.4611921375 0.39035179375 0.4060875078125 0.3924764890625 0.39055167968750004 0.3941832109375 0.3393151546875 0.397109021875 0.33392517499999996 0.3973876703125 0.3263792015625 0.398850575 0.3247305015625 0.4012190875 0.3247305015625 0.40477185625 0.32688649375 0.4080459765625
2 0.3322130625 0.37415534687499996 0.43443246718750006 0.3876349703125 0.48547875781250005 0.39049111875000003 0.4984147109375 0.38906304375 0.50038046875 0.38516196406250003 0.49714648125 0.3773598046875 0.5042485734375 0.3695228140625 0.5023462265624999 0.363148728125 0.49587824999999996 0.35816788593750004 0.4848446421875 0.356043190625 0.44667089375 0.3588645078125 0.405960684375 0.359595959375 0.33094483124999996 0.358516196875 0.32771084375 0.3588645078125 0.3244768546875 0.3606408921875 0.3251109703125 0.36774642968750004 0.3270133171875 0.370602578125 0.3322130625 0.37415534687499996
3 0.3578947375 0.3474050859375 0.4284083703125 0.3516544765625 0.470450221875 0.357331940625 0.5008877609375 0.358411703125 0.5131261890625 0.3491814703125 0.5092580843750001 0.3413444796875 0.5027901078125 0.3353187046875 0.5092580843750001 0.32466039687500003 0.5079898546875 0.3207593171875 0.500190234375 0.3154301640625 0.4840202921875 0.31435040000000003 0.451046290625 0.3172065484375 0.4239061515625 0.3154301640625 0.37083069062499996 0.31435040000000003 0.36569435625 0.3182514796875 0.367596703125 0.32041100624999996 0.3721623328125 0.3228840125 0.38053265625 0.3243120859375 0.3974001265625 0.3243120859375 0.43341788281250004 0.32657610625 0.4371591625 0.3304423546875 0.4350031703125 0.33281086718749997 0.4306911859375 0.3339951234375 0.3639188328125 0.3353187046875 0.3578947375 0.3353187046875 0.34755865625000004 0.3374434 0.346924540625 0.34099616875 0.34755865625000004 0.342772553125 0.3578947375 0.3474050859375
3 0.48256182656249996 0.26516893124999996 0.49873176875 0.25656565625 0.4977805953125 0.249878090625 0.46994292968750007 0.241483803125 0.438046925 0.24322535625000002 0.38230817968749997 0.2504353890625 0.3521242859375 0.2575409265625 0.4127457203125 0.2531522125 0.42194039375000003 0.252943225 0.4239061515625 0.2566004875 0.3794546609375 0.259630790625 0.3784400765625 0.25966562187500003 0.35580215625 0.2618251484375 0.41984781250000003 0.2660745390625 0.4618896640625 0.2678509234375 0.48256182656249996 0.26516893124999996
3 0.4091312625 0.737896203125 0.3643627140625 0.754754440625 0.35250475625 0.7600835953125 0.356816740625 0.7636363640625 0.367596703125 0.76631835625 0.394039315625 0.7671891328125 0.44305643593750005 0.7574364328125001 0.46353836406250004 0.7491466390625 0.48078630312500004 0.7467781265625 0.4996829421875 0.73611981875 0.5077362078125 0.7251480328125 0.5083069124999999 0.71804249375 0.49803424218750003 0.70856844375 0.48890297968749996 0.7032392890625 0.48078630312500004 0.694670846875 0.47108433749999995 0.6913967265625 0.367596703125 0.7124346921875 0.349841471875 0.7207244859374999 0.34172479375 0.72901428125 0.33956880156249997 0.73611981875 0.33956880156249997 0.7396725875 0.34121750156249997 0.7411354921875 0.34388078593750004 0.7420411 0.346036778125 0.7420411 0.3490805328125 0.739080459375 0.351426759375 0.7367119468750001 0.387000634375 0.7257401609375 0.40374128125000003 0.7257401609375 0.4128725421875 0.7301985375 0.4091312625 0.737896203125
3 0.49518072343749997 0.30003483124999997 0.4967026 0.29393939375 0.49556119218749994 0.2853709515625 0.48966391875 0.2774294671875 0.48890297968749996 0.27112504375 0.48002536406249996 0.2670846390625 0.4637285984375 0.26788575468750003 0.4478123015625 0.27112504375 0.43221306249999997 0.27356321875 0.40887761562499997 0.276036225 0.38928345000000003 0.2733890625 0.36816740625 0.2719609890625 0.34667089375 0.271577846875 0.3364616359375 0.2743643328125 0.340266328125 0.28035527656250003 0.35307545937499996 0.283873215625 0.3760938484375 0.288087775 0.3889029796875 0.289829328125 0.394039315625 0.29230233437500003 0.387000634375 0.2944270296875 0.387000634375 0.29512364999999996 0.3735573875 0.29651689375 0.3338617625 0.2929989546875 0.3230183890625 0.2929989546875 0.31978439999999997 0.295820271875 0.3236525046875 0.304249390625 0.34216867500000003 0.309160571875 0.379961953125 0.310240334375 0.3965757765625 0.3095437125 0.4379201015625 0.31104144843750003 0.44667089375 0.311424590625 0.462206721875 0.311424590625 0.477045021875 0.3104144890625 0.4881420421875 0.30613026875 0.49518072343749997 0.30003483124999997