3 0.7792058515625 0.6116677234375001 0.7749564609374999 0.5903614453125 0.7642981546875001 0.5644895375 0.76036224375 0.5327837671875 0.7557645421875 0.5204819281249999 0.751132009375 0.5198478125 0.7472309296875 0.52111604375 0.741553465625 0.5282181359375 0.7354928593750001 0.540519975 0.728387321875 0.5644895375 0.7280390109375 0.58389346875 0.73124346875 0.6058338625 0.7401253921875 0.63430564375 0.7497039359375 0.6550412171875 0.756112853125 0.6601775515625 0.76144200625 0.662777425 0.7664228484375 0.662777425 0.7688958546875 0.654343690625 0.766771159375 0.6421052625 0.759665621875 0.6317057703125 0.7531870421875 0.614648065625 0.748659003125 0.59422955 0.749878090625 0.5902980343750001 0.7529083937500001 0.5916296765625 0.75433646875 0.593595434375 0.7664228484375 0.6181357000000001 0.7781260890625 0.6472415984375 0.782062 0.63430564375 0.7792058515625 0.6116677234375001
3 0.6829327765625 0.6433100828125 0.6858934171875 0.6589093218750001 0.6912225703125 0.6718452765625 0.69745733125 0.678313253125 0.7036572624999999 0.6761572609375001 0.706025775 0.67400126875 0.70721003125 0.6696892828125 0.7036572624999999 0.6433100828125 0.7010101015625 0.629803425 0.701880878125 0.6190234625000001 0.7083942875 0.6168674703125 0.710170671875 0.617945465625 0.71431556875 0.6282181359375001 0.7166840828125001 0.6470513640625 0.7184604671875 0.6567533296875 0.7226053640625001 0.665948003125 0.727063740625 0.6691819906250001 0.730616509375 0.6664552953125 0.7308951578125 0.6573240328125001 0.719958203125 0.5564996828125001 0.7190525953125 0.554343690625 0.7107628 0.55326569375 0.70128875 0.5554216875 0.6918146984375 0.548953709375 0.68324625625 0.548953709375 0.6817485203125 0.5495244140625 0.6758272375 0.5559923906249999 0.6731800765625 0.5603043750000001 0.672866596875 0.579137603125 0.6829327765625 0.6433100828125
3 0.6360849875000001 0.6686746984374999 0.6420062703125 0.670006340625 0.643991640625 0.6664552953125 0.6464646468749999 0.6197209890625001 0.648937653125 0.613443246875 0.65189829375 0.612999365625 0.6555903859375001 0.6166138234375 0.6568094734375001 0.6214965125 0.6568094734375001 0.6529486359375001 0.659526296875 0.6637285984375 0.6664576796875 0.6714013953125 0.67112504375 0.6714013953125 0.6755834203125 0.6610653140625 0.6765586906250001 0.5582117953125 0.6750609546875 0.548763475 0.6735980500000001 0.5455928984375 0.6667014984375 0.5438173749999999 0.6629745734375 0.5447051359375 0.6558342046875001 0.5397590359375 0.6486938343750001 0.5370957515625 0.6435040062499999 0.5384273937499999 0.639289446875 0.5438173749999999 0.63361198125 0.54337349375 0.63239289375 0.54426125625 0.631417625 0.5455928984375 0.6299198890625 0.55415345625 0.6338906296875 0.6623969562500001 0.6360849875000001 0.6686746984374999
2 0.6025078374999999 0.6554216875 0.6010101015625 0.6856055796875 0.6027864859375 0.7017755234374999 0.604284221875 0.7071655046875 0.606652734375 0.7114774890625 0.609021246875 0.7103994921875 0.6122605359375 0.7033608109375 0.6143504 0.693151553125 0.6214559390625001 0.6128091312499999 0.623510971875 0.5821179453124999 0.6312086375 0.549778059375 0.6312086375 0.5422320859374999 0.6297457328125 0.537349396875 0.6261929640624999 0.5351934046875 0.6217345875 0.535764109375 0.613793103125 0.538998096875 0.6098920234375 0.5405833859375 0.6051549984375 0.5427393781250001 0.6027864859375 0.5470513640625 0.6019157093749999 0.57400126875 0.6025078374999999 0.6554216875
2 0.5875304765625 0.6632847171875 0.589898990625 0.6735573875 0.5940438875 0.6740646796875 0.5955416234375 0.6729866828125 0.5973180078125 0.6563094484375 0.5964124 0.62771084375 0.5964124 0.5457831328125 0.5949494953125 0.5403931515625 0.59285963125 0.5371591625 0.58446534375 0.5305643625 0.5795541625 0.5263792015625001 0.5773249734375 0.5249207359375 0.5768721703125 0.5350031703125 0.583699059375 0.6412175015625 0.5875304765625 0.6632847171875
0 0.5522117734374999 0.6663918828125001 0.554684778125 0.670006340625 0.5581330546875 0.6695624609374999 0.5606060609375 0.6663918828125001 0.5630790671875 0.6578947375 0.566771159375 0.6304375390625 0.5707070703125 0.5447051359375 0.57098571875 0.5195307546875 0.560118425 0.5141407734375 0.552525253125 0.5116677234375 0.5482758624999999 0.510970196875 0.5455242078125 0.510145846875 0.5443399515625 0.5657577671875 0.5482758624999999 0.634051996875 0.5522117734374999 0.6663918828125001
1 0.5249738765624999 0.6663918828125001 0.5279345171875 0.6695624609374999 0.529432253125 0.665948003125 0.5333681640625 0.645275840625 0.5375827234375 0.598541534375 0.5407871828124999 0.510970196875 0.5210379656249999 0.50202916875 0.522291884375 0.5303107171875 0.5239986062499999 0.6169942921875 0.5230233375 0.660558021875 0.5249738765624999 0.6663918828125001
1 0.5140369203125 0.638871275 0.5165099265624999 0.6379835125 0.5177290140624999 0.6298668359375 0.5197143859375 0.564299303125 0.5184604671875 0.5058972734375 0.5076280046874999 0.50456563125 0.5039010796875 0.5024096390625 0.5021943578125 0.5005072921875 0.500452803125 0.5000634109375001 0.5046673640625 0.6150285359375001 0.5088470921875 0.6357006968750001 0.5140369203125 0.638871275
1 0.489620340625 0.61731135 0.49233716406249994 0.6451490171875001 0.49554162343749997 0.6231452125 0.49874608125000003 0.49917565 0.48362939687499995 0.498604946875 0.4804946015625 0.49873176875 0.4794845 0.49873176875 0.48195750625 0.5355738750000001 0.4834552421875 0.573303740625 0.489620340625 0.61731135
1 0.4786485546875 0.6974001265625 0.48011145937500005 0.6435003171875 0.476419365625 0.5900443875 0.4761755484375 0.5482561828125 0.4766631828125 0.505136334375 0.47345872499999997 0.505136334375 0.461999303125 0.50868738125 0.45938697343749996 0.510082434375 0.45792406874999997 0.5136968921875 0.460989203125 0.5679137609375 0.476384534375 0.6899809765625 0.4786485546875 0.6974001265625
0 0.44824103125 0.7271401390625 0.45475444062500003 0.7320228281250001 0.4592128171875 0.731452125 0.46126785156250005 0.72606214375 0.4538836640625 0.631198478125 0.453570184375 0.59296131875 0.45475444062500003 0.547685478125 0.4538836640625 0.5190868734375 0.4494252875 0.5136968921875 0.44322535625 0.5121116046874999 0.43967258749999993 0.5126188968750001 0.428247996875 0.5258084968750001 0.4257401609375 0.5315155359375 0.4248693828125 0.5449587828125 0.4292929296875 0.608053265625 0.44350400624999997 0.7115408999999999 0.44824103125 0.7271401390625
2 0.3996168578125 0.647939125 0.40087077656250003 0.6658845906249999 0.4025774984375 0.6748890296875001 0.406025775 0.6833861765625 0.40999651718749996 0.6838300578125 0.41243469218750006 0.6802790109375 0.41368861093750003 0.67400126875 0.42257053281249995 0.529803425 0.4134447921875 0.5356372859375 0.4044235453125 0.534495878125 0.40010449374999996 0.53430564375 0.398153953125 0.5356372859375 0.3966562171875 0.5401395046874999 0.3973876703125 0.6007609390625 0.3996168578125 0.647939125
2 0.362138628125 0.711350665625 0.3665621734375 0.7102726703125 0.3733890625 0.69625871875 0.383768721875 0.6402029171875 0.39620341406250004 0.5367152828124999 0.3914663875 0.532403296875 0.3864158828125 0.5302473046875 0.3810867296875 0.5297400125 0.3733890625 0.5318960046875 0.36732845625 0.538871275 0.365552071875 0.5453392515625 0.36273075625 0.6278376671875 0.3556252171875 0.6914394421875001 0.3576802515625 0.7048826890625 0.362138628125 0.711350665625
3 0.3167189125 0.633100825 0.3167189125 0.6537729859375 0.317415534375 0.6731769187500001 0.3181469875 0.6770450218749999 0.320968303125 0.6783766640625 0.325949146875 0.673811034375 0.32772553125 0.6654407109375 0.3316266109375 0.6317691812499999 0.333054684375 0.6279010781250001 0.33483106875 0.626632846875 0.3387321484375 0.6272669625 0.342668059375 0.6343690546875 0.342668059375 0.642802790625 0.3387321484375 0.6731769187500001 0.3387321484375 0.683513 0.34158829687500003 0.6887127453125 0.3458376875 0.6880786296875 0.350121909375 0.6783766640625 0.365761059375 0.543183259375 0.3629049109375 0.5399492703125001 0.3515499828125 0.534749525 0.3394636015625 0.5464172484375001 0.32452107343750003 0.5464172484375001 0.3231278296875 0.547685478125 0.32027168281249996 0.552885225 0.3184952984375 0.568421053125 0.3167189125 0.633100825
3 0.29171020625 0.67228915625 0.3020898640625 0.64261255625 0.313932428125 0.5941027265625001 0.3195402296875 0.5601775515625 0.31156391562499997 0.547748890625 0.3044583765625 0.5461636015625 0.29794496718749997 0.5461636015625 0.2902473 0.5418516171875 0.281365378125 0.538617628125 0.2784047375 0.538617628125 0.275444096875 0.5418516171875 0.2724834546875 0.563411540625 0.2659700453125 0.6410272671875 0.2665621734375 0.6480025359375 0.26893068593749997 0.6518072296875 0.2742598390625 0.6496512359375 0.280181121875 0.6393785671875001 0.2847788234375 0.6123652500000001 0.28906304375 0.6048826890625 0.29143155625 0.6022194046875 0.29261581406250003 0.602726696875 0.2955764546875 0.6135066578124999 0.290839428125 0.6367152828125 0.2881574359375 0.673367153125 0.29171020625 0.67228915625
3 0.2496691046875 0.6415979703125 0.263253221875 0.5967026 0.26941832187500003 0.5719720984375 0.27335423125 0.552251109375 0.2785440609375 0.5374128093749999 0.27830024375 0.532466709375 0.26252176875 0.5230183890625 0.2531522125 0.521242865625 0.247718565625 0.5145212421875 0.2442702890625 0.5136334812500001 0.23733890624999998 0.50868738125 0.2338906296875 0.5100190234374999 0.231905259375 0.5131261890625 0.2299547203125 0.521686746875 0.228456984375 0.5464172484375001 0.2200626953125 0.5930881421875001 0.20822013281250001 0.6290424859375 0.20626959218750002 0.6366518703125 0.20477185625 0.650602409375 0.20651340937499998 0.65326569375 0.21044932031250002 0.6519340515625001 0.223545803125 0.6290424859375 0.2311738078125 0.6088142046875 0.2346220828125 0.59131261875 0.236851271875 0.5845909953125 0.23883664218749998 0.5823081796875 0.24078718281249997 0.58142041875 0.2479623828125 0.5809765375 0.2496691046875 0.5845909953125 0.2504353890625 0.60209258125 0.2496691046875 0.6415979703125
2 0.35471960937499997 0.32003804687500004 0.3540229890625 0.3239695625 0.3557993734375 0.3472415984375 0.3696273078125 0.4422954984375 0.37711598749999997 0.48370323437499996 0.38136537812500004 0.48820545312499997 0.394496690625 0.4856689921875 0.395924765625 0.4694990484375 0.3913270640625 0.44489537031250004 0.384918146875 0.41775523124999997 0.3739115296875 0.363411540625 0.36349703906249997 0.32352568125 0.362173459375 0.31940393125 0.36147683750000004 0.3168040578125 0.36004876406249997 0.3168040578125 0.357192615625 0.3175015859375 0.35471960937499997 0.32003804687500004
0 0.38362939687500003 0.32022828125 0.38258446562500004 0.32606214375000003 0.3829327765625 0.33512999374999997 0.401776384375 0.46899175625 0.4106583078125 0.47805960625 0.42270985781250003 0.48192771093750003 0.43124346874999997 0.47805960625 0.43267154375 0.47545973437500005 0.43124346874999997 0.46385542187500006 0.42270985781250003 0.42117945468749995 0.411354928125 0.380405834375 0.3978404734375 0.32853519375 0.396273075 0.32225745156249996 0.3925113203125 0.3169942921875 0.389690003125 0.3157260625 0.3857889234375 0.3176918203125 0.38362939687500003 0.32022828125
1 0.42643678124999995 0.39422955000000004 0.4341344484375 0.46429930312499995 0.43559735312500003 0.4734305640625 0.459595959375 0.470196575 0.4504005578125 0.40500951250000006 0.43632880468749996 0.31528218125 0.435005225 0.31065313906249997 0.4296760703125 0.31065313906249997 0.425844653125 0.315535828125 0.42466039687499996 0.3230818015625 0.42643678124999995 0.39422955000000004
1 0.45653082500000003 0.30570703906249996 0.453570184375 0.3116043125 0.45297805625 0.315916296875 0.4544409609375 0.3536461640625 0.4588993375 0.43614457812499996 0.46126785156250005 0.45605580156250003 0.46363636406250003 0.466328471875 0.4701497734375 0.46144578281250004 0.4911529078125 0.453899809375 0.48819226718750003 0.41077996250000004 0.47499129218749997 0.3118579578125 0.47370254218749996 0.30570703906249996 0.4713340296875 0.301902346875 0.46865203749999995 0.3003170578125 0.45977011562500003 0.301902346875 0.45653082500000003 0.30570703906249996
1 0.5214559390625 0.3098922 0.5068965515625 0.359733671875 0.50477185625 0.42764743125000004 0.506548240625 0.4521876984375 0.5122257046875001 0.458021559375 0.523963775 0.4561192140625 0.5363984671875001 0.4612555484375 0.53497039375 0.44381737499999996 0.5360153249999999 0.425047559375 0.534238940625 0.4127457203125 0.53504005625 0.31775523125 0.5353187046875 0.310526315625 0.5338906296875 0.300190234375 0.5321142453125 0.2969562453125 0.5278648546875 0.2982878890625 0.5214559390625 0.3098922
1 0.55168930625 0.31299936562499997 0.5484848484375 0.31946734375 0.5406826890625 0.4112872546875 0.5403343781250001 0.4656309453125 0.5424590734375 0.466899175 0.5634273765625 0.47209892187499997 0.5652037625 0.463031071875 0.5644723093749999 0.4112872546875 0.561407175 0.32124286562500004 0.5605712296875 0.3155992390625 0.5598746078125 0.31299936562499997 0.557366771875 0.3103994921875 0.5548937656249999 0.3110336078125 0.55168930625 0.31299936562499997
0 0.57819575 0.36962587187499996 0.5725879484374999 0.43265694374999997 0.5702194359375 0.44667089375 0.5669453156250001 0.4504755859375 0.5669453156250001 0.45745085625000004 0.5687217 0.4644895375 0.57227446875 0.47254280312499997 0.5767328453125 0.47685478750000004 0.583838384375 0.477932784375 0.594496690625 0.47146480625000003 0.5983281093749999 0.44292961249999996 0.5992337171875 0.41972098906250005 0.599512365625 0.3744451484375 0.6045628703125 0.33348129375 0.6032392890625 0.318389346875 0.60247300625 0.31515535781250004 0.598049459375 0.3157260625 0.5939045625 0.31788205468749997 0.5894461859375 0.32485732343749996 0.57819575 0.36962587187499996
2 0.6241031 0.3366518703125 0.6193660750000001 0.3544705140625 0.611389759375 0.39004438750000003 0.6016022296875 0.4536461640625 0.6025078374999999 0.46816740625 0.6039707421875 0.4784400765625 0.606652734375 0.48218135625 0.6134447921875 0.484908053125 0.6226401953125 0.4838300578125 0.6279693484375 0.476284084375 0.6264716124999999 0.446100190625 0.6261929640624999 0.39004438750000003 0.6321142453124999 0.3490805328125 0.6311738078125 0.3351934046875 0.6309299890625 0.32910589687499997 0.6309299890625 0.32536461562499996 0.6297457328125 0.3242866203125 0.62765586875 0.325871909375 0.6241031 0.3366518703125
2 0.6572622781249999 0.3455294859375 0.6515848140625 0.348763475 0.6405781953125 0.3901712109375 0.629571578125 0.4697526953125 0.630616509375 0.4807228921875 0.6388018109375 0.48395687968749995 0.64695228125 0.48268864999999994 0.6544409609375 0.47362079843749993 0.6683733890625 0.3615091953125 0.6690003484375 0.353963221875 0.6677464296875 0.3502853515625 0.6661442 0.348129359375 0.66259143125 0.3455294859375 0.6572622781249999 0.3455294859375
3 0.6841866953125 0.41116043125 0.681365378125 0.42016487031249994 0.6788575406249999 0.42276474375 0.676036225 0.42339885781250003 0.6742598390625 0.41693088125 0.677812609375 0.38395687968750003 0.6767328453125 0.3729866828125 0.6749564609375 0.37038681093750003 0.6735283875 0.37038681093750003 0.6664228484375 0.3897907421875 0.6532915359375 0.46030437500000004 0.652560084375 0.4790741921875 0.657192615625 0.4880786296875 0.663218390625 0.490678503125 0.672831765625 0.4926442609375 0.6849181468750001 0.49847812343750003 0.6888192265625 0.49327837656250006 0.6930686171875 0.462206721875 0.6984674328125 0.37089410312500004 0.6983977703125 0.36455294843749997 0.693416928125 0.3632847171875 0.6895158484375 0.3677869375 0.68561476875 0.39042485781249997 0.6841866953125 0.41116043125
3 0.6990595609375 0.44280279062499994 0.6944618593749999 0.4868104 0.7004876343750001 0.49587824999999996 0.7058167890625 0.5017121109375 0.7129223265625 0.5042485734375 0.722152559375 0.5023462265624999 0.7310344828125 0.49847812343750003 0.7374434 0.48554216875 0.736015325 0.45707038750000006 0.736015325 0.442168675 0.7491466390625 0.40209258124999997 0.755903865625 0.37235256875 0.7466736328125 0.37558655625 0.7374434 0.38719086875 0.720027865625 0.41889663906249996 0.7119122250000001 0.37647431875000004 0.7088470921875001 0.3674698796875 0.7064437484375 0.3608750796875 0.7004876343750001 0.38268865 0.6990595609375 0.42086239687500004 0.6990595609375 0.44280279062499994