4 0.65409004375 0.246534309375 0.6518072296875 0.24409613437500002 0.6455294859375 0.2435736671875 0.636588459375 0.24531522187500002 0.610082434375 0.264576803125 0.5660748250000001 0.2815743640625 0.55168040625 0.28899338281250003 0.5480659484375 0.29244165781250003 0.548953709375 0.296865203125 0.553899809375 0.2995820265625 0.5660748250000001 0.30355276875000003 0.5660748250000001 0.3072448625 0.5700697531250001 0.3104493203125 0.5871274578125 0.317345871875 0.5862396953125 0.3250087078125 0.5948002531250001 0.32675026093750004 0.6024096390625 0.32748171406250004 0.6091946734375 0.32476489062499997 0.6172479390625 0.3195750609375 0.6271401390625 0.31438523125 0.66981610625 0.2761407171875 0.6828154718749999 0.26579589062500003 0.6927076734375001 0.254684778125 0.6760938484375 0.2598746078125 0.6361445781249999 0.2781260890625 0.629803425 0.27986764218750004 0.6271401390625 0.2781260890625 0.627520609375 0.2755137578125 0.629803425 0.273946359375 0.64508560625 0.263322884375 0.6513633484375 0.25593869687500004 0.654533925 0.2485196796875 0.65409004375 0.246534309375
2 0.7135066578125 0.3937304078125 0.70703868125 0.3855799375 0.6863031078125 0.380250784375 0.6106531390625001 0.380250784375 0.5672796453125 0.3773946359375 0.5615091953125 0.3791710203125 0.5472415984375 0.3916057125 0.544007609375 0.3972831765625 0.548573240625 0.406548240625 0.5569435640625 0.4086729359375 0.5601775515625 0.4086729359375 0.5776791375 0.40794148437500005 0.6526949906249999 0.4015673984375 0.710906784375 0.39871124999999996 0.7135066578125 0.3937304078125
2 0.7121116046875 0.43183559687499995 0.67641090625 0.4237199578125 0.622067215625 0.4164750953125 0.57476220625 0.4071055375 0.552251109375 0.4032741203125 0.545275840625 0.4045280390625 0.53512999375 0.4075235109375 0.5312618890625 0.4122257046875 0.53430564375 0.4280738421875 0.5367152828124999 0.430128875 0.5460367781250001 0.43183559687499995 0.5646797718750001 0.4305468484375 0.6850982875 0.4347265765625 0.7121116046875 0.43183559687499995
0 0.7066582125 0.45099268593749997 0.7083069125 0.44834552343749995 0.7061509187499999 0.44538488281250005 0.6953709578125 0.443887146875 0.6247305015625 0.442702890625 0.5438807859375 0.4365029609375 0.5374128093749999 0.439150121875 0.5293595437499999 0.44538488281250005 0.5233988578125001 0.4521769421875 0.5228915656249999 0.4551375828125 0.5244768546875 0.4586903515625 0.526632846875 0.45900383125 0.6005072921875 0.4580982234375 0.6889029796874999 0.4554510625 0.7023462265625 0.4533611984375 0.7066582125 0.45099268593749997
1 0.670006340625 0.46934865937500003 0.66734305625 0.4684778828125 0.5692454031249999 0.4649251125 0.528281546875 0.4625566 0.5261255546875 0.46374085625 0.5239695625 0.46638801875 0.5228915656249999 0.46966213906250004 0.5223208625 0.474085684375 0.525047559375 0.480006965625 0.5272035515625 0.4809125734375 0.5384908046875 0.4809125734375 0.666772353125 0.47380703593750007 0.6716550406249999 0.47143852343750003 0.670006340625 0.46934865937500003
1 0.67647431875 0.490386625 0.6748890296875001 0.4882967609375 0.6570703875 0.4859282484375 0.530754596875 0.48279345156250003 0.530754596875 0.4949146640625 0.5315155359375 0.5001393249999999 0.548763475 0.5001393249999999 0.6570703875 0.49421804218750004 0.6743183265625 0.4930337859375 0.67647431875 0.490386625
1 0.6399492703125 0.5141762453125 0.6471781859375 0.5124695234375001 0.6512365250000001 0.5102403343749999 0.6521242859374999 0.5082549640625 0.65168040625 0.5067920578125 0.5424857328125 0.501846046875 0.534876346875 0.5026123296875 0.53265694375 0.5043190531249999 0.533100825 0.5058167890624999 0.5375396328125001 0.5102403343749999 0.535764109375 0.5136886109375001 0.530818009375 0.518634621875 0.6399492703125 0.5141762453125
1 0.679518071875 0.5316962734375 0.6579581484375 0.524799721875 0.6256182625 0.5230581671875 0.5290424859375 0.5208638109375 0.5285986046875 0.526541275 0.53183259375 0.534413096875 0.53265694375 0.5373737375000001 0.5339885859375 0.5408220125 0.56987951875 0.5381400203125 0.6480659484375 0.5339254609374999 0.679518071875 0.5316962734375
0 0.692390615625 0.5576802515625 0.7094483203124999 0.554231975 0.7216233359374999 0.548798328125 0.5882054531249999 0.5428770468749999 0.5334178828125 0.545106234375 0.532466709375 0.5468477875 0.5334178828125 0.5485545109375 0.54337349375 0.56025775 0.546861128125 0.563357715625 0.5509194671875 0.5640891671875 0.5603677874999999 0.5640891671875 0.603931515625 0.5628700796875 0.692390615625 0.5576802515625
2 0.7083703234375001 0.5769418328125 0.6958148390625001 0.5717520031250001 0.6670894109375001 0.5675722750000001 0.6095751421875 0.5670846390625 0.569625871875 0.5648554515625 0.561953075 0.5650992687499999 0.55656309375 0.5663531875000001 0.55161699375 0.5698014625 0.548509828125 0.5732497390625 0.5448953703125 0.580633925 0.5563094484375 0.590978753125 0.5601775515625 0.593974225 0.5632847171875001 0.594705678125 0.5709575140625 0.594461859375 0.6082435 0.5907697671875 0.7083703234375001 0.5769418328125
2 0.7222574515625 0.6098920234375 0.7206087515624999 0.6081156390625 0.7082435 0.6036572625 0.668357640625 0.5992337171875 0.6235890937499999 0.5950888187500001 0.5729232718749999 0.58798328125 0.5670259984375 0.589759665625 0.56322130625 0.596273075 0.5545973359375 0.603065134375 0.5545973359375 0.606025775 0.563474953125 0.6195402296875 0.565948003125 0.6220132359375 0.5718452765625 0.6231974921875 0.7173747625 0.6140369203125 0.7222574515625 0.6116684078125 0.7222574515625 0.6098920234375
3 0.6842739375 0.676523859375 0.6271401390625 0.6528387328125 0.6098922 0.6478230578125 0.5969562453124999 0.647509578125 0.591566265625 0.6510623468750001 0.591566265625 0.6569836296875 0.5926442609375 0.659665621875 0.5883322765625 0.6626262625 0.5775523140625001 0.6732845703125 0.5786303109375 0.6800766281249999 0.5721623328125001 0.6871821671875 0.5721623328125001 0.6936955765625 0.5829422953125001 0.6996168578125 0.6120481921875001 0.7058516203125 0.6459733671875 0.7141414140625 0.70367786875 0.7298153953125001 0.7069118578125 0.727168234375 0.7069118578125 0.7230233375 0.70044388125 0.7153256703124999 0.6713379828125 0.6990247296875001 0.665948003125 0.6925113203125 0.664299303125 0.6888540578125 0.662143309375 0.684221525 0.7246670890625 0.7046673640625001 0.7273937859374999 0.7019853703125001 0.7203551046875 0.6942877046875 0.6842739375 0.676523859375
3 0.4159797078125 0.7257401609375 0.43107165468749997 0.7251480328125 0.48554216875 0.71922675 0.5140773624999999 0.723371646875 0.5302473046875 0.7230581671875 0.5410272671875 0.721003134375 0.5512999359374999 0.7135841171874999 0.552885225 0.7070707078125 0.55827520625 0.7002786484375 0.5593532015625 0.6967258796875 0.5518072296875001 0.686067571875 0.5491439437500001 0.6792406828125 0.5410272671875 0.67836990625 0.5367152828124999 0.6756879140625001 0.5286620171874999 0.6748171375 0.475840203125 0.6857540921874999 0.43811033593750004 0.6898989906249999 0.4165504125 0.6961337515625 0.40412175 0.7014629046875 0.40361445781249994 0.70588645 0.40577045 0.7073841859375001 0.41223842812499994 0.7088470921875001 0.4213696890625 0.7067920578125 0.439695625 0.69996516875 0.44831959374999997 0.6990943921875 0.4569435640625 0.7002786484375 0.46074825625000004 0.7026471609375 0.459670259375 0.706478578125 0.444007609375 0.71330546875 0.42022828125 0.7190525953125 0.4170577046875 0.719818878125 0.4116677234375 0.7218739109375 0.41116043125 0.7236502953125 0.4116677234375 0.724834553125 0.4159797078125 0.7257401609375
3 0.5014584656250001 0.681435040625 0.5014584656250001 0.6731452453125 0.4993024734375 0.6654475796875 0.442168675 0.6603970734375 0.432276475 0.661964471875 0.42866201718749997 0.6630790671875 0.430818009375 0.6648554515625 0.43677869375 0.6672239640625001 0.47178186406249994 0.6761058859375 0.5014584656250001 0.681435040625
2 0.39048826875 0.647056775 0.42498414687499997 0.642633228125 0.49340520000000004 0.6373040750000001 0.52523779375 0.6373040750000001 0.5306277749999999 0.63375130625 0.5327837671875 0.6085684437500001 0.527901078125 0.602960640625 0.51445783125 0.600592128125 0.49936588437499996 0.602960640625 0.47888395624999996 0.607976315625 0.3863031078125 0.6358063390625001 0.3818643 0.6383838390625 0.37970830625 0.6423197484375 0.3818643 0.645280390625 0.38560557968750003 0.647056775 0.39048826875 0.647056775
2 0.3777425484375 0.6146638796875 0.395688015625 0.613932428125 0.45637285937499994 0.60849878125 0.513823715625 0.6082549640625 0.5201014578125001 0.606025775 0.5223842734375 0.60111459375 0.5178820546875 0.5956809468750001 0.5214965125 0.5865552078125 0.52105263125 0.5803901078125 0.5129359546875001 0.5759317312500001 0.498985415625 0.5747126437500001 0.4783766640625 0.5747126437500001 0.45453392499999995 0.5803901078125 0.4289156625 0.5890282124999999 0.37279644843750004 0.6033089515625 0.3705770453125 0.604319053125 0.369181990625 0.607767328125 0.3705770453125 0.6117032390625 0.37279644843750004 0.613200975 0.3777425484375 0.6146638796875
0 0.3343690546875 0.582584465625 0.3379201015625 0.583594565625 0.34825618281250004 0.58310693125 0.403551046875 0.583594565625 0.4529486359375 0.582584465625 0.49961953125 0.580633925 0.50951173125 0.576419365625 0.511794546875 0.5727272734375 0.506404565625 0.5660745390625 0.4933417875 0.553500521875 0.47901077968749994 0.5527342390625 0.45206087500000003 0.5569487984375 0.40171211093750003 0.563357715625 0.3536461640625 0.572169975 0.3424223203125 0.5742946703125 0.3374762203125 0.5759317312500001 0.3343690546875 0.5784047375 0.3329740015625 0.5808777421875 0.3343690546875 0.582584465625
1 0.3966391890625 0.5520724484375 0.45161699375 0.5517938 0.4790741921875 0.55060954375 0.49150285312499997 0.5479275515625 0.5038681046875 0.54350400625 0.5044388078125001 0.5369905953125 0.5001268234375 0.53016370625 0.48934686093749996 0.5292929296875 0.45377298593750004 0.5337164750000001 0.40684844687500005 0.5343086031250001 0.389093215625 0.5378613718749999 0.370069753125 0.5425287359375 0.3653772984375 0.5443747828125 0.36322130625 0.5455590390625 0.36265060312499997 0.5497039359375 0.37019657499999997 0.5514803203125 0.3966391890625 0.5520724484375
1 0.3499048828125 0.5238941140625 0.353963221875 0.524625565625 0.48148382968750003 0.5263322890625 0.48960050781250003 0.525844653125 0.49410272656250004 0.5243817484375 0.49587824999999996 0.5201671890624999 0.49765377343750006 0.5021595265625 0.49454660781250004 0.5002089859375001 0.488268865625 0.49871125000000005 0.451426759375 0.499442703125 0.3943563734375 0.5051201671875 0.353519340625 0.511529084375 0.351236525 0.51205155 0.34673430625 0.514002090625 0.3449587828125 0.5172065484374999 0.3449587828125 0.519923371875 0.3499048828125 0.5238941140625
1 0.3599873171875 0.4797283171875 0.3658211796875 0.48220132343750005 0.382435003125 0.48463949843750004 0.48934686093749996 0.4903169625 0.49695624531249993 0.48934169218749995 0.4982878890625 0.4871125046875 0.4933417875 0.46959247656249997 0.49156626562500005 0.46638801875 0.4848446421875 0.4649251125 0.41071654999999996 0.4636711953125 0.35504121718750004 0.4646812953125 0.3532022828125 0.46516893125000003 0.35053899843749997 0.46788575468750004 0.35053899843749997 0.470602578125 0.351870640625 0.4725531171875 0.3599873171875 0.4797283171875
1 0.3502853515625 0.45475444062500003 0.4311350671875 0.45771508125000004 0.479137603125 0.46185997968750003 0.4904248578125 0.46185997968750003 0.496892834375 0.4485545109375 0.4953075453125 0.44528039062499997 0.47641090625000004 0.44054336406249994 0.4397590359375 0.4393591078125 0.3934052 0.4423197484375 0.3490805328125 0.4461511671875 0.344388078125 0.4467781265625 0.341154090625 0.44914663906249996 0.341154090625 0.451201671875 0.343817375 0.4532915359375 0.3502853515625 0.45475444062500003
0 0.394863665625 0.424834553125 0.4735573875 0.43873214843749997 0.4837666453125 0.43845349999999994 0.5031705765625001 0.4266109375 0.508053265625 0.419784046875 0.50697526875 0.41476837343749995 0.5005072921875 0.4123998609375 0.48757133750000003 0.4106234765625 0.46277742499999996 0.41121560468749996 0.4110336078125 0.40853361250000003 0.36410906718749997 0.41090212499999995 0.361953075 0.41208638124999997 0.361953075 0.4153605015625 0.363601775 0.4165447578125 0.371655040625 0.41919191875 0.394863665625 0.424834553125
2 0.38738110312499996 0.365621734375 0.3944831953125 0.36774642968750004 0.4527584015625 0.37823058125000003 0.506404565625 0.385510275 0.5193405203125 0.38481365312500004 0.5244768546875 0.38195750624999997 0.5290424859375 0.3745036578125 0.5290424859375 0.3684778828125 0.5244768546875 0.3588645078125 0.52194039375 0.356043190625 0.5096385546875 0.3546151171875 0.4957514265625 0.354789271875 0.44882688593750003 0.35921281718750003 0.4006975265625 0.36036224375 0.39384908125 0.36029258125 0.38738110312499996 0.3599442703125 0.3841471140625 0.3606408921875 0.3841471140625 0.3627655875 0.38738110312499996 0.365621734375
3 0.473811034375 0.3142110765625 0.4625237796875 0.30532915312500003 0.45605580156250003 0.2990943921875 0.4905516796875 0.304144896875 0.496448953125 0.304144896875 0.507228915625 0.3008707765625 0.5180088781250001 0.2943573671875 0.5201648703124999 0.2911180765625 0.519657578125 0.2887495640625 0.5093849078125 0.28784395625000003 0.47165504062499997 0.28784395625000003 0.446861128125 0.2908045984375 0.4409638546875 0.2931731109375 0.438237159375 0.2973180078125 0.438237159375 0.301776384375 0.439885859375 0.30679205781249996 0.44254914375 0.309160571875 0.4558655671875 0.3147683734375 0.4615091953125 0.3178683390625 0.46525047500000005 0.3192964125 0.47222574531249994 0.32072448593749997 0.477045021875 0.319818878125 0.473811034375 0.3142110765625
3 0.6623335453125 0.75409265 0.6500951171875 0.7479623828124999 0.6308814203125 0.73963775625 0.6308814203125 0.7390107968749999 0.636398225 0.73740856875 0.6526949906249999 0.74106583125 0.6593532015625 0.751236503125 0.6712111609375 0.7585510281250001 0.6856689921875 0.7553117375 0.6871274578125 0.7483803546875001 0.673811034375 0.7353535359375 0.610145846875 0.703030303125 0.5890298031250001 0.698328109375 0.5775523140625001 0.6989550671875 0.5641724796875 0.7203065140625 0.5526949906249999 0.7357715078125 0.5575142671875 0.74207593125 0.5671528218749999 0.74573319375 0.5908687375 0.7485893421875 0.6178820546875 0.7538836640625 0.6190234625000001 0.754684778125 0.6426759671875 0.764437478125 0.6604946093749999 0.7636363640625 0.66899175625 0.7601880875 0.6623335453125 0.75409265