3 0.275235109375 0.5096385546875 0.280181121875 0.506404565625 0.2851619640625 0.500570703125 0.29261581406250003 0.50126823125 0.30613026875 0.48833227656249995 0.3093347265625 0.47603043749999996 0.3100313484375 0.45922637968749996 0.29157088125 0.3977805953125 0.2695228140625 0.35827520625 0.2652734234375 0.35313887187500004 0.2634970390625 0.3544071015625 0.26384535 0.3647431828125 0.26847788281249996 0.386112871875 0.2757227453125 0.4133164234375 0.2748519671875 0.42143310156249997 0.26893068593749997 0.42409638593750004 0.2650644375 0.4230183890625 0.262103796875 0.41547241562500004 0.2539184953125 0.3899809765625 0.23932427656250002 0.3615091953125 0.2411006625 0.39258085 0.2503657265625 0.43075459687500006 0.2581678859375 0.45599239062499997 0.2606408921875 0.48516170000000003 0.26102403281250003 0.49086873750000004 0.2641936609375 0.49733671562500004 0.26882619218750003 0.50450221875 0.271682340625 0.5077362078125 0.275235109375 0.5096385546875
2 0.3950539875 0.46284083750000005 0.36266109375 0.31071655 0.36053639843749996 0.3184527578125 0.360954371875 0.36892834531249996 0.3652734234375 0.4206721625 0.36823406406250003 0.4724159796875 0.37119470625 0.4864299296875 0.37593173125 0.49397590312500006 0.381260884375 0.49904882656250005 0.38310693125 0.49695624531249993 0.38780912500000003 0.492327203125 0.3950539875 0.48300570781249996 0.3971786828125 0.4752694984375 0.3950539875 0.46284083750000005
2 0.422396378125 0.47812301875 0.42358063437500004 0.473303740625 0.42298850625 0.4597970828125 0.41793800000000003 0.44311984843749996 0.4040404046875 0.37089410312500004 0.39752699375 0.30348763437500004 0.3948450015625 0.2986683578125 0.3930686171875 0.29974635312500003 0.3883315921875 0.3417882046875 0.3918843609375 0.39296131875 0.39662138593749996 0.47761572656249995 0.401671890625 0.4862396953125 0.40936955781249995 0.49213696875 0.41055381406249997 0.49270767343750005 0.4117380703125 0.49270767343750005 0.416161615625 0.48890297968749996 0.4197143859375 0.48135700625 0.422396378125 0.47812301875
0 0.43559735312500003 0.29422955 0.428352490625 0.2864933421875 0.425774990625 0.29422955 0.420027865625 0.3455294859375 0.42061999375000003 0.3665821171875 0.42800417968750004 0.4409638546875 0.436886103125 0.4765377296875 0.44507140312500004 0.49220038125 0.44709160625 0.496068484375 0.4513758265625 0.4867469875 0.4539184953125 0.447939125 0.4445489375 0.3509194671875 0.43559735312500003 0.29422955
1 0.47032392968750003 0.41616994218750003 0.46534308593749996 0.315916296875 0.463218390625 0.3126823078125 0.45858585781250005 0.3152187703125 0.4557297109375 0.3230183890625 0.45433646875000006 0.364426125 0.45663531874999996 0.4412809125 0.4563218390625 0.4611921375 0.458411703125 0.48059606875 0.4628352484375 0.48440076093749995 0.4696969703125 0.48211794531249996 0.472796934375 0.4808497140625 0.4756530828125 0.479518071875 0.477046325 0.47501585312500005 0.4756530828125 0.45497780624999995 0.47032392968750003 0.41616994218750003
1 0.478787878125 0.30082434999999996 0.47558342031249995 0.30279010781250004 0.47523510937499996 0.31116043125 0.47701149374999996 0.34673430625 0.47767328437499995 0.41464806562499995 0.47944966874999995 0.47774254843749997 0.49143155624999996 0.47317691875 0.49442702968749996 0.4715916296875 0.495855103125 0.4702599875 0.496900034375 0.467723525 0.4841170328125 0.3072923265625 0.478787878125 0.30082434999999996
1 0.5020898640625 0.2951173109375 0.4985370953125 0.292390615625 0.49644723125 0.29619530781250003 0.495262975 0.30640456562499996 0.5003134796875 0.383513 0.5003134796875 0.42929613125 0.4985370953125 0.445466075 0.4985370953125 0.4702599875 0.50355276875 0.476220671875 0.505329153125 0.476220671875 0.5074190171875 0.474571971875 0.5103796593750001 0.4702599875 0.5159874609374999 0.4702599875 0.5183559734375 0.4697526953125 0.5106583078125 0.38617628437499996 0.5050505046875 0.3042485734375 0.5020898640625 0.2951173109375
1 0.5327412046875 0.37387444531249997 0.522361546875 0.30107799687500003 0.517938 0.2934686109375 0.5152211765625 0.2939124921875 0.5129919890625 0.29974635312500003 0.513967259375 0.320862396875 0.5196447234375 0.367596703125 0.5208986421875 0.418769815625 0.5201323578125 0.44527584062500003 0.5208986421875 0.4735573875 0.5221177296875 0.475840203125 0.523615465625 0.47672796406250006 0.53740856875 0.476284084375 0.53841866875 0.4748890296875 0.539150121875 0.47222574531249994 0.539881575 0.4636651875 0.53841866875 0.43944197812499997 0.5327412046875 0.37387444531249997
0 0.5569487984375 0.30291693125 0.5533960296875 0.282815471875 0.5473702546875 0.279581484375 0.5431208640625 0.293214965625 0.541692790625 0.313887128125 0.5418669453125 0.3873176921875 0.54458376875 0.47178186406249994 0.5485196796875 0.4834495875 0.55419714375 0.48883956875 0.5564263328125 0.48928345 0.5613375125 0.48795180781249997 0.565517240625 0.4790741921875 0.564541971875 0.4806594796875 0.5672239640625001 0.475840203125 0.567990246875 0.45814838281250003 0.5640543359375 0.3850348765625 0.5569487984375 0.30291693125
2 0.5990943921875 0.4313887125 0.5961337515625 0.357006975 0.5943573671875 0.2901712109375 0.5908045984375 0.2842105265625 0.5857540921875 0.2842105265625 0.582514803125 0.29714648125 0.5739115296875 0.42219403906249997 0.5712643671875 0.446480659375 0.5721351453125 0.4674698796875 0.5739115296875 0.47178186406249994 0.5768721703125 0.47178186406249994 0.5810170671875 0.4782498421875 0.5857540921875 0.48040583437500006 0.5890282124999999 0.4788205453125 0.5961337515625 0.46962587187500004 0.597004528125 0.4674698796875 0.5985022640625 0.4648065953125 0.6002786484375 0.458845909375 0.6002786484375 0.44590995624999996 0.5990943921875 0.4313887125
2 0.624555903125 0.3090044390625 0.6162661093749999 0.28693722187500004 0.6121212125 0.28693722187500004 0.6106234765624999 0.2901712109375 0.6121212125 0.2993024734375 0.6135841171874999 0.3343690546875 0.6073841859375 0.370450221875 0.601741553125 0.4275840203125 0.5973180078125 0.44051997500000006 0.5961337515625 0.455611921875 0.5979101359375 0.46531388749999997 0.6008707765625 0.46962587187500004 0.6058864500000001 0.47178186406249994 0.6091605718750001 0.4798985421875 0.6127133406249999 0.48363982187500004 0.6171368859374999 0.4782498421875 0.624834553125 0.47235256875 0.6257401609375 0.47070386875 0.6281086734375 0.4669625875 0.6287008015625 0.43944197812499997 0.6287008015625 0.351046290625 0.624555903125 0.3090044390625
3 0.6978404734375 0.35409004374999997 0.6978404734375 0.345466075 0.6931034484375 0.33842739375 0.68927203125 0.3368421046875 0.6833507484375 0.34331008281250003 0.6715081859375001 0.36487000625 0.6634970390625 0.4009511734375 0.6611285265625 0.403107165625 0.657297109375 0.40367786875 0.652560084375 0.40259987343750003 0.652560084375 0.39720989218749997 0.6557993734374999 0.38858592187499996 0.667955415625 0.3502853515625 0.667955415625 0.341154090625 0.666771159375 0.3346861125 0.6634970390625 0.3336081171875 0.6516544765625001 0.33899809687500004 0.6356670156249999 0.37723525625 0.6303378609375 0.403107165625 0.6285614765624999 0.4203551046875 0.6265064437500001 0.43062777499999993 0.6208638109375 0.43760304375 0.619993034375 0.454343690625 0.6238244515625 0.46994292968750007 0.6309299890625 0.47856689843750005 0.6342041093749999 0.477488903125 0.6371647515625 0.4726696265625 0.6442702890625001 0.4677869375 0.6569836296875 0.46670894062499996 0.6623127828125 0.4727330375 0.6652734234375 0.47641090625000004 0.67001045 0.4769816109375 0.6753396031250001 0.44787571406250004 0.6907349359375 0.379961953125 0.6978404734375 0.35409004374999997
3 0.7285614765624999 0.4228281546875 0.7473702546875 0.36594800312500003 0.7491466390625 0.355611921875 0.7477533953125 0.351046290625 0.735667015625 0.35428027968750003 0.713200975 0.407609384375 0.70964820625 0.40894102656250003 0.7021595265625 0.40374128125000003 0.7093695578125 0.3717818640625 0.726053640625 0.3271401390625 0.72535701875 0.3206721625 0.71682340625 0.3135700703125 0.7065134093750001 0.31743817343749997 0.7026123296875 0.3271401390625 0.68913270625 0.386620165625 0.672762103125 0.46556753281249996 0.675269940625 0.479137603125 0.6816440265625 0.48883956875 0.6919540234375 0.49467343125 0.6990595609375 0.49467343125 0.7026123296875 0.4901078 0.7129223265625 0.49790741875 0.715047021875 0.49790741875 0.7179031703125001 0.4972098921875 0.72180425 0.49270767343750005 0.7271334031250001 0.47393785624999996 0.7285614765624999 0.4228281546875
3 0.7761755484374999 0.4228281546875 0.7854057812499999 0.3892200375 0.785057471875 0.3833861765625 0.7815047015625 0.3801521875 0.7786485546875 0.3827520609375 0.7665621734375 0.4325301203125 0.7623127828125 0.444831959375 0.7473702546875 0.445466075 0.7473702546875 0.44292961249999996 0.7520027859375 0.42606214375 0.7623127828125 0.40215599218750003 0.776523859375 0.37691819843749996 0.7750957859375001 0.3710843375 0.7701149421875 0.370450221875 0.7573319406250001 0.380786303125 0.745245559375 0.400190234375 0.7292580984375 0.46556753281249996 0.7303378609375 0.4842739375 0.7335423203125 0.49074191562499997 0.7377917109375 0.49397590312500006 0.743469175 0.49594166093750003 0.752351096875 0.4953075453125 0.7580285609375 0.4972098921875 0.761964471875 0.49467343125 0.765517240625 0.49790741875 0.7665621734375 0.49790741875 0.7708463953125 0.49467343125 0.774016021875 0.48750792656249997 0.7761755484374999 0.463601775 0.7761755484374999 0.4228281546875
2 0.6540578203125 0.6420418515625 0.6537095093749999 0.5902980343750001 0.654754440625 0.5249207359375 0.6558342046875001 0.49714648125 0.6537095093749999 0.491946734375 0.651201671875 0.4880786296875 0.6433995125 0.482878884375 0.6412748171875 0.4842105265625 0.639115290625 0.4842105265625 0.6366422843749999 0.4868104 0.63239289375 0.4842105265625 0.6266805984375 0.487444515625 0.622431209375 0.502282815625 0.623510971875 0.5204185156250001 0.6270637406249999 0.5327203546875 0.6298850578125 0.5598604953125 0.63733890625 0.6523779328125 0.638070359375 0.65497780625 0.6430512015625001 0.6575142671875 0.6455242078125 0.6575142671875 0.648728665625 0.6530120484374999 0.6540578203125 0.6420418515625
2 0.624555903125 0.6298668359375 0.624555903125 0.5735573875 0.6270637406249999 0.5231452125 0.6263322890625 0.5037412812500001 0.621003134375 0.49467343125 0.6082201328125 0.48947368437499994 0.605363984375 0.49790741875 0.598258446875 0.49917565 0.5925809828124999 0.5037412812500001 0.588679903125 0.51857958125 0.5911529078125 0.54254914375 0.6004179734374999 0.587824984375 0.607871821875 0.6596068484375001 0.6082201328125 0.6608750796875 0.6106931375 0.6648065953125 0.613897596875 0.6654407109375 0.619958203125 0.6628408375 0.624555903125 0.6298668359375
0 0.5863462203124999 0.6784400765624999 0.58920236875 0.67647431875 0.591675375 0.6713379828125 0.5934517593749999 0.6616360171875 0.5963079062500001 0.5361445781249999 0.5966562171875001 0.500570703125 0.5881226046875 0.487000634375 0.577812609375 0.488268865625 0.5756879140625 0.496068484375 0.568582375 0.5102726703125 0.5629049109375 0.5374128093749999 0.5678857546875 0.580786303125 0.57342389375 0.650982878125 0.57356321875 0.6570703875 0.5742598390625 0.6622701328125 0.5795889937500001 0.675840203125 0.5834900734375 0.6784400765624999 0.5863462203124999 0.6784400765624999
1 0.5509230234375 0.6578947375 0.553744340625 0.6514267593749999 0.5566004875 0.6410272671875 0.563357715625 0.60291693125 0.567955415625 0.52853519375 0.5640543359375 0.505199746875 0.5587251828124999 0.49873176875 0.5494949499999999 0.49873176875 0.545210728125 0.505199746875 0.542737721875 0.523335446875 0.5420759312500001 0.6465440703125 0.5420410999999999 0.65332910625 0.5423894109375 0.6591629671875 0.54343434375 0.6604311984375 0.547718565625 0.6597970828124999 0.5509230234375 0.6578947375
1 0.525949146875 0.6760304374999999 0.5321839078124999 0.6658211796875 0.5360153249999999 0.6313253015625 0.5369209328125 0.574191503125 0.5369209328125 0.5100190234374999 0.534238940625 0.5008877609375 0.5262626265625 0.498161065625 0.507314525 0.5019657578125 0.507314525 0.5181357 0.5084987812499999 0.550982878125 0.5096830375 0.5720355109375 0.513827934375 0.62105263125 0.5157784750000001 0.665123653125 0.516196446875 0.671718453125 0.516788575 0.6798351296875 0.5182514796875 0.6809131265625 0.52180425 0.680342421875 0.525949146875 0.6760304374999999
1 0.488575409375 0.6684844640625001 0.49177986718750005 0.665250475 0.494601184375 0.6580849718749999 0.4992337171875 0.6303107171875 0.501706721875 0.5694990484375 0.5045628703125 0.5164235890625 0.502438175 0.5009511734375 0.48181818125 0.498985415625 0.47471264375000005 0.49961953125 0.47436433281249996 0.5067216234374999 0.475409265625 0.5410272671875 0.477568790625 0.57723525625 0.47990247343750003 0.6480025359375 0.480041796875 0.6535827515625 0.48039010781249997 0.6600507296875 0.48251480312500006 0.6658845906249999 0.48571926093749995 0.6684844640625001 0.488575409375 0.6684844640625001
1 0.463218390625 0.6766011421875 0.469174503125 0.664235890625 0.4712991984375 0.6525681671875 0.4742946703125 0.60209258125 0.47175200312500004 0.549334178125 0.46788575468750004 0.5019657578125 0.4610936953125 0.4996829421875 0.45043538906249997 0.504311984375 0.44656913906250006 0.5136334812500001 0.44702194375 0.5407736203125 0.45043538906249997 0.593595434375 0.4533960296875 0.662650603125 0.4533960296875 0.660304375 0.4538140015625 0.6750792640625 0.454684778125 0.6812935953125 0.457227446875 0.6812935953125 0.463218390625 0.6766011421875
0 0.4473354234375 0.65573874375 0.44987809062500006 0.6433100828125 0.44817136875 0.54007609375 0.4447579234375 0.5191502859375 0.43538836718749996 0.5082435000000001 0.43239289375 0.50126823125 0.42643678124999995 0.4974001265625 0.42173458750000004 0.498161065625 0.41577847500000004 0.5098287890625001 0.41365377968750006 0.5221940390625 0.42048066874999995 0.568801521875 0.4264716125 0.65409004375 0.4285614765625 0.6634749531249999 0.4285614765625 0.664235890625 0.4340996171875 0.6658211796875 0.44092650625 0.664235890625 0.4473354234375 0.65573874375
2 0.4080459765625 0.67311350625 0.4104144890625 0.66987951875 0.41365377968750006 0.650982878125 0.413967259375 0.6192136968749999 0.412504353125 0.5124286625 0.39289446250000004 0.52022828125 0.39035179375 0.5388078625 0.3924764890625 0.5939124921875 0.3941832109375 0.6094483203125 0.397109021875 0.6606848453125 0.3973876703125 0.666074825 0.398850575 0.6736207984375 0.4012190875 0.6752694984375001 0.40477185625 0.6752694984375001 0.4080459765625 0.67311350625
2 0.37415534687499996 0.6677869375000001 0.3876349703125 0.5655675328124999 0.39049111875000003 0.5145212421875 0.38906304375 0.5015852890625 0.38516196406250003 0.49961953125 0.3773598046875 0.5028535187500001 0.3695228140625 0.4957514265625 0.363148728125 0.49765377343750006 0.35816788593750004 0.50412175 0.356043190625 0.5151553578125 0.3588645078125 0.55332910625 0.359595959375 0.594039315625 0.358516196875 0.66905516875 0.3588645078125 0.67228915625 0.3606408921875 0.6755231453125 0.36774642968750004 0.6748890296875001 0.370602578125 0.6729866828125 0.37415534687499996 0.6677869375000001
3 0.3474050859375 0.6421052625 0.3516544765625 0.5715916296875 0.357331940625 0.529549778125 0.358411703125 0.49911223906249996 0.3491814703125 0.48687381093750004 0.3413444796875 0.49074191562499997 0.3353187046875 0.4972098921875 0.32466039687500003 0.49074191562499997 0.3207593171875 0.4920101453125 0.3154301640625 0.49980976562499996 0.31435040000000003 0.5159797078125 0.3172065484375 0.548953709375 0.3154301640625 0.5760938484375 0.31435040000000003 0.629169309375 0.3182514796875 0.63430564375 0.32041100624999996 0.632403296875 0.3228840125 0.6278376671875 0.3243120859375 0.61946734375 0.3243120859375 0.6025998734375 0.32657610625 0.5665821171875 0.3304423546875 0.5628408375 0.33281086718749997 0.5649968296875 0.3339951234375 0.5693088140625 0.3353187046875 0.6360811671875 0.3353187046875 0.6421052625 0.3374434 0.65244134375 0.34099616875 0.653075459375 0.342772553125 0.65244134375 0.3474050859375 0.6421052625
3 0.26516893124999996 0.5174381734375 0.25656565625 0.50126823125 0.249878090625 0.5022194046874999 0.241483803125 0.5300570703124999 0.24322535625000002 0.561953075 0.2504353890625 0.6176918203125 0.2575409265625 0.6478757140625 0.2531522125 0.5872542796875 0.252943225 0.57805960625 0.2566004875 0.5760938484375 0.259630790625 0.6205453390625 0.25966562187500003 0.6215599234375 0.2618251484375 0.64419784375 0.2660745390625 0.5801521875 0.2678509234375 0.5381103359375 0.26516893124999996 0.5174381734375
3 0.737896203125 0.5908687375 0.754754440625 0.6356372859375 0.7600835953125 0.64749524375 0.7636363640625 0.643183259375 0.76631835625 0.632403296875 0.7671891328125 0.6059606843750001 0.7574364328125001 0.5569435640625 0.7491466390625 0.5364616359375 0.7467781265625 0.519213696875 0.73611981875 0.5003170578125 0.7251480328125 0.49226379218750005 0.71804249375 0.4916930875 0.70856844375 0.5019657578125 0.7032392890625 0.5110970203125 0.694670846875 0.519213696875 0.6913967265625 0.5289156625 0.7124346921875 0.632403296875 0.7207244859374999 0.650158528125 0.72901428125 0.65827520625 0.73611981875 0.6604311984375 0.7396725875 0.6604311984375 0.7411354921875 0.6587824984374999 0.7420411 0.6561192140625 0.7420411 0.653963221875 0.739080459375 0.6509194671875 0.7367119468750001 0.648573240625 0.7257401609375 0.612999365625 0.7257401609375 0.5962587187499999 0.7301985375 0.5871274578125 0.737896203125 0.5908687375
3 0.30003483124999997 0.5048192765625 0.29393939375 0.5032974 0.2853709515625 0.5044388078125001 0.2774294671875 0.51033608125 0.27112504375 0.5110970203125 0.2670846390625 0.5199746359375 0.26788575468750003 0.5362714015625001 0.27112504375 0.5521876984375 0.27356321875 0.5677869375 0.276036225 0.591122384375 0.2733890625 0.61071655 0.2719609890625 0.63183259375 0.271577846875 0.65332910625 0.2743643328125 0.6635383640625 0.28035527656250003 0.659733671875 0.283873215625 0.6469245406249999 0.288087775 0.6239061515625 0.289829328125 0.6110970203125 0.29230233437500003 0.6059606843750001 0.2944270296875 0.612999365625 0.29512364999999996 0.612999365625 0.29651689375 0.6264426125 0.2929989546875 0.6661382375 0.2929989546875 0.6769816109375 0.295820271875 0.6802156 0.304249390625 0.6763474953124999 0.309160571875 0.657831325 0.310240334375 0.620038046875 0.3095437125 0.6034242234375 0.31104144843750003 0.5620798984375 0.311424590625 0.55332910625 0.311424590625 0.537793278125 0.3104144890625 0.522954978125 0.30613026875 0.5118579578125 0.30003483124999997 0.5048192765625