3 0.7921951218750001 0.621997471875 0.7733797906250001 0.574841971875 0.7689198609375001 0.545259165625 0.76202090625 0.5164348921874999 0.757560975 0.5106194687500001 0.7531010453125 0.5106194687500001 0.743205575 0.5227560046875 0.731777003125 0.52642225 0.72041811875 0.552465234375 0.72041811875 0.55777496875 0.7228571421875001 0.5677623265625 0.7271080140625 0.575726928125 0.743205575 0.621997471875 0.7542857140625 0.636030340625 0.762229965625 0.6413400765625 0.7738675953125 0.6450063218750001 0.7758885015625 0.6413400765625 0.7751219515625001 0.636915296875 0.7570731703125 0.6161820484375 0.7523344953125 0.5996207328125001 0.752613240625 0.5964601765624999 0.7563066203125001 0.5950695328125 0.7590243906249999 0.59683944375 0.7711498265625 0.6103666249999999 0.7855052265625 0.6332490515625 0.7998606265625 0.6458912765625 0.7921951218750001 0.621997471875
3 0.7586759578125 0.67585335 0.7593031359375 0.6710493046875 0.753031359375 0.65372945625 0.7331010453125 0.6111251578125 0.7274564453125001 0.5869785078125 0.717421603125 0.5541087234375001 0.6855749125 0.562073325 0.676794425 0.568268015625 0.6808362375 0.6063211125 0.6906620203125 0.6268015171875 0.70641115 0.6565107453125 0.7250871078125 0.6839443734375 0.7387456453125 0.7011377999999999 0.7459233453125 0.7055625796875 0.747386759375 0.703286978125 0.7464808359374999 0.69683944375 0.74202090625 0.68824273125 0.7266202093749999 0.668268015625 0.71797909375 0.6520859671875 0.7153310109375 0.6424778765625 0.714982578125 0.6338811625 0.7166550515625 0.628571428125 0.719790940625 0.62844500625 0.7331010453125 0.65372945625 0.7444599296875001 0.6715549937499999 0.751846690625 0.67699115 0.7586759578125 0.67585335
3 0.6970034843749999 0.6997471562500001 0.6818815328125 0.6189633375 0.678606271875 0.5699115046875 0.6770731703124999 0.5661188375 0.6574912890625 0.5661188375 0.6387456453125 0.5606826796875 0.633449478125 0.5649810359375 0.6325435546875 0.5687737046875 0.6328223000000001 0.5773704171875 0.637003484375 0.60657395625 0.6582578390625 0.6845764859375 0.6625783968750001 0.692414665625 0.6679442515625 0.6897597984375 0.66675958125 0.67560050625 0.6586759578125 0.6297092281250001 0.6595818812500001 0.6270543609375 0.6625783968750001 0.62642225 0.6655052265625 0.6297092281250001 0.6720557484375 0.6561314796875 0.679790940625 0.6761061953125 0.6892682921875 0.69165613125 0.6970034843749999 0.6997471562500001
2 0.629407665625 0.6994943109375 0.632961671875 0.7070796453125 0.638606271875 0.70657395625 0.639790940625 0.6984829328125 0.63240418125 0.6337547406249999 0.6321254359374999 0.5691529703125 0.6285017421875 0.5648546140625 0.6234843203125 0.5627054359375 0.6142857140625 0.5627054359375 0.6112891984375 0.5648546140625 0.6089198609375 0.5691529703125 0.6080139375 0.57560050625 0.620209059375 0.65486725625 0.629407665625 0.6994943109375
2 0.604181184375 0.689254109375 0.6089198609375 0.6898862203125 0.6112891984375 0.6855878640624999 0.6119163765625 0.67901390625 0.6071080140625 0.5648546140625 0.5982578390625 0.5663716812499999 0.5872473874999999 0.5637168140625 0.585435540625 0.5648546140625 0.5842508703125 0.569658659375 0.58515679375 0.5847029078125 0.6014634140624999 0.6828065734375001 0.604181184375 0.689254109375
0 0.5554703828124999 0.5815423515625 0.5611149828124999 0.6489254109375 0.567038328125 0.70543615625 0.5708710796875 0.7163084703125 0.5735888499999999 0.7206068265625001 0.5759581875 0.7206068265625001 0.5780487812499999 0.7173198484375 0.5797909406249999 0.7027812890625 0.5825087109375 0.6510745890625 0.5818815328125 0.56750948125 0.5795121953125 0.5604298359375 0.5735888499999999 0.5529709234375 0.5634843203125001 0.5458912765624999 0.5607665500000001 0.5465233875 0.5583972125 0.547534765625 0.5551219515625 0.5529709234375 0.5548432062499999 0.5604298359375 0.5554703828124999 0.5815423515625
1 0.5488501734375 0.6130214921875 0.548222996875 0.5994943109374999 0.549407665625 0.572566371875 0.553031359375 0.538685209375 0.536236934375 0.533754740625 0.5319163765625 0.5327433625 0.52919860625 0.5321112515624999 0.5403484328125 0.68761061875 0.5434843203125 0.698735778125 0.5488501734375 0.6130214921875
1 0.528153309375 0.6164348921875 0.529616725 0.5695322375 0.5317073171875 0.540960809375 0.5169337984375 0.5402022750000001 0.51003484375 0.541213653125 0.510592334375 0.5561314796875 0.517770034375 0.6304677625 0.52278745625 0.6676359046875 0.528153309375 0.6164348921875
1 0.5095470390625 0.6616940578125 0.51003484375 0.5561314796875 0.5122648078125 0.5372945640625 0.5105226484375 0.534513275 0.5013240421875 0.53135271875 0.49108013906250003 0.5331226296875 0.4879442515625 0.5353982296875001 0.49512195156249994 0.5848293296875 0.5020905921875001 0.6544879906250001 0.501811846875 0.6859671296875 0.5095470390625 0.6616940578125
1 0.49003484375 0.6905183312500001 0.49184669062499997 0.6879898859375 0.4926829265625 0.6834386859375 0.490174215625 0.5318584078125 0.473379790625 0.5405815421875 0.4679442515625 0.5438685203125 0.46362369374999995 0.547534765625 0.4720557484375 0.5847029078125 0.4875261328125 0.68647281875 0.49003484375 0.6905183312500001
0 0.45721254375 0.736788875 0.46362369374999995 0.725158028125 0.46780487812500005 0.6878634640625 0.4693379796875 0.5805309734375 0.46759581875 0.5539823015625001 0.4639024390625 0.5432364093750001 0.45742160312499996 0.5400758531250001 0.45400696875 0.5400758531250001 0.4505226484375 0.5428571421874999 0.44111498281249995 0.553603034375 0.4401393734375 0.555878634375 0.4376306625 0.5733249046875 0.449756096875 0.7269279390625 0.453449478125 0.7364096078125 0.45721254375 0.736788875
2 0.41477351875 0.6375474078125001 0.4177003484375 0.7141592921875 0.43080139375000004 0.6796460171875001 0.43379790937499996 0.625158028125 0.43317073125 0.5782553734375 0.4310801390625 0.563211125 0.41337979062499997 0.561061946875 0.4085017421875 0.561061946875 0.40641115 0.561061946875 0.40494773593750005 0.5653603031250001 0.408222996875 0.5977243999999999 0.41477351875 0.6375474078125001
2 0.37846689843750003 0.67787610625 0.3779094078125 0.7264222499999999 0.38947735156249996 0.706447534375 0.395400696875 0.6742098609375 0.40048780468749995 0.6170670031250001 0.4016724734375 0.5754740828125 0.40076655 0.5723135265625 0.39630662031249997 0.5690265484375 0.3779094078125 0.5663716812499999 0.37163763125 0.5658659921875 0.36989547031250003 0.5701643484375001 0.3692682921875 0.5857142859375 0.37463414687499996 0.615929203125 0.37846689843750003 0.67787610625
3 0.271010453125 0.451327434375 0.27456445937499996 0.4718078375 0.27456445937499996 0.525158028125 0.2793031359375 0.5343868515625 0.30041811875 0.547281921875 0.305783971875 0.5467762328125 0.3147038328125 0.53590391875 0.32 0.5154235140625001 0.3185365859375 0.4992414671875 0.314982578125 0.48584070781250005 0.3110801390625 0.4625790140625 0.308153309375 0.43249051875 0.3025087109375 0.40278128906250005 0.29358885 0.37699115 0.29003484375 0.37155499375 0.2888501734375 0.37206068281250004 0.28794425156250003 0.3742098609375 0.28940766562500003 0.3984829328125 0.2941463421875 0.4529709234375 0.2921254359375 0.4561314796875 0.29003484375 0.45233881093750006 0.2864808359375 0.4384323640625 0.2781184671875 0.3984829328125 0.27547038281249997 0.395828065625 0.271010453125 0.3953223765625 0.26864111562500004 0.3996207328125 0.2680139375 0.4120101140625 0.271010453125 0.451327434375
3 0.310243903125 0.3763590390625 0.3117073171875 0.3984829328125 0.32118466875 0.4561314796875 0.3209059234375 0.468520859375 0.3167247390625 0.4965866 0.3167247390625 0.5046776234375 0.3185365859375 0.5101137796875 0.3319163765625 0.51871049375 0.341393728125 0.5165613140625 0.348222996875 0.5101137796875 0.351846690625 0.5122629578125 0.36369337968750004 0.5068268015624999 0.3672473875 0.4992414671875 0.3687804875 0.486346396875 0.3655052265625 0.46536030312500004 0.356585365625 0.4453855875 0.3446689890625 0.390391909375 0.337839721875 0.3689001265625 0.3319163765625 0.3661188375 0.3304529609375 0.368268015625 0.3301045296875 0.374841971875 0.3360975609375 0.4238938046875 0.33519163750000003 0.43893805312499995 0.332195121875 0.4384323640625 0.3292682921875 0.43034134062499996 0.316167246875 0.374841971875 0.314982578125 0.37155499375 0.31379790937499996 0.369405815625 0.3117073171875 0.369405815625 0.310243903125 0.37206068281250004 0.310243903125 0.3763590390625
2 0.357770034375 0.36814159218750003 0.3595121953125 0.4414664984375 0.36369337968750004 0.490391909375 0.36787456406249996 0.4941845765625 0.3797212546875 0.496965865625 0.3868989546875 0.49633375468749996 0.39163763125 0.49102402031250003 0.393379790625 0.4839443734375 0.3925435546875 0.46460177031249994 0.37679442500000004 0.36953223749999997 0.3740766546875 0.36321112499999997 0.3705226484375 0.35891276875 0.3631358890625 0.35941845781250004 0.35923345 0.36270543593750004 0.357770034375 0.36814159218750003
2 0.391358884375 0.489254109375 0.3951916375 0.49570164375000003 0.3999303140625 0.49671302187500005 0.403832753125 0.4950695328125 0.40794425156249997 0.4902654875 0.41421602812499997 0.4730720609375 0.41540069687500003 0.45853350156249995 0.40585365781249993 0.413780025 0.3954703828125 0.3480404546875 0.392195121875 0.34740834375 0.3904529609375 0.3517067 0.38926829218750003 0.36523388125 0.38808362343749997 0.4709228828125 0.391358884375 0.489254109375
0 0.42459930312500005 0.4900126421875 0.43560975625 0.48773704218749997 0.442996515625 0.48293299687499996 0.445435540625 0.47104930468750006 0.4471777 0.42528445000000004 0.4377003484375 0.364348925 0.43114982656249995 0.3045512015625 0.4287804875 0.30189633437499996 0.42522648125 0.2996207328125 0.4201393734375 0.30290771250000004 0.4201393734375 0.48192161875000006 0.42459930312500005 0.4900126421875
1 0.5409059234375 0.4534766125 0.542648084375 0.48419721875 0.546550521875 0.494943109375 0.551010453125 0.49810366562499997 0.55958188125 0.4970922875 0.5599303140624999 0.3445006328125 0.5604878046875 0.33919089687500004 0.5616724734375 0.3310998734375 0.557839721875 0.33426042968749997 0.5527526125 0.3499367890625 0.5409059234375 0.4534766125
0 0.5676655046875 0.42718078437500007 0.5652961671875001 0.446144121875 0.5744947734375 0.49671302187500005 0.5783275265625 0.49886220000000003 0.58515679375 0.49570164375000003 0.586968640625 0.4881163078125 0.58996515625 0.45360303437500005 0.5970731703125 0.4213653609375 0.6009059234375 0.37383059375 0.602439025 0.328571428125 0.600627178125 0.324273071875 0.5940766546875 0.32326169375 0.59080139375 0.329709228125 0.5822299656250001 0.36093552500000003 0.5676655046875 0.42718078437500007
2 0.5983275265625 0.45979772499999993 0.60355400625 0.49393173125 0.605783971875 0.50025284375 0.608989546875 0.5046776234375 0.6139372828125 0.5046776234375 0.617421603125 0.5011378 0.6198606265625 0.4921618203125 0.6248083624999999 0.41441213593750004 0.6248780484374999 0.386219975 0.62118466875 0.3697850828125 0.6151916374999999 0.36814159218750003 0.6094773515624999 0.3798988625 0.59958188125 0.42250316093749996 0.5983275265625 0.45979772499999993
2 0.6350522640625 0.3964601765625 0.6231358890625 0.484323640625 0.62522648125 0.4908975984375 0.6400696859375 0.503286978125 0.6418815328125 0.502149178125 0.6436236937500001 0.49456384375000007 0.6468989546875 0.46978508281250003 0.6519163765625 0.390644753125 0.6519860625 0.38356510781250003 0.6510801390625 0.37496839375 0.647804878125 0.3690265484375 0.6416027875 0.3733249046875 0.6350522640625 0.3964601765625
3 0.6559581875 0.43072060624999997 0.6538675953124999 0.45069532187499994 0.6446689890624999 0.48685208593749996 0.6458536578125 0.489506953125 0.678188153125 0.501896334375 0.6859233453125 0.5024020234375 0.6886411156250001 0.49810366562499997 0.68682926875 0.46637168124999995 0.6912891984375 0.437800253125 0.703763065625 0.39683944375 0.7055749125 0.3773704171875 0.703763065625 0.37357775000000004 0.6987456453124999 0.3838179515625 0.691010453125 0.3940581546875 0.6767247390625 0.435651075 0.67317073125 0.43994943124999997 0.6767247390625 0.4130214921875 0.683832753125 0.382300884375 0.68355400625 0.3763590390625 0.6779094078125001 0.3773704171875 0.6692682921875 0.3881163078125 0.6600696859374999 0.41238938125 0.6559581875 0.43072060624999997
3 0.6969337984374999 0.435777496875 0.68919860625 0.467130215625 0.6871080140625 0.48647281875 0.6886411156250001 0.49671302187500005 0.6942857140625 0.502149178125 0.6999303140625 0.5026548671875 0.7088501734375 0.5010113781250001 0.71804878125 0.4950695328125 0.72515679375 0.4821744625 0.7305226484375 0.457901390625 0.737351915625 0.4466498109375 0.7450871078125 0.41643489218749996 0.7480139375 0.39165613125 0.7480139375 0.37812895 0.74682926875 0.372819215625 0.7450871078125 0.37117572656250003 0.742996515625 0.3721871046875 0.7263414640625 0.41744627031250003 0.717421603125 0.435777496875 0.7319860625 0.36447534843749996 0.732613240625 0.3571428578125 0.7156794421875 0.3786346390625 0.7103135890625001 0.3948166875 0.7028571421875001 0.424020228125 0.6969337984374999 0.435777496875
3 0.36522648125 0.649304678125 0.3634843203125 0.64513274375 0.3584668984375 0.6445006328125 0.3584668984375 0.609355246875 0.35644599375 0.576864728125 0.3517073171875 0.576864728125 0.342648084375 0.5810366625000001 0.34202090625000003 0.5960809109375 0.343205575 0.649304678125 0.33881533125 0.6487989890625 0.338188153125 0.6541087234375 0.33881533125 0.657901390625 0.34675958125 0.657901390625 0.34996515625 0.724020228125 0.35644599375 0.7223767390625 0.35881533125 0.7192161828125 0.35700348437499996 0.6573957015625 0.3602787453125 0.6552465234375 0.36522648125 0.6552465234375 0.36522648125 0.649304678125
3 0.2923344953125 0.6487989890625 0.28766550468749996 0.6456384328125 0.291777003125 0.6206068265625 0.30118466875 0.5805309734375 0.28766550468749996 0.5742098609374999 0.2782578390625 0.6098609359375 0.2741463421875 0.6355246515624999 0.2679442515625 0.631731984375 0.2655749125 0.6396965859375 0.27240418125 0.646144121875 0.26118466875 0.709608090625 0.26411149843750004 0.7144121359375 0.268571428125 0.7134007578125 0.269407665625 0.71175726875 0.2823693375 0.6541087234375 0.2896864109375 0.6557522125 0.29205574843750004 0.6530973453125 0.2923344953125 0.6487989890625