3 0.7672587953125001 0.6131261890624999 0.7731800765625 0.6142041859375 0.7761407171875 0.6120481921875001 0.7773249734375 0.6060875078125 0.7719958203124999 0.586176284375 0.75304771875 0.5538363984375 0.73974225 0.52688649375 0.7287704625 0.4783766640625 0.71574364375 0.481610653125 0.7092302328125 0.4794546609375 0.6985719265625 0.4864299296875 0.6917798671875001 0.4880786296875 0.6819923375 0.4972098921875 0.6793451765625 0.5074825625 0.6831765937500001 0.5338617625000001 0.6973876703124999 0.5575776796875 0.706583071875 0.5694356375 0.7302682 0.6265694359375 0.73974225 0.6422320859374999 0.7471264375 0.6513633484375 0.7521769421875 0.660558021875 0.7542319749999999 0.6535193406250001 0.75067920625 0.6303741281249999 0.741518634375 0.616360178125 0.73145245625 0.5904882687499999 0.72640195 0.5646163609375 0.7267154296875 0.5624603671874999 0.728387321875 0.5602409640625 0.7299547203125 0.561382371875 0.744479275 0.5743183265625 0.7672587953125001 0.6131261890624999
3 0.639289446875 0.5228281546875 0.6484500171875001 0.5815472421875 0.6594218046875 0.6370957515625 0.6623824453125 0.648953709375 0.6683037265625 0.6548509828125 0.673040753125 0.6537729859375 0.6745036578125 0.64838300625 0.6662138625 0.6052631578125001 0.66502960625 0.5950539 0.666805990625 0.5901712109374999 0.670358759375 0.5880152187500001 0.67363288125 0.5880152187500001 0.6780564265625 0.5934052000000001 0.6875304765625 0.6317057703125 0.69021246875 0.6446417249999999 0.6913967265625 0.6478757140625 0.6967258796875 0.648953709375 0.6990943921875 0.6446417249999999 0.698188784375 0.6327837671875 0.6798328109375 0.50450221875 0.6653430859375 0.50126823125 0.6582375484375 0.50450221875 0.649947753125 0.50126823125 0.6425287359375 0.5082435000000001 0.6413444796875 0.5098922 0.6395332640625 0.5150285359375 0.639289446875 0.5228281546875
2 0.61316614375 0.5194039312500001 0.617589690625 0.5431198484374999 0.6291536046874999 0.61857958125 0.6347614078125 0.648763475 0.6389063046875 0.65415345625 0.6460118421875001 0.65250475625 0.6483803546875 0.642802790625 0.6418669453125 0.5129359546875001 0.640404040625 0.5107799625 0.6359456640625 0.5091312625 0.62765586875 0.5086239703125 0.623510971875 0.5102092578125 0.6158133046875001 0.5107799625 0.6143504 0.5118579578125 0.61316614375 0.51401395 0.61316614375 0.5194039312500001
2 0.60233368125 0.613887128125 0.6076628359375 0.6397590359375 0.610902125 0.6494610015625 0.61682340625 0.6521242859374999 0.6212817828125 0.640266328125 0.613862765625 0.516296765625 0.6100313484375001 0.512555484375 0.5996516890625 0.510906784375 0.5919540234375 0.5135066578124999 0.589898990625 0.514711478125 0.5881226046875 0.5184527578125 0.60233368125 0.613887128125
0 0.5629745734375 0.5714648062500001 0.5718564953125 0.6678503484375 0.575409265625 0.7143944203125 0.58178335 0.700190234375 0.587460815625 0.656182625 0.588540578125 0.551426759375 0.5828631140625 0.517121115625 0.5778822703125 0.5126188968750001 0.564402646875 0.5093849078125 0.5615465000000001 0.5100190234374999 0.5594218046874999 0.5158528859375 0.5629745734375 0.5714648062500001
1 0.5365726234375 0.555611921875 0.5407523515625 0.6679137609375 0.543469175 0.673747621875 0.5456983625 0.673747621875 0.549878090625 0.6701965750000001 0.5525949140625 0.6540266328125 0.554824103125 0.5736207984374999 0.5543364687500001 0.5336081171875 0.5501219093749999 0.5098287890625001 0.5349355625000001 0.5107799625 0.53361198125 0.5124920734375 0.5328456984375001 0.5147748890625 0.5365726234375 0.555611921875
1 0.5135144546875 0.5682942296875 0.516788575 0.6631578953124999 0.521212121875 0.6895370953125 0.525949146875 0.692771084375 0.5283176593750001 0.6901078 0.5280390109375 0.6097653765625 0.5315917796875 0.5127457203125 0.5159874609374999 0.5126188968750001 0.5123301984374999 0.5127457203125 0.5093695578124999 0.5165504125 0.5135144546875 0.5682942296875
1 0.48540578125 0.525047559375 0.488610240625 0.5538363984375 0.4955067921875 0.6688015218750001 0.49972135156249997 0.6701331640625 0.50118425625 0.6688015218750001 0.50240334375 0.6589093218750001 0.5021595265625 0.617184528125 0.5036572625 0.5587824984374999 0.5088470921875 0.51610653125 0.4899338203125 0.5157894734374999 0.487356321875 0.51610653125 0.48516196406249995 0.518769815625 0.48540578125 0.525047559375
1 0.46339254687500003 0.581991121875 0.47102055 0.67723525625 0.473981190625 0.6826252375 0.4791710203125 0.680342421875 0.4811563921875 0.6695624609374999 0.47892720312500003 0.5887127453125001 0.48066875624999994 0.551426759375 0.4833507484375 0.5159797078125 0.45771508125000004 0.5159797078125 0.45795890000000006 0.5244768546875 0.46339254687500003 0.581991121875
0 0.42939742187499996 0.531198478125 0.42762103749999997 0.60291693125 0.4284918140625 0.6794546609375 0.432044584375 0.692390615625 0.43618948125 0.6945466078125 0.439150121875 0.693975903125 0.4418321140625 0.6864299296875 0.4533611984375 0.57647431875 0.45454545468749996 0.5199112234375 0.451306165625 0.518833228125 0.4393939390625 0.5197844 0.4347265765625 0.5199112234375 0.43086032812499997 0.5199112234375 0.42939742187499996 0.531198478125
2 0.39881574375 0.5880152187500001 0.399547196875 0.636525046875 0.39742250156250003 0.6559289796875001 0.393486590625 0.6798985421875 0.39386973125 0.6908687375 0.397039359375 0.6941027265625 0.4045280390625 0.68763475 0.41445489375 0.6559289796875001 0.4176593515625 0.61198478125 0.4183559734375 0.5647431828125 0.4165795890625 0.527901078125 0.4141065828125 0.5259353203125 0.40877742968749997 0.5253012046875 0.4000696625 0.5282181359375 0.39742250156250003 0.53176918125 0.3966910484375 0.53760304375 0.39881574375 0.5880152187500001
2 0.369174503125 0.5916930875 0.36356670156250004 0.677932784375 0.3641588296875 0.68598605 0.3677115984375 0.6908687375 0.3718564953125 0.6881420421875 0.3748171375 0.679518071875 0.3822013234375 0.6374762203125 0.39404388749999997 0.537222575 0.391675375 0.5291693093750001 0.3887147328125 0.5270133171875 0.3798328109375 0.5248573234375 0.372169975 0.5272669624999999 0.3694879828125 0.5356372859375 0.367990246875 0.5447685484375 0.369174503125 0.5916930875
3 0.32323232343749997 0.5300570703124999 0.322152559375 0.5352568171875001 0.3196795546875 0.6432466703124999 0.3214559390625 0.6542802796875 0.32535701875 0.6581483828125 0.329606409375 0.6581483828125 0.3317659359375 0.6503487640625 0.33281086718749997 0.6225745078125 0.3345872515625 0.607672796875 0.3381400203125 0.6050729234375 0.3431208640625 0.606404565625 0.3442006265625 0.612238428125 0.341692790625 0.6303107171875 0.3388714734375 0.641978440625 0.33848833125 0.6542802796875 0.342772553125 0.6639822453125 0.3448972484375 0.6632847171875 0.3509230234375 0.6478123015625 0.361964471875 0.5249207359375 0.3459770109375 0.5287888390625 0.33225357031249997 0.52682308125 0.32821316562499997 0.527457196875 0.3242772546875 0.5281547234375 0.32323232343749997 0.5300570703124999
3 0.2217345875 0.31528218125 0.21536050156250003 0.35085605625 0.21818181874999998 0.3850982875 0.2100313484375 0.43944197812499997 0.21215604375 0.4536461640625 0.218564959375 0.46207989843749997 0.23026819999999998 0.469181990625 0.24343434375 0.47051363281249997 0.252316265625 0.46207989843749997 0.2586903515625 0.4206721625 0.26011842500000004 0.39093215 0.2576454203125 0.3533925171875 0.2544409609375 0.330754596875 0.2491118078125 0.31781864375 0.24733542343749998 0.3165504125 0.24200627031250002 0.3191502859375 0.2405781953125 0.3333544703125 0.23702542656249997 0.35662650625 0.2345524203125 0.35922637968750004 0.233124346875 0.35922637968750004 0.22852664531250003 0.31566265 0.2267502609375 0.3090044390625 0.2231626609375 0.3023462265625 0.2217345875 0.31528218125
3 0.2576454203125 0.3201014578125 0.25527690625 0.32225745156249996 0.25409265 0.3265694359375 0.2567398125 0.33899809687500004 0.26266109375 0.3858592265625 0.26266109375 0.4063411546875 0.254684778125 0.454343690625 0.254684778125 0.4726696265625 0.2567398125 0.48237159218750003 0.2662138625 0.488268865625 0.2750957859375 0.48611287187499996 0.2845698359375 0.49258084999999996 0.2949494953125 0.4904248578125 0.3038314171875 0.48180088750000005 0.302925809375 0.4559289796875 0.298188784375 0.418769815625 0.2964124 0.40044388125 0.2964124 0.3567533296875 0.2931731109375 0.330374128125 0.2842911875 0.310970196875 0.27777777812500004 0.3060875078125 0.2718564953125 0.3066582125 0.26948798281249997 0.3098922 0.26948798281249997 0.31528218125 0.2745036578125 0.3217501578125 0.28014629062499996 0.337349396875 0.282514803125 0.357831325 0.283699059375 0.379961953125 0.28310693124999997 0.385351934375 0.2795541625 0.38858592187499996 0.276593521875 0.386937221875 0.2635667015625 0.3239061515625 0.263253221875 0.32225745156249996 0.26266109375 0.3206721625 0.2576454203125 0.3201014578125
3 0.330651340625 0.32492073593750004 0.327098571875 0.32599873125 0.32413793125 0.328725428125 0.322953675 0.33462270156249996 0.32532218749999997 0.3761572609375 0.32532218749999997 0.3858592265625 0.32236154687499996 0.3912492078125 0.3197143859375 0.3912492078125 0.3176245203125 0.389093215625 0.3140717515625 0.34216867500000003 0.31170323906249997 0.3330374125 0.3069662140625 0.3335447046875 0.304319053125 0.33677869375 0.3022291890625 0.343817375 0.304319053125 0.3998731765625 0.3060954375 0.48338617656249994 0.312608846875 0.48611287187499996 0.324730059375 0.48395687968749995 0.33747823125 0.48338617656249994 0.3430860328125 0.48123018437500004 0.3460466734375 0.477488903125 0.3448624171875 0.4445783125 0.33504005625 0.3341788203125 0.3345175890625 0.3281547234375 0.33361198124999997 0.3254914390625 0.330651340625 0.32492073593750004
2 0.358342040625 0.318008878125 0.3509230234375 0.318008878125 0.3482062 0.32073557343750003 0.34573319375 0.3256816734375 0.3447579234375 0.3571337984375 0.34573319375 0.48110336093750006 0.3672239640625 0.4806594796875 0.375339603125 0.47615726093750005 0.366283525 0.3356372859375 0.365726228125 0.330627775 0.36349703906249997 0.3239061515625 0.358342040625 0.318008878125
2 0.3864158828125 0.3079264421875 0.3834552421875 0.3065948 0.37927551406250004 0.30837032343750004 0.375339603125 0.3182625234375 0.37335423125 0.3312618890625 0.37359805 0.4615091953125 0.3748171375 0.479961953125 0.3859282484375 0.485351934375 0.3955416234375 0.48218135625 0.4027168234375 0.47545973437500005 0.4012190875 0.43411540937500004 0.39080459843750004 0.322891565625 0.390386625 0.31781864375 0.3901428078125 0.31464806562500003 0.3864158828125 0.3079264421875
0 0.3944270296875 0.25865567500000003 0.393416928125 0.2599873171875 0.39540229843749997 0.3556753328125 0.40132358124999995 0.41318960000000005 0.40229885000000004 0.47831325312499995 0.4057471265625 0.48547875781250005 0.43267154375 0.4850348765625 0.4341344484375 0.4769181984375 0.43092998906249996 0.4230183890625 0.42351097187500003 0.3812935953125 0.41539533281249996 0.3448953703125 0.40309996562499995 0.27311350624999997 0.4012190875 0.264426125 0.398119121875 0.25865567500000003 0.3944270296875 0.25865567500000003
1 0.43789620312500005 0.2860494609375 0.43699059531250006 0.2920101453125 0.43493556250000004 0.4289156625 0.437304075 0.4833227640625 0.457122953125 0.48763474999999995 0.464541971875 0.4833227640625 0.46217345937500004 0.4170577046875 0.4526994078125 0.3356372859375 0.446360153125 0.2904248578125 0.44528039062499997 0.28554216875 0.44263322812499994 0.28389346875 0.43789620312500005 0.2860494609375
1 0.4671543015625 0.2601775515625 0.466283525 0.26290424843750004 0.46360153281249994 0.3119213703125 0.46509926874999996 0.40247305000000005 0.4671543015625 0.48497146406249997 0.4689306859375 0.48820545312499997 0.5009056078125 0.491946734375 0.50240334375 0.4472415984375 0.49766631875 0.41109702031250006 0.49143155624999996 0.353963221875 0.486102403125 0.3275840203125 0.4755137578125 0.265948003125 0.4736677109375 0.259670259375 0.4718913265625 0.25909955625 0.4671543015625 0.2601775515625
1 0.52528735625 0.2620164875 0.52281435 0.2639822453125 0.5210379656249999 0.2678503484375 0.5189132703125 0.282054534375 0.508951584375 0.3668357640625 0.50613026875 0.48649334218750007 0.5238941140625 0.48902980312500005 0.5394984328125 0.48516170000000003 0.54092650625 0.47869372187500003 0.5388018109375 0.429549778125 0.536677115625 0.3337983515625 0.5315221171875 0.26987951875 0.5309996515625001 0.2639822453125 0.5292232671875 0.261382371875 0.52528735625 0.2620164875
1 0.55670498125 0.2663918828125 0.55419714375 0.27285986093750003 0.5495994421875 0.30456563124999997 0.546394984375 0.3666455296875 0.542842215625 0.4559289796875 0.5453152218749999 0.477932784375 0.5474399156249999 0.48053265625 0.56273075625 0.481166771875 0.5719609890624999 0.4740646796875 0.5726924421875 0.461128725 0.5694879828125 0.40615091875 0.5648554515625 0.3453392515625 0.5620341343749999 0.29289790781249997 0.56388018125 0.277045021875 0.5648554515625 0.2702599875 0.56273075625 0.26512365312499997 0.55670498125 0.2663918828125
0 0.6012887499999999 0.2833227640625 0.597004528125 0.2788205453125 0.5941832109375 0.27818642968749996 0.5906304421875 0.28008877656250003 0.5877742953125 0.2846544078125 0.5827934515625001 0.32929613125 0.5771159875 0.45992390624999996 0.578892371875 0.47222574531249994 0.582445140625 0.470894103125 0.5941832109375 0.46962587187500004 0.6076628359375 0.46962587187500004 0.6037965859375001 0.2998731765625 0.6037617562500001 0.29175650000000003 0.603065134375 0.2878883953125 0.6012887499999999 0.2833227640625
2 0.63483106875 0.2885225109375 0.6297109015625 0.2854153453125 0.6233368171875 0.2885225109375 0.61821665 0.3040583390625 0.6066875656249999 0.42511097031249995 0.6118077328125 0.4639188328125 0.6280041796875 0.47165504062499997 0.6357018453125 0.470894103125 0.6407871828125 0.46239695625 0.6375130609374999 0.3292327203125 0.6375130609374999 0.3157894734375 0.6365377921875 0.29961953124999996 0.63483106875 0.2885225109375
2 0.671786834375 0.295624603125 0.6678857546875 0.29302473125 0.65900383125 0.292390615625 0.6532915359375 0.29752695 0.6479623828125 0.31693088125 0.6401602234375 0.4094483203125 0.6398119125 0.4527584015625 0.647614071875 0.4676601140625 0.6653779171875 0.4734939765625 0.676036225 0.463792009375 0.6774642984375 0.45535827500000003 0.6792755140625 0.3181357 0.67958899375 0.3098287890625 0.6781609203125 0.30462904218750003 0.671786834375 0.295624603125
3 0.713827934375 0.2760304375 0.71086729375 0.2776157265625 0.707906653125 0.2824984140625 0.700592128125 0.30615091875 0.6833507484375 0.40538998125000003 0.6818530125 0.42479391250000004 0.6783002437500001 0.443627140625 0.6783002437500001 0.45821179531249995 0.682445140625 0.4651870640625 0.6919191921875 0.46899175625 0.7055381406250001 0.4651870640625 0.7286311390625 0.4500951171875 0.730128875 0.44254914375 0.724799721875 0.390298034375 0.727168234375 0.3730500953125 0.7390107968749999 0.30779961875 0.73869731875 0.3040583390625 0.7375130609375 0.30133164218749997 0.7309996515625 0.30133164218749997 0.7277603625 0.3040583390625 0.7250783703125 0.3148383 0.7212469515625 0.3374762203125 0.7182863109375 0.3466074828125 0.7117729015625 0.3536461640625 0.7082201328125 0.3509194671875 0.7067223968749999 0.34502219375 0.7064437484375 0.339061509375 0.707906653125 0.33259353125 0.717380703125 0.3110336078125 0.7206548234375 0.2819277109375 0.719749215625 0.27977171875 0.7165099265625 0.2765377296875 0.713827934375 0.2760304375
3 0.75677464375 0.28427393749999996 0.7541274812500001 0.2848446421875 0.751166840625 0.28807862968750003 0.7505747125 0.29454660781249997 0.7532218734375 0.3608116671875 0.75175896875 0.3635383640625 0.7473005921875 0.36404565624999996 0.745245559375 0.35922637968750004 0.7443399515625 0.34629042499999996 0.745245559375 0.31071655 0.7449320796875 0.30691185781249997 0.74228491875 0.30532656875 0.7401950546875 0.30640456562499996 0.7372344125 0.30906785000000003 0.73368164375 0.31445783125000004 0.7304423546875001 0.3376664546875 0.730721003125 0.3786303109375 0.730128875 0.4174381734375 0.730721003125 0.42929613125 0.7354580281249999 0.43950539062500005 0.7437478234375 0.44166138281249995 0.7579589 0.44007609375 0.7665621734375 0.43303741249999994 0.770393590625 0.42872542812500003 0.7724834546875 0.41686747031250004 0.7696273078125 0.3784400765625 0.768582375 0.3656309453125 0.7603274125 0.28915662656249996 0.75677464375 0.28427393749999996