2 0.6419366078125 0.5887761578124999 0.6538836640625 0.7362714015625 0.6551724140624999 0.763411540625 0.6585858578125 0.756436271875 0.6624172765624999 0.6889029796874999 0.6752002781249999 0.5841471140625 0.6726576109375 0.573303740625 0.663253221875 0.5670894109375 0.65047021875 0.564426125 0.647056775 0.5647431828125 0.642807384375 0.573303740625 0.6419366078125 0.5887761578124999
2 0.611424590625 0.560494609375 0.6110066171875 0.5752694984375 0.620376175 0.6544071015624999 0.633194009375 0.7281547234375 0.63490073125 0.750665821875 0.6370254265625 0.744451490625 0.64085684375 0.720418515625 0.6383141765625 0.6358275203125 0.639150121875 0.566708940625 0.6383141765625 0.5651870640625 0.63490073125 0.563601775 0.6180076624999999 0.561001903125 0.616126784375 0.560494609375 0.6122953671875 0.5589727328125 0.611424590625 0.560494609375
1 0.5839428765625 0.6023462265624999 0.5949494953125 0.7038681046875 0.6013584109375001 0.7213696890625 0.6045280390625 0.7239061515625 0.6066875656249999 0.7213696890625 0.610240334375 0.6967660109375 0.6091605718750001 0.61071655 0.6073841859375 0.55573874375 0.598153953125 0.556436271875 0.5840473703125 0.551870640625 0.5810867296875 0.551236525 0.5797631484375 0.55079264375 0.5839428765625 0.6023462265624999
1 0.5646812953125 0.6655675328124999 0.566805990625 0.677869371875 0.5731800765624999 0.68306911875 0.578892371875 0.677869371875 0.5817136890625 0.667533290625 0.5792406828125001 0.60868738125 0.576036225 0.553709575 0.57460815 0.5511097015625 0.5692789968749999 0.549778059375 0.5556600484375 0.5488268859375001 0.5518634625 0.548509828125 0.5540229890624999 0.5724159796875 0.5646812953125 0.6655675328124999
1 0.53361198125 0.6400126828125 0.5407175203125 0.6658845906249999 0.54336468125 0.6680405828125 0.5448624171875001 0.6674698796875 0.5490073140625 0.637856690625 0.5484151859375 0.54996829375 0.5255660046874999 0.550221940625 0.5190874265625001 0.54996829375 0.5214559390625 0.5682942296875 0.53361198125 0.6400126828125
1 0.472866596875 0.5518072296875001 0.4865203765625 0.6535193406250001 0.4916057125 0.7132530125 0.49501915781249994 0.72105263125 0.501846046875 0.71946734375 0.50613026875 0.7055168046875 0.5086729359375 0.6449587828125 0.513793103125 0.5518072296875001 0.48056426406249997 0.548573240625 0.47798676406249996 0.5487000640625 0.472866596875 0.5487000640625 0.472866596875 0.5518072296875001
0 0.43214907656249996 0.6256182625 0.416405434375 0.7096385546875 0.41215604375000003 0.7232086234375 0.412504353125 0.7296766015625 0.416405434375 0.731642359375 0.42138627656249994 0.7290424859375 0.43061650937499996 0.72194039375 0.45231626562500005 0.6746987953125 0.46509926874999996 0.6003170578125 0.4700801109375 0.5660748250000001 0.46934865937500003 0.5525047562500001 0.4469871125 0.553138871875 0.43667711562499995 0.5563728593749999 0.4287008015625 0.5606214328125 0.42636711875 0.563474953125 0.42601880937500003 0.5660748250000001 0.43214907656249996 0.6256182625
2 0.3833507484375 0.5624603671874999 0.38188784375 0.5689283453125 0.38662486875 0.65244134375 0.3913618953125 0.7192771078125 0.39017763906249997 0.730627775 0.3999303375 0.727901078125 0.40348310625000006 0.7214331015625 0.4094043890625 0.693975903125 0.41267850937499995 0.6362714015625001 0.422431209375 0.5732403296874999 0.422152559375 0.570006340625 0.419784046875 0.5672796453125 0.41058864531249994 0.5662016484375 0.3925809828125 0.558465440625 0.39017763906249997 0.5581483828125 0.38808777499999997 0.5581483828125 0.3833507484375 0.5624603671874999
2 0.34029954687499997 0.5662650609375001 0.34029954687499997 0.57723525625 0.342772553125 0.5856689921875 0.3491814703125 0.60120481875 0.351306165625 0.682054534375 0.3555903859375 0.725364615625 0.35914315625 0.7324667093749999 0.3623127828125 0.7311984781249999 0.36729362656250003 0.7221306281250001 0.3751306171875 0.6885225109374999 0.38362939687500003 0.6089410265625 0.3914663875 0.5694990484375 0.3900383140625 0.56239695625 0.3882619296875 0.5591629671875 0.38115639218749997 0.5591629671875 0.3758272375 0.5571972093750001 0.36269592500000003 0.5552314515625 0.3534308609375 0.557831325 0.3502612328125 0.557831325 0.3424242421875 0.5604311984375 0.34029954687499997 0.5662650609375001
3 0.31689306875 0.7198478125000001 0.31926158125000004 0.7236525046875 0.322222221875 0.7176918203125 0.32399860625 0.70906785 0.3281435046875 0.6346861125000001 0.3364332984375 0.5991122390625 0.34294670781250003 0.5743183265625 0.342668059375 0.5624603671874999 0.32399860625 0.5597970828125 0.29707419062499996 0.5592263796875 0.283733890625 0.5646163609375 0.275444096875 0.5641090671875 0.275444096875 0.575396321875 0.2822709859375 0.6185161703125 0.2822709859375 0.6341788203125 0.275757575 0.6913126187499999 0.275444096875 0.7047558656249999 0.2763497046875 0.7123018390625 0.277812609375 0.7176918203125 0.2793103453125 0.720418515625 0.281365378125 0.7198478125000001 0.28906304375 0.6918199109375001 0.2985370953125 0.6503487640625 0.3026819921875 0.6368421046875 0.30741901718750003 0.62771084375 0.308916753125 0.6271401390625 0.30978753124999997 0.62771084375 0.3160222921875 0.7166138234375 0.31689306875 0.7198478125000001
3 0.23559735312500002 0.691502853125 0.23709508906250001 0.7081800890625 0.24123998593749998 0.71033608125 0.2468477875 0.7055168046875 0.261964471875 0.6300570703124999 0.2755834203125 0.5793912484375 0.276454196875 0.5686112875 0.27586206875 0.5599873171875 0.272901428125 0.5551046296875 0.268164403125 0.5540266328125 0.25663531875 0.5540266328125 0.246255659375 0.54920735625 0.2353187046875 0.5470513640625 0.221107628125 0.5497146484375001 0.2178335078125 0.5551046296875 0.2160571234375 0.5729232718749999 0.2190177640625 0.6214331015625 0.21400209062500003 0.6925808499999999 0.21428073906249998 0.7033608109375 0.2178335078125 0.7044388078125 0.222291884375 0.7001268234375 0.22643678125000002 0.6936588453125 0.232044584375 0.6656309453125 0.235005225 0.6451490171875001 0.23796586562500002 0.6343690546875 0.23974225 0.6311350671875 0.2421107625 0.6300570703124999 0.242702890625 0.6311350671875 0.239150121875 0.665060240625 0.23559735312500002 0.691502853125
2 0.3863810515625 0.3815472421875 0.38460466718749997 0.3826252375 0.383699059375 0.3864299296875 0.377777778125 0.438681040625 0.372762103125 0.49904882656250005 0.373946359375 0.5028535187500001 0.3774991296875 0.5039315156249999 0.3967258796875 0.49638554218750003 0.40679205781250005 0.4953075453125 0.4118425640625 0.496892834375 0.40947405156250005 0.489917565625 0.3913270640625 0.393151553125 0.3905259484375 0.386937221875 0.3887495640625 0.3821179453125 0.3863810515625 0.3815472421875
1 0.44949494999999995 0.3767279640625 0.44806687500000003 0.3773620796875 0.44204109999999996 0.40323398906249996 0.43350748906250003 0.47178186406249994 0.4299547203125 0.49118579531249995 0.43636363593749994 0.5209892203125001 0.44026471562499997 0.524223209375 0.4544757921875 0.5228915656249999 0.455903865625 0.4957514265625 0.4517241375 0.3897273296875 0.4516196453125 0.3864299296875 0.4509230234375 0.3779961953125 0.44949494999999995 0.3767279640625
1 0.6192267499999999 0.395688015625 0.61567398125 0.3951807234375 0.6124346921875 0.3967660109375 0.6088819234375 0.40107799687499995 0.5949494953125 0.43341788281250004 0.5846046671875 0.4868104 0.5863810515625001 0.498097653125 0.5875653078124999 0.49866835781249996 0.5911180765624999 0.49594166093750003 0.59644723125 0.500253646875 0.606513409375 0.50456563125 0.607697665625 0.5029803421875 0.607976315625 0.500253646875 0.6071055375000001 0.49004438749999996 0.61093695625 0.45282181406250005 0.619888540625 0.40348763437499996 0.62041100625 0.3994927078125 0.6201323578125 0.3967660109375 0.6192267499999999 0.395688015625
0 0.6659700453124999 0.36239695625 0.6647857890625 0.361826253125 0.6624172765624999 0.36455294843749997 0.6553117375 0.37641090625 0.647614071875 0.395244134375 0.62897945 0.451870640625 0.6132706375 0.5036144578124999 0.6064785781250001 0.5305643625 0.6073493562500001 0.5424223203125 0.61445489375 0.5467343062500001 0.62542668125 0.5504755859375 0.6337164750000001 0.5504755859375 0.6369557640625 0.54831959375 0.6393242765625 0.5008877609375 0.644061303125 0.490678503125 0.649982584375 0.46423589062500004 0.6576802515625 0.41680405781249996 0.6603970734375 0.3924540265625 0.662138628125 0.38059606874999996 0.6653779171875 0.36721623281250004 0.6659700453124999 0.36239695625
2 0.682654128125 0.41363348125000005 0.6784047375 0.414267596875 0.670567746875 0.42656943593749996 0.6496342734375 0.5003170578125 0.64322535625 0.5306911859375 0.64322535625 0.551426759375 0.6474747468750001 0.5559289796875 0.6574364328125 0.557260621875 0.662068965625 0.55332910625 0.6687913625 0.52358909375 0.6856496 0.42752060937499997 0.6858585859375 0.42270133125 0.685057471875 0.417945465625 0.682654128125 0.41363348125000005
2 0.7074538484375 0.42365250468750004 0.7019157093749999 0.4267596703125 0.6950888187500001 0.43684210468750007 0.67119470625 0.517564996875 0.6665273421875 0.543183259375 0.6682340640625 0.5602409640625 0.6797283171874999 0.5734305640625 0.691675375 0.5726696265625 0.694670846875 0.5680405828125 0.699338209375 0.5424223203125 0.7123301984375 0.4461636015625 0.713827934375 0.4360811671875 0.71086729375 0.42365250468750004 0.7074538484375 0.42365250468750004
3 0.7337513062500001 0.42276474375 0.7316266109375 0.42339885781250003 0.7291536046875 0.426632846875 0.7245210734375 0.43830057031249997 0.71316614375 0.47774254843749997 0.7099616859375 0.5074825625 0.700731453125 0.5812301843750001 0.70606060625 0.5883322765625 0.71208638125 0.591566265625 0.7202716828125 0.5902980343750001 0.7238244515625001 0.5941661375 0.7301985375 0.5986683578124999 0.736607453125 0.5980342421875 0.7412399859375001 0.591566265625 0.74336468125 0.5812301843750001 0.7444096140625 0.5165504125 0.7479623828124999 0.50621433125 0.7515151515625 0.47514267656250003 0.752943225 0.4408370328125 0.7504702187500001 0.43050095156249996 0.747614071875 0.4311350671875 0.7472657609375 0.43696892812500004 0.7401602234375 0.4738744453125 0.72880529375 0.510082434375 0.7252525249999999 0.49974635312500004 0.7245210734375 0.48934686093749996 0.725949146875 0.46740646874999997 0.734413096875 0.434495878125 0.7362243125 0.42599873125 0.7348310687499999 0.42276474375 0.7337513062500001 0.42276474375
3 0.776384534375 0.44172479375 0.7744339953125 0.44489537031250004 0.7633228843750001 0.47812301875 0.755938696875 0.5333544703124999 0.7467781265625 0.5818643 0.746534309375 0.5953075453125 0.7522117734375 0.60120481875 0.7596307906249999 0.6038681046875001 0.7635667015625 0.60209258125 0.7677812609375 0.60209258125 0.7737025421875 0.609701965625 0.77715081875 0.609701965625 0.78059909375 0.6079264421875 0.7830720999999999 0.6047558656249999 0.7868686874999999 0.593595434375 0.789759665625 0.5542802796874999 0.79021246875 0.5198478125 0.793416928125 0.5041851609375 0.7978753046875 0.4677869375 0.7973876703125 0.44755865625 0.7949146640625 0.444388078125 0.7926854750000001 0.44350031718749994 0.79021246875 0.444388078125 0.7889933828125 0.44844641718749995 0.7773946359374999 0.5086239703125 0.773946359375 0.5126823078125 0.7714733546875 0.5126823078125 0.7712295375 0.511350665625 0.7719609890625 0.5041851609375 0.7842911875 0.44261255625 0.7825844656250001 0.4412809125 0.7793451765625 0.4408370328125 0.776384534375 0.44172479375