3 0.4094483203125 0.7544757921875 0.449841471875 0.74824103125 0.45662650625 0.7454893765625 0.45573874375 0.742737721875 0.434876346875 0.7115987453125 0.4303107171875 0.7076280046875 0.42580849687500005 0.706617903125 0.41718452812500006 0.707871821875 0.4049461 0.7115987453125 0.39131261875 0.719818878125 0.37501585312499996 0.724555903125 0.35916296718749996 0.7315569484375 0.3473684203125 0.7400208984375001 0.32783766718749996 0.74949495 0.323335446875 0.7526994078125 0.3228281546875 0.7562173453125001 0.32466708906249997 0.758446534375 0.3296766015625 0.759700453125 0.335573875 0.7591779875 0.3478123015625 0.75297805625 0.36823081874999997 0.74573319375 0.3759036140625 0.744479275 0.37729866875 0.7447579234374999 0.3777425484375 0.746499478125 0.3768547875 0.747474746875 0.33779327812500004 0.7629397421874999 0.32783766718749996 0.7679205859375 0.3383005703125 0.768164403125 0.4094483203125 0.7544757921875
3 0.325428028125 0.733716475 0.330374128125 0.734308603125 0.3488268859375 0.726541275 0.39784400781249996 0.7086032734375001 0.433227646875 0.7032044578125001 0.43373493906249994 0.6966213859375 0.429930246875 0.689759665625 0.43430564374999997 0.6819923375 0.43100824375 0.6748171375 0.425047559375 0.6661442 0.4223208625 0.6640543359375 0.41033608125 0.6652385921875 0.36734305625 0.6735980500000001 0.3379835125 0.6870776734375 0.3205453390625 0.6930337859375 0.2993024734375 0.702890978125 0.2819277109375 0.7133751312500001 0.2743183265625 0.718739115625 0.2688649328125 0.7277255312500001 0.28573240312500003 0.7226401953125 0.3145846546875 0.711563915625 0.34831959375 0.6996168578125 0.3532022828125 0.6984326015625 0.3559289796875 0.7002089859375 0.3559289796875 0.70229885 0.354787571875 0.703099965625 0.3532022828125 0.704110065625 0.32764743125 0.719958203125 0.32111604374999997 0.726541275 0.3221940390625 0.7315917796875 0.325428028125 0.733716475
3 0.2581483828125 0.6650644375 0.261953075 0.6722396374999999 0.4263157890625 0.6677464296875 0.42853519375 0.6665621734375 0.4306911859375 0.66029258125 0.429105896875 0.6482758625 0.4264426125 0.64465343125 0.40456563125 0.6447230937499999 0.28427393749999996 0.65311738125 0.261953075 0.6575757578125 0.2581483828125 0.6650644375
2 0.2703868109375 0.62887495625 0.27152821875 0.6309648203125 0.27748890312499996 0.6360501562499999 0.3145212421875 0.63963775625 0.428281546875 0.6425983984375 0.4320862390625 0.63841866875 0.4350031703125 0.6289097875 0.4342422328125 0.6225705328125 0.42948636718750005 0.6172413796875 0.3264426125 0.619888540625 0.280786303125 0.6243817484374999 0.2703868109375 0.62887495625
2 0.32853519375 0.5941483796875 0.2790741921875 0.5924068265625 0.27406467968750003 0.5961685828125 0.27317691875 0.598153953125 0.2759036140625 0.6008707765625 0.2858592265625 0.6043887140625 0.32536461562499996 0.609613375 0.3879518078125 0.6130964828125001 0.4142041859375 0.6160919546875 0.42511097031249995 0.6158481359375 0.431452125 0.6135841171874999 0.437349396875 0.6081156390625 0.44191502812500005 0.6008707765625 0.44191502812500005 0.5971438515624999 0.437349396875 0.5901776390625 0.4360177546875 0.588679903125 0.432847178125 0.5871821671874999 0.428281546875 0.5871821671874999 0.3611921375 0.59265064375 0.32853519375 0.5941483796875
0 0.273747621875 0.5731452453125 0.2905516796875 0.577603621875 0.338173746875 0.5818530125 0.3912492078125 0.5848484843749999 0.413443246875 0.5855799375 0.43703234062499996 0.583838384375 0.44971464843750003 0.5748867984375 0.45060240937499996 0.571159875 0.44996829375 0.564507140625 0.44882688593750003 0.5611633578124999 0.44743183281250004 0.5604319046875 0.413887128125 0.5576802515625 0.300253646875 0.562695925 0.273747621875 0.5731452453125
1 0.42549143906250003 0.5304771859375 0.410082434375 0.5334378265625 0.3601775515625 0.5359456640625 0.29854153437500003 0.53719958125 0.2840202921875 0.5351793796875 0.28991756562500004 0.5394287703125 0.3143944203125 0.54566353125 0.34838300625 0.549878090625 0.39917565 0.5508881921875 0.4136968921875 0.553639846875 0.4467977171875 0.5561128531249999 0.4495244140625 0.5551375828125 0.4509194671875 0.5538836640625 0.4504755859375 0.5474050859374999 0.4482561828125 0.5414141421875 0.4467977171875 0.5376872171875 0.44590995624999996 0.5351793796875 0.442739378125 0.5329501921875 0.433671528125 0.5304771859375 0.42549143906250003 0.5304771859375
1 0.39752695 0.51205155 0.3036144578125 0.516300940625 0.302726696875 0.5173110421875 0.3031705765625 0.5192964124999999 0.3081800890625 0.5225357015625 0.3280913125 0.5255311734375 0.371655040625 0.5255311734375 0.4065948 0.5262626265625 0.427457196875 0.5287704625 0.444641725 0.5280041796875 0.44343690625 0.5130964828125 0.4428662015625 0.50957854375 0.4410272671875 0.50734935625 0.43741280937499993 0.5070707078125001 0.42016487031249994 0.508324625 0.39752695 0.51205155
1 0.30247305 0.49059561093750004 0.304755865625 0.49411354999999996 0.31249207343749996 0.494601184375 0.3437539625 0.4985719265625 0.433100825 0.5055729703125 0.43944197812499997 0.5045628703125 0.44172479375 0.5025774984375 0.444451490625 0.49808429062500004 0.445656309375 0.49177986718750005 0.44673430625000005 0.4868686875 0.4478123015625 0.48303726874999997 0.31109702031249997 0.4871125046875 0.3056436265625 0.4883664234375 0.30247305 0.49059561093750004
1 0.2984781234375 0.46374085625 0.29258085 0.4652385921875 0.2911857953125 0.4694531515625 0.2934686109375 0.47143852343750003 0.300253646875 0.47370254218749996 0.31978439999999997 0.47492162968749996 0.40456563125 0.4766980140625 0.42225745156250005 0.480181121875 0.43994927031250003 0.48216649218749996 0.44584654375 0.48342041093750004 0.450221940625 0.47074190156249995 0.450412175 0.46280041875 0.45085605624999997 0.45750609531249997 0.39911223906250004 0.460745384375 0.3238427390625 0.46147683749999996 0.2984781234375 0.46374085625
0 0.3388078625 0.42744688281250004 0.29258085 0.43392546093749995 0.2821179453125 0.43793103437500003 0.2875713375 0.4419017765625 0.3052631578125 0.4496342734375 0.36740646875 0.4543712984375 0.41547241562500004 0.45611285312499994 0.4472415984375 0.45311738124999995 0.45085605624999997 0.4516196453125 0.4544705140625 0.44838035468750004 0.45491439375000003 0.4448972484375 0.45079264375 0.43577150781249996 0.44768547812500004 0.432427725 0.438617628125 0.427203065625 0.43132530156250004 0.4257053296875 0.3986683578125 0.425949146875 0.3388078625 0.42744688281250004
2 0.37723525625 0.3953326359375 0.3206087515625 0.3968303734375 0.28795180781249996 0.395924765625 0.27869372187499997 0.3992337171875 0.273811034375 0.40282131718749997 0.2748890296875 0.4057819578125 0.2792644265625 0.40877742968749997 0.3184527578125 0.41626610937499997 0.4044388078125 0.4225357015625 0.42568167343749996 0.427028909375 0.43925174375 0.427028909375 0.4414711484375 0.42521769374999996 0.4414711484375 0.42163009375 0.43627140156250005 0.409613375 0.433291059375 0.40431905312499994 0.42802790156250003 0.396969696875 0.42187698124999995 0.395924765625 0.4136968921875 0.395646115625 0.37723525625 0.3953326359375
2 0.3418516171875 0.364367815625 0.32612555468750004 0.361964471875 0.2760304375 0.3658655515625 0.2760304375 0.3676419359375 0.2896005078125 0.38080808125 0.3778059609375 0.38589341718750003 0.42948636718750005 0.39184952968750003 0.433291059375 0.3906652734375 0.434939759375 0.388575409375 0.43551046250000003 0.384987809375 0.43443246718750006 0.3799024734375 0.4317057703125 0.37600139375 0.4271401390625 0.369244165625 0.42295497812500005 0.3646464640625 0.41864299374999997 0.3616509921875 0.41261889687500003 0.360780215625 0.3418516171875 0.364367815625
3 0.3181357 0.32208289843750004 0.29955611875 0.32277951875 0.2897907421875 0.3262277953125 0.28503487656250004 0.3316962734375 0.28763475 0.3370950890625 0.30133164218749997 0.34642981562499997 0.40323398906249996 0.3564611640625 0.42479391250000004 0.3564611640625 0.4205453390625 0.3462208296875 0.41889663906249996 0.341031 0.41566264999999997 0.3299198890625 0.4136968921875 0.32776036249999996 0.3871274578125 0.32539185000000004 0.3181357 0.32208289843750004
3 0.296068484375 0.252560084375 0.28991756562500004 0.2587251828125 0.2870640453125 0.266283525 0.2908053265625 0.2731452453125 0.32733037343750004 0.29390456249999997 0.367723525 0.3088819234375 0.3867469875 0.319818878125 0.393595434375 0.324799721875 0.402663284375 0.3280390109375 0.4149017125 0.3292929296875 0.42802790156250003 0.324799721875 0.4366518703125 0.30487635 0.4389346859375 0.292685475 0.4366518703125 0.2839428765625 0.43303741249999994 0.2809474046875 0.421242865625 0.2779867640625 0.40672162343749996 0.27722048125 0.3831325296875 0.27001045 0.3418516171875 0.25506792031250003 0.31464806562500003 0.2443399515625 0.3110336078125 0.2443399515625 0.30741915 0.24709160625 0.3110336078125 0.25802856093750004 0.3740646796875 0.2864507140625 0.3763474953125 0.288436084375 0.3763474953125 0.289690003125 0.3710209265625 0.2901776390625 0.3668357640625 0.28993382031250003 0.337349396875 0.279972134375 0.30741915 0.26502960625 0.2978440078125 0.2568094734375 0.296068484375 0.252560084375
3 0.3567533296875 0.21859979062499998 0.3558655671875 0.2263322890625 0.37805960625 0.24949495000000002 0.40887761562499997 0.2676767671875 0.42974001250000005 0.2823754796875 0.4351934046875 0.283629396875 0.44064679843750004 0.283873215625 0.445656309375 0.2781609203125 0.46651870625 0.2629397421875 0.4769181984375 0.2509926859375 0.47786937187499995 0.2447579234375 0.47647431874999996 0.24301637031249998 0.4669625875 0.2395332640625 0.44426125625 0.23305468437500002 0.42295497812500005 0.224834553125 0.394863665625 0.20815047031249997 0.39258085 0.2073841859375 0.3862396953125 0.2068965515625 0.381230184375 0.20815047031249997 0.3821179453125 0.2111459421875 0.39258085 0.2238244515625 0.40887761562499997 0.237304075 0.40754597343750004 0.23779171093749998 0.3889663921875 0.23305468437500002 0.371274571875 0.221107628125 0.3658211796875 0.2141065828125 0.3567533296875 0.21859979062499998
3 0.6066582125 0.24705677499999998 0.52606214375 0.25154998281249996 0.502663284375 0.2521421109375 0.499429296875 0.254231975 0.49124920781250003 0.2647161265625 0.48148382968750003 0.2700801109375 0.4738744453125 0.2772553125 0.47495244062499997 0.282654128125 0.48040583437500006 0.287425984375 0.492327203125 0.2883315921875 0.5217501578125 0.285022640625 0.5717818640625 0.283838384375 0.6267596703125 0.2742598390625 0.626252378125 0.2706722390625 0.62022828125 0.2683037265625 0.610970196875 0.2683037265625 0.55168040625 0.2718913265625 0.5418516171875 0.26948798281249997 0.5413443250000001 0.2664925109375 0.5424223203125 0.2659003828125 0.5554850984375 0.2647161265625 0.60120481875 0.25768025156249996 0.6094483203125 0.25646116406249997 0.6147748890625 0.2551375828125 0.6164235890625 0.250052246875 0.6147748890625 0.2479623828125 0.6066582125 0.24705677499999998
3 0.585351934375 0.2875653078125 0.5495244140625 0.291048415625 0.5119213703125001 0.297039359375 0.49917565 0.297039359375 0.4724159796875 0.2935562515625 0.4670259984375 0.29529780625 0.4647431828125 0.3010101015625 0.4647431828125 0.3070010453125 0.46651870625 0.311494253125 0.459733671875 0.3184604671875 0.46062143281249995 0.3279345171875 0.47064045625000006 0.331417625 0.529105896875 0.3308951578125 0.557260621875 0.3299198890625 0.57812301875 0.3251828625 0.5926442609375 0.3197143859375 0.6048826890625 0.3142110765625 0.608497146875 0.3104841515625 0.6039949265625 0.30874259843749996 0.5794546609375 0.30947405156249996 0.524603678125 0.30947405156249996 0.59220038125 0.2947753390625 0.594419784375 0.2942877046875 0.5975903609375 0.2935562515625 0.5975903609375 0.29254615156249997 0.593975903125 0.288540578125 0.585351934375 0.2875653078125
2 0.4680405828125 0.33497039375000004 0.46423589062500004 0.3409613375 0.4674698796875 0.35050505 0.48218135625 0.36907001093749997 0.527901078125 0.3654824109375 0.58883956875 0.358307209375 0.6199112234374999 0.34754440937500003 0.6273937859375 0.34158829687500003 0.629105896875 0.33827934531250003 0.629105896875 0.3334726578125 0.5545973359375 0.3376523859375 0.51864299375 0.33706025781250004 0.4680405828125 0.33497039375000004
2 0.632022828125 0.3762103796875 0.6107799625 0.371752003125 0.5612555484375 0.3690351796875 0.5079264421875 0.3714385234375 0.4774254921875 0.3738418671875 0.4720355109375 0.3768373390625 0.4687381109375 0.38042493906249997 0.4693088140625 0.3881922671875 0.4774254921875 0.3941483796875 0.4975903609375 0.40254266875000005 0.541154090625 0.39773598125 0.622891565625 0.396273075 0.63265694375 0.39400905625 0.6385542171874999 0.389097875 0.6385542171874999 0.381922675 0.6374762203125 0.3786137234375 0.632022828125 0.3762103796875
0 0.613443246875 0.401846046875 0.543183259375 0.40107976250000005 0.48224476875000005 0.40139324218750005 0.47190868750000003 0.40466736406250003 0.4702599875 0.4097527 0.47571337968750005 0.4243817484375 0.4827520609375 0.43305468437499994 0.4974635390625 0.43277603593749997 0.522511096875 0.4285963078125 0.60741915 0.41870428437499996 0.6264426125 0.41243469218750006 0.6421052625 0.40553814062500004 0.6482561828125 0.40285614843750006 0.650412175 0.40198537031250003 0.650412175 0.40017415468750006 0.6446417249999999 0.3997910140625 0.613443246875 0.401846046875
1 0.6348129359375 0.44747474687500005 0.6067216234374999 0.4454893765625 0.561826253125 0.43974225 0.5150919468749999 0.43524904218750005 0.491946734375 0.43127829999999995 0.4774254921875 0.43002438125 0.47108433749999995 0.45071403749999994 0.47469879531250003 0.45768025156250003 0.482878884375 0.45917798750000005 0.5350665828125 0.45820271718749994 0.608497146875 0.4604319046875 0.6346227015625 0.455973528125 0.6375396328125 0.45520724531249995 0.6398224484374999 0.45318704218750006 0.640266328125 0.449947753125 0.6393785671875001 0.4482062 0.6348129359375 0.44747474687500005
1 0.526632846875 0.465761059375 0.5093849078125 0.46300940468749996 0.47222574531249994 0.46151166874999994 0.466772353125 0.467990246875 0.46404565625 0.4779519328125 0.4644895375 0.4844305125 0.470830690625 0.49564611562499994 0.47812301875 0.4991292234375 0.49486366562499995 0.49839777031250004 0.52435003125 0.4943921984375 0.5379835125 0.49467084687499996 0.57558655625 0.4924068265625 0.6187064046875 0.4888888890625 0.624159796875 0.48672936250000004 0.62688649375 0.4826889578125 0.625047559375 0.47823058124999995 0.6195941656249999 0.4759665625 0.526632846875 0.465761059375
1 0.63595434375 0.51818181875 0.5316423593749999 0.5076976656250001 0.5030437546875001 0.5027168234375 0.484908053125 0.502960640625 0.46816740625 0.5044583765625 0.4644895375 0.5159177984375 0.46544071093749995 0.5316266109375001 0.46994292968750007 0.5405781953125001 0.4953075453125 0.54214559375 0.5352568171875001 0.538592825 0.5729232718749999 0.5378613718749999 0.5923906156250001 0.53611981875 0.6223208625 0.5323580640625 0.638617628125 0.5267850921874999 0.6422954984375 0.52539185 0.643183259375 0.524660396875 0.643183259375 0.5226401953125 0.6418516171875 0.5201671890624999 0.63595434375 0.51818181875
1 0.6191502859375 0.5436433296875001 0.573811034375 0.5441309640624999 0.5275840203125 0.54688261875 0.51033608125 0.5453848828125001 0.489917565625 0.5446186 0.4740646796875 0.5448624171875001 0.47178186406249994 0.5508533609375 0.470894103125 0.559561128125 0.4740646796875 0.568059909375 0.48218135625 0.5695228140624999 0.508497146875 0.5687913625000001 0.5801521875 0.5588296765625 0.6305009515625 0.5528387328125001 0.6327837671875 0.5518634625 0.6341788203125 0.5503657265624999 0.633671528125 0.5473702546875 0.6318960046875 0.54587251875 0.6191502859375 0.5436433296875001
0 0.6248573234375 0.5902472999999999 0.601458465625 0.5851619640625 0.5230818015625001 0.5758968999999999 0.5072923265625 0.572901428125 0.4904248578125 0.5731800765624999 0.4806594796875 0.5746778124999999 0.475776790625 0.5791710203125 0.47685478750000004 0.5881574359374999 0.4823081796875 0.5956112859375 0.5046290421874999 0.5971090218749999 0.542168675 0.5968303734375 0.584083703125 0.59770115 0.6143310078125 0.599338209375 0.6227013312499999 0.5997910140625 0.6313887125 0.599512365625 0.634115409375 0.59770115 0.634115409375 0.5944270296874999 0.6248573234375 0.5902472999999999
2 0.6050095125 0.6091605718750001 0.5355104625 0.5987809125 0.4914394421875 0.5964124 0.48325935312499996 0.599373040625 0.4724159796875 0.6176245203125 0.47514267656250003 0.621212121875 0.48053265625 0.6251132015625 0.5202916937500001 0.62657610625 0.5480659484375 0.633159178125 0.5883322765625 0.631974921875 0.603551046875 0.6352490421875 0.616360178125 0.633228840625 0.625364615625 0.6322884015625 0.647114775 0.6316614421875 0.6465440703125 0.6257053296875 0.639505390625 0.6215256015625 0.6050095125 0.6091605718750001
2 0.5928344953125 0.6493207937500001 0.548763475 0.6394636015625 0.5079898546875 0.6313827937500001 0.48186429999999997 0.62779519375 0.475840203125 0.629571578125 0.4720355109375 0.63375130625 0.47095751406249997 0.6472309296875001 0.475840203125 0.6555903859375001 0.5095751421875 0.65649599375 0.539505390625 0.6579937296875 0.57977171875 0.6678509234375001 0.6184527578125001 0.6732149078125 0.6211794546875 0.6735283875 0.6239061515625 0.67234413125 0.6239061515625 0.6699407875000001 0.6184527578125001 0.6642633234375 0.5928344953125 0.6493207937500001
3 0.5941027265625001 0.6918146984375 0.5467977171875 0.6876349703125 0.539695625 0.6846394984375 0.539695625 0.681365378125 0.5407736203125 0.680181121875 0.5440710203125 0.680181121875 0.5941027265625001 0.6864507140625 0.6050095125 0.6840473703125001 0.6050095125 0.6819575062500001 0.600634115625 0.6777777781250001 0.59302473125 0.67478230625 0.49340520000000004 0.6577499125 0.4743817375 0.6574364328125 0.46785034843749995 0.6604319046875 0.46455294843750006 0.6664228484375 0.46569435625000005 0.67836990625 0.46455294843750006 0.6894461859375001 0.470006340625 0.6942180421875 0.48909321562499997 0.69630790625 0.5967660109375 0.7013584109375001 0.6077362078124999 0.7019853703125001 0.6093849078125 0.7008011140625 0.6093849078125 0.6974921625 0.600634115625 0.6930337859375 0.5941027265625001 0.6918146984375
3 0.5914394421875 0.7116684078125 0.5636651875 0.7086381046875 0.53100824375 0.707767328125 0.5098287890625001 0.7059561125 0.473367153125 0.6955067921875 0.46569435625000005 0.6972831765625 0.4651870640625 0.701776384375 0.46626506093750003 0.7170323921875 0.4641090671875 0.7322535703125 0.4738744453125 0.74214559375 0.48478122968750004 0.742737721875 0.5168674703125 0.73974225 0.547939125 0.7433298500000001 0.5887127453125001 0.74451410625 0.5974635390625 0.742737721875 0.6001268234375 0.7406478578125 0.6001268234375 0.7370602578125001 0.596892834375 0.7349703937500001 0.58928345 0.7346569140625 0.5783766640625 0.733159178125 0.5598604953125 0.7295715781250001 0.5560558015625 0.7257053296875 0.5636651875 0.7227098578125 0.5718452765625 0.72298850625 0.596512365625 0.727063740625 0.603107165625 0.727063740625 0.608877615625 0.72657610625 0.6099556125000001 0.72180425 0.6066582125 0.7173110421875 0.5914394421875 0.7116684078125
3 0.545275840625 0.7484151859375 0.5085605578125 0.7491466390625 0.4899809765625 0.7484151859375 0.47501585312500005 0.750644375 0.47184527656249997 0.7529083937500001 0.470894103125 0.7556252171875 0.4672796453125 0.7586206890625 0.46277742499999996 0.7606060609374999 0.45821179531249995 0.7658655515625 0.45821179531249995 0.77356321875 0.46683576406249994 0.778822709375 0.479518071875 0.781295715625 0.4972098921875 0.78080808125 0.5203551046875 0.777568790625 0.587000634375 0.7733194015625 0.605136334375 0.766840821875 0.6042485734375 0.7653430859375 0.5983513 0.7623824453125 0.591122384375 0.7623824453125 0.536207990625 0.766840821875 0.5416613828125 0.763113896875 0.5507292328125 0.7606060609374999 0.5893468609375 0.757227446875 0.5942929609375 0.756147684375 0.59790741875 0.7551375828125 0.596068484375 0.7541623125 0.5847812296875 0.7516544765625001 0.545275840625 0.7484151859375