4 0.744061303125 0.6513633484375 0.7514803203125 0.654533925 0.753465690625 0.65409004375 0.755903865625 0.6518072296875 0.7564263328124999 0.6455294859375 0.754684778125 0.636588459375 0.735423196875 0.610082434375 0.7184256359375001 0.5660748250000001 0.7110066171875 0.55168040625 0.7075583421875 0.5480659484375 0.7031347968749999 0.548953709375 0.7004179734375 0.553899809375 0.69644723125 0.5660748250000001 0.6927551375000001 0.5660748250000001 0.6895506796875 0.5700697531250001 0.682654128125 0.5871274578125 0.6749912921875 0.5862396953125 0.6732497390625001 0.5948002531250001 0.6725182859375 0.6024096390625 0.675235109375 0.6091946734375 0.6804249390625 0.6172479390625 0.68561476875 0.6271401390625 0.7238592828125 0.66981610625 0.734204109375 0.6828154718749999 0.745315221875 0.6927076734375001 0.7401253921875 0.6760938484375 0.7218739109375 0.6361445781249999 0.7201323578125 0.629803425 0.7218739109375 0.6271401390625 0.7244862421875 0.627520609375 0.726053640625 0.629803425 0.7366771156249999 0.64508560625 0.744061303125 0.6513633484375
2 0.5984326015625 0.6526949906249999 0.6012887499999999 0.710906784375 0.6062695921875 0.7135066578125 0.6144200625 0.70703868125 0.619749215625 0.6863031078125 0.619749215625 0.6106531390625001 0.6226053640625 0.5672796453125 0.6208289796875001 0.5615091953125 0.6083942875 0.5472415984375 0.6027168234375 0.544007609375 0.5934517593749999 0.548573240625 0.5913270640625 0.5569435640625 0.5913270640625 0.5601775515625 0.592058515625 0.5776791375 0.5984326015625 0.6526949906249999
2 0.5694531515625 0.5646797718750001 0.5652734234375 0.6850982875 0.568164403125 0.7121116046875 0.5762800421875001 0.67641090625 0.5835249046875 0.622067215625 0.5928944625 0.57476220625 0.5967258796875 0.552251109375 0.5954719609375 0.545275840625 0.5924764890625001 0.53512999375 0.5877742953125 0.5312618890625 0.5719261578125 0.53430564375 0.5698711249999999 0.5367152828124999 0.568164403125 0.5460367781250001 0.5694531515625 0.5646797718750001
0 0.5445489375 0.6889029796874999 0.5466388015625 0.7023462265625 0.5490073140625 0.7066582125 0.5516544765625 0.7083069125 0.5546151171875 0.7061509187499999 0.5561128531249999 0.6953709578125 0.557297109375 0.6247305015625 0.5634970390625 0.5438807859375 0.560849878125 0.5374128093749999 0.5546151171875 0.5293595437499999 0.5478230578125001 0.5233988578125001 0.5448624171875001 0.5228915656249999 0.5413096484375 0.5244768546875 0.54099616875 0.526632846875 0.5419017765625 0.6005072921875 0.5445489375 0.6889029796874999
1 0.5261929640624999 0.666772353125 0.5285614765625 0.6716550406249999 0.530651340625 0.670006340625 0.5315221171875 0.66734305625 0.5350748875 0.5692454031249999 0.5374434 0.528281546875 0.53625914375 0.5261255546875 0.53361198125 0.5239695625 0.5303378609375 0.5228915656249999 0.525914315625 0.5223208625 0.519993034375 0.525047559375 0.5190874265625001 0.5272035515625 0.5190874265625001 0.5384908046875 0.5261929640624999 0.666772353125
1 0.5057819578125 0.6570703875 0.5069662140625 0.6743183265625 0.509613375 0.67647431875 0.5117032390625 0.6748890296875001 0.5140717515625 0.6570703875 0.5172065484374999 0.530754596875 0.5050853359375 0.530754596875 0.49986067500000003 0.5315155359375 0.49986067500000003 0.548763475 0.5057819578125 0.6570703875
1 0.4863113890625 0.535764109375 0.481365378125 0.530818009375 0.48582375468750005 0.6399492703125 0.4875304765625 0.6471781859375 0.489759665625 0.6512365250000001 0.49174503593749996 0.6521242859374999 0.49320794218749997 0.65168040625 0.498153953125 0.5424857328125 0.4973876703125 0.534876346875 0.49568094687500003 0.53265694375 0.49418321093750006 0.533100825 0.489759665625 0.5375396328125001 0.4863113890625 0.535764109375
1 0.46185997968750003 0.56987951875 0.4660745390625 0.6480659484375 0.46830372656249997 0.679518071875 0.475200278125 0.6579581484375 0.4769418328125 0.6256182625 0.4791361890625 0.5290424859375 0.47345872499999997 0.5285986046875 0.465586903125 0.53183259375 0.4626262625 0.53265694375 0.45917798750000005 0.5339885859375 0.46185997968750003 0.56987951875
0 0.4359108328125 0.5603677874999999 0.4371299203125 0.603931515625 0.4423197484375 0.692390615625 0.445768025 0.7094483203124999 0.451201671875 0.7216233359374999 0.457122953125 0.5882054531249999 0.45489376562499995 0.5334178828125 0.45315221250000004 0.532466709375 0.45144548906250004 0.5334178828125 0.43974225 0.54337349375 0.43664228437499997 0.546861128125 0.4359108328125 0.5509194671875 0.4359108328125 0.5603677874999999
2 0.40553814062500004 0.5709575140625 0.40923023281250004 0.6082435 0.4230581671875 0.7083703234375001 0.428247996875 0.6958148390625001 0.432427725 0.6670894109375001 0.4329153609375 0.6095751421875 0.43514454843749995 0.569625871875 0.43490073125000006 0.561953075 0.4336468125 0.55656309375 0.43019853750000003 0.55161699375 0.42675026093749996 0.548509828125 0.419366075 0.5448953703125 0.40902124687499997 0.5563094484375 0.406025775 0.5601775515625 0.40529432187500003 0.5632847171875001 0.40553814062500004 0.5709575140625
2 0.3859630796875 0.7173747625 0.3883315921875 0.7222574515625 0.3901079765625 0.7222574515625 0.3918843609375 0.7206087515624999 0.39634273750000004 0.7082435 0.40076628281250004 0.668357640625 0.40491118125 0.6235890937499999 0.41201671875 0.5729232718749999 0.41024033437499996 0.5670259984375 0.40372692499999996 0.56322130625 0.396934865625 0.5545973359375 0.393974225 0.5545973359375 0.3804597703125 0.563474953125 0.3779867640625 0.565948003125 0.3768025078125 0.5718452765625 0.3859630796875 0.7173747625
3 0.29801462968750003 0.7273937859374999 0.3057122953125 0.7203551046875 0.323476140625 0.6842739375 0.3471612671875 0.6271401390625 0.3521769421875 0.6098922 0.352490421875 0.5969562453124999 0.348937653125 0.591566265625 0.3430163703125 0.591566265625 0.340334378125 0.5926442609375 0.3373737375 0.5883322765625 0.3267154296875 0.5775523140625001 0.319923371875 0.5786303109375 0.31281783281250003 0.5721623328125001 0.3063044234375 0.5721623328125001 0.3003831421875 0.5829422953125001 0.2941483796875 0.6120481921875001 0.2858585859375 0.6459733671875 0.2701846046875 0.70367786875 0.272831765625 0.7069118578125 0.27697666249999997 0.7069118578125 0.2846743296875 0.70044388125 0.30097527031250004 0.6713379828125 0.3074886796875 0.665948003125 0.31114594218749997 0.664299303125 0.315778475 0.662143309375 0.29533263593750003 0.7246670890625 0.29801462968750003 0.7273937859374999
3 0.2763497046875 0.41116043125 0.275165446875 0.4116677234375 0.2742598390625 0.4159797078125 0.2748519671875 0.43107165468749997 0.28077325000000003 0.48554216875 0.276628353125 0.5140773624999999 0.2769418328125 0.5302473046875 0.27899686562500003 0.5410272671875 0.28641588281249997 0.5512999359374999 0.2929292921875 0.552885225 0.2997213515625 0.55827520625 0.3032741203125 0.5593532015625 0.313932428125 0.5518072296875001 0.3207593171875 0.5491439437500001 0.32163009374999996 0.5410272671875 0.3243120859375 0.5367152828124999 0.3251828625 0.5286620171874999 0.3142459078125 0.475840203125 0.31010100937499996 0.43811033593750004 0.3038662484375 0.4165504125 0.2985370953125 0.40412175 0.29411355 0.40361445781249994 0.29261581406250003 0.40577045 0.29115290781250003 0.41223842812499994 0.2932079421875 0.4213696890625 0.30003483124999997 0.439695625 0.3009056078125 0.44831959374999997 0.2997213515625 0.4569435640625 0.2973528390625 0.46074825625000004 0.293521421875 0.459670259375 0.28669453125 0.444007609375 0.2809474046875 0.42022828125 0.280181121875 0.4170577046875 0.2781260890625 0.4116677234375 0.2763497046875 0.41116043125
3 0.3327760359375 0.43677869375 0.3238941140625 0.47178186406249994 0.318564959375 0.5014584656250001 0.32685475468749997 0.5014584656250001 0.3345524203125 0.4993024734375 0.3396029265625 0.442168675 0.338035528125 0.432276475 0.3369209328125 0.42866201718749997 0.3351445484375 0.430818009375 0.3327760359375 0.43677869375
2 0.35471960937499997 0.3818643 0.352943225 0.38560557968750003 0.352943225 0.39048826875 0.357366771875 0.42498414687499997 0.36269592500000003 0.49340520000000004 0.36269592500000003 0.52523779375 0.36624869375 0.5306277749999999 0.39143155625000003 0.5327837671875 0.397039359375 0.527901078125 0.399407871875 0.51445783125 0.397039359375 0.49936588437499996 0.392023684375 0.47888395624999996 0.3641936609375 0.3863031078125 0.36161616093750004 0.3818643 0.3576802515625 0.37970830625 0.35471960937499997 0.3818643
2 0.3882967609375 0.3705770453125 0.386799025 0.37279644843750004 0.3853361203125 0.3777425484375 0.386067571875 0.395688015625 0.39150121875 0.45637285937499994 0.3917450359375 0.513823715625 0.393974225 0.5201014578125001 0.39888540625 0.5223842734375 0.40431905312499994 0.5178820546875 0.4134447921875 0.5214965125 0.41960989218750006 0.52105263125 0.42406826875 0.5129359546875001 0.42528735624999997 0.498985415625 0.42528735624999997 0.4783766640625 0.41960989218750006 0.45453392499999995 0.4109717875 0.4289156625 0.3966910484375 0.37279644843750004 0.395680946875 0.3705770453125 0.392232671875 0.369181990625 0.3882967609375 0.3705770453125
0 0.4215952625 0.3343690546875 0.4191222578125 0.3329740015625 0.417415534375 0.3343690546875 0.416405434375 0.3379201015625 0.41689306875 0.34825618281250004 0.416405434375 0.403551046875 0.417415534375 0.4529486359375 0.419366075 0.49961953125 0.42358063437500004 0.50951173125 0.4272727265625 0.511794546875 0.43392546093749995 0.506404565625 0.44649947812499996 0.4933417875 0.44726576093750003 0.47901077968749994 0.4430512015625 0.45206087500000003 0.43664228437499997 0.40171211093750003 0.427830025 0.3536461640625 0.4257053296875 0.3424223203125 0.42406826875 0.3374762203125 0.4215952625 0.3343690546875
1 0.4502960640625 0.36265060312499997 0.4485196796875 0.37019657499999997 0.44792755156249997 0.3966391890625 0.4482062 0.45161699375 0.44939045625 0.4790741921875 0.4520724484375 0.49150285312499997 0.45649599375000005 0.5038681046875 0.46300940468749996 0.5044388078125001 0.46983629374999997 0.5001268234375 0.4707070703125 0.48934686093749996 0.466283525 0.45377298593750004 0.46569139687499994 0.40684844687500005 0.46213862812500006 0.389093215625 0.4574712640625 0.370069753125 0.45562521718750004 0.3653772984375 0.4544409609375 0.36322130625 0.4502960640625 0.36265060312499997
1 0.48279345156250003 0.3449587828125 0.48007662812499996 0.3449587828125 0.4761058859375 0.3499048828125 0.47537443437500004 0.353963221875 0.4736677109375 0.48148382968750003 0.47415534687500005 0.48960050781250003 0.47561825156250004 0.49410272656250004 0.4798328109375 0.49587824999999996 0.49784047343750004 0.49765377343750006 0.4997910140625 0.49454660781250004 0.50128875 0.488268865625 0.5005572968750001 0.451426759375 0.49487983281250003 0.3943563734375 0.48847091562499995 0.353519340625 0.48794845000000003 0.351236525 0.485997909375 0.34673430625 0.48279345156250003 0.3449587828125
1 0.5293974218749999 0.35053899843749997 0.5274468828125001 0.351870640625 0.5202716828125 0.3599873171875 0.5177986765625 0.3658211796875 0.5153605015625 0.382435003125 0.5096830375 0.48934686093749996 0.5106583078125 0.49695624531249993 0.5128874953125 0.4982878890625 0.5304075234375001 0.4933417875 0.53361198125 0.49156626562500005 0.5350748875 0.4848446421875 0.5363288046875 0.41071654999999996 0.5353187046875 0.35504121718750004 0.53483106875 0.3532022828125 0.5321142453125 0.35053899843749997 0.5293974218749999 0.35053899843749997
1 0.548798328125 0.341154090625 0.5467084640625 0.343817375 0.545245559375 0.3502853515625 0.54228491875 0.4311350671875 0.5381400203125 0.479137603125 0.5381400203125 0.4904248578125 0.5514454890625 0.496892834375 0.554719609375 0.4953075453125 0.5594566359375001 0.47641090625000004 0.5606408921875 0.4397590359375 0.5576802515625 0.3934052 0.5538488328125 0.3490805328125 0.5532218734375001 0.344388078125 0.5508533609375 0.341154090625 0.548798328125 0.341154090625
0 0.5834552421875 0.363601775 0.58080808125 0.371655040625 0.575165446875 0.394863665625 0.5612678515625 0.4735573875 0.5615465000000001 0.4837666453125 0.5733890625 0.5031705765625001 0.580215953125 0.508053265625 0.5852316265625 0.50697526875 0.5876001390625001 0.5005072921875 0.5893765234375 0.48757133750000003 0.5887843953125 0.46277742499999996 0.5914663874999999 0.4110336078125 0.589097875 0.36410906718749997 0.58791361875 0.361953075 0.5846394984375001 0.361953075 0.5834552421875 0.363601775
2 0.6393591078124999 0.3841471140625 0.6372344125 0.3841471140625 0.634378265625 0.38738110312499996 0.6322535703125001 0.3944831953125 0.62176941875 0.4527584015625 0.614489725 0.506404565625 0.6151863468750001 0.5193405203125 0.61804249375 0.5244768546875 0.6254963421874999 0.5290424859375 0.6315221171875 0.5290424859375 0.6411354921875 0.5244768546875 0.643956809375 0.52194039375 0.6453848828125001 0.5096385546875 0.645210728125 0.4957514265625 0.6407871828125 0.44882688593750003 0.63963775625 0.4006975265625 0.63970741875 0.39384908125 0.6400557296875 0.38738110312499996 0.6393591078124999 0.3841471140625
3 0.6792755140625 0.47222574531249994 0.680181121875 0.477045021875 0.6857889234375001 0.473811034375 0.694670846875 0.4625237796875 0.7009056078125 0.45605580156250003 0.695855103125 0.4905516796875 0.695855103125 0.496448953125 0.6991292234375 0.507228915625 0.7056426328125001 0.5180088781250001 0.7088819234375 0.5201648703124999 0.7112504359375 0.519657578125 0.7121560437500001 0.5093849078125 0.7121560437500001 0.47165504062499997 0.7091954015625 0.446861128125 0.7068268890625 0.4409638546875 0.7026819921875 0.438237159375 0.698223615625 0.438237159375 0.6932079421874999 0.439885859375 0.690839428125 0.44254914375 0.6852316265625 0.4558655671875 0.6821316609375 0.4615091953125 0.6807035875 0.46525047500000005 0.6792755140625 0.47222574531249994
3 0.2363636359375 0.6604946093749999 0.2398119125 0.66899175625 0.24590735000000002 0.6623335453125 0.2520376171875 0.6500951171875 0.26036224375 0.6308814203125 0.26098920312499996 0.6308814203125 0.26259143125 0.636398225 0.25893416875 0.6526949906249999 0.24876349687500002 0.6593532015625 0.241448971875 0.6712111609375 0.24468826250000003 0.6856689921875 0.25161964531250003 0.6871274578125 0.26464646406250003 0.673811034375 0.296969696875 0.610145846875 0.301671890625 0.5890298031250001 0.3010449328125 0.5775523140625001 0.2796934859375 0.5641724796875 0.2642284921875 0.5526949906249999 0.25792406875 0.5575142671875 0.25426680625000003 0.5671528218749999 0.2514106578125 0.5908687375 0.24611633593749999 0.6178820546875 0.24531522187500002 0.6190234625000001 0.235562521875 0.6426759671875 0.2363636359375 0.6604946093749999