3 0.7927526125 0.580025284375 0.7943553999999999 0.57560050625 0.7933101046875 0.5619469031250001 0.7714982578125 0.5142857140625 0.7631358890625 0.487484196875 0.75477351875 0.47041719375 0.7185365859374999 0.503034134375 0.718954703125 0.5120101140625 0.7264808359375 0.5309734515625 0.7581184671875 0.5914032875 0.765017421875 0.600126421875 0.7824390250000001 0.6049304671875 0.7786759578125 0.5930467765625 0.759372821875 0.55777496875 0.75958188125 0.5539823015625001 0.7620905921875 0.5494311 0.765017421875 0.547534765625 0.7673170734375 0.5494311 0.789616725 0.57787610625 0.7927526125 0.580025284375
3 0.743205575 0.6236409609375 0.746968640625 0.6195954484375 0.746968640625 0.6097345125 0.73797909375 0.5854614406249999 0.7255052265625 0.560176990625 0.7246689890625 0.5510745890625001 0.7181881531250001 0.535651075 0.7152613234375 0.512515803125 0.71358885 0.507332490625 0.709825784375 0.5069532234375 0.6948432062500001 0.5201011375 0.677351915625 0.5280657390625 0.6704529609375001 0.533754740625 0.672961671875 0.5447534765625 0.6834146343749999 0.5723135265625 0.6908710796875 0.5865992421875 0.6998606265625 0.5994943109374999 0.7073867593750001 0.6228824265624999 0.7169337984374999 0.64108723125 0.726550521875 0.654740834375 0.7294076656249999 0.6554993671875 0.7310801390624999 0.6479140328125 0.72759581875 0.6312262953125 0.7181881531250001 0.6097345125 0.7160975609375 0.5983565109375 0.7165156796875001 0.5884955749999999 0.7198606265625 0.5869785078125 0.73484320625 0.6192161828125 0.743205575 0.6236409609375
3 0.69797909375 0.6520859671875 0.7 0.6484197218750001 0.7006968640625 0.6338811625 0.692195121875 0.6044247781250001 0.6774912890625 0.5772439953124999 0.6724738671875 0.560935525 0.672961671875 0.5450063218750001 0.6709407671875 0.5327433625 0.666968640625 0.5300884953125 0.6524738671875 0.5323640953125001 0.646968640625 0.537800253125 0.6374912890625 0.5372945640625 0.6339372828125 0.5395701640625 0.6312195125 0.544121365625 0.6309407671875 0.5595448796875 0.6351916375 0.5721871046875 0.6649477359375 0.6512010109374999 0.6739372828125 0.6683944375 0.67797909375 0.6657395703125 0.678954703125 0.6624525921875 0.676236934375 0.6447534765625 0.666968640625 0.6184576484375001 0.663972125 0.6049304671875 0.663972125 0.6007585328125 0.665435540625 0.5994943109374999 0.6679442515625 0.601264221875 0.6944947734375 0.65031605625 0.69797909375 0.6520859671875
2 0.6153310109375 0.6035398234375 0.627386759375 0.649304678125 0.6402787453125 0.7085967125 0.643832753125 0.7006321109375 0.6457142859375 0.6825537296874999 0.6448780484375 0.62730720625 0.6336585359375 0.573704171875 0.62675958125 0.5573957015625 0.623205575 0.5543615671875 0.6160975609375 0.5532237671875 0.61240418125 0.5589127687500001 0.607386759375 0.56005056875 0.6048780484375 0.5623261687500001 0.6044599296875 0.570290771875 0.6153310109375 0.6035398234375
2 0.578606271875 0.581163084375 0.587804878125 0.60202275625 0.5913588843750001 0.626548671875 0.6000696859375 0.6541087234375 0.6130313593750001 0.7025284453125 0.618606271875 0.719974715625 0.623414634375 0.72300885 0.6261324046875 0.7218710500000001 0.62675958125 0.7165613140625 0.6250871078125 0.6975979765625 0.618606271875 0.657901390625 0.6098954703125 0.6174462703125 0.603414634375 0.5687737046875 0.59156794375 0.5634639703125 0.5888501734375 0.5638432359375 0.5861324046874999 0.5683944375000001 0.582160278125 0.5668773703125 0.5804878046875 0.5676359046874999 0.5788153312500001 0.5695322375 0.578606271875 0.581163084375
0 0.5543554 0.63767383125 0.5603484328125 0.6785082171875 0.5673867593749999 0.7102402015625 0.57560975625 0.7302149171875 0.58836236875 0.7533501890625 0.590383275 0.7302149171875 0.5913588843750001 0.6816687734375 0.5871080140625 0.63767383125 0.5831358890625 0.620859671875 0.579372821875 0.6140328703125 0.5743554 0.6140328703125 0.5721254359375 0.6091024015625 0.568641115625 0.5868520859374999 0.56515679375 0.5754740828125 0.5606271781250001 0.573704171875 0.5531010453125 0.5742098609374999 0.55163763125 0.5773704171875 0.5521254359375 0.608217446875 0.5543554 0.63767383125
1 0.5537282234375 0.7383059421875 0.5576306625 0.72958280625 0.5581881531249999 0.7056890015625 0.551777003125 0.648672565625 0.5488501734375 0.5798988625 0.54759581875 0.5764854609375 0.5423693375 0.5753476609375 0.5250871078125 0.5795195953125 0.5223693375 0.5816687734375 0.54682926875 0.7246523390624999 0.5537282234375 0.7383059421875
1 0.5002787453125 0.5960809109375 0.5030662015625 0.6074589125000001 0.5080836234375 0.6477876109375 0.5140766546875 0.710366625 0.5170731703125 0.71807838125 0.522578396875 0.72212389375 0.5257839718749999 0.7198482937499999 0.5280836234375 0.705309734375 0.5252961671875 0.639190896875 0.521045296875 0.5897597984375 0.5200696859375 0.5847029078125 0.513797909375 0.5815423515625 0.505783971875 0.5824273078125 0.5030662015625 0.582932996875 0.5000696859375 0.5897597984375 0.5002787453125 0.5960809109375
1 0.4855749125 0.7112515796875 0.4880836234375 0.7194690265625 0.4928223 0.7175726921875001 0.4963066203125 0.710366625 0.49979094062499996 0.6881163078125 0.50076655 0.5901390640625 0.48202090625 0.595575221875 0.47958188125 0.5992414671875 0.47958188125 0.6141592921875 0.4855749125 0.7112515796875
1 0.45205574843749996 0.6500632109375 0.45651567968749995 0.6826801515625001 0.46432055781250003 0.710366625 0.4692682921875 0.6826801515625001 0.47902439062499996 0.596965865625 0.47707317031249996 0.582932996875 0.473031359375 0.5792667515625001 0.46780487812500005 0.5792667515625001 0.45902439062499995 0.5865992421875 0.456794425 0.589254109375 0.45484320624999997 0.6003792671875 0.45205574843749996 0.6500632109375
0 0.42125435468749994 0.6106194687500001 0.4085017421875 0.7212389375 0.4072473875 0.742983565625 0.40871080156249995 0.75891276875 0.422229965625 0.742983565625 0.43574912968749996 0.7072060687499999 0.44522648125000003 0.6558786343749999 0.4512195125 0.6087231359375 0.45351916406250004 0.5815423515625 0.4527526125 0.579772440625 0.44522648125000003 0.579772440625 0.43365853593750003 0.5857142859375 0.42926829218749996 0.588369153125 0.4242508703125 0.5932996203124999 0.42125435468749994 0.6106194687500001
2 0.38313588906249996 0.68533501875 0.3822996515625 0.7026548671875 0.3833449484375 0.7098609359375 0.3856446 0.7091024015625 0.39003484374999997 0.701896334375 0.3979094078125 0.6838179515625 0.4225087109375 0.5900126421875 0.4225087109375 0.5844500625 0.41916376250000004 0.5802781296874999 0.41024390312500003 0.5795195953125 0.4068989546875 0.5772439953124999 0.3970731703125 0.5776232609374999 0.39379790937500003 0.5780025281250001 0.39149825781250003 0.5810366625000001 0.38313588906249996 0.68533501875
2 0.349616725 0.613780025 0.34662020937500004 0.6551201015625 0.348153309375 0.70088495625 0.3508710796875 0.707332490625 0.3549128921875 0.707332490625 0.3581184671875 0.7022756 0.3779094078125 0.6193426046875 0.3891289203125 0.579772440625 0.3891289203125 0.575726928125 0.38641115 0.573451328125 0.367386759375 0.563969659375 0.3641114984375 0.563969659375 0.35916376250000004 0.572566371875 0.349616725 0.613780025
3 0.3211149828125 0.6261694062500001 0.3188850171875 0.641213653125 0.3188850171875 0.653855878125 0.32439024375000003 0.66295828125 0.33087107968749996 0.644374209375 0.3386759578125 0.613906446875 0.3498954703125 0.5840707968750001 0.3588850171875 0.57041719375 0.3599303140625 0.5649810359375 0.3586759578125 0.562199746875 0.35163763124999997 0.557648546875 0.34641115 0.551833121875 0.3351219515625 0.5522123890625 0.3319163765625 0.548672565625 0.3239024390625 0.548672565625 0.3168641109375 0.5445006328125 0.314634146875 0.5450063218750001 0.3121254359375 0.57812895 0.2988850171875 0.6216182046875 0.2968641109375 0.6357774968750001 0.2979094078125 0.642983565625 0.3009059234375 0.6479140328125 0.3048780484375 0.6466498109375001 0.30961672500000004 0.6407079640625 0.315400696875 0.6247787609375 0.3171428578125 0.6216182046875 0.3201393734375 0.6212389375 0.3211149828125 0.6261694062500001
3 0.267386759375 0.5835651078125 0.2383972125 0.6415929203124999 0.24439024374999999 0.6393173203125 0.2579094078125 0.62756005 0.2721254359375 0.606194690625 0.301393728125 0.5527180781250001 0.303414634375 0.5381795203124999 0.2996515671875 0.5300884953125 0.2671777 0.515929203125 0.26362369375 0.53135271875 0.226620209375 0.595828065625 0.2246689890625 0.6058154234375001 0.22815330937499997 0.6180783812499999 0.23261324062500002 0.6161820484375 0.262160278125 0.57269279375 0.2648780484375 0.57041719375 0.26836236874999997 0.5744627046875 0.267386759375 0.5835651078125
3 0.305783971875 0.38533501875 0.303972125 0.386219975 0.3015331015625 0.38356510781250003 0.29003484375 0.33729456406249997 0.2885017421875 0.3793931734375 0.28522648125 0.41251580312499997 0.283763065625 0.4733249046875 0.2845296171875 0.4787610625 0.2927526125 0.4833122625 0.321045296875 0.4844500625 0.3185365859375 0.44108723124999993 0.31923345 0.3902654875 0.3137282234375 0.36447534843749996 0.308222996875 0.3517067 0.302229965625 0.345006321875 0.3036933796875 0.3519595453125 0.305017421875 0.3562579015625 0.30675958125 0.3776232609375 0.305783971875 0.38533501875
3 0.3416027875 0.415676359375 0.3401393734375 0.41871049375 0.3384668984375 0.41340075781249996 0.3384668984375 0.3975979765625 0.3336585359375 0.3774968390625 0.3285017421875 0.36321112499999997 0.32515679375 0.3575221234375 0.32097560937499997 0.3575221234375 0.325783971875 0.4304677625 0.3241114984375 0.487484196875 0.33156794375 0.4962073328125 0.341811846875 0.5015170671875 0.3632752609375 0.501896334375 0.366202090625 0.49393173125 0.36599303125 0.46750948125 0.34850174218749996 0.3839443734375 0.3428571421875 0.3689001265625 0.3382578390625 0.36321112499999997 0.33637630625 0.36321112499999997 0.3353310109375 0.3689001265625 0.3416027875 0.40290771249999996 0.3416027875 0.415676359375
2 0.406202090625 0.32806573906250003 0.3928223 0.35259165625 0.3874564453125 0.368520859375 0.3799303140625 0.44412136562500004 0.372613240625 0.486346396875 0.365783971875 0.49886220000000003 0.370383275 0.506447534375 0.3828571421875 0.51175726875 0.392195121875 0.5091024015625 0.3951219515625 0.503034134375 0.39407665468749997 0.4512010109375 0.3953310109375 0.38053097343750003 0.40940766562500003 0.3318584078125 0.41080139375 0.3276864734375 0.412613240625 0.3204804046875 0.406202090625 0.32806573906250003
2 0.41658536562500004 0.36447534843749996 0.4144947734375 0.36750948125 0.41163763124999997 0.3743362828125 0.406202090625 0.4022756 0.396167246875 0.4922882421875 0.396167246875 0.509228825 0.3976306625 0.512642225 0.4039024390625 0.5171934265625 0.41121951250000005 0.5175726921875 0.41721254375 0.515676359375 0.42034843281249995 0.512642225 0.42041811874999996 0.38192161874999997 0.42034843281249995 0.37243995 0.41846689843749996 0.36447534843749996 0.41658536562500004 0.36447534843749996
0 0.4372822296875 0.36118836875000004 0.429825784375 0.39165613125 0.423832753125 0.4414664984375 0.421811846875 0.5027812890625001 0.4243205578125 0.5171934265625 0.42829268281250005 0.5280657390625 0.4360975609375 0.5308470296875 0.44404181249999997 0.527180784375 0.447804878125 0.5171934265625 0.446550521875 0.39797724375 0.4414634140625 0.36396965937500003 0.4408362375 0.3571428578125 0.4408362375 0.35208596718749996 0.4372822296875 0.36118836875000004
1 0.4671777 0.3865992421875 0.464181184375 0.3877370421875 0.4602787453125 0.3964601765625 0.4585365859375 0.407332490625 0.4542857140625 0.459039190625 0.4512891984375 0.5211125156249999 0.4542857140625 0.53362831875 0.4572822296875 0.5362831859375 0.4675261328125 0.5384323640625001 0.47324041875 0.5362831859375 0.4747038328125 0.53362831875 0.47198606249999997 0.4051833125 0.47142857187500004 0.401264221875 0.46898954687499994 0.38938053125 0.4671777 0.3865992421875
1 0.48613240468749996 0.39077117499999997 0.4825087109375 0.3950695328125 0.4795121953125 0.44576485468750005 0.4783275265625 0.53994943125 0.4801393734375 0.5426042984375 0.488222996875 0.5447534765625 0.5071080140625 0.5442477875 0.5101045296875 0.53881163125 0.507386759375 0.5067003796875 0.503832753125 0.48546144062499996 0.4974912890625 0.40379266718749995 0.49602787499999995 0.398988621875 0.49149825781249995 0.39077117499999997 0.48613240468749996 0.39077117499999997
1 0.52843205625 0.38445006249999997 0.5236236937500001 0.3920353984375 0.520627178125 0.4089759796875 0.5121951218749999 0.5270543609375 0.5137282234375 0.5438685203125 0.536794425 0.5477876109375 0.542229965625 0.5438685203125 0.5443205578125 0.5362831859375 0.53923345 0.47699115000000003 0.5413240421875 0.4573957015625 0.537421603125 0.3986093546875 0.536794425 0.3910240203125 0.53324041875 0.3839443734375 0.52843205625 0.38445006249999997
1 0.5475261328125 0.37901390625000003 0.5457142859374999 0.40834386875 0.5475261328125 0.5281921625 0.5510801390625 0.53362831875 0.5660627171875 0.53362831875 0.5696864109375 0.5303413406249999 0.5712195125 0.5216182046875 0.5648780484375 0.42414664999999996 0.5577700343750001 0.36573957031250004 0.554564459375 0.3413400765625 0.5475261328125 0.37901390625000003
0 0.573797909375 0.48963337500000004 0.574982578125 0.5136536031250001 0.5782578390625 0.5201011375 0.5818815328125 0.5207332484375 0.5896864109375 0.5195954484375 0.598954703125 0.5136536031250001 0.6016724734375 0.509228825 0.6011149828125 0.4912768640625 0.5963066203125 0.4586599234375 0.5959581875 0.4352718078125 0.5797909406249999 0.3089759796875 0.5788850171875 0.3035398234375 0.5765156796875 0.3046776234375 0.573797909375 0.48963337500000004
2 0.6101045296875001 0.3212389375 0.6052961671875 0.37673830625 0.6016724734375 0.49102402031250003 0.6032055749999999 0.5013906453125 0.6151916374999999 0.5091024015625 0.6262717765625 0.5063211125 0.6310801390624999 0.494943109375 0.628989546875 0.437800253125 0.622229965625 0.3666245265625 0.6193031359375001 0.35233881093749997 0.615818815625 0.336915296875 0.6101045296875001 0.3212389375
2 0.6442508703125001 0.32806573906250003 0.637770034375 0.3329962078125 0.6367247390624999 0.3384323640625 0.630243903125 0.46409608125 0.630243903125 0.48495575156250004 0.6312195125 0.4912768640625 0.6387456453125 0.494943109375 0.6582578390625 0.48672566406250006 0.65477351875 0.350695321875 0.6542857140625 0.338053096875 0.650243903125 0.330341340625 0.6442508703125001 0.32806573906250003
3 0.6874564453125 0.3164348921875 0.6844599296875 0.31807838125 0.6719163765625 0.34525916562500003 0.6658536578125 0.391529709375 0.663763065625 0.42528445000000004 0.6562369343750001 0.4618204796875 0.6562369343750001 0.4743362828125 0.6598606265625 0.47926675156250004 0.6796515671875001 0.4743362828125 0.6970731703124999 0.46283185781249997 0.694634146875 0.42591656093749997 0.6922648078125 0.407332490625 0.6952613234375 0.39051833125 0.69881533125 0.331731984375 0.696167246875 0.320227559375 0.6949128921875001 0.320859671875 0.6928223 0.3300884953125 0.6841114984375001 0.3742098609375 0.679372821875 0.3817951953125 0.679024390625 0.3785082171875 0.6817421609375 0.3508217453125 0.6874564453125 0.3268015171875 0.6877351921875 0.32300885 0.6889198609375 0.31807838125 0.6874564453125 0.3164348921875
3 0.7076655046875 0.3329962078125 0.7016724734374999 0.3658659921875 0.698954703125 0.42920353906250003 0.70041811875 0.4552465234375 0.7056446000000001 0.45777496875 0.7166550515625 0.451833121875 0.7298954703125 0.4413400765625 0.7304529609375 0.43590391874999995 0.7246689890625 0.410493046875 0.723414634375 0.396965865625 0.723414634375 0.36333754687500003 0.732195121875 0.3184576484375 0.732195121875 0.3121365359375 0.7274564453125001 0.310745890625 0.7246689890625 0.31618204843750003 0.722439025 0.32528445 0.7106620203125 0.4024020234375 0.708641115625 0.4024020234375 0.7096864109375 0.3701643484375 0.7089198609375 0.361061946875 0.7139372828125 0.33249051875 0.7124041812499999 0.32793931718749997 0.7096864109375 0.3289506953125 0.7076655046875 0.3329962078125