3 0.43805309687499994 0.7933101046875 0.4857142859375 0.7714982578125 0.512515803125 0.7631358890625 0.52958280625 0.75477351875 0.496965865625 0.7185365859374999 0.48798988593750003 0.718954703125 0.46902654843749997 0.7264808359375 0.40859671249999996 0.7581184671875 0.399873578125 0.765017421875 0.3950695328125 0.7824390250000001 0.4069532234375 0.7786759578125 0.44222503125 0.759372821875 0.4460176984375 0.75958188125 0.45056890000000005 0.7620905921875 0.45246523437499997 0.765017421875 0.45056890000000005 0.7673170734375 0.42212389375 0.789616725 0.419974715625 0.7927526125 0.42439949375 0.7943553999999999 0.43805309687499994 0.7933101046875
3 0.3902654875 0.746968640625 0.41453855937500006 0.73797909375 0.43982300937499996 0.7255052265625 0.44892541093749994 0.7246689890625 0.464348925 0.7181881531250001 0.487484196875 0.7152613234375 0.49266750937500003 0.71358885 0.4930467765625 0.709825784375 0.47989886249999997 0.6948432062500001 0.4719342609375 0.677351915625 0.46624525937500005 0.6704529609375001 0.4552465234375 0.672961671875 0.4276864734375 0.6834146343749999 0.41340075781249996 0.6908710796875 0.4005056890625 0.6998606265625 0.37711757343749996 0.7073867593750001 0.35891276875 0.7169337984374999 0.34525916562500003 0.726550521875 0.3445006328125 0.7294076656249999 0.35208596718749996 0.7310801390624999 0.36877370468750004 0.72759581875 0.3902654875 0.7181881531250001 0.40164348906249997 0.7160975609375 0.41150442500000006 0.7165156796875001 0.4130214921875 0.7198606265625 0.3807838171875 0.73484320625 0.3763590390625 0.743205575 0.38040455156249997 0.746968640625 0.3902654875 0.746968640625
3 0.3661188375 0.7006968640625 0.395575221875 0.692195121875 0.4227560046875 0.6774912890625 0.439064475 0.6724738671875 0.45499367812499997 0.672961671875 0.46725663749999996 0.6709407671875 0.4699115046875 0.666968640625 0.46763590468749994 0.6524738671875 0.462199746875 0.646968640625 0.4627054359375 0.6374912890625 0.4604298359375 0.6339372828125 0.455878634375 0.6312195125 0.4404551203125 0.6309407671875 0.4278128953125 0.6351916375 0.3487989890625 0.6649477359375 0.3316055625 0.6739372828125 0.33426042968749997 0.67797909375 0.3375474078125 0.678954703125 0.3552465234375 0.676236934375 0.3815423515625 0.666968640625 0.3950695328125 0.663972125 0.39924146718750003 0.663972125 0.4005056890625 0.665435540625 0.398735778125 0.6679442515625 0.34968394375 0.6944947734375 0.3479140328125 0.69797909375 0.35158027812500003 0.7 0.3661188375 0.7006968640625
2 0.2914032875 0.6402787453125 0.2993678890625 0.643832753125 0.3174462703125 0.6457142859375 0.37269279375000003 0.6448780484375 0.42629582812500005 0.6336585359375 0.4426042984375 0.62675958125 0.4456384328125 0.623205575 0.44677623281249995 0.6160975609375 0.44108723124999993 0.61240418125 0.43994943124999997 0.607386759375 0.43767383125 0.6048780484375 0.429709228125 0.6044599296875 0.3964601765625 0.6153310109375 0.350695321875 0.627386759375 0.2914032875 0.6402787453125
2 0.373451328125 0.5913588843750001 0.3458912765625 0.6000696859375 0.29747155468750003 0.6130313593750001 0.280025284375 0.618606271875 0.27699115 0.623414634375 0.27812895000000004 0.6261324046875 0.2834386859375 0.62675958125 0.3024020234375 0.6250871078125 0.342098609375 0.618606271875 0.3825537296875 0.6098954703125 0.4312262953125 0.603414634375 0.4365360296875 0.59156794375 0.43615676406250004 0.5888501734375 0.4316055625 0.5861324046874999 0.43312262968750004 0.582160278125 0.43236409531250003 0.5804878046875 0.4304677625 0.5788153312500001 0.41883691562500003 0.578606271875 0.39797724375 0.587804878125 0.373451328125 0.5913588843750001
0 0.2897597984375 0.5673867593749999 0.2697850828125 0.57560975625 0.2466498109375 0.58836236875 0.2697850828125 0.590383275 0.3183312265625 0.5913588843750001 0.36232616875 0.5871080140625 0.379140328125 0.5831358890625 0.3859671296875 0.579372821875 0.3859671296875 0.5743554 0.3908975984375 0.5721254359375 0.4131479140625 0.568641115625 0.42452591718750005 0.56515679375 0.42629582812500005 0.5606271781250001 0.4257901390625 0.5531010453125 0.4226295828125 0.55163763125 0.391782553125 0.5521254359375 0.36232616875 0.5543554 0.3214917828125 0.5603484328125 0.2897597984375 0.5673867593749999
1 0.29431099843749997 0.5581881531249999 0.351327434375 0.551777003125 0.4201011375 0.5488501734375 0.42351453906250003 0.54759581875 0.4246523390625 0.5423693375 0.42048040468750003 0.5250871078125 0.4183312265625 0.5223693375 0.27534766093749996 0.54682926875 0.2616940578125 0.5537282234375 0.27041719375 0.5576306625 0.29431099843749997 0.5581881531249999
1 0.3522123890625 0.5080836234375 0.289633375 0.5140766546875 0.28192161875 0.5170731703125 0.27787610625000003 0.522578396875 0.28015170624999997 0.5257839718749999 0.294690265625 0.5280836234375 0.360809103125 0.5252961671875 0.41024020156249996 0.521045296875 0.4152970921875 0.5200696859375 0.41845764843750005 0.513797909375 0.41757269218750004 0.505783971875 0.417067003125 0.5030662015625 0.41024020156249996 0.5000696859375 0.4039190890625 0.5002787453125 0.3925410875 0.5030662015625 0.3522123890625 0.5080836234375
1 0.28242730781250003 0.4928223 0.289633375 0.4963066203125 0.3118836921875 0.49979094062499996 0.40986093593749995 0.50076655 0.404424778125 0.48202090625 0.40075853281249996 0.47958188125 0.3858407078125 0.47958188125 0.28874842031250003 0.4855749125 0.2805309734375 0.4880836234375 0.28242730781250003 0.4928223
1 0.289633375 0.46432055781250003 0.3173198484375 0.4692682921875 0.403034134375 0.47902439062499996 0.417067003125 0.47707317031249996 0.4207332484375 0.473031359375 0.4207332484375 0.46780487812500005 0.41340075781249996 0.45902439062499995 0.410745890625 0.456794425 0.3996207328125 0.45484320624999997 0.3499367890625 0.45205574843749996 0.3173198484375 0.45651567968749995 0.289633375 0.46432055781250003
0 0.257016434375 0.4072473875 0.24108723125 0.40871080156249995 0.257016434375 0.422229965625 0.29279393125 0.43574912968749996 0.344121365625 0.44522648125000003 0.3912768640625 0.4512195125 0.41845764843750005 0.45351916406250004 0.42022755937499995 0.4527526125 0.42022755937499995 0.44522648125000003 0.4142857140625 0.43365853593750003 0.41163084687499996 0.42926829218749996 0.40670037968750006 0.4242508703125 0.38938053125 0.42125435468749994 0.2787610625 0.4085017421875 0.257016434375 0.4072473875
2 0.2901390640625 0.3833449484375 0.2908975984375 0.3856446 0.298103665625 0.39003484374999997 0.31618204843750003 0.3979094078125 0.4099873578125 0.4225087109375 0.41554993749999997 0.4225087109375 0.4197218703125 0.41916376250000004 0.42048040468750003 0.41024390312500003 0.4227560046875 0.4068989546875 0.42237673906250006 0.3970731703125 0.421997471875 0.39379790937500003 0.4189633375 0.39149825781250003 0.31466498125000003 0.38313588906249996 0.29734513281249997 0.3822996515625 0.2901390640625 0.3833449484375
2 0.29911504375 0.348153309375 0.292667509375 0.3508710796875 0.292667509375 0.3549128921875 0.2977244 0.3581184671875 0.3806573953125 0.3779094078125 0.42022755937499995 0.3891289203125 0.42427307187499996 0.3891289203125 0.426548671875 0.38641115 0.436030340625 0.367386759375 0.436030340625 0.3641114984375 0.427433628125 0.35916376250000004 0.386219975 0.349616725 0.3448798984375 0.34662020937500004 0.29911504375 0.348153309375
3 0.346144121875 0.3188850171875 0.33704171875 0.32439024375000003 0.355625790625 0.33087107968749996 0.386093553125 0.3386759578125 0.415929203125 0.3498954703125 0.42958280625 0.3588850171875 0.43501896406249996 0.3599303140625 0.437800253125 0.3586759578125 0.442351453125 0.35163763124999997 0.448166878125 0.34641115 0.44778761093749997 0.3351219515625 0.451327434375 0.3319163765625 0.451327434375 0.3239024390625 0.45549936718749995 0.3168641109375 0.45499367812499997 0.314634146875 0.42187105 0.3121254359375 0.3783817953125 0.2988850171875 0.36422250312500004 0.2968641109375 0.357016434375 0.2979094078125 0.35208596718749996 0.3009059234375 0.35335018906250004 0.3048780484375 0.3592920359375 0.30961672500000004 0.3752212390625 0.315400696875 0.3783817953125 0.3171428578125 0.3787610625 0.3201393734375 0.37383059375 0.3211149828125 0.358786346875 0.3188850171875 0.346144121875 0.3188850171875
3 0.3606826796875 0.24439024374999999 0.37243995 0.2579094078125 0.39380530937499997 0.2721254359375 0.447281921875 0.301393728125 0.4618204796875 0.303414634375 0.4699115046875 0.2996515671875 0.48407079687500004 0.2671777 0.46864728125 0.26362369375 0.404171934375 0.226620209375 0.3941845765625 0.2246689890625 0.38192161874999997 0.22815330937499997 0.3838179515625 0.23261324062500002 0.42730720624999996 0.262160278125 0.42958280625 0.2648780484375 0.42553729531249995 0.26836236874999997 0.41643489218749996 0.267386759375 0.35840707968749996 0.2383972125 0.3606826796875 0.24439024374999999
3 0.6164348921875 0.3015331015625 0.6627054359375 0.29003484375 0.6206068265625 0.2885017421875 0.587484196875 0.28522648125 0.5266750953125 0.283763065625 0.5212389374999999 0.2845296171875 0.5166877375000001 0.2927526125 0.5155499375 0.321045296875 0.5589127687500001 0.3185365859375 0.6097345125 0.31923345 0.6355246515624999 0.3137282234375 0.6482933 0.308222996875 0.654993678125 0.302229965625 0.6480404546874999 0.3036933796875 0.6437420984375 0.305017421875 0.6223767390625 0.30675958125 0.61466498125 0.305783971875 0.613780025 0.303972125 0.6164348921875 0.3015331015625
3 0.5865992421875 0.3384668984375 0.6024020234374999 0.3384668984375 0.6225031609375 0.3336585359375 0.6367888749999999 0.3285017421875 0.6424778765625 0.32515679375 0.6424778765625 0.32097560937499997 0.5695322375 0.325783971875 0.512515803125 0.3241114984375 0.5037926671874999 0.33156794375 0.49848293281249995 0.341811846875 0.49810366562499997 0.3632752609375 0.50606826875 0.366202090625 0.53249051875 0.36599303125 0.6160556265625 0.34850174218749996 0.6310998734375 0.3428571421875 0.6367888749999999 0.3382578390625 0.6367888749999999 0.33637630625 0.6310998734375 0.3353310109375 0.5970922875 0.3416027875 0.584323640625 0.3416027875 0.58128950625 0.3401393734375 0.5865992421875 0.3384668984375
2 0.631479140625 0.3874564453125 0.555878634375 0.3799303140625 0.5136536031250001 0.372613240625 0.5011378 0.365783971875 0.493552465625 0.370383275 0.48824273125 0.3828571421875 0.4908975984375 0.392195121875 0.496965865625 0.3951219515625 0.5487989890625 0.39407665468749997 0.6194690265625 0.3953310109375 0.6681415921875 0.40940766562500003 0.6723135265625 0.41080139375 0.6795195953125 0.412613240625 0.6719342609375001 0.406202090625 0.64740834375 0.3928223 0.631479140625 0.3874564453125
2 0.6256637171875 0.41163763124999997 0.5977243999999999 0.406202090625 0.5077117578125 0.396167246875 0.490771175 0.396167246875 0.487357775 0.3976306625 0.48280657343750005 0.4039024390625 0.4824273078125 0.41121951250000005 0.484323640625 0.41721254375 0.487357775 0.42034843281249995 0.6180783812499999 0.42041811874999996 0.62756005 0.42034843281249995 0.6355246515624999 0.41846689843749996 0.6355246515624999 0.41658536562500004 0.63249051875 0.4144947734375 0.6256637171875 0.41163763124999997
0 0.5585335015624999 0.423832753125 0.4972187109375 0.421811846875 0.48280657343750005 0.4243205578125 0.4719342609375 0.42829268281250005 0.46915297031250003 0.4360975609375 0.47281921562499996 0.44404181249999997 0.48280657343750005 0.447804878125 0.60202275625 0.446550521875 0.636030340625 0.4414634140625 0.6428571421875 0.4408362375 0.6479140328125 0.4408362375 0.6388116312500001 0.4372822296875 0.60834386875 0.429825784375 0.5585335015624999 0.423832753125
1 0.6035398234375 0.4602787453125 0.592667509375 0.4585365859375 0.540960809375 0.4542857140625 0.47888748437500006 0.4512891984375 0.46637168124999995 0.4542857140625 0.4637168140625 0.4572822296875 0.46156763593749994 0.4675261328125 0.4637168140625 0.47324041875 0.46637168124999995 0.4747038328125 0.5948166875 0.47198606249999997 0.598735778125 0.47142857187500004 0.6106194687500001 0.46898954687499994 0.6134007578125 0.4671777 0.6122629578125001 0.464181184375 0.6035398234375 0.4602787453125
1 0.5542351453125 0.4795121953125 0.46005056875 0.4783275265625 0.4573957015625 0.4801393734375 0.4552465234375 0.488222996875 0.45575221250000003 0.5071080140625 0.46118836874999997 0.5101045296875 0.49329962031249996 0.507386759375 0.514538559375 0.503832753125 0.5962073328125 0.4974912890625 0.601011378125 0.49602787499999995 0.609228825 0.49149825781249995 0.609228825 0.48613240468749996 0.6049304671875 0.4825087109375 0.5542351453125 0.4795121953125
1 0.5910240203125 0.520627178125 0.4729456390625 0.5121951218749999 0.4561314796875 0.5137282234375 0.4522123890625 0.536794425 0.4561314796875 0.542229965625 0.4637168140625 0.5443205578125 0.52300885 0.53923345 0.5426042984375 0.5413240421875 0.6013906453125 0.537421603125 0.6089759796875 0.536794425 0.6160556265625 0.53324041875 0.6155499375 0.52843205625 0.6079646015625 0.5236236937500001 0.5910240203125 0.520627178125
1 0.4718078375 0.5475261328125 0.46637168124999995 0.5510801390625 0.46637168124999995 0.5660627171875 0.469658659375 0.5696864109375 0.4783817953125 0.5712195125 0.57585335 0.5648780484375 0.6342604296875 0.5577700343750001 0.6586599234375 0.554564459375 0.62098609375 0.5475261328125 0.5916561312499999 0.5457142859374999 0.4718078375 0.5475261328125
0 0.47989886249999997 0.5782578390625 0.47926675156250004 0.5818815328125 0.4804045515625 0.5896864109375 0.486346396875 0.598954703125 0.490771175 0.6016724734375 0.5087231359375 0.6011149828125 0.5413400765625 0.5963066203125 0.5647281921875 0.5959581875 0.6910240203125 0.5797909406249999 0.6964601765625 0.5788850171875 0.6953223765625001 0.5765156796875 0.510366625 0.573797909375 0.486346396875 0.574982578125 0.47989886249999997 0.5782578390625
2 0.5089759796875 0.6016724734375 0.4986093546875 0.6032055749999999 0.4908975984375 0.6151916374999999 0.49367888750000005 0.6262717765625 0.5050568906249999 0.6310801390624999 0.562199746875 0.628989546875 0.6333754734375 0.622229965625 0.6476611890624999 0.6193031359375001 0.663084703125 0.615818815625 0.6787610625 0.6101045296875001 0.62326169375 0.6052961671875 0.5089759796875 0.6016724734375
2 0.6615676359375 0.6367247390624999 0.53590391875 0.630243903125 0.5150442484375 0.630243903125 0.5087231359375 0.6312195125 0.5050568906249999 0.6387456453125 0.5132743359374999 0.6582578390625 0.649304678125 0.65477351875 0.661946903125 0.6542857140625 0.669658659375 0.650243903125 0.6719342609375001 0.6442508703125001 0.6670037921875 0.637770034375 0.6615676359375 0.6367247390624999
3 0.654740834375 0.6719163765625 0.608470290625 0.6658536578125 0.57471555 0.663763065625 0.5381795203124999 0.6562369343750001 0.5256637171875 0.6562369343750001 0.5207332484375 0.6598606265625 0.5256637171875 0.6796515671875001 0.5371681421875001 0.6970731703124999 0.5740834390625 0.694634146875 0.592667509375 0.6922648078125 0.60948166875 0.6952613234375 0.668268015625 0.69881533125 0.6797724406250001 0.696167246875 0.679140328125 0.6949128921875001 0.6699115046874999 0.6928223 0.6257901390625 0.6841114984375001 0.6182048046874999 0.679372821875 0.6214917828125001 0.679024390625 0.6491782546875 0.6817421609375 0.6731984828125 0.6874564453125 0.67699115 0.6877351921875 0.68192161875 0.6889198609375 0.6835651078125 0.6874564453125 0.68192161875 0.6844599296875 0.654740834375 0.6719163765625
3 0.5707964609375 0.698954703125 0.5447534765625 0.70041811875 0.54222503125 0.7056446000000001 0.548166878125 0.7166550515625 0.5586599234375 0.7298954703125 0.56409608125 0.7304529609375 0.589506953125 0.7246689890625 0.603034134375 0.723414634375 0.636662453125 0.723414634375 0.6815423515625 0.732195121875 0.6878634640625 0.732195121875 0.689254109375 0.7274564453125001 0.6838179515625 0.7246689890625 0.6747155499999999 0.722439025 0.5975979765625 0.7106620203125 0.5975979765625 0.708641115625 0.6298356515625 0.7096864109375 0.638938053125 0.7089198609375 0.66750948125 0.7139372828125 0.6720606828125 0.7124041812499999 0.6710493046875 0.7096864109375 0.6670037921875 0.7076655046875 0.6341340078125 0.7016724734374999 0.5707964609375 0.698954703125