3 0.7311738078125 0.49549778125 0.728317659375 0.49226379218750005 0.724764890625 0.4903614453125 0.719818878125 0.493595434375 0.7148380359375001 0.499429296875 0.7073841859375001 0.49873176875 0.6938697312500001 0.5116677234375 0.6906652734375001 0.5239695625 0.6899686515625 0.5407736203125 0.70842911875 0.6022194046875 0.7304771859375 0.64172479375 0.7347265765625 0.6468611281250001 0.7365029609375 0.6455928984375 0.73615465 0.6352568171875 0.7315221171874999 0.613887128125 0.7242772546875 0.5866835765625 0.7251480328125 0.5785668984375001 0.7310693140625 0.5759036140625 0.7349355625 0.5769816109375 0.737896203125 0.584527584375 0.7460815046875 0.6100190234375 0.7606757234375 0.6384908046875 0.7588993375 0.60741915 0.7496342734375 0.5692454031249999 0.7418321140625 0.544007609375 0.7393591078124999 0.5148383 0.7389759671875 0.5091312625 0.7358063390625 0.502663284375 0.7311738078125 0.49549778125
2 0.6049460125 0.5169942921875 0.6028213171875 0.5247305015625 0.6049460125 0.5371591625 0.63733890625 0.68928345 0.6394636015625 0.6815472421875 0.639045628125 0.6310716546874999 0.6347265765625 0.5793278374999999 0.6317659359375 0.5275840203125 0.6288052937499999 0.5135700703125 0.62406826875 0.5060240968749999 0.6187391156250001 0.5009511734375 0.6168930687499999 0.5030437546875001 0.612190875 0.507672796875 0.6049460125 0.5169942921875
2 0.583838384375 0.5110970203125 0.5802856140625 0.51864299375 0.577603621875 0.5218769812499999 0.576419365625 0.526696259375 0.5770114937499999 0.5402029171875 0.582062 0.5568801515625 0.5959595953125 0.629105896875 0.60247300625 0.6965123656250001 0.6051549984375 0.7013316421875 0.6069313828125 0.700253646875 0.6116684078125 0.6582117953125 0.6081156390625 0.6070386812499999 0.6033786140624999 0.5223842734375 0.5983281093749999 0.5137603046875 0.5906304421875 0.50786303125 0.5894461859375 0.5072923265625 0.5882619296875 0.5072923265625 0.583838384375 0.5110970203125
0 0.5460815046875 0.552060875 0.5554510625 0.6490805328125 0.564402646875 0.7057704499999999 0.571647509375 0.7135066578125 0.574225009375 0.7057704499999999 0.579972134375 0.6544705140625 0.57938000625 0.6334178828125 0.5719958203125 0.5590361453125 0.563113896875 0.5234622703125 0.554928596875 0.50779961875 0.55290839375 0.5039315156249999 0.5486241734374999 0.5132530125 0.5460815046875 0.552060875
1 0.522953675 0.524984146875 0.5243469171874999 0.54502219375 0.5296760703125 0.5838300578125 0.5346569140625 0.684083703125 0.536781609375 0.6873176921875 0.5414141421875 0.6847812296875 0.5442702890625 0.6769816109375 0.54566353125 0.6355738750000001 0.54336468125 0.5587190875 0.5436781609375 0.5388078625 0.541588296875 0.5194039312500001 0.5371647515625 0.5155992390625 0.5303030296875 0.5178820546875 0.527203065625 0.5191502859375 0.5243469171874999 0.5204819281249999 0.522953675 0.524984146875
1 0.5030999656249999 0.532276475 0.5158829671875 0.6927076734375001 0.521212121875 0.69917565 0.5244165796875 0.6972098921875001 0.524764890625 0.68883956875 0.52298850625 0.65326569375 0.522326715625 0.585351934375 0.52055033125 0.5222574515625 0.50856844375 0.52682308125 0.5055729703125 0.5284083703125 0.504144896875 0.5297400125 0.5030999656249999 0.532276475
1 0.48934169218749995 0.6138237156249999 0.4949494953125 0.6957514265625 0.4979101359375 0.7048826890625 0.5014629046875 0.707609384375 0.50355276875 0.7038046921875 0.5047370250000001 0.6935954343749999 0.4996865203125 0.616487 0.4996865203125 0.57070386875 0.5014629046875 0.554533925 0.5014629046875 0.5297400125 0.49644723125 0.523779328125 0.49467084687499996 0.523779328125 0.49258098281249996 0.525428028125 0.489620340625 0.5297400125 0.4840125390625 0.5297400125 0.48164402656250005 0.5302473046875 0.48934169218749995 0.6138237156249999
1 0.460118425 0.5363348125 0.46158133125 0.560558021875 0.46725879531250003 0.6261255546875 0.477638453125 0.6989220031250001 0.482062 0.7065313890625 0.4847788234375 0.7060875078125 0.4870080109375 0.700253646875 0.48603274062499996 0.6791376031249999 0.4803552765625 0.632403296875 0.47910135781249996 0.5812301843750001 0.4798676421875 0.554724159375 0.47910135781249996 0.5264426125 0.47788227031249997 0.524159796875 0.476384534375 0.5232720359374999 0.46259143125 0.523715915625 0.46158133125 0.5251109703125 0.460849878125 0.5277742546875 0.460118425 0.5363348125
0 0.432009753125 0.5418516171875 0.4359456640625 0.6149651234375 0.4430512015625 0.69708306875 0.44660397031250004 0.717184528125 0.4526297453125 0.720418515625 0.4568791359375 0.706785034375 0.458307209375 0.686112871875 0.4581330546875 0.6126823078125 0.45541623124999997 0.5282181359375 0.4514803203125 0.5165504125 0.44580285625 0.51116043125 0.4435736671875 0.5107165499999999 0.4386624875 0.5120481921875 0.43448275937499997 0.5209258078125 0.43545802812499995 0.5193405203125 0.43277603593749997 0.524159796875 0.432009753125 0.5418516171875
2 0.3997213515625 0.541154090625 0.3997213515625 0.55409004375 0.4009056078125 0.5686112875 0.4038662484375 0.642993025 0.4056426328125 0.7098287890625 0.4091954015625 0.7157894734375 0.41424590781250004 0.7157894734375 0.41748519687499996 0.70285351875 0.42608847031249997 0.5778059609375 0.4287356328125 0.5535193406250001 0.4278648546875 0.5325301203125 0.42608847031249997 0.5282181359375 0.42312782968749996 0.5282181359375 0.4189829328125 0.5217501578125 0.41424590781250004 0.5195941656249999 0.4109717875 0.5211794546874999 0.4038662484375 0.530374128125 0.402995471875 0.5325301203125 0.4014977359375 0.5351934046875 0.3997213515625 0.541154090625
2 0.3712991984375 0.560558021875 0.3712991984375 0.648953709375 0.375444096875 0.6909955609375 0.38373389062499996 0.7130627781250001 0.3878787875 0.7130627781250001 0.3893765234375 0.7098287890625 0.3878787875 0.7006975265625 0.3864158828125 0.6656309453125 0.3926158140625 0.629549778125 0.398258446875 0.5724159796875 0.4026819921875 0.5594800249999999 0.4038662484375 0.544388078125 0.4020898640625 0.5346861125 0.3991292234375 0.530374128125 0.39411355000000003 0.5282181359375 0.390839428125 0.5201014578125001 0.387286659375 0.516360178125 0.3828631140625 0.5217501578125 0.375165446875 0.52764743125 0.3742598390625 0.52929613125 0.3718913265625 0.5330374124999999 0.3712991984375 0.560558021875
3 0.32466039687500003 0.5521242859375 0.3092650640625 0.620038046875 0.3021595265625 0.6459099562499999 0.3021595265625 0.654533925 0.3068965515625 0.66157260625 0.31072796875 0.6631578953124999 0.3166492515625 0.6566899171875 0.3284918140625 0.63512999375 0.3365029609375 0.5990488265625 0.3388714734375 0.596892834375 0.342702890625 0.59632213125 0.347439915625 0.5974001265625 0.347439915625 0.6027901078125 0.3442006265625 0.6114140781249999 0.332044584375 0.6497146484375 0.332044584375 0.658845909375 0.333228840625 0.6653138875 0.3365029609375 0.6663918828125001 0.3483455234375 0.6610019031250001 0.364332984375 0.62276474375 0.3696621390625 0.596892834375 0.3714385234375 0.5796448953125 0.37349355625 0.5693722250000001 0.3791361890625 0.56239695625 0.38000696562499997 0.545656309375 0.3761755484375 0.5300570703124999 0.36907001093749997 0.5214331015625 0.365795890625 0.522511096875 0.36283524843750004 0.5273303734375 0.3557297109375 0.5322130625 0.3430163703125 0.533291059375 0.3376872171875 0.5272669624999999 0.3347265765625 0.52358909375 0.32998954999999996 0.5230183890625 0.32466039687500003 0.5521242859375
3 0.27819574999999996 0.5072923265625 0.27286659687500003 0.52606214375 0.27143852343749997 0.5771718453125 0.25262974531250004 0.634051996875 0.2508533609375 0.644388078125 0.2522466046875 0.648953709375 0.264332984375 0.6457197203125 0.286799025 0.5923906156250001 0.29035179375000003 0.5910589734375 0.29784047343750003 0.5962587187499999 0.2906304421875 0.6282181359375001 0.273946359375 0.6728598609375 0.27464298125000003 0.6793278375 0.28317659375000004 0.6864299296875 0.29348659062500004 0.6825618265625 0.2973876703125 0.6728598609375 0.31086729375 0.613379834375 0.327237896875 0.5344324671875 0.324730059375 0.520862396875 0.3183559734375 0.51116043125 0.3080459765625 0.5053265687499999 0.3009404390625 0.5053265687499999 0.2973876703125 0.5098922 0.2870776734375 0.50209258125 0.284952978125 0.50209258125 0.2820968296875 0.5027901078125 0.27819574999999996 0.5072923265625
3 0.225983978125 0.5124920734375 0.2238244515625 0.536398225 0.2238244515625 0.5771718453125 0.21459421875 0.6107799625 0.214942528125 0.6166138234375 0.2184952984375 0.6198478125 0.2213514453125 0.6172479390625 0.23343782656249998 0.5674698796875 0.23768721718750002 0.555168040625 0.25262974531250004 0.554533925 0.25262974531250004 0.5570703875 0.24799721406250003 0.5739378562499999 0.23768721718750002 0.5978440078125 0.223476140625 0.6230818015625 0.2249042140625 0.6289156625000001 0.22988505781250002 0.629549778125 0.242668059375 0.6192136968749999 0.254754440625 0.599809765625 0.2707419015625 0.5344324671875 0.2696621390625 0.5157260625 0.2664576796875 0.5092580843750001 0.26220828906250004 0.5060240968749999 0.256530825 0.5040583390625 0.247648903125 0.5046924546875 0.2419714390625 0.5027901078125 0.238035528125 0.5053265687499999 0.234482759375 0.50209258125 0.23343782656249998 0.50209258125 0.2291536046875 0.5053265687499999 0.225983978125 0.5124920734375
2 0.3544757921875 0.3424857328125 0.351271334375 0.3469879515625 0.3459421796875 0.35795814843749996 0.346290490625 0.40970196562499994 0.345245559375 0.4750792640625 0.3441657953125 0.5028535187500001 0.346290490625 0.508053265625 0.348798328125 0.5119213703125001 0.3566004875 0.517121115625 0.3587251828125 0.5157894734374999 0.360884709375 0.5157894734374999 0.36335771562499997 0.5131896 0.36760710625000004 0.5157894734374999 0.3733194015625 0.512555484375 0.377568790625 0.497717184375 0.376489028125 0.479581484375 0.37293625937499997 0.4672796453125 0.37011494218749996 0.44013950468749996 0.36266109375 0.3476220671875 0.361929640625 0.34502219375 0.3569487984375 0.3424857328125 0.3544757921875 0.3424857328125
2 0.386102403125 0.3345592890625 0.380041796875 0.3371591625 0.375444096875 0.37013316406249996 0.375444096875 0.4264426125 0.37293625937499997 0.47685478750000004 0.3736677109375 0.49625871874999994 0.378996865625 0.5053265687499999 0.3917798671875 0.5105263156250001 0.394636015625 0.50209258125 0.40174155312500004 0.50082435 0.4074190171875 0.49625871874999994 0.41132009687500004 0.48142041874999997 0.40884709218750004 0.45745085625000004 0.39958202656249997 0.41217501562500003 0.392128178125 0.3403931515625 0.3917798671875 0.3391249203125 0.3893068625 0.3351934046875 0.386102403125 0.3345592890625
0 0.42041100625 0.32415979687499996 0.41650992656249997 0.3215599234375 0.41365377968750006 0.3215599234375 0.41079763125 0.32352568125 0.408324625 0.3286620171875 0.406548240625 0.3383639828125 0.40369209375 0.46385542187500006 0.4033437828125 0.499429296875 0.4118773953125 0.512999365625 0.422187390625 0.511731134375 0.42431208593749997 0.5039315156249999 0.431417625 0.48972732968750005 0.4370950890625 0.46258719062500003 0.4321142453125 0.419213696875 0.42657610625000003 0.349017121875 0.42643678124999995 0.3429296125 0.4257401609375 0.33772986718750003 0.42041100625 0.32415979687499996
1 0.45656565625 0.33956880156249997 0.452281434375 0.3402029171875 0.4490769765625 0.3421052625 0.44625565937499995 0.348573240625 0.4433995125 0.3589727328125 0.43664228437499997 0.39708306875 0.432044584375 0.47146480625000003 0.4359456640625 0.49480025312500003 0.4412748171875 0.50126823125 0.45050505 0.50126823125 0.454789271875 0.49480025312500003 0.457262278125 0.476664553125 0.45792406874999997 0.3534559296875 0.45795890000000006 0.34667089375 0.45761058906249996 0.3408370328125 0.45656565625 0.33956880156249997
1 0.4817485203125 0.3190868734375 0.47819575 0.319657578125 0.47405085312499995 0.3239695625 0.46781609218750003 0.3341788203125 0.463984675 0.3686746984375 0.4630790671875 0.42580849687500005 0.4630790671875 0.4899809765625 0.465761059375 0.49911223906249996 0.4737373734375 0.501838934375 0.49268547500000004 0.49803424218750003 0.49268547500000004 0.48186429999999997 0.49150121875 0.449017121875 0.4903169625 0.42796448906249995 0.48617206562500004 0.37894736875 0.484221525 0.334876346875 0.483803553125 0.328281546875 0.483211425 0.3201648703125 0.4817485203125 0.3190868734375
1 0.5174851968749999 0.334115409375 0.5142807390625 0.3315155359375 0.511424590625 0.3315155359375 0.5082201328125 0.334749525 0.505398815625 0.34191502812499996 0.5007662828125 0.3696892828125 0.49829327812499996 0.43050095156249996 0.49543712968750003 0.4835764109375 0.497561825 0.49904882656250005 0.51818181875 0.501014584375 0.52528735625 0.50038046875 0.5256356671875 0.49327837656250006 0.524590734375 0.4589727328125 0.522431209375 0.42276474375 0.5200975265625 0.3519974640625 0.5199582031250001 0.3464172484375 0.5196098921875001 0.3399492703125 0.5174851968749999 0.334115409375
1 0.5453152218749999 0.3187064046875 0.5427725531250001 0.3187064046875 0.536781609375 0.3233988578125 0.530825496875 0.335764109375 0.5287008015625 0.3474318328125 0.5257053296875001 0.39790741875 0.528247996875 0.45066582187500004 0.5321142453125 0.49803424218750003 0.5389063046875 0.5003170578125 0.5495646109375001 0.495688015625 0.5534308609374999 0.48636651875 0.55297805625 0.45922637968749996 0.5495646109375001 0.40640456562500005 0.5466039703125001 0.337349396875 0.5466039703125001 0.339695625 0.5461859984374999 0.32492073593750004 0.5453152218749999 0.3187064046875
0 0.5659003828125 0.3341788203125 0.5590734937499999 0.335764109375 0.5526645765625 0.34426125625 0.5501219093749999 0.3566899171875 0.55182863125 0.45992390624999996 0.5552420765625 0.4808497140625 0.5646116328125 0.4917565 0.56760710625 0.49873176875 0.57356321875 0.5025998734375 0.5782654125 0.501838934375 0.584221525 0.49017121093749993 0.5863462203124999 0.4778059609375 0.57951933125 0.43119847812499995 0.5735283875 0.34590995625 0.5714385234375 0.33652504687499996 0.5714385234375 0.335764109375 0.5659003828125 0.3341788203125
2 0.5987809125 0.3247305015625 0.59522814375 0.3247305015625 0.5919540234375 0.32688649375 0.5895855109375 0.33012048125 0.5863462203124999 0.349017121875 0.586032740625 0.380786303125 0.587495646875 0.48757133750000003 0.6071055375000001 0.47977171875 0.6096482062499999 0.4611921375 0.6075235109375 0.4060875078125 0.6058167890624999 0.39055167968750004 0.602890978125 0.3393151546875 0.6026123296875 0.33392517499999996 0.601149425 0.3263792015625 0.5987809125 0.3247305015625
2 0.6322535703125001 0.3251109703125 0.629397421875 0.3270133171875 0.6258446531249999 0.3322130625 0.6123650296875 0.43443246718750006 0.60950888125 0.48547875781250005 0.61093695625 0.4984147109375 0.6148380359375001 0.50038046875 0.6226401953125 0.49714648125 0.6304771859375 0.5042485734375 0.636851271875 0.5023462265624999 0.6418321140625001 0.49587824999999996 0.643956809375 0.4848446421875 0.6411354921875 0.44667089375 0.640404040625 0.405960684375 0.6414838031250001 0.33094483124999996 0.6411354921875 0.32771084375 0.6393591078124999 0.3244768546875 0.6322535703125001 0.3251109703125
3 0.65900383125 0.346924540625 0.657227446875 0.34755865625000004 0.6525949140625 0.3578947375 0.6483455234375 0.4284083703125 0.6426680593749999 0.470450221875 0.641588296875 0.5008877609375 0.6508185296875 0.5131261890625 0.6586555203125 0.5092580843750001 0.6646812953125 0.5027901078125 0.6753396031250001 0.5092580843750001 0.6792406828125 0.5079898546875 0.6845698359375 0.500190234375 0.6856496 0.4840202921875 0.6827934515625 0.451046290625 0.6845698359375 0.4239061515625 0.6856496 0.37083069062499996 0.6817485203125 0.36569435625 0.67958899375 0.367596703125 0.6771159875 0.3721623328125 0.6756879140625001 0.38053265625 0.6756879140625001 0.3974001265625 0.67342389375 0.43341788281250004 0.6695576453125 0.4371591625 0.6671891328124999 0.4350031703125 0.6660048765625 0.4306911859375 0.6646812953125 0.3639188328125 0.6646812953125 0.3578947375 0.6625566 0.34755865625000004 0.65900383125 0.346924540625
3 0.7339254609375 0.41984781250000003 0.7321490765625 0.4618896640625 0.7348310687499999 0.48256182656249996 0.74343434375 0.49873176875 0.750121909375 0.4977805953125 0.7585161968749999 0.46994292968750007 0.75677464375 0.438046925 0.7495646109375 0.38230817968749997 0.7424590734375001 0.3521242859375 0.7468477874999999 0.4127457203125 0.747056775 0.42194039375000003 0.7433995125 0.4239061515625 0.7403692093750001 0.3794546609375 0.740334378125 0.3784400765625 0.7381748515625 0.35580215625 0.7339254609375 0.41984781250000003
3 0.2742598390625 0.40374128125000003 0.2698014625 0.4128725421875 0.262103796875 0.4091312625 0.24524555937499998 0.3643627140625 0.23991640468750003 0.35250475625 0.2363636359375 0.356816740625 0.23368164375 0.367596703125 0.2328108671875 0.394039315625 0.2425635671875 0.44305643593750005 0.2508533609375 0.46353836406250004 0.25322187343749997 0.48078630312500004 0.26388018125 0.4996829421875 0.2748519671875 0.5077362078125 0.28195750625 0.5083069124999999 0.29143155625 0.49803424218750003 0.2967607109375 0.48890297968749996 0.30532915312500003 0.48078630312500004 0.3086032734375 0.47108433749999995 0.2875653078125 0.367596703125 0.2792755140625 0.349841471875 0.27098571875 0.34172479375 0.26388018125 0.33956880156249997 0.2603274125 0.33956880156249997 0.2588645078125 0.34121750156249997 0.2579589 0.34388078593750004 0.2579589 0.346036778125 0.260919540625 0.3490805328125 0.26328805312500003 0.351426759375 0.2742598390625 0.387000634375 0.2742598390625 0.40374128125000003
3 0.6895855109375 0.477045021875 0.6938697312500001 0.4881420421875 0.69996516875 0.49518072343749997 0.70606060625 0.4967026 0.7146290484375 0.49556119218749994 0.7225705328124999 0.48966391875 0.72887495625 0.48890297968749996 0.7329153609375 0.48002536406249996 0.7321142453125 0.4637285984375 0.72887495625 0.4478123015625 0.72643678125 0.43221306249999997 0.723963775 0.40887761562499997 0.7266109375 0.38928345000000003 0.7280390109375 0.36816740625 0.728422153125 0.34667089375 0.7256356671875 0.3364616359375 0.7196447234375001 0.340266328125 0.716126784375 0.35307545937499996 0.7119122250000001 0.3760938484375 0.710170671875 0.3889029796875 0.707697665625 0.394039315625 0.7055729703125 0.387000634375 0.7048763499999999 0.387000634375 0.70348310625 0.3735573875 0.7070010453125 0.3338617625 0.7070010453125 0.3230183890625 0.704179728125 0.31978439999999997 0.695750609375 0.3236525046875 0.690839428125 0.34216867500000003 0.689759665625 0.379961953125 0.6904562875 0.3965757765625 0.6889585515625 0.4379201015625 0.6885754093750001 0.44667089375 0.6885754093750001 0.462206721875 0.6895855109375 0.477045021875