2 0.625252525 0.555168040625 0.6184952984375001 0.5525681671875 0.6117380703124999 0.554533925 0.6117380703124999 0.5635383640625 0.6188436078125 0.6030437546875 0.6263322890625 0.6903614453125 0.6334378265625 0.714267596875 0.64336468125 0.7259353203125001 0.6337861375 0.70456563125 0.6334378265625 0.667723525 0.63625914375 0.6269499046875 0.6334378265625 0.6178820546875 0.6312434687499999 0.5694990484375 0.630581678125 0.5635383640625 0.6281086734375 0.5570703875 0.625252525 0.555168040625
0 0.586172065625 0.574635384375 0.5955416234375 0.6469879515625 0.6068965515625 0.7197209890625 0.609613375 0.7251109703124999 0.611320096875 0.723335446875 0.6135492859375 0.717945465625 0.6150470218749999 0.6905516796875 0.607871821875 0.574191503125 0.6051549984375 0.558465440625 0.5992337171875 0.553075459375 0.5871473359375 0.5472415984375 0.586172065625 0.5472415984375 0.584918146875 0.54996829375 0.586172065625 0.574635384375
1 0.5577499125000001 0.5437539625000001 0.5604319046875 0.5658211796875 0.5704980843749999 0.6752694984375001 0.57819575 0.7038046921875 0.58202716875 0.707609384375 0.5858934171875 0.707609384375 0.5888540578125 0.7054533921874999 0.588540578125 0.6908687375 0.583803553125 0.6003170578125 0.5853012890625 0.59873176875 0.5841170328125 0.5901078 0.582619296875 0.5674698796875 0.5823406484375 0.5437539625000001 0.573458725 0.5459099562499999 0.5604319046875 0.540519975 0.55893416875 0.540519975 0.5580633921875 0.5410272671875 0.5577499125000001 0.5437539625000001
1 0.549355625 0.68928345 0.5503657265624999 0.6963855421875 0.55304771875 0.6967660109375 0.55426680625 0.69378566875 0.5553117375000001 0.6818008875 0.56022291875 0.663855421875 0.5610588640625 0.6327837671875 0.5606408921875 0.60621433125 0.5565308250000001 0.5433100828125 0.555903865625 0.5417882046875 0.539045628125 0.540710209375 0.53740856875 0.5410272671875 0.53719958125 0.5470513640625 0.549355625 0.68928345
1 0.5142459078125 0.5575142671875 0.518773946875 0.5859226375000001 0.5189829328125 0.596068484375 0.5290491125 0.6701331640625 0.5335771515625 0.6941027265625 0.535632184375 0.6967026 0.536642284375 0.695624603125 0.5370602578125 0.690741915625 0.5370602578125 0.6563094484375 0.5381051890624999 0.60577045 0.53726924375 0.5986683578124999 0.535632184375 0.5417882046875 0.5189829328125 0.5436905515625 0.516300940625 0.544388078125 0.5142459078125 0.5462270140625 0.5142459078125 0.5575142671875
1 0.4856496 0.5511097015625 0.49205851562499997 0.5844007609374999 0.4913270640625 0.59422955 0.4925461515625 0.59961953125 0.5002089859375001 0.6854153453125 0.5021595265625 0.6966391890625 0.5043887140625001 0.7011414078125 0.50734935625 0.7006975265625 0.5088470921875 0.6984781234375 0.512539184375 0.6310716546874999 0.5132706375 0.60906785 0.5159874609374999 0.5982878890625 0.51452455625 0.5834495875 0.51452455625 0.5695624609375 0.5184604671875 0.5439441984375 0.5056426328125 0.5457197203125 0.489829328125 0.5439441984375 0.48662486875 0.5439441984375 0.4856496 0.5461636015625 0.4856496 0.5511097015625
0 0.4588993375 0.6554216875 0.459595959375 0.72847178125 0.463148728125 0.72847178125 0.46812957187500004 0.723335446875 0.472762103125 0.714267596875 0.48342041093750004 0.648953709375 0.48683385625 0.5866835765625 0.4855799375 0.5615091953125 0.48683385625 0.5453392515625 0.48164402656250005 0.547114775 0.46732845625 0.547114775 0.4594566359375 0.549397590625 0.45586903593750006 0.5539632218749999 0.453570184375 0.5590361453125 0.4539184953125 0.5835764109375 0.4588993375 0.6554216875
2 0.4188784390625 0.550221940625 0.4159177984375 0.5566899171874999 0.4153256703125 0.5793278374999999 0.420376175 0.633227646875 0.43545802812499995 0.6979074187500001 0.441692790625 0.7091946734375 0.447614071875 0.7097653765625 0.451166840625 0.7048826890625 0.45353535312500004 0.5571972093750001 0.43486589999999997 0.554533925 0.42828282812499996 0.551426759375 0.42479972187500004 0.550221940625 0.42156043125 0.5491439437500001 0.4188784390625 0.550221940625
2 0.3856496 0.5694356375 0.3906304421875 0.5868738109375 0.4009056078125 0.7181991125 0.404110065625 0.729803425 0.409090909375 0.73176918125 0.410170671875 0.7311350671875 0.41194705625 0.7149651234375 0.4183211421875 0.6703233984375 0.4233019859375 0.6050095125 0.4357366765625 0.5687381109375 0.43538836718749996 0.5564996828125001 0.433263671875 0.5519340515625 0.42897945000000004 0.55003170625 0.4026819921875 0.543563728125 0.391675375 0.546100190625 0.38913270624999996 0.5497146484375001 0.3863462203125 0.553899809375 0.3856496 0.5571337984375 0.3856496 0.5694356375
3 0.35792406875 0.6979074187500001 0.3593521421875 0.7056436265625 0.3653779171875 0.713443246875 0.3732149078125 0.6817374765624999 0.3834900734375 0.5814838296875 0.3888192265625 0.5736842109375 0.393451759375 0.5478123015625 0.38920236875 0.54007609375 0.372831765625 0.5445783125 0.36394984375 0.545275840625 0.3301985375 0.5445783125 0.3213166140625 0.5491439437500001 0.3170672234375 0.5575142671875 0.3170672234375 0.5633481296875 0.32027168281249996 0.5730500953125001 0.3238244515625 0.5801521875 0.325252525 0.5873176921875001 0.3262974578125 0.6027901078125 0.3241727625 0.6429296124999999 0.3170672234375 0.6979074187500001 0.3085336125 0.7315155359375 0.3327063734375 0.6823715921875 0.34649947812500004 0.6281547234375 0.3489724828125 0.6214331015625 0.35545106249999997 0.61896005 0.3568443046875 0.62029169375 0.3582723796875 0.6512999359375 0.35792406875 0.6979074187500001
3 0.27683733906249997 0.683639821875 0.27683733906249997 0.6911857953125 0.278335075 0.6965757765625 0.281295715625 0.6976537734375 0.28425635625 0.6960050734375 0.291048415625 0.6841471140625 0.3046673640625 0.6356372859375 0.3123650296875 0.604375396875 0.322431209375 0.5752694984375 0.3262974578125 0.5623335453125 0.32776036249999996 0.5407736203125 0.3165099265625 0.538617628125 0.3032044578125 0.5381103359375 0.291048415625 0.534876346875 0.286032740625 0.5310716546875 0.27537443437500003 0.5294863671875001 0.2682688953125 0.529993659375 0.264994775 0.539695625 0.26321839062499996 0.5601775515625 0.264994775 0.5930881421875001 0.26234761406249996 0.61946734375 0.2587948453125 0.6863031078125 0.26175548593750003 0.6901078 0.2688610234375 0.68306911875 0.274190178125 0.6615091953125 0.281295715625 0.6259353203125 0.28453500468750004 0.6162333546875 0.28662486875000004 0.612999365625 0.287495646875 0.6140773625 0.284848484375 0.6464172484375 0.27683733906249997 0.683639821875
2 0.423615465625 0.402726696875 0.42079414843749996 0.41819911249999997 0.41473354218749997 0.48097653749999997 0.416161615625 0.49327837656250006 0.42399860624999997 0.502282815625 0.437826540625 0.502282815625 0.45168930625000003 0.49974635312500004 0.44778822656250006 0.49454660781250004 0.4449320796875 0.4880786296875 0.4413793109375 0.46157260625 0.4321142453125 0.4249207359375 0.43037269218749996 0.41889663906249996 0.42894461875 0.41306277812500003 0.423615465625 0.402726696875
0 0.483664228125 0.38376664531250004 0.4816788578125 0.38598604999999997 0.472796934375 0.4044388078125 0.463183559375 0.439885859375 0.458969 0.48256182656249996 0.46144200625 0.50456563125 0.4636711953125 0.5153455921875 0.4673632875 0.5185161703125 0.471577846875 0.517121115625 0.4772553125 0.5103994921874999 0.47920585156250006 0.49556119218749994 0.47944966874999995 0.46816740625 0.48791361875000006 0.3953075453125 0.488575409375 0.39048826875 0.488087775 0.38376664531250004 0.483664228125 0.38376664531250004
1 0.508951584375 0.38230817968749997 0.5048066875 0.38230817968749997 0.5000696625 0.388268865625 0.4956112859375 0.4055168046875 0.48969000312500005 0.45776791406250006 0.4894113546875 0.508433734375 0.49265064374999995 0.515472415625 0.50125391875 0.5197844 0.5098223609375 0.5176284078125 0.51337513125 0.5090044390624999 0.5175200281250001 0.48636651875 0.5184256359375 0.437856690625 0.5153605015625 0.39220038125 0.5142807390625 0.388268865625 0.511320096875 0.38395687968750003 0.508951584375 0.38230817968749997
1 0.58568443125 0.3856689921875 0.5833159171875 0.3872542796875 0.5803552765625 0.39587825 0.5637756875 0.4783766640625 0.5634970390625 0.48592263750000003 0.56495994375 0.48858592187500005 0.571786834375 0.4880786296875 0.5765238593750001 0.48915662656250003 0.5815395328124999 0.49613189531249996 0.5827237890625 0.492390615625 0.5833159171875 0.47190868750000003 0.5883664234375 0.3894102734375 0.58805294375 0.3872542796875 0.587460815625 0.3856689921875 0.58568443125 0.3856689921875
0 0.6087425984375 0.41566264999999997 0.592058515625 0.47970830624999994 0.5828282828125 0.5126823078125 0.5828282828125 0.52688649375 0.5856496 0.530754596875 0.6002089859375 0.5379201015625 0.6087425984375 0.535320228125 0.6148032046874999 0.4842105265625 0.6243817484374999 0.4195307546875 0.625809821875 0.3859226375 0.6322187390625 0.3448953703125 0.630790665625 0.34774889062500003 0.6243817484374999 0.3632847171875 0.6087425984375 0.41566264999999997
2 0.653605015625 0.41528218125 0.6473702546875 0.41528218125 0.64322535625 0.41902346250000005 0.633159178125 0.441154090625 0.6133403000000001 0.518769815625 0.6130268203125 0.5306277749999999 0.6168930687499999 0.538173746875 0.622222221875 0.5408370328125 0.6281435046875 0.5414077359375 0.6328805296875 0.53760304375 0.6382096828125 0.5246670890625 0.653570184375 0.42853519375 0.654789271875 0.4239061515625 0.6556600484375 0.41959416562499996 0.653605015625 0.41528218125
2 0.6722396374999999 0.42194039375000003 0.6690351796875 0.42194039375000003 0.66617903125 0.42327203593749996 0.65907349375 0.43557387500000005 0.6388366421875 0.5015218765625 0.6342041093749999 0.529993659375 0.636711946875 0.543563728125 0.6459421796875 0.554533925 0.6555207249999999 0.55909955625 0.6598049453125 0.5558655671875 0.6640543359375 0.5325935312500001 0.6766631828125 0.4449587828125 0.6779171015625 0.43684210468750007 0.6761407171875 0.4277742546875 0.6722396374999999 0.42194039375000003
3 0.6847091609375 0.4281547234375 0.6731452453125 0.482054534375 0.675235109375 0.5224476859375 0.66753744375 0.5629042484375 0.6690003484375 0.56987951875 0.6755137578125 0.5763474953125 0.6817485203125 0.57476220625 0.6873563218750001 0.5806594796875 0.6924068265625001 0.5823081796875 0.6991988859375 0.5823081796875 0.701880878125 0.5785034875 0.7033437828125 0.561826253125 0.70247300625 0.5187064046875001 0.7039359109375 0.5030437546875001 0.7116335765625 0.4885225109375 0.710170671875 0.43405199687499996 0.7086729359375 0.42435003125000004 0.706617903125 0.42111604375 0.705433646875 0.421686746875 0.6971438515624999 0.458845909375 0.692093346875 0.48636651875 0.6882619296875 0.4901078 0.6864855453125001 0.4885225109375 0.686172065625 0.48363982187500004 0.6918495296875 0.4371591625 0.692685475 0.4256182625 0.6935562515625 0.4162333546875 0.6847091609375 0.4281547234375
3 0.7358760015625 0.5033608109375 0.731417625 0.5001268234375 0.731417625 0.489854153125 0.7358760015625 0.4408370328125 0.736746778125 0.42086239687500004 0.7287704625 0.4397590359375 0.7201671890625 0.4682942296875 0.7183908046874999 0.5081800890625 0.7166144203125 0.52599873125 0.71574364375 0.52599873125 0.708916753125 0.554533925 0.706548240625 0.571274571875 0.706548240625 0.5777425484375 0.7086381046875 0.5814838296875 0.7163357718750001 0.5885225109375 0.719888540625 0.5901078 0.72521769375 0.587444515625 0.73023336875 0.590678503125 0.73260188125 0.5933417875 0.7385231625 0.594419784375 0.7435736671875001 0.5885225109375 0.746534309375 0.582054534375 0.74949495 0.560494609375 0.7479972140625 0.5329740015625 0.7497735984375 0.4974001265625 0.7527342390625 0.47260621406250003 0.7473702546875 0.4343690546875 0.7459421796875 0.4397590359375 0.7450365718749999 0.44350031718749994 0.7394287703125 0.4958148390625 0.7358760015625 0.5033608109375