2 0.60950888125 0.55909955625 0.6039707421875 0.562143309375 0.6031347968749999 0.565250475 0.61675374375 0.6312618890625 0.6257053296875 0.7050095125 0.6359456640625 0.7329105890625 0.6321142453124999 0.6909955609375 0.6312434687499999 0.6584020296875 0.6372344125 0.6336081171875 0.6304075234375001 0.6305009515625 0.6276210375 0.6115408999999999 0.626994078125 0.6040583390625 0.621037965625 0.5644895375 0.61933124375 0.561382371875 0.6159177984374999 0.55909955625 0.60950888125 0.55909955625
0 0.6068268890625 0.7353836390625 0.6093347265625 0.7360177546875 0.6107628 0.734749525 0.6107628 0.7289156625000001 0.6086032734375 0.6674698796875 0.5997213515625 0.5627140140625 0.5829676078125 0.5560558015625 0.5784047375 0.555548509375 0.5780564265625 0.5678503484374999 0.581260884375 0.5937222578125 0.599373040625 0.70367786875 0.6068268890625 0.7353836390625
1 0.5730755828125 0.7079264421875 0.578996865625 0.7154724156250001 0.584918146875 0.717121115625 0.5825496343750001 0.6896005078125 0.5781260890625 0.6502853515625 0.575757575 0.610906784375 0.5799024734375 0.6103994921875 0.5769418328125 0.6001268234375 0.575757575 0.5526949906249999 0.5686520374999999 0.5548509828125 0.5537791703125 0.5527584015625 0.5508881921875 0.554343690625 0.5505747125 0.5575776796875 0.551166840625 0.563474953125 0.5630094046874999 0.6669625875 0.5730755828125 0.7079264421875
1 0.5430512015625 0.7083069125 0.545141065625 0.7131896 0.54691745 0.7131896 0.5486938343750001 0.7104629046875 0.5501567390625001 0.6959416609375 0.552525253125 0.65497780625 0.5528387328125001 0.609701965625 0.55047021875 0.5552314515625 0.534413096875 0.5540266328125 0.5312086375 0.55415345625 0.5291536046875 0.5552314515625 0.5291536046875 0.5633481296875 0.5389063046875 0.6511731140625 0.5430512015625 0.7083069125
1 0.5159526296875 0.6594166140625 0.51940090625 0.6899809765625 0.522361546875 0.6949270765625 0.5255660046874999 0.6975903609375 0.5275513765625 0.6975903609375 0.5268199234375001 0.627076728125 0.5273075578124999 0.5889029796874999 0.525809821875 0.557006975 0.5208986421875 0.557006975 0.5116335765625 0.560494609375 0.508324625 0.56239695625 0.5060954375 0.5641724796875 0.5068268890625001 0.5736207984374999 0.5112852671875 0.60779961875 0.5159526296875 0.6594166140625
1 0.48376872187500003 0.6011414078125 0.482584465625 0.6108433734375 0.48495297812500004 0.6140773625 0.487321490625 0.687381103125 0.48969000312500005 0.7100190234375 0.49411354999999996 0.7197209890625 0.4964820625 0.71864299375 0.49797979843749995 0.7154090046875 0.50003483125 0.7046290421875 0.502995471875 0.662587190625 0.5050853359375 0.61781864375 0.506548240625 0.5994927078125001 0.5056774640625 0.5925174375 0.5086381046875 0.5617628406249999 0.50714036875 0.5606848453125 0.501811215625 0.5623335453125 0.487460815625 0.5606214328125 0.48376872187500003 0.5606848453125 0.48199233750000003 0.5606848453125 0.480215953125 0.5628408375 0.48045977031250003 0.57564996875 0.48376872187500003 0.6011414078125
0 0.4425635671875 0.7344324671875 0.44583768749999997 0.7414077359375 0.45057471250000003 0.7387444515625 0.45499825781250003 0.7327837671874999 0.45973528437500005 0.7155358281249999 0.4712991984375 0.6627140140625001 0.476628353125 0.6206721625 0.480181121875 0.6115408999999999 0.47722048125 0.5980342421875 0.476036225 0.5624603671874999 0.45886450781250004 0.563031071875 0.455903865625 0.5641090671875 0.451271334375 0.567596703125 0.4478927203125 0.5710843375 0.44702194375 0.575396321875 0.45057471250000003 0.63094483125 0.441692790625 0.72847178125 0.4425635671875 0.7344324671875
2 0.4118773953125 0.639695625 0.4287704625 0.72435003125 0.4340996171875 0.7157260625 0.43911529062500004 0.6866201656250001 0.44120515468750005 0.620862396875 0.44858934218749996 0.5814838296875 0.44831069375 0.5734305640625 0.44681295781249997 0.571274571875 0.44298153906250004 0.5685478749999999 0.43733890625000005 0.5669625875000001 0.432009753125 0.5691185796875 0.42817833437499997 0.5685478749999999 0.42048066874999995 0.5620164875 0.4148380359375 0.561001903125 0.41365377968750006 0.5620798984375 0.4118773953125 0.5674698796875 0.4106931375 0.587444515625 0.4118773953125 0.639695625
2 0.384918146875 0.6300570703124999 0.39588993437500003 0.7389346859375 0.4012190875 0.750221940625 0.4009056078125 0.7454026640625 0.4086032734375 0.6747622062499999 0.41246952343750004 0.6192771078125 0.41661442031249996 0.5734305640625 0.41365377968750006 0.5669625875000001 0.41037965937500004 0.5637285984375 0.401811215625 0.5599873171875 0.3926158140625 0.5594166140625 0.3844305125 0.5628408375 0.38136537812500004 0.565884590625 0.37722048125 0.57235256875 0.37722048125 0.5804692453125 0.38195750624999997 0.592327203125 0.384918146875 0.6300570703124999
3 0.3176245203125 0.584083703125 0.32236154687499996 0.619657578125 0.311389759375 0.68598605 0.310205503125 0.7183259359374999 0.312574015625 0.720481928125 0.313758271875 0.7199112234375 0.3196795546875 0.7048192765625 0.3315221171875 0.6789473687500001 0.3401253921875 0.635320228125 0.34336468125 0.6320862390624999 0.34900731406249996 0.6320862390624999 0.3484151859375 0.7112872546875 0.35047021875 0.71940393125 0.35520724531250003 0.7215599234375001 0.3575757578125 0.71940393125 0.3623127828125 0.7021559921875 0.370602578125 0.633671528125 0.3786137234375 0.5868104 0.382445140625 0.552314521875 0.376523859375 0.5544705140625 0.3697318 0.5528218140625001 0.3522466046875 0.55662650625 0.33598049531249996 0.5560558015625 0.3244165796875 0.5603677874999999 0.32061999375 0.5575776796875 0.3176245203125 0.5577045015625 0.31644026406250003 0.5582117953125 0.314942528125 0.560938490625 0.314942528125 0.5684844640625 0.3176245203125 0.584083703125
3 0.253674678125 0.6918199109375001 0.2563566703125 0.6982878890625 0.2610936953125 0.6982878890625 0.2664228484375 0.6875079265624999 0.2809125734375 0.6185161703125 0.282410309375 0.631452125 0.27471264375 0.678313253125 0.2743991640625 0.6987951812500001 0.276489028125 0.7063411546875 0.2830024375 0.7069118578125 0.28920236875 0.6831959421875 0.2989898984375 0.6357641093749999 0.3075583421875 0.6060875078125 0.317938 0.5737476218750001 0.3208986421875 0.5564996828125001 0.31853012812500003 0.55003170625 0.31644026406250003 0.548953709375 0.2983977703125 0.548953709375 0.292163009375 0.5511097015625 0.2889237203125 0.5457197203125 0.2785440609375 0.5398224484374999 0.2676767671875 0.5393151546875 0.2634622078125 0.5430564359375001 0.259595959375 0.566772353125 0.260780215625 0.603931515625 0.253674678125 0.6918199109375001
1 0.4647161265625 0.34508560625 0.45806339218750003 0.3680405828125 0.4514106578125 0.41293595468750005 0.4491814703125 0.47133798281250006 0.451166840625 0.4883956875 0.4533611984375 0.49511731093750005 0.45733194062500004 0.4978440078125 0.46248693906250005 0.496448953125 0.4676767671875 0.49017121093749993 0.47136886093749997 0.4744451484375 0.4701497734375 0.47178186406249994 0.46966213906250004 0.45738744374999996 0.47314524531249996 0.3577045015625 0.47359805 0.3527584015625 0.474085684375 0.3455294859375 0.4731104140625 0.34331008281250003 0.466945315625 0.34331008281250003 0.4647161265625 0.34508560625
1 0.4852316265625 0.3674698796875 0.48153953281249995 0.3800253640625 0.47732497343749997 0.4280913125 0.47683733906250003 0.462206721875 0.47857889218749994 0.4842105265625 0.4830024375 0.492771084375 0.49090909062500004 0.49727330312499995 0.49707419062499997 0.4968294234375 0.50125391875 0.493214965625 0.5037269249999999 0.48554216875 0.5061999296875 0.47121116093750004 0.5071752 0.4496512359375 0.5049460125 0.4033608109375 0.49885057499999996 0.36575776718749997 0.4973180078125 0.3602409640625 0.49508881875000005 0.35846544062499996 0.4906652734375 0.3593532015625 0.4891675375 0.3606848453125 0.4852316265625 0.3674698796875
0 0.5770114937499999 0.48763474999999995 0.5851619640625 0.4984147109375 0.5918146984375 0.500190234375 0.5965168937499999 0.4908053265625 0.6017067218750001 0.474128090625 0.612783003125 0.3928344953125 0.6164054343750001 0.3356372859375 0.6169975625 0.32682308125000004 0.60957854375 0.342993025 0.5967607109374999 0.38883956875000003 0.5755485890625 0.47235256875 0.5770114937499999 0.48763474999999995
3 0.664437478125 0.47786937187499995 0.6617206546875 0.4846544078125 0.6572622781249999 0.49004438749999996 0.6557993734374999 0.4949270765625 0.65677464375 0.52682308125 0.6577499125 0.5308814203125001 0.6617206546875 0.5353836390625 0.6725531171875 0.54343690625 0.676523859375 0.544831959375 0.6908045984375 0.5336081171875 0.6955067921875 0.5120481921875 0.6959944265625 0.498541534375 0.695750609375 0.48103995 0.6989550671875 0.4666455296875 0.7021595265625 0.44153455937499997 0.7021595265625 0.40868738125000004 0.7014280734375 0.4015218765625 0.7004528031249999 0.39790741875 0.6989550671875 0.39841471093749997 0.6974921625 0.4015218765625 0.6964820625 0.4096385546875 0.6925461515625 0.4289156625 0.6878439562499999 0.46036778749999996 0.6839080453124999 0.4720355109375 0.681435040625 0.4752060875 0.679972134375 0.47564996875 0.6779867640624999 0.4738744453125 0.6767676765624999 0.47070386875 0.6767676765624999 0.46398224531250004 0.682514803125 0.4 0.681922675 0.394800253125 0.6794844999999999 0.394800253125 0.677742946875 0.3970196578125 0.66983629375 0.4325301203125 0.664437478125 0.47786937187499995
3 0.72406826875 0.468421053125 0.7312782999999999 0.42834495937500006 0.7329153609375 0.41077996250000004 0.7294322531249999 0.3924540265625 0.7261233015624999 0.3883322765625 0.7230581671875 0.40215599218750003 0.7152211765625001 0.42650602343750005 0.7121560437500001 0.46651870625 0.7094740515625 0.48934686093749996 0.703099965625 0.49797083124999997 0.7020550328125 0.504375396875 0.7020550328125 0.5099556125 0.7055729703125 0.5313253015625 0.7088470921875001 0.5372859859375 0.71316614375 0.5406467984375001 0.7201671890625 0.5432466703125 0.7277603625 0.5432466703125 0.7333333328125 0.5376664546875001 0.7363984671875 0.53094483125 0.7399164046875 0.5088142046875 0.7407175203125 0.484908053125 0.740508534375 0.4755231453125 0.744026471875 0.45269499062499996 0.744026471875 0.429105896875 0.7429815390625001 0.4137603046875 0.7399164046875 0.40031705781250004 0.7384535 0.408497146875 0.7310693140625 0.47140139531249997 0.7285963078125001 0.4759036140625 0.7249042140624999 0.47400126875000004 0.72406826875 0.468421053125