3 0.34121750156249997 0.777847440625 0.34337349375000004 0.780215953125 0.3509194671875 0.7819923375 0.35846544062499996 0.781400209375 0.3951173109375 0.7695576453124999 0.4209892203125 0.7568094734375 0.43176918124999997 0.7541623125 0.4694990484375 0.747056775 0.4694990484375 0.7292929296875 0.47324032968749996 0.7186346218749999 0.47431832656250006 0.7118077328125 0.47324032968749996 0.7076628359375 0.45599239062499997 0.70856844375 0.3735573875 0.7269244171875 0.3503487640625 0.7366771156249999 0.332022828125 0.746464646875 0.32612555468750004 0.75060954375 0.3255548515625 0.7541623125 0.3272035515625 0.755938696875 0.33259353125 0.755938696875 0.346036778125 0.7517938 0.37622067187499997 0.7399512359375 0.39296131875 0.7359108328125 0.399429296875 0.7417624515625 0.400570703125 0.7449320796875 0.400253646875 0.7485545109375 0.391502853125 0.7526645765625 0.3751426765625 0.7615465 0.348763475 0.7701497734375 0.3422954984375 0.77457331875 0.34121750156249997 0.777847440625
3 0.4366518703125 0.6654127484375 0.405580215625 0.6664925109375 0.3525681671875 0.67112504375 0.344831959375 0.6735980500000001 0.3435003171875 0.67823058125 0.34610019062499997 0.6828282828125001 0.354533925 0.6842563562499999 0.410145846875 0.681400209375 0.4159797078125 0.68178335 0.4159797078125 0.6839080453124999 0.41401395 0.69028213125 0.4069118578125 0.6931382796875 0.3635383640625 0.6973876703124999 0.3519340515625 0.7009404390625 0.3487000640625 0.7034482765625001 0.34673430625 0.7105538140625 0.364235890625 0.7109021249999999 0.46512365312500004 0.704144896875 0.4806594796875 0.7023685125 0.479961953125 0.6835597359375 0.4831959421875 0.6742946703125 0.4831959421875 0.67112504375 0.4812935953125 0.6682688953125 0.47805960625 0.6668408218749999 0.47095751406249997 0.665795890625 0.4366518703125 0.6654127484375
2 0.4841471140625 0.6318704281249999 0.4511097015625 0.6293625921875 0.360558021875 0.62901428125 0.3321496515625 0.6322187390625 0.31401395 0.6382445140625 0.30951173125000003 0.642877046875 0.33018389375 0.642877046875 0.4019657578125 0.653535353125 0.46924540312499996 0.6659700453124999 0.4841471140625 0.6641936609375 0.48864933437499997 0.66029258125 0.4953075453125 0.6455938703124999 0.4957514265625 0.642877046875 0.4944831953125 0.636851271875 0.489917565625 0.6339951234375001 0.4841471140625 0.6318704281249999
2 0.37235256875 0.6044583765625 0.3575776796875 0.6070358765625 0.3513633484375 0.6104493203125 0.3521242859375 0.6146987109375 0.356816740625 0.61682340625 0.4910589734375 0.63131313125 0.4941661375 0.6270637406249999 0.5017755234375 0.6110414484375 0.503487634375 0.6074538484375 0.503487634375 0.6010449328125 0.50038046875 0.599338209375 0.4941661375 0.5985022640625 0.37235256875 0.6044583765625
0 0.48611287187499996 0.5520376171875 0.38598604999999997 0.5546151171875 0.35491439375 0.5575757578125 0.3370957515625 0.560989203125 0.33164235937500003 0.5656913968749999 0.3331642359375 0.5699407875 0.3409638546875 0.5725182859375 0.3875079265625 0.58059909375 0.5046924546875 0.598084290625 0.510145846875 0.5967955421875 0.51401395 0.587425984375 0.5199112234375 0.5675026125 0.52022828125 0.5622779515625 0.5194673437499999 0.557157784375 0.5148383 0.5550330890625 0.50703868125 0.5533263671875 0.48611287187499996 0.5520376171875
1 0.37805960625 0.5046325328125 0.3761572609375 0.50856844375 0.37805960625 0.5152908390625 0.38389346875 0.5231278296874999 0.4201014578125 0.5394636015625001 0.51198478125 0.5479972140625 0.513887128125 0.5465691390625 0.517121115625 0.5394636015625001 0.5190868734375 0.529501915625 0.5190868734375 0.525949146875 0.5164869999999999 0.5241727625 0.5106531390625 0.5223963781250001 0.4641090671875 0.51922675 0.37805960625 0.5046325328125
1 0.383513 0.483664228125 0.3718452765625 0.4882967609375 0.3712111609375 0.492197840625 0.37577679062499997 0.4960989203125 0.40488268906249997 0.5049808421875001 0.516740646875 0.5223963781250001 0.521306278125 0.52061999375 0.5238427390625 0.513862765625 0.5232086234375 0.500731453125 0.52194039375 0.49895506718749993 0.521306278125 0.4978753046875 0.516740646875 0.49575060937500004 0.39384908125 0.482619296875 0.383513 0.483664228125
1 0.38858592187499996 0.4517241375 0.38858592187499996 0.455973528125 0.3930881421875 0.46130268125 0.42155992343750004 0.474085684375 0.4862396953125 0.48937652343750004 0.528281546875 0.4943573671875 0.5302473046875 0.48902821249999995 0.5302473046875 0.47314524531249996 0.52276474375 0.47084639531250005 0.41959416562499996 0.4517241375 0.39765377343749997 0.4502960640625 0.38858592187499996 0.4517241375
1 0.3630944828125 0.41034482812500006 0.3611921375 0.41177290156249996 0.3721623328125 0.427028909375 0.38059606874999996 0.435562521875 0.39220038125 0.44054336406249994 0.4374762203125 0.45189829374999996 0.5312618890625 0.47039359062499997 0.5354470515624999 0.44594217968749994 0.5358275203125 0.4423197484375 0.53512999375 0.4401950546875 0.5325935312500001 0.43841866874999996 0.381230184375 0.4128178328125 0.3630944828125 0.41034482812500006
0 0.39917565 0.39143155625000003 0.3616360171875 0.390386625 0.35580215625 0.39216300937500004 0.35580215625 0.3960640890625 0.364235890625 0.40247300625 0.40044388125 0.411354928125 0.47545973437500005 0.4184604671875 0.539505390625 0.42270985781250003 0.5466074828124999 0.41772901406249996 0.54755865625 0.4044235453125 0.547305009375 0.40139324218750005 0.5447051359375 0.3967607109375 0.53760304375 0.39108324687499996 0.529803425 0.3889585515625 0.39917565 0.39143155625000003
2 0.49258084999999996 0.35938697343750003 0.4123018390625 0.36116335781250003 0.39232720312499997 0.3605712296875 0.3793912484375 0.3617554859375 0.3778059609375 0.3659003828125 0.37888395625000004 0.3682688953125 0.3912492078125 0.37300592187500003 0.45808497187499997 0.382479971875 0.52764743125 0.384848484375 0.5289790734375 0.371612678125 0.5281547234375 0.3676767671875 0.52599873125 0.36147683750000004 0.52276474375 0.3587948453125 0.5184527578125 0.3576105890625 0.49258084999999996 0.35938697343750003
2 0.39042485781249997 0.345315221875 0.38934686093750004 0.350052246875 0.39258085 0.35419714375 0.4055168046875 0.3556948796875 0.47939124843750003 0.35656565625000003 0.5181991125 0.3556948796875 0.5197844 0.337931034375 0.517121115625 0.333194009375 0.5090044390624999 0.3278648546875 0.5063411546875 0.3275513765625 0.492327203125 0.3275513765625 0.4060875078125 0.33820968281249997 0.3953075453125 0.3417624515625 0.39042485781249997 0.345315221875
3 0.38598604999999997 0.299338209375 0.3773620796875 0.3032044578125 0.376284084375 0.306757228125 0.3784400765625 0.30971786875 0.38433735 0.3111807734375 0.3924540265625 0.3111807734375 0.43772986718749995 0.30616509999999997 0.44204185156250003 0.3076280046875 0.44204185156250003 0.31386276562500004 0.438237159375 0.31710205468749997 0.3908053265625 0.3194705671875 0.3816740640625 0.32156043125 0.377869371875 0.32420759375 0.377869371875 0.32776036249999996 0.38059606874999996 0.33131313125 0.3892200375 0.331905259375 0.503487634375 0.3262974578125 0.50456563125 0.3233368171875 0.5039949265625 0.319784046875 0.5024096390625 0.31710205468749997 0.498097653125 0.3147335421875 0.49594166093750003 0.3111807734375 0.49429296093749997 0.301706721875 0.4863031078125 0.2889237203125 0.48300570781249996 0.2857192609375 0.4808497140625 0.2833507484375 0.473303740625 0.2830721 0.44743183281250004 0.28631138906250003 0.38598604999999997 0.299338209375
3 0.42016487031249994 0.2497387671875 0.38738110312499996 0.252943225 0.3752694984375 0.2556600484375 0.36943563749999997 0.25910832500000003 0.368547875 0.2618251484375 0.36899175624999997 0.2640543359375 0.37209892187500004 0.2664925109375 0.377045021875 0.2677464296875 0.412999365625 0.266771159375 0.42555485156249995 0.26551724062500004 0.428281546875 0.26624869375000004 0.42872542812500003 0.2675026125 0.428281546875 0.2694531515625 0.424223209375 0.2739115296875 0.40938490781250003 0.2761407171875 0.3851617 0.2780912578125 0.3752694984375 0.280076628125 0.3707672796875 0.28303726875 0.3712111609375 0.28648554531250003 0.3729866828125 0.2889585515625 0.3851617 0.289690003125 0.44172479375 0.2877394640625 0.4794546609375 0.28575409218750003 0.475396321875 0.26997561875 0.47869372187500003 0.251097178125 0.47812301875 0.24824103125 0.4776791375 0.24726576093750002 0.4677869375 0.245280390625 0.4511731140625 0.2455242078125 0.42016487031249994 0.2497387671875
3 0.423779328125 0.1928944625 0.40082435 0.18080808125 0.3936588453125 0.18080808125 0.39004438750000003 0.18178335 0.3896005078125 0.1852316265625 0.39048826875 0.1894461859375 0.40126823125 0.1973528390625 0.41249207343750005 0.202995471875 0.44673430625000005 0.21159874531249998 0.44673430625000005 0.21654475781250002 0.44267596718749996 0.2207244859375 0.403551046875 0.20891675312500002 0.3936588453125 0.20153256718749998 0.3860494609375 0.19386973125 0.377045021875 0.18920236875000002 0.371655040625 0.1894461859375 0.3644895375 0.1931382796875 0.367152821875 0.20498084218749998 0.3812935953125 0.2158133046875 0.4216233359375 0.23437826562500003 0.43557387500000005 0.242842215625 0.444831959375 0.24458376875 0.45466074843750004 0.2454197140625 0.47121116093750004 0.2454197140625 0.47901077968749994 0.24322535625000002 0.48934686093749996 0.2365726234375 0.49429296093749997 0.2311389765625 0.50120481875 0.2135144546875 0.501838934375 0.2094043890625 0.49904882656250005 0.2056426328125 0.4934686109375 0.2022291890625 0.4752694984375 0.1978753046875 0.423779328125 0.1928944625
3 0.5970196578125 0.249878090625 0.600570703125 0.24667363281250002 0.673303740625 0.23688610312499997 0.6814204187499999 0.234238940625 0.6835764109375 0.2289097875 0.6819277109375 0.2268199234375 0.6792644265625001 0.22417276249999998 0.6722257453125 0.22298850625000002 0.5714648062500001 0.23451758906250003 0.538046925 0.23897596718749997 0.5320862390625 0.241623128125 0.5305009515625 0.24667363281250002 0.529930246875 0.2564263328125 0.5337349390624999 0.265621734375 0.5385542171875 0.27241379375 0.5439441984375 0.27715081874999997 0.5482561828125 0.2786485546875 0.5596068484375001 0.2786485546875 0.586556753125 0.2733194015625 0.6199746359375 0.267990246875 0.6883956875 0.2525949140625 0.6922003812499999 0.24872866562499998 0.6922003812499999 0.2478578890625 0.6864933421875 0.2462208296875 0.6754597343750001 0.24726576093750002 0.602282815625 0.25893416875 0.5951807234375 0.2575060953125 0.5951807234375 0.25419714375 0.5970196578125 0.249878090625
3 0.6722257453125 0.29508881875 0.6493341781249999 0.29707419062499996 0.6251109703125 0.3007662828125 0.6116043125 0.3002786484375 0.6066582125 0.2973180078125 0.6066582125 0.29386973125 0.608497146875 0.2901776390625 0.6120481921875001 0.2891675375 0.654724159375 0.286206896875 0.6677869375000001 0.28324625625 0.6695624609374999 0.281295715625 0.6695624609374999 0.278335075 0.6646163609375 0.274120515625 0.6564996828125 0.27265761093749996 0.581991121875 0.2785788921875 0.5545973359375 0.28202716875 0.550982878125 0.2845001734375 0.5505389984375 0.2881922671875 0.5554850984375 0.2960989203125 0.5608750796875 0.298049459375 0.556816740625 0.3049808421875 0.561318959375 0.3121212125 0.5662650609375001 0.3135841171875 0.566708940625 0.316300940625 0.57564996875 0.3195053984375 0.5900443875 0.31853012812500003 0.6774254921875 0.3037965859375 0.681230184375 0.3027516546875 0.6834495875 0.3007662828125 0.6821179453124999 0.298293278125 0.67805960625 0.295820271875 0.6722257453125 0.29508881875
2 0.70209258125 0.32452107343750003 0.6982878890625 0.3195053984375 0.68966391875 0.31623127812499996 0.681610653125 0.31595262968750004 0.5942929609375 0.3195053984375 0.5775523140625001 0.320968303125 0.5716550406249999 0.32542668125 0.5710843375 0.330755834375 0.575396321875 0.337861371875 0.5797083062499999 0.3414141421875 0.586176284375 0.3497039359375 0.591566265625 0.3505747125 0.6185161703125 0.3485196796875 0.6887761578125 0.3376523859375 0.6934686109375 0.3369557640625 0.70209258125 0.33490073124999997 0.70367786875 0.33194009062499996 0.7031705765625 0.3286659703125 0.70209258125 0.32452107343750003
2 0.697336715625 0.3538488328125 0.6932783765625 0.3528735625 0.5890298031250001 0.3516196453125 0.5836398218750001 0.3538488328125 0.5792010140625 0.35952629687500004 0.5792010140625 0.368164403125 0.5827520609375 0.375304771875 0.5904248578125 0.3780215953125 0.6935320234375 0.37154301562500003 0.69955611875 0.3713688609375 0.70538998125 0.3684082203125 0.7062777421875001 0.3617554859375 0.702726696875 0.35754092656249997 0.697336715625 0.3538488328125
0 0.70209258125 0.3888888890625 0.621242865625 0.3828631140625 0.6031705765625001 0.3828631140625 0.5902346234375 0.384987809375 0.5798985421875 0.3899686515625 0.576664553125 0.395646115625 0.5759670265625 0.4020202015625 0.577932784375 0.40734935625 0.5831325296875 0.40950888125 0.6031705765625001 0.40877742968749997 0.706404565625 0.409056078125 0.7131261890625 0.40842911875 0.7169942921875 0.4059561125 0.7157260625 0.398850575 0.7098922 0.39209334687499997 0.70209258125 0.3888888890625
1 0.7343690546875 0.4251132015625 0.7281547234375 0.4242772546875 0.6505389984375001 0.4191570875 0.5861128718749999 0.416161615625 0.5783766640625 0.417450365625 0.5737476218750001 0.42257053281249995 0.5752694984375 0.4400557296875 0.5768547875000001 0.443469175 0.598541534375 0.4430163703125 0.6730500953125 0.439184953125 0.7343690546875 0.43793103437500003 0.7374762203125 0.43793103437500003 0.742168675 0.4362243125 0.742168675 0.433228840625 0.739061509375 0.4276907 0.7343690546875 0.4251132015625
1 0.7734939765625 0.4700801109375 0.77152821875 0.4640543359375 0.7689283453125 0.4615465 0.75085605625 0.45907349374999995 0.7185161703125 0.45586903593750006 0.58135700625 0.4466388015625 0.5755231453125 0.44806687500000003 0.5710209265625 0.4544409609375 0.5677869375 0.48429118750000005 0.5697526953125001 0.488575409375 0.611794546875 0.4853709515625 0.670006340625 0.483594565625 0.7436905515625 0.48216649218749996 0.7488902984375 0.48216649218749996 0.7573240328125 0.4810867296875 0.7670259984375 0.4782654125 0.7721623328125 0.47471264375000005 0.7734939765625 0.4700801109375
1 0.7322130625 0.528840125 0.7083069125 0.51926158125 0.622891565625 0.50362243125 0.5834495875 0.49366074531250004 0.5686112875 0.492267503125 0.563411540625 0.50470219375 0.5595434375 0.5291884359375 0.5608116671875 0.53382096875 0.5660114140625 0.536293975 0.584083703125 0.5377220484375 0.7221306281250001 0.542911878125 0.7263792015625 0.5433995125 0.731578946875 0.5433995125 0.73677869375 0.541623128125 0.73677869375 0.533124346875 0.7322130625 0.528840125
1 0.734115409375 0.5650992687499999 0.664235890625 0.551271334375 0.560114140625 0.5388366421875 0.5549778062499999 0.553744340625 0.5530120484375 0.5665273421875 0.560114140625 0.5697318 0.579518071875 0.5708115640625 0.6273937859375 0.569383490625 0.6571337984375 0.569383490625 0.743817375 0.5779171015625 0.7464172484375 0.5779171015625 0.7490171218749999 0.575409265625 0.7490171218749999 0.5708115640625 0.7464172484375 0.5690351796875001 0.734115409375 0.5650992687499999
0 0.7464172484375 0.60727969375 0.7135700703125 0.5965168937499999 0.638617628125 0.580041796875 0.5879518078125 0.5717520031250001 0.569625871875 0.5738070359375 0.5571972093750001 0.5809125734375 0.550221940625 0.592163009375 0.554533925 0.6019505406250001 0.5653138875 0.60846395 0.581991121875 0.6093347265625 0.62187698125 0.6063740859375 0.6488268859375 0.6069662140625 0.691946734375 0.6108324625 0.74090044375 0.61818181875 0.74749524375 0.61821665 0.750158528125 0.6176245203125 0.7518072296875 0.6155694875 0.7507292328124999 0.6096482062499999 0.7464172484375 0.60727969375
2 0.75332910625 0.6383838390625 0.7517438171874999 0.6341344484375 0.7424223203125 0.62901428125 0.7230183890624999 0.6268895859375 0.6081800890625 0.6170672234375 0.5934052000000001 0.6136886109375 0.5686112875 0.6119818875 0.553075459375 0.6153953328124999 0.5406467984375001 0.6277255312500001 0.5414077359375 0.6430860328125 0.54996829375 0.64691745 0.5794546609375 0.6486241734375 0.736525046875 0.6521769421875 0.7424223203125 0.652455590625 0.747114775 0.6520376171875 0.7517438171874999 0.6477882265625 0.75332910625 0.6447927546875001 0.75332910625 0.6383838390625
2 0.73760304375 0.675444096875 0.7350031703125001 0.6733194015625 0.7259353203125001 0.66976663125 0.5991756500000001 0.6502264015625 0.562967659375 0.6473702546875 0.550665821875 0.648798328125 0.538998096875 0.6520027859375 0.5286620171874999 0.664437478125 0.52606214375 0.676523859375 0.534495878125 0.6857540921874999 0.5628408375 0.6882270984375001 0.7256182625 0.6901428078125 0.73176918125 0.6900034828125 0.7362714015625 0.688610240625 0.738237159375 0.68683385625 0.7388712749999999 0.6797283171874999 0.73760304375 0.675444096875
3 0.6662016484375 0.7785092296875 0.631198478125 0.7725879484375 0.5923906156250001 0.7687217000000001 0.5868738109375 0.767572275 0.5837666453125 0.7654824109375 0.5837666453125 0.759561128125 0.5848446421875 0.7566004875 0.5902346234375 0.75541623125 0.6570703875 0.7642981546875001 0.6656943562500001 0.763392546875 0.670006340625 0.7610240328125 0.670006340625 0.758376871875 0.6689283453125 0.754824103125 0.6656943562500001 0.7518634625 0.5805326562500001 0.7370602578125001 0.5449587828125 0.732009753125 0.53094483125 0.73260188125 0.5223208625 0.7346917453125 0.5136968921875 0.746534309375 0.51528218125 0.754824103125 0.5115409 0.766945315625 0.5147748890625 0.77464298125 0.5223208625 0.7779171015624999 0.556816740625 0.7814698718749999 0.658655675 0.7876698015625 0.6694356375 0.7882619296875 0.6710843375 0.7864855453125 0.6710843375 0.7835249046875 0.6694356375 0.7808777421875 0.6662016484375 0.7785092296875
3 0.5217501578125 0.710101009375 0.5136968921875 0.7211076281250001 0.5164869999999999 0.7322884015625 0.5220038046875 0.7345175890625 0.585288521875 0.73618948125 0.5988585921875 0.733159178125 0.6047558656249999 0.726018809375 0.6124286624999999 0.714002090625 0.6136968921875 0.7075583421875 0.6075459734375 0.6966910484375 0.5905516796875 0.69042145625 0.5568801515625 0.68805294375 0.53348129375 0.6885754093750001 0.5322130625 0.6887495640625 0.52606214375 0.6929641234374999 0.5204819281249999 0.6989202375 0.5201648703124999 0.7068617203125 0.5217501578125 0.710101009375