3 0.5398224484374999 0.2411703234375 0.5715282187499999 0.2297805640625 0.5870640453125 0.2212817828125 0.58966391875 0.217345871875 0.5850982874999999 0.20846395 0.5786303109375 0.20707070781249998 0.574128090625 0.20707070781249998 0.5585922640625001 0.21024033437499998 0.5217501578125 0.22445141093749998 0.5165504125 0.22765586875000002 0.515916296875 0.23155694843750002 0.5236525046875 0.2400905609375 0.5320862390625 0.24186694531250003 0.5398224484374999 0.2411703234375
2 0.5476220671875 0.3182514796875 0.5760938484375 0.3164750953125 0.591566265625 0.3132706375 0.59549778125 0.30936955781250003 0.5941661375 0.302995471875 0.591566265625 0.2983629390625 0.5864299296875 0.2965865546875 0.5663918828125001 0.29515848125 0.5488902984374999 0.295889934375 0.5385542171875 0.299442703125 0.535320228125 0.30369209375 0.5340519968749999 0.30369209375 0.535320228125 0.31079763125 0.5372859859375 0.31365377968749997 0.540519975 0.3164750953125 0.5476220671875 0.3182514796875
2 0.50038046875 0.374050853125 0.5482561828125 0.3623127828125 0.6181357000000001 0.34346917499999996 0.6226379203125 0.339219784375 0.6174381734375001 0.3321142453125 0.6077362078124999 0.3310344828125 0.564426125 0.3317659359375 0.5139505390625 0.3292580984375 0.48617628437500005 0.32998954999999996 0.46740646874999997 0.333194009375 0.4544705140625 0.339219784375 0.4532022828125 0.34562870156250003 0.4544705140625 0.346325321875 0.460938490625 0.3623127828125 0.46613823749999994 0.37084639531249997 0.475840203125 0.3761755484375 0.50038046875 0.374050853125
0 0.49974635312500004 0.4117032390625 0.515916296875 0.4099268546875 0.5527584015625 0.4003134796875 0.5993658843749999 0.3864855453125 0.6329740015625 0.37864855468749997 0.634939759375 0.37227446875000003 0.62523779375 0.367990246875 0.6 0.36729362656250003 0.514648065625 0.3736677109375 0.4842105265625 0.37722048125 0.47970830624999994 0.380076628125 0.47774254843749997 0.3847091609375 0.47774254843749997 0.3857540921875 0.47647431874999996 0.3960640890625 0.4823081796875 0.4038662484375 0.4894102734375 0.40849878124999994 0.49974635312500004 0.4117032390625
1 0.5185161703125 0.44580285625 0.554724159375 0.4425983984375 0.6400760937500001 0.4205851625 0.6537095749999999 0.413827934375 0.6530120484374999 0.40672239687499995 0.6388078625 0.40139324218750005 0.618769815625 0.4020898640625 0.570894103125 0.40707070781250004 0.541154090625 0.40849878124999994 0.5068484468750001 0.412748171875 0.49587824999999996 0.4170323921875 0.4939124921875 0.42413793125000004 0.49587824999999996 0.42413793125000004 0.49847812343750003 0.43479623749999996 0.5023462265624999 0.439045628125 0.5107165499999999 0.444026471875 0.5185161703125 0.44580285625
1 0.555358275 0.47708115624999997 0.584464171875 0.47314524531249996 0.6161699421875 0.46499477499999997 0.6459099562499999 0.45290839375 0.6620798984375 0.4425983984375 0.6672796453125 0.43726924375 0.6691819906250001 0.43228840156250004 0.66404565625 0.428387321875 0.6511097015625 0.426959246875 0.6129359546875001 0.4401253921875 0.570894103125 0.44688261875 0.5320862390625 0.447579240625 0.517184528125 0.44935562500000004 0.5088142046875 0.4514803203125 0.5049461 0.45576454218749995 0.5068484468750001 0.4688958546875 0.511414078125 0.4756530828125 0.5262523781249999 0.477777778125 0.555358275 0.47708115624999997
1 0.6123018390625 0.512608846875 0.658845909375 0.5037269249999999 0.6743817375 0.4980146296875 0.675015853125 0.49233716406249994 0.66987951875 0.4895158484375 0.6420418515625 0.48488331562500003 0.5993658843749999 0.48310693125000004 0.5566899171874999 0.48241030937499996 0.5223842734375 0.48063392499999996 0.5120481921875 0.4816788578125 0.505580215625 0.483803553125 0.5042485734375 0.48843608437499997 0.5042485734375 0.5094043890625 0.5068484468750001 0.5136537796875 0.5120481921875 0.515081853125 0.5559923906249999 0.5165099265624999 0.6123018390625 0.512608846875
1 0.5230183890625 0.5538140015625 0.6025998734375 0.5587948453125 0.6414077359375 0.5633925468750001 0.65497780625 0.5644723093749999 0.665948003125 0.5633925468750001 0.6691819906250001 0.55914315625 0.6601775515625 0.5509578546875 0.6271401390625 0.540299546875 0.5715282187499999 0.5250435390625 0.5495244140625 0.5207593171875 0.5230183890625 0.517938 0.5107165499999999 0.517554859375 0.50621433125 0.517938 0.5023462265624999 0.523615465625 0.5029803421875 0.5250435390625 0.501014584375 0.537826540625 0.501014584375 0.5456287015625 0.5042485734375 0.54952978125 0.5230183890625 0.5538140015625
0 0.5023462265624999 0.58436085 0.524984146875 0.58683385625 0.55992390625 0.5893416921875 0.5948002531250001 0.5950191578124999 0.6116677234375001 0.5989202375 0.6213696890625 0.60247300625 0.6303741281249999 0.6028213171875 0.6317057703125 0.6 0.62847178125 0.5935910828125001 0.609701965625 0.579031696875 0.5734939765625 0.5669453156250001 0.5430564359375001 0.5594914656250001 0.5120481921875 0.554858934375 0.49974635312500004 0.554858934375 0.4977805953125 0.5562870078125 0.496512365625 0.55771508125 0.4939124921875 0.5690700109375 0.4939124921875 0.5769070015625 0.496512365625 0.5801114593750001 0.5023462265624999 0.58436085
3 0.560558021875 0.6614420062499999 0.6594800249999999 0.6614420062499999 0.664679771875 0.659665621875 0.6672796453125 0.6543364687500001 0.6666455296875 0.651166840625 0.6608116671875 0.6483106937499999 0.6168040578125 0.6447579234374999 0.5559923906249999 0.6444096140625 0.5482561828125 0.6461859984375 0.5469879515625 0.6479623828125 0.545656309375 0.648659003125 0.545656309375 0.6557645421875 0.5476220671875 0.6586206890625 0.55085605625 0.6600487640625 0.560558021875 0.6614420062499999
3 0.5585922640625001 0.6845350046875 0.5786303109375 0.6841866953125 0.6174381734375001 0.682410309375 0.6232720359374999 0.681365378125 0.6271401390625 0.6788575406249999 0.625871909375 0.6714036921875 0.6181357000000001 0.6689306859374999 0.6077362078124999 0.6671543015625 0.5482561828125 0.6675026125 0.5424223203125 0.6696273078125 0.541154090625 0.67105538125 0.540519975 0.6788575406249999 0.5437539625000001 0.682062 0.5488902984374999 0.683838384375 0.5585922640625001 0.6845350046875
3 0.5656943562500001 0.70727969375 0.5857958140624999 0.7062347609375 0.5980342421875 0.7048066875 0.6025998734375 0.7019505406250001 0.6 0.6888192265625 0.5948002531250001 0.687391153125 0.561826253125 0.6863113890625 0.55085605625 0.6870428421875 0.545656309375 0.688470915625 0.5430564359375001 0.692023684375 0.5417882046875 0.69272030625 0.5437539625000001 0.7026819921875 0.5488902984374999 0.7058516203125 0.55409004375 0.70727969375 0.5656943562500001 0.70727969375
3 0.3206087515625 0.7779867640625 0.3303107171875 0.7708812265625 0.3451490171875 0.7634273765625 0.35871908750000003 0.7555903859375 0.3639188328125 0.754893765625 0.365884590625 0.7566701499999999 0.3335447046875 0.7723093000000001 0.3154090046875 0.7840125390625 0.3160431203125 0.7868686874999999 0.3231452125 0.787216996875 0.3322130625 0.7840125390625 0.361318959375 0.776558690625 0.386556753125 0.7708812265625 0.4150285359375 0.766980146875 0.44927076718750003 0.7648554515625 0.456436271875 0.76130268125 0.46157260625 0.7555903859375 0.4629042484375 0.751340996875 0.459670259375 0.7449320796875 0.4544705140625 0.7413793109375 0.44996829375 0.736781609375 0.44996829375 0.7303726921875 0.44800253593750006 0.7200626953125 0.43183259375 0.71438523125 0.41889663906249996 0.71438523125 0.3942929609375 0.719366075 0.361953075 0.7335771515625 0.3296131890625 0.751340996875 0.312175015625 0.76875653125 0.3102092578125 0.7698014625 0.303107165625 0.7772901421875 0.3044388078125 0.7815395328125 0.30957514218750004 0.7822361546875001 0.3206087515625 0.7779867640625
3 0.272098921875 0.7048066875 0.2863031078125 0.706583071875 0.30830691250000003 0.7080111453125 0.35941661406250003 0.7069313828125 0.367152821875 0.7048066875 0.3697526953125 0.703030303125 0.3710209265625 0.6951933125 0.3691185796875 0.69164054375 0.36455294843749997 0.6888192265625 0.3606848453125 0.6877394640625 0.30570703906249996 0.687391153125 0.272098921875 0.690943921875 0.2694990484375 0.690943921875 0.266899175 0.6944966906250001 0.266899175 0.6991292234375 0.26816740625 0.7033786140625 0.272098921875 0.7048066875
2 0.30957514218750004 0.6703239296875 0.3348129359375 0.66854754375 0.3729866828125 0.6678509234375001 0.4136968921875 0.672831765625 0.44153455937499997 0.6738766984375 0.456436271875 0.6714036921875 0.46030437500000004 0.6689306859374999 0.4648065953125 0.6614420062499999 0.46740646874999997 0.6497387671875 0.46613823749999994 0.644061303125 0.4589727328125 0.6419017765625 0.42796448906249995 0.6412051546875001 0.3542168671875 0.6483106937499999 0.30957514218750004 0.65649599375 0.30957514218750004 0.656112853125 0.292771084375 0.6660745390625 0.2934052 0.6707070703125 0.297273303125 0.671752003125 0.30957514218750004 0.6703239296875
2 0.31667723593749997 0.6401253921875 0.3710209265625 0.640508534375 0.42796448906249995 0.6401253921875 0.4532022828125 0.6376523859375001 0.4577045015625 0.6358760015625 0.46157260625 0.6308951578124999 0.4648065953125 0.6237896203125 0.4648065953125 0.61919191875 0.46030437500000004 0.6159874609375 0.45707038750000006 0.6106583078125001 0.4544705140625 0.6092302328125 0.44280279062499994 0.60957854375 0.416296765625 0.6134796234375 0.34191502812499996 0.6216649249999999 0.310906784375 0.626994078125 0.3102092578125 0.6273423890625 0.30120481875 0.6334029953125 0.3005072921875 0.6373040750000001 0.30374128125 0.6394287703125 0.31667723593749997 0.6401253921875
0 0.29740012656250003 0.6170323921875001 0.3149017125 0.613862765625 0.344007609375 0.6106583078125001 0.40285351875000003 0.60957854375 0.44552948593749997 0.606757228125 0.45909955625 0.6049808421875 0.4636651875 0.600696621875 0.46753329062500004 0.5928944625 0.46816740625 0.58683385625 0.4623335453125 0.576558690625 0.457197209375 0.5751306171875 0.4306911859375 0.57478230625 0.4099556125 0.578335075 0.38218135625 0.5840125390625001 0.32910589687499997 0.593242771875 0.2967660109375 0.6014280734375 0.2941661375 0.601776384375 0.284464171875 0.6124346921875 0.28642992968750003 0.6166840828125 0.289029803125 0.6177638453125 0.29740012656250003 0.6170323921875001
1 0.3313253015625 0.5818878437499999 0.3914394421875 0.5758272375 0.44191502812500005 0.57227446875 0.46715282187499996 0.5669453156250001 0.47165504062499997 0.5612678515625 0.47362079843749993 0.5545106234375 0.47228915625 0.54952978125 0.46651870625 0.5459770109375001 0.4587190875 0.5449320796875 0.443183259375 0.545280390625 0.41280913124999996 0.54952978125 0.38433735 0.5545106234375 0.35263157968750003 0.5630442359375001 0.3513633484375 0.562695925 0.3280913125 0.5719261578125 0.3216233359375 0.57938000625 0.32485732343749996 0.5811563921875 0.3313253015625 0.5818878437499999
1 0.35263157968750003 0.5545106234375 0.374635384375 0.5499129218750001 0.46582117968750003 0.5406478578125 0.47228915625 0.5357018453125 0.47362079843749993 0.52998955 0.4710209265625 0.5214907703125 0.46651870625 0.5197143859375 0.44838300625 0.5200626953125 0.4166772359375 0.523963775 0.386937221875 0.5303726921874999 0.35263157968750003 0.541031 0.3500951171875 0.541031 0.33842739375 0.5502612328125001 0.339695625 0.5545106234375 0.3448953703125 0.5555903859375 0.35263157968750003 0.5545106234375
1 0.39213696875 0.5225357015625 0.45808497187499997 0.5168582374999999 0.468421053125 0.5154301640625001 0.47228915625 0.5111807734375 0.4742549140625 0.504075234375 0.4742549140625 0.4973180078125 0.46715282187499996 0.49376523906249997 0.449017121875 0.493416928125 0.41407736249999993 0.49623824375 0.3875713375 0.502995471875 0.3500951171875 0.5136537796875 0.34939759062500003 0.5133054687499999 0.343627140625 0.52539185 0.3448953703125 0.5275165453125 0.35909955625 0.5268199234375001 0.39213696875 0.5225357015625
1 0.3529486359375 0.5022988500000001 0.37622067187499997 0.4973180078125 0.4589727328125 0.487356321875 0.4641724796875 0.47885754062499997 0.46353836406250004 0.46959247656249997 0.462206721875 0.46534308593749996 0.4589727328125 0.46144200625 0.44927076718750003 0.46071055312500003 0.41889663906249996 0.46213862812500006 0.3833227640625 0.469244165625 0.3432466703125 0.4866597 0.34254914375 0.4866597 0.331578946875 0.5015673984375 0.337412809375 0.505503309375 0.34254914375 0.505503309375 0.3529486359375 0.5022988500000001
2 0.2785668984375 0.4266109375 0.2953709578125 0.4251828625 0.32834495937499997 0.4202368515625 0.361953075 0.41595262968749996 0.3736207984375 0.4131313125 0.3748890296875 0.4099268546875 0.37235256875 0.400696621875 0.37038681093750003 0.3978404734375 0.367152821875 0.3960640890625 0.349017121875 0.3964124 0.3244768546875 0.399268546875 0.297273303125 0.404249390625 0.2753329109375 0.4091954015625 0.277869371875 0.4091954015625 0.27140139531249996 0.410275165625 0.2688649328125 0.41452455625000006 0.27140139531249996 0.4262626265625 0.2785668984375 0.4266109375
2 0.2905516796875 0.39143155625000003 0.3500951171875 0.3822013234375 0.357831325 0.3779519328125 0.3597970828125 0.3761755484375 0.35656309375 0.3662138625 0.35332910625 0.363392546875 0.34749524374999996 0.3623127828125 0.33582752031249996 0.3623127828125 0.3164235890625 0.364437478125 0.2866835765625 0.370498084375 0.2595434375 0.3779519328125 0.2523779328125 0.38185301250000003 0.2523779328125 0.3878787875 0.2569435640625 0.3935910828125 0.263411540625 0.3935910828125 0.2905516796875 0.39143155625000003
3 0.28991756562500004 0.3303378609375 0.32675967031250003 0.3292580984375 0.339695625 0.3267850921875 0.3416613828125 0.32180425 0.3422954984375 0.314002090625 0.339695625 0.31010100937499996 0.3371591625 0.308324625 0.3216233359375 0.308324625 0.28928345 0.31010100937499996 0.262777425 0.312574015625 0.26144578281249997 0.31365377968749997 0.254343690625 0.31933124375 0.254343690625 0.32535701875 0.2582117953125 0.3292580984375 0.28991756562500004 0.3303378609375
3 0.3121116046875 0.2577499125 0.33956880156249997 0.2618948109375 0.3466074828125 0.260710553125 0.3503487640625 0.2553814 0.35250475625 0.24946011875 0.3503487640625 0.24531522187500002 0.346036778125 0.24235457968750002 0.294863665625 0.23406478593750002 0.2765377296875 0.23378613750000002 0.2748890296875 0.2334726578125 0.26842105312500003 0.23733890624999998 0.2651870640625 0.2432601875 0.2748890296875 0.24740508593750002 0.3121116046875 0.2577499125