2 0.3708812265625 0.278313253125 0.370532915625 0.23430564375000001 0.36624869375 0.2407736203125 0.364472309375 0.2550412171875 0.3648206203125 0.279581484375 0.3641239984375 0.32422320937500004 0.360919540625 0.3656309453125 0.3555903859375 0.42187698124999995 0.36022291875 0.427076728125 0.3794148375 0.43481293593750003 0.37976314843750003 0.43481293593750003 0.383211425 0.4302473046875 0.3840125390625 0.4160431203125 0.37586206875 0.357831325 0.3708812265625 0.278313253125
0 0.40125391875 0.32834495937499997 0.389690003125 0.26093849062499996 0.3858585859375 0.25072923281250004 0.3811215609375 0.250158528125 0.3787530484375 0.253963221875 0.3834900734375 0.3116043125 0.387321490625 0.376284084375 0.38613723437499997 0.43233988593749995 0.3882270984375 0.43341788281250004 0.40790665312499996 0.43671528281249994 0.4098223609375 0.437222575 0.411912225 0.437222575 0.412190875 0.43341788281250004 0.41132009687500004 0.4118579578125 0.40125391875 0.32834495937499997
1 0.42013235781249997 0.277108434375 0.41630094062499995 0.2760304375 0.41511668437499993 0.2792644265625 0.41215604375000003 0.306785034375 0.41598746093749994 0.44153455937499997 0.424590734375 0.4404565625 0.4337861375 0.4438807859375 0.43667711562499995 0.444388078125 0.43942877031250005 0.4441344328125 0.43908045937500007 0.4366518703125 0.423406478125 0.287381103125 0.42013235781249997 0.277108434375
1 0.4479623828125 0.277045021875 0.44507140312500004 0.2774254921875 0.44343434375 0.288268865625 0.43786137187499996 0.31299936562499997 0.43601532499999995 0.35491439375 0.4401253921875 0.42225745156250005 0.442180425 0.443627140625 0.45698362968749995 0.44489537031250004 0.4592476484375 0.44508560625 0.4617206546875 0.44508560625 0.4489724828125 0.31109702031249997 0.44939045625 0.2815472421875 0.4479623828125 0.277045021875
1 0.4799373046875 0.3949904875 0.48011145937500005 0.38376664531250004 0.477046325 0.3721623328125 0.46962730781250006 0.3123018390625 0.466771159375 0.3066582125 0.4640891671875 0.3066582125 0.46266109375 0.3081800890625 0.4616161609375 0.3216233359375 0.46182514843750005 0.39048826875 0.4649251125 0.443627140625 0.47088122656250003 0.4414077359375 0.48077325000000004 0.44051997500000006 0.4830024375 0.440266328125 0.48484848437499994 0.4391883328125 0.4863113890625 0.43544705156249996 0.4852664578125 0.4249207359375 0.4799373046875 0.3949904875
1 0.5086729359375 0.3942929609375 0.5105189828125 0.3879518078125 0.5074538484375 0.3819277109375 0.50128875 0.2969562453125 0.49797979843749995 0.2845909953125 0.494705678125 0.2804692453125 0.49244165781250004 0.28084971406250003 0.4913967265625 0.283513 0.48934169218749995 0.297717184375 0.486276559375 0.3781864296875 0.48338557968750007 0.3860494609375 0.48481365312499997 0.40741915000000006 0.4823754796875 0.440329740625 0.492023684375 0.4391883328125 0.507871821875 0.4391883328125 0.5117729015625 0.4395688015625 0.5134099609375 0.43811033593750004 0.5144200624999999 0.43544705156249996 0.5144200624999999 0.42682308124999996 0.5086729359375 0.3942929609375
0 0.548798328125 0.2606214328125 0.53719958125 0.2632847171875 0.5317659359375 0.27140139531249996 0.522152559375 0.3100190234375 0.5142459078125 0.40164869999999997 0.5172065484374999 0.4370957515625 0.5369557640625 0.436207990625 0.5465343093749999 0.42980342499999996 0.548798328125 0.42587190937499997 0.54952978125 0.41959416562499996 0.5468129578125 0.3917565 0.5428770468749999 0.3356372859375 0.548798328125 0.2606214328125
2 0.5864855453125 0.36899175624999997 0.5687217 0.27520608750000003 0.563984675 0.26119213750000003 0.5586555203125 0.260114140625 0.5551027515625 0.2649968296875 0.55304771875 0.27520608750000003 0.5497735984375 0.39543436875000004 0.5479972140625 0.42289156562499997 0.563113896875 0.4218135703125 0.5782654125 0.4273937859375 0.582062 0.4288522515625 0.58561476875 0.4288522515625 0.5876698015625 0.42454026562499997 0.5888540578125 0.4164235890625 0.5864855453125 0.36899175624999997
2 0.59164054375 0.266708940625 0.588679903125 0.277045021875 0.5852316265625 0.32733037343750004 0.5834900734375 0.3969562453125 0.5837687218750001 0.42752060937499997 0.5859630796874999 0.42974001250000005 0.5943573671875 0.4337983515625 0.6079414843750001 0.4346861125 0.6190177640625001 0.4257450859375 0.622257053125 0.4135700703125 0.6190874265625 0.40329740000000003 0.6182863109375 0.39879518125 0.6148380359375001 0.380786303125 0.6057122953125 0.298161065625 0.598293278125 0.2604311984375 0.59164054375 0.266708940625
3 0.6340996171875 0.2596068484375 0.633228840625 0.275776790625 0.6243469171875 0.36905516875 0.6178335078125 0.415916296875 0.6148728671875 0.43316423593750003 0.62640195 0.429930246875 0.6427028906250001 0.4277742546875 0.6515848140625 0.4294229546875 0.6669801468750001 0.429930246875 0.6808777421875 0.42454026562499997 0.68561476875 0.41915028593750003 0.6871125046875 0.4148383 0.687391153125 0.410526315625 0.6805990937499999 0.3809131265625 0.6805990937499999 0.37228915625000003 0.683838384375 0.3188966390625 0.6888888890625 0.2552948640625 0.6808777421875 0.2709575140625 0.657192615625 0.34800253593749997 0.654231975 0.351236525 0.651271334375 0.352314521875 0.650087078125 0.3507292328125 0.6429815390625 0.29410272656249997 0.64092650625 0.2709575140625 0.637965865625 0.263411540625 0.6340996171875 0.2596068484375
3 0.721142459375 0.275776790625 0.717589690625 0.2785034875 0.7119818875 0.29251743750000003 0.7010101015625 0.3421052625 0.6882967609375 0.3841471140625 0.681469871875 0.4137603046875 0.681469871875 0.42834495937500006 0.6859282484375 0.43100824375 0.709613375 0.43589093281249996 0.7190874265625 0.43639822500000003 0.7335771515625 0.44020291718750004 0.742772553125 0.435320228125 0.7454197140625001 0.4207989859375 0.7436433296875 0.396512365625 0.7430512015625 0.3744451484375 0.7448275859375 0.351236525 0.7471960984375 0.29410272656249997 0.7454197140625001 0.2844007609375 0.741588296875 0.28224476875 0.738035528125 0.28224476875 0.73625914375 0.2860494609375 0.72765586875 0.33887127499999997 0.72528735625 0.3496512359375 0.7226401953125 0.3533925171875 0.7187739468750001 0.35288522499999997 0.7179031703125001 0.351236525 0.723510971875 0.31731135 0.7264716124999999 0.29251743750000003 0.7261929640625 0.28008877656250003 0.721142459375 0.275776790625
0 0.593312434375 0.6077362078124999 0.5965865546875 0.5937222578125 0.6004179734374999 0.5166772359375 0.5959944265625 0.47190868750000003 0.5930337859375 0.4643627140625 0.585022640625 0.4595434375 0.568164403125 0.461128725 0.5592824796875 0.46651870625 0.5586903515625 0.47247939062500005 0.5628352484375 0.48649334218750007 0.5719958203125 0.5225745078124999 0.5752699406249999 0.5484464171875 0.5784047375 0.60202916875 0.5791013578124999 0.607228915625 0.5823754796875 0.6158528859375 0.586206896875 0.6158528859375 0.589759665625 0.6136968921875 0.593312434375 0.6077362078124999
1 0.5564611640625 0.609701965625 0.55527690625 0.4916930875 0.554684778125 0.47279644843749996 0.5525949140625 0.4695624609375 0.5304075234375001 0.473367153125 0.5241727625 0.4792644265625 0.526541275 0.538046925 0.5330546843749999 0.602726696875 0.5407523515625 0.6175015859374999 0.542842215625 0.6199746359375 0.5454893765625 0.6221306281250001 0.5511320093750001 0.62105263125 0.554684778125 0.61781864375 0.5564611640625 0.609701965625
1 0.5023685125 0.62847178125 0.5076976656250001 0.6259353203125 0.5123301984374999 0.61946734375 0.51696273125 0.6058338625 0.521212121875 0.5528218140625001 0.5226401953125 0.4784400765625 0.5180076625 0.474571971875 0.49209334687500006 0.47647431874999996 0.4871125046875 0.48687381093750004 0.4839080453125 0.558655675 0.48676419375 0.614267596875 0.487460815625 0.6168674703125 0.491013584375 0.62523779375 0.4949146640625 0.62847178125 0.49881574375 0.629169309375 0.5023685125 0.62847178125
1 0.4580285609375 0.6286620171874999 0.46422849218750006 0.6168040578125 0.47401602187499997 0.563474953125 0.4828979453125 0.485288521875 0.4817136890625 0.47831325312499995 0.4772553125 0.47558655625 0.4517938 0.476664553125 0.4497387671875 0.4826252375 0.44263322812499994 0.6211160437500001 0.44263322812499994 0.6238427390625 0.44587251875 0.6303107171875 0.44824103125 0.6313887125 0.4532915359375 0.6303107171875 0.4580285609375 0.6286620171874999
1 0.4423197484375 0.4982244765625 0.4450017421875 0.4798985421875 0.44204109999999996 0.47400126875000004 0.43611981875000005 0.47076727968750004 0.4236851265625 0.46753329062500004 0.4177638453125 0.471274571875 0.41626610937499997 0.482054534375 0.41421107656249995 0.52358909375 0.404144896875 0.61198478125 0.40473702500000003 0.614648065625 0.40828979375 0.6152187703124999 0.4118425640625 0.61198478125 0.41717171718749996 0.60120481875 0.4423197484375 0.4982244765625
0 0.38784395625 0.5807228921875 0.4118425640625 0.49714648125 0.41389759687499994 0.482054534375 0.412713340625 0.47235256875 0.4097527 0.4680405828125 0.400592128125 0.4637285984375 0.3899338203125 0.46429930312499995 0.38784395625 0.4696892828125 0.3780912578125 0.5240963859375001 0.37335423125 0.5645529484375 0.360954371875 0.63842739375 0.3603274125 0.641090678125 0.3629745734375 0.642168675 0.3677115984375 0.637856690625 0.3718564953125 0.6286620171874999 0.38784395625 0.5807228921875
2 0.3490421453125 0.6024730500000001 0.3567398125 0.58306911875 0.37746429843749996 0.49790741875 0.38042493906249997 0.475840203125 0.3798328109375 0.4623335453125 0.37478230625000003 0.458021559375 0.3688610234375 0.45859226406250003 0.36502960624999997 0.46182625312500003 0.358516196875 0.4817374765625 0.342668059375 0.584464171875 0.34221525625 0.5906150921875 0.34221525625 0.5976537734375 0.34458376875 0.603551046875 0.3466736328125 0.60412175 0.3490421453125 0.6024730500000001
2 0.33928944687499996 0.560558021875 0.3630790671875 0.471274571875 0.36273075625 0.45580215625 0.3517241375 0.4441344328125 0.33963775625000003 0.43766645468750004 0.335005225 0.4447685484375 0.3304075234375 0.46937222500000003 0.3160222921875 0.5670259984375 0.3158133046875 0.5728598609375 0.31936607499999997 0.584464171875 0.3264716125 0.5851617 0.330755834375 0.5825618265625 0.33928944687499996 0.560558021875
3 0.319888540625 0.50786303125 0.3243120859375 0.47190868750000003 0.33145245624999997 0.43551046250000003 0.329501915625 0.427457196875 0.32406826875 0.42073557343749995 0.31790317031250004 0.4162333546875 0.3136886109375 0.41756499687500004 0.3099965171875 0.41350665781249996 0.303099965625 0.40951173125 0.2954371296875 0.4112872546875 0.292232671875 0.41534559218749995 0.29028213125 0.4809131265625 0.282619296875 0.5325301203125 0.28014629062499996 0.564426125 0.2823754796875 0.5671528218749999 0.2850923015625 0.5680405828125 0.2875653078125 0.5662650609375001 0.300139325 0.4988585921875 0.3035876 0.4916930875 0.306548240625 0.49213696875 0.307767328125 0.49752694999999997 0.307767328125 0.5091946734375 0.30456287031249996 0.5393151546875 0.2949494953125 0.5788205453125 0.29644723125 0.5797083062499999 0.29916405468749996 0.5792644265625 0.3048066875 0.5729866828125 0.309021246875 0.5617628406249999 0.319888540625 0.50786303125
3 0.260884709375 0.562206721875 0.26997561875 0.5322130625 0.2845698359375 0.4306911859375 0.2833855796875 0.41452124218749997 0.28101706718749997 0.4112872546875 0.2750957859375 0.408053265625 0.269174503125 0.40697526875 0.26029258125 0.4091312625 0.2567398125 0.413443246875 0.2525949140625 0.42155992343750004 0.2460815046875 0.45764109062499997 0.24193660781249998 0.4867469875 0.23277603593750001 0.5029169312499999 0.2383838390625 0.5104629046875 0.2407523515625 0.5255548515624999 0.23956809531249998 0.56651870625 0.24193660781249998 0.5660114140625 0.2443051203125 0.5643627140625 0.24639498437500001 0.55415345625 0.254963428125 0.500253646875 0.25910832500000003 0.4845909953125 0.2629745734375 0.48135700625 0.26443747812499996 0.4867469875 0.26415882968750004 0.496448953125 0.2520027859375 0.5606214328125 0.2514106578125 0.563855421875 0.2525949140625 0.5670894109375 0.25646116406249997 0.56816740625 0.258516196875 0.56651870625 0.260884709375 0.562206721875