3 0.378002528125 0.7921951218750001 0.425158028125 0.7733797906250001 0.454740834375 0.7689198609375001 0.4835651078125 0.76202090625 0.48938053125 0.757560975 0.48938053125 0.7531010453125 0.47724399531249995 0.743205575 0.47357775 0.731777003125 0.44753476562500005 0.72041811875 0.44222503125 0.72041811875 0.4322376734375 0.7228571421875001 0.42427307187499996 0.7271080140625 0.378002528125 0.743205575 0.36396965937500003 0.7542857140625 0.3586599234375 0.762229965625 0.354993678125 0.7738675953125 0.3586599234375 0.7758885015625 0.363084703125 0.7751219515625001 0.3838179515625 0.7570731703125 0.4003792671875 0.7523344953125 0.4035398234375 0.752613240625 0.40493046718750003 0.7563066203125001 0.40316055625 0.7590243906249999 0.389633375 0.7711498265625 0.3667509484375 0.7855052265625 0.3541087234375 0.7998606265625 0.378002528125 0.7921951218750001
3 0.32414665 0.7586759578125 0.3289506953125 0.7593031359375 0.34627054375 0.753031359375 0.3888748421875 0.7331010453125 0.4130214921875 0.7274564453125001 0.44589127656249994 0.717421603125 0.43792667500000004 0.6855749125 0.431731984375 0.676794425 0.3936788875 0.6808362375 0.3731984828125 0.6906620203125 0.3434892546875 0.70641115 0.31605562656249997 0.7250871078125 0.29886219999999997 0.7387456453125 0.29443742031250003 0.7459233453125 0.296713021875 0.747386759375 0.30316055625 0.7464808359374999 0.31175726875 0.74202090625 0.331731984375 0.7266202093749999 0.3479140328125 0.71797909375 0.3575221234375 0.7153310109375 0.3661188375 0.714982578125 0.371428571875 0.7166550515625 0.37155499375 0.719790940625 0.34627054375 0.7331010453125 0.32844500625 0.7444599296875001 0.32300885 0.751846690625 0.32414665 0.7586759578125
3 0.30025284375 0.6970034843749999 0.3810366625 0.6818815328125 0.43008849531250004 0.678606271875 0.4338811625 0.6770731703124999 0.4338811625 0.6574912890625 0.43931732031250004 0.6387456453125 0.43501896406249996 0.633449478125 0.4312262953125 0.6325435546875 0.4226295828125 0.6328223000000001 0.39342604375 0.637003484375 0.3154235140625 0.6582578390625 0.307585334375 0.6625783968750001 0.3102402015625 0.6679442515625 0.32439949375 0.66675958125 0.37029077187500004 0.6586759578125 0.3729456390625 0.6595818812500001 0.37357775000000004 0.6625783968750001 0.37029077187500004 0.6655052265625 0.3438685203125 0.6720557484375 0.3238938046875 0.679790940625 0.30834386875 0.6892682921875 0.30025284375 0.6970034843749999
2 0.3005056890625 0.629407665625 0.2929203546875 0.632961671875 0.29342604375 0.638606271875 0.3015170671875 0.639790940625 0.36624525937499997 0.63240418125 0.4308470296875 0.6321254359374999 0.43514538593749996 0.6285017421875 0.4372945640625 0.6234843203125 0.4372945640625 0.6142857140625 0.43514538593749996 0.6112891984375 0.4308470296875 0.6089198609375 0.42439949375 0.6080139375 0.34513274374999997 0.620209059375 0.3005056890625 0.629407665625
2 0.310745890625 0.604181184375 0.3101137796875 0.6089198609375 0.3144121359375 0.6112891984375 0.32098609375 0.6119163765625 0.43514538593749996 0.6071080140625 0.43362831875 0.5982578390625 0.43628318593750004 0.5872473874999999 0.43514538593749996 0.585435540625 0.43034134062499996 0.5842508703125 0.4152970921875 0.58515679375 0.3171934265625 0.6014634140624999 0.310745890625 0.604181184375
0 0.41845764843750005 0.5554703828124999 0.3510745890625 0.5611149828124999 0.29456384375 0.567038328125 0.2836915296875 0.5708710796875 0.27939317343750003 0.5735888499999999 0.27939317343750003 0.5759581875 0.28268015156250004 0.5780487812499999 0.2972187109375 0.5797909406249999 0.3489254109375 0.5825087109375 0.43249051875 0.5818815328125 0.4395701640625 0.5795121953125 0.4470290765625 0.5735888499999999 0.45410872343750003 0.5634843203125001 0.4534766125 0.5607665500000001 0.45246523437499997 0.5583972125 0.4470290765625 0.5551219515625 0.4395701640625 0.5548432062499999 0.41845764843750005 0.5554703828124999
1 0.3869785078125 0.5488501734375 0.4005056890625 0.548222996875 0.427433628125 0.549407665625 0.461314790625 0.553031359375 0.46624525937500005 0.536236934375 0.46725663749999996 0.5319163765625 0.4678887484375 0.52919860625 0.31238938125 0.5403484328125 0.301264221875 0.5434843203125 0.3869785078125 0.5488501734375
1 0.38356510781250003 0.528153309375 0.4304677625 0.529616725 0.459039190625 0.5317073171875 0.45979772499999993 0.5169337984375 0.45878634687500003 0.51003484375 0.4438685203125 0.510592334375 0.36953223749999997 0.517770034375 0.3323640953125 0.52278745625 0.38356510781250003 0.528153309375
1 0.3383059421875 0.5095470390625 0.4438685203125 0.51003484375 0.4627054359375 0.5122648078125 0.465486725 0.5105226484375 0.46864728125 0.5013240421875 0.4668773703125 0.49108013906250003 0.46460177031249994 0.4879442515625 0.4151706703125 0.49512195156249994 0.34551200937500004 0.5020905921875001 0.3140328703125 0.501811846875 0.3383059421875 0.5095470390625
1 0.30948166875 0.49003484375 0.3120101140625 0.49184669062499997 0.3165613140625 0.4926829265625 0.46814159218749996 0.490174215625 0.45941845781249996 0.473379790625 0.4561314796875 0.4679442515625 0.45246523437499997 0.46362369374999995 0.4152970921875 0.4720557484375 0.31352718125 0.4875261328125 0.30948166875 0.49003484375
0 0.263211125 0.45721254375 0.27484197187500004 0.46362369374999995 0.3121365359375 0.46780487812500005 0.41946902656249996 0.4693379796875 0.4460176984375 0.46759581875 0.45676359062499994 0.4639024390625 0.459924146875 0.45742160312499996 0.459924146875 0.45400696875 0.4571428578125 0.4505226484375 0.446396965625 0.44111498281249995 0.44412136562500004 0.4401393734375 0.42667509531250003 0.4376306625 0.2730720609375 0.449756096875 0.2635903921875 0.453449478125 0.263211125 0.45721254375
2 0.36245259218750003 0.41477351875 0.2858407078125 0.4177003484375 0.3203539828125 0.43080139375000004 0.374841971875 0.43379790937499996 0.4217446265625 0.43317073125 0.43678887499999997 0.4310801390625 0.43893805312499995 0.41337979062499997 0.43893805312499995 0.4085017421875 0.43893805312499995 0.40641115 0.434639696875 0.40494773593750005 0.4022756 0.408222996875 0.36245259218750003 0.41477351875
2 0.32212389375 0.37846689843750003 0.27357775 0.3779094078125 0.29355246562500004 0.38947735156249996 0.3257901390625 0.395400696875 0.38293299687500004 0.40048780468749995 0.42452591718750005 0.4016724734375 0.4276864734375 0.40076655 0.4309734515625 0.39630662031249997 0.43362831875 0.3779094078125 0.43413400781249994 0.37163763125 0.4298356515625 0.36989547031250003 0.4142857140625 0.3692682921875 0.384070796875 0.37463414687499996 0.32212389375 0.37846689843750003
3 0.548672565625 0.271010453125 0.5281921625 0.27456445937499996 0.474841971875 0.27456445937499996 0.4656131484375 0.2793031359375 0.45271807812500003 0.30041811875 0.4532237671875 0.305783971875 0.46409608125 0.3147038328125 0.48457648593749997 0.32 0.5007585328124999 0.3185365859375 0.5141592921875 0.314982578125 0.5374209859375 0.3110801390625 0.56750948125 0.308153309375 0.5972187109375 0.3025087109375 0.62300885 0.29358885 0.62844500625 0.29003484375 0.6279393171875001 0.2888501734375 0.6257901390625 0.28794425156250003 0.6015170671875001 0.28940766562500003 0.5470290765625 0.2941463421875 0.5438685203125 0.2921254359375 0.5476611890624999 0.29003484375 0.5615676359374999 0.2864808359375 0.6015170671875001 0.2781184671875 0.6041719343749999 0.27547038281249997 0.6046776234375 0.271010453125 0.6003792671875 0.26864111562500004 0.5879898859375 0.2680139375 0.548672565625 0.271010453125
3 0.6236409609375 0.310243903125 0.6015170671875001 0.3117073171875 0.5438685203125 0.32118466875 0.531479140625 0.3209059234375 0.5034134 0.3167247390625 0.4953223765625 0.3167247390625 0.48988622031249995 0.3185365859375 0.48128950625 0.3319163765625 0.4834386859375 0.341393728125 0.48988622031249995 0.348222996875 0.48773704218749997 0.351846690625 0.4931731984375 0.36369337968750004 0.5007585328124999 0.3672473875 0.5136536031250001 0.3687804875 0.534639696875 0.3655052265625 0.5546144125 0.356585365625 0.609608090625 0.3446689890625 0.6310998734375 0.337839721875 0.6338811625 0.3319163765625 0.631731984375 0.3304529609375 0.625158028125 0.3301045296875 0.5761061953125 0.3360975609375 0.561061946875 0.33519163750000003 0.5615676359374999 0.332195121875 0.569658659375 0.3292682921875 0.625158028125 0.316167246875 0.62844500625 0.314982578125 0.630594184375 0.31379790937499996 0.630594184375 0.3117073171875 0.6279393171875001 0.310243903125 0.6236409609375 0.310243903125
2 0.6318584078125 0.357770034375 0.5585335015624999 0.3595121953125 0.509608090625 0.36369337968750004 0.5058154234375001 0.36787456406249996 0.503034134375 0.3797212546875 0.5036662453125 0.3868989546875 0.5089759796875 0.39163763125 0.5160556265625 0.393379790625 0.5353982296875001 0.3925435546875 0.6304677625 0.37679442500000004 0.6367888749999999 0.3740766546875 0.64108723125 0.3705226484375 0.6405815421875001 0.3631358890625 0.6372945640625 0.35923345 0.6318584078125 0.357770034375
2 0.510745890625 0.391358884375 0.50429835625 0.3951916375 0.503286978125 0.3999303140625 0.5049304671875 0.403832753125 0.5097345125 0.40794425156249997 0.5269279390625 0.41421602812499997 0.5414664984375 0.41540069687500003 0.586219975 0.40585365781249993 0.6519595453125 0.3954703828125 0.65259165625 0.392195121875 0.6482933 0.3904529609375 0.63476611875 0.38926829218750003 0.5290771171875 0.38808362343749997 0.510745890625 0.391358884375
0 0.5099873578125 0.42459930312500005 0.5122629578125 0.43560975625 0.517067003125 0.442996515625 0.5289506953124999 0.445435540625 0.57471555 0.4471777 0.635651075 0.4377003484375 0.6954487984375 0.43114982656249995 0.6981036656249999 0.4287804875 0.7003792671875 0.42522648125 0.6970922875000001 0.4201393734375 0.5180783812499999 0.4201393734375 0.5099873578125 0.42459930312500005
1 0.5465233875 0.5409059234375 0.51580278125 0.542648084375 0.5050568906249999 0.546550521875 0.501896334375 0.551010453125 0.5029077125 0.55958188125 0.6554993671875 0.5599303140624999 0.660809103125 0.5604878046875 0.6689001265625001 0.5616724734375 0.6657395703125 0.557839721875 0.6500632109375 0.5527526125 0.5465233875 0.5409059234375
0 0.5728192156249999 0.5676655046875 0.553855878125 0.5652961671875001 0.503286978125 0.5744947734375 0.5011378 0.5783275265625 0.50429835625 0.58515679375 0.5118836921875001 0.586968640625 0.546396965625 0.58996515625 0.5786346390625 0.5970731703125 0.6261694062500001 0.6009059234375 0.671428571875 0.602439025 0.675726928125 0.600627178125 0.6767383062500001 0.5940766546875 0.670290771875 0.59080139375 0.639064475 0.5822299656250001 0.5728192156249999 0.5676655046875
2 0.5402022750000001 0.5983275265625 0.50606826875 0.60355400625 0.49974715625000005 0.605783971875 0.4953223765625 0.608989546875 0.4953223765625 0.6139372828125 0.49886220000000003 0.617421603125 0.5078381796875 0.6198606265625 0.5855878640625 0.6248083624999999 0.613780025 0.6248780484374999 0.6302149171875 0.62118466875 0.6318584078125 0.6151916374999999 0.6201011375000001 0.6094773515624999 0.5774968390625 0.59958188125 0.5402022750000001 0.5983275265625
2 0.6035398234375 0.6350522640625 0.515676359375 0.6231358890625 0.5091024015625 0.62522648125 0.49671302187500005 0.6400696859375 0.497850821875 0.6418815328125 0.5054361562499999 0.6436236937500001 0.5302149171874999 0.6468989546875 0.609355246875 0.6519163765625 0.6164348921875 0.6519860625 0.62503160625 0.6510801390625 0.6309734515625001 0.647804878125 0.6266750953125 0.6416027875 0.6035398234375 0.6350522640625
3 0.56927939375 0.6559581875 0.5493046781250001 0.6538675953124999 0.5131479140625 0.6446689890624999 0.510493046875 0.6458536578125 0.49810366562499997 0.678188153125 0.49759797656250004 0.6859233453125 0.501896334375 0.6886411156250001 0.53362831875 0.68682926875 0.562199746875 0.6912891984375 0.60316055625 0.703763065625 0.6226295828125 0.7055749125 0.62642225 0.703763065625 0.6161820484375 0.6987456453124999 0.6059418453125 0.691010453125 0.564348925 0.6767247390625 0.56005056875 0.67317073125 0.5869785078125 0.6767247390625 0.617699115625 0.683832753125 0.6236409609375 0.68355400625 0.6226295828125 0.6779094078125001 0.6118836921875 0.6692682921875 0.58761061875 0.6600696859374999 0.56927939375 0.6559581875
3 0.564222503125 0.6969337984374999 0.532869784375 0.68919860625 0.51352718125 0.6871080140625 0.503286978125 0.6886411156250001 0.497850821875 0.6942857140625 0.4973451328125 0.6999303140625 0.498988621875 0.7088501734375 0.5049304671875 0.71804878125 0.5178255375 0.72515679375 0.542098609375 0.7305226484375 0.5533501890625 0.737351915625 0.5835651078125 0.7450871078125 0.60834386875 0.7480139375 0.62187105 0.7480139375 0.627180784375 0.74682926875 0.6288242734375 0.7450871078125 0.6278128953125 0.742996515625 0.5825537296875 0.7263414640625 0.564222503125 0.717421603125 0.6355246515624999 0.7319860625 0.6428571421875 0.732613240625 0.6213653609375 0.7156794421875 0.6051833125 0.7103135890625001 0.5759797718749999 0.7028571421875001 0.564222503125 0.6969337984374999
3 0.350695321875 0.36522648125 0.35486725625000004 0.3634843203125 0.3554993671875 0.3584668984375 0.390644753125 0.3584668984375 0.423135271875 0.35644599375 0.423135271875 0.3517073171875 0.4189633375 0.342648084375 0.4039190890625 0.34202090625000003 0.350695321875 0.343205575 0.3512010109375 0.33881533125 0.3458912765625 0.338188153125 0.342098609375 0.33881533125 0.342098609375 0.34675958125 0.275979771875 0.34996515625 0.2776232609375 0.35644599375 0.2807838171875 0.35881533125 0.3426042984375 0.35700348437499996 0.3447534765625 0.3602787453125 0.3447534765625 0.36522648125 0.350695321875 0.36522648125
3 0.3512010109375 0.2923344953125 0.3543615671875 0.28766550468749996 0.3793931734375 0.291777003125 0.41946902656249996 0.30118466875 0.4257901390625 0.28766550468749996 0.3901390640625 0.2782578390625 0.36447534843749996 0.2741463421875 0.368268015625 0.2679442515625 0.3603034140625 0.2655749125 0.35385587812499997 0.27240418125 0.290391909375 0.26118466875 0.2855878640625 0.26411149843750004 0.2865992421875 0.268571428125 0.28824273125 0.269407665625 0.3458912765625 0.2823693375 0.34424778749999996 0.2896864109375 0.3469026546875 0.29205574843750004 0.3512010109375 0.2923344953125