3 0.776523859375 0.7131261890625 0.7783002437500001 0.712618896875 0.782479971875 0.7065948 0.7836990593750001 0.697336715625 0.7833855796875 0.688649334375 0.7786137234375 0.6734305640625 0.7582723796875 0.6304375390625 0.7516893062500001 0.592327203125 0.7454197140625001 0.5694356375 0.740334378125 0.5656309453125 0.7304771859375 0.5672796453125 0.7268895859375 0.5694356375 0.724799721875 0.5759670265625 0.7230233375 0.5781864296875 0.7167189125 0.573811034375 0.710135840625 0.5781864296875 0.7032741203125 0.5934052000000001 0.7002786484375 0.60209258125 0.7002786484375 0.6151553578125 0.705363984375 0.63094483125 0.7158481359375 0.6467343062500001 0.7268895859375 0.6657577671875 0.7388366421875 0.6892200374999999 0.7738418671875 0.7191502859375001 0.7609892031250001 0.69461001875 0.74573319375 0.67070386875 0.74092650625 0.65491439375 0.740334378125 0.6462270140624999 0.74214559375 0.644007609375 0.74451410625 0.6435003171875 0.74573319375 0.6445783125 0.7630790671875001 0.678313253125 0.776523859375 0.7131261890625
2 0.626018809375 0.6193405203125 0.630755834375 0.67152821875 0.6454545453125 0.7577045015625 0.6534308609374999 0.770830690625 0.6574364328125 0.771718453125 0.662173459375 0.7694990484375 0.6629049109375 0.7662650609375 0.6591779875 0.7440710203124999 0.6556948796875 0.7023462265625 0.6556948796875 0.6688015218750001 0.654684778125 0.6079898546875 0.6521769421875 0.6057070390625 0.6489724828125001 0.604375396875 0.6282828281249999 0.6025364609375 0.6262974578125 0.6025364609375 0.6255311734375 0.604375396875 0.626018809375 0.6193405203125
2 0.592093346875 0.6222574515625 0.5936607453125 0.6329740015625 0.6003831421875 0.65656309375 0.6075931734375 0.71864299375 0.6123301984375 0.7454026640625 0.627028909375 0.7785668984375 0.6322535703125001 0.7785668984375 0.63375130625 0.7735573875 0.6312783 0.7540266328125 0.624799721875 0.7354470515625 0.6213166140624999 0.7023462265625 0.6200626953125 0.6121116046874999 0.6177986765625 0.60621433125 0.60487635 0.6025364609375 0.5968303734375 0.6102092578125 0.5941483796875 0.6116043125 0.5923719953125001 0.6143944203125 0.592093346875 0.6222574515625
0 0.56624869375 0.632847178125 0.5697318 0.6587190875 0.5757227453125 0.6963855421875 0.586172065625 0.7448953703125001 0.5907697671875 0.7707672796875 0.5914663874999999 0.7774254921875 0.5941483796875 0.7798351296875 0.5954022984375 0.7793912484375001 0.5966562171875001 0.7779961953125001 0.598119121875 0.772542803125 0.5986415890625 0.748953709375 0.5928944625 0.6827520609375 0.5913967265625 0.6346861125000001 0.589898990625 0.6165504125 0.58791361875 0.6011414078125 0.58317659375 0.59384908125 0.5807035875000001 0.5916296765625 0.5682688953125 0.595688015625 0.565761059375 0.6001902343750001 0.564507140625 0.6088142046875 0.56624869375 0.632847178125
1 0.5437478234374999 0.6545973359375 0.55290839375 0.7286620171875 0.5566353187499999 0.7441344328125 0.5599442703124999 0.7471781859375 0.5618251484375001 0.746036778125 0.5624521078125 0.741534559375 0.5630790671875 0.710906784375 0.560989203125 0.650412175 0.5616161609375 0.6110970203125 0.5611981890625 0.603551046875 0.542737721875 0.6058338625 0.537965865625 0.6069752687500001 0.5375478921875 0.612999365625 0.5437478234374999 0.6545973359375
1 0.51323580625 0.6081166765625 0.5250783703125 0.692390615625 0.5333681640625 0.741534559375 0.5400208984375 0.747939125 0.5447927546875 0.7467977171875 0.5466736328125 0.741915028125 0.545210728125 0.7180722890625 0.5369209328125 0.630754596875 0.5337861375 0.6077362078124999 0.518669453125 0.60412175 0.5159526296875 0.603931515625 0.5134447921875 0.6050729234375 0.51323580625 0.6081166765625
1 0.4889933828125 0.614648065625 0.489620340625 0.6214331015625 0.49380007031249995 0.640710209375 0.50355276875 0.6928979078124999 0.5151515156250001 0.7416613828124999 0.5180773249999999 0.7454026640625 0.5247300593750001 0.747685478125 0.5201323578125 0.72352568125 0.5157784750000001 0.6823081796875 0.5126785093749999 0.638046925 0.5126785093749999 0.61693088125 0.5139324281250001 0.6067216234374999 0.5122605359375 0.605199746875 0.5051898296874999 0.6048192765625 0.494601184375 0.6059606843750001 0.491083246875 0.6071020921875 0.4894113546875 0.610082434375 0.4889933828125 0.614648065625
1 0.463148728125 0.6323398859375 0.4718564953125 0.7149017125 0.4748519671875 0.7289790734375 0.4780912578125 0.7330374125 0.4815743640625 0.7321496515625 0.48481365312499997 0.7239695625 0.488540578125 0.6527584015625 0.4863113890625 0.6192136968749999 0.483803553125 0.614648065625 0.4701149421875 0.6091946734375 0.46638801875 0.6089410265625 0.464402646875 0.6087507921875 0.461407175 0.6105897265625 0.463148728125 0.6323398859375
0 0.42678509218749994 0.6599873171875 0.4244165796875 0.718769815625 0.4276907 0.7372859859374999 0.43277603593749997 0.7465440703125 0.43876697968749995 0.7519340515625 0.44326018749999996 0.7546607484375001 0.44980842968749996 0.75415345625 0.453709509375 0.7503487640625 0.4578892375 0.7291058968749999 0.46091954062499996 0.65161699375 0.45994427031249996 0.62441344375 0.45618251406250004 0.6094483203125 0.4509578546875 0.6039949265625 0.4454893765625 0.60450221875 0.4412399859375 0.607672796875 0.4358760015625 0.6161699421875 0.43277603593749997 0.6224476859375 0.43037269218749996 0.6311350671875 0.42678509218749994 0.6599873171875
2 0.397039359375 0.6124920734375 0.3967955421875 0.6175015859374999 0.3978056421875 0.6288522515625 0.4020202015625 0.65332910625 0.407767328125 0.697336715625 0.41125043593750005 0.7426759671875 0.41299198906249995 0.7540266328125 0.4172413796875 0.75992390625 0.420968303125 0.7608116671875 0.423963775 0.75491439375 0.431417625 0.6143310078125 0.4299547203125 0.6116043125 0.42619296406249996 0.6097653765625 0.41699756250000003 0.608877615625 0.406025775 0.609321496875 0.40153256718749997 0.609321496875 0.40003483125 0.609321496875 0.397039359375 0.6124920734375
2 0.36729362656250003 0.62682308125 0.374190178125 0.6692454031249999 0.3822361546875 0.706848446875 0.3831417625 0.7247939125 0.37746429843749996 0.7743183265625 0.38073841875 0.785732403125 0.3852316265625 0.7895370953125 0.3894113546875 0.789029803125 0.3948101703125 0.7824984140625 0.3983977703125 0.7688649328125 0.400487634375 0.7389346859375 0.39867641875 0.681230184375 0.39508881875 0.62029169375 0.39331243437499996 0.616487 0.39150121875 0.6148383 0.37241379375 0.6128725421875 0.36938349062500003 0.6131896 0.36729362656250003 0.617564996875 0.36729362656250003 0.62682308125
3 0.3212469515625 0.6136334812500001 0.319749215625 0.61857958125 0.320027865625 0.628344959375 0.3230233375 0.6414077359375 0.32661093750000003 0.664235890625 0.33138279375 0.6871274578125 0.32870080156250003 0.74590995625 0.324834553125 0.7785668984375 0.3292929296875 0.7883322765624999 0.33497039375000004 0.7927076734375 0.3376872171875 0.7932783765625 0.3418669453125 0.7834495875 0.3418669453125 0.7720355109375 0.34723092968749997 0.741534559375 0.35290839375 0.686556753125 0.3672587953125 0.6272669625 0.368164403125 0.6136334812500001 0.3672587953125 0.609321496875 0.3648902828125 0.6060240968749999 0.3606757234375 0.6060240968749999 0.3553117375 0.607672796875 0.34573319375 0.612555484375 0.33194009062499996 0.6113506656250001 0.32661093750000003 0.6114774890625 0.3239289453125 0.6114774890625 0.3212469515625 0.6136334812500001
3 0.27105538125 0.4148383 0.27001045 0.42003804687499996 0.27105538125 0.42853519375 0.28648554531250003 0.48864933437499997 0.2868686875 0.5017121109375 0.2828979453125 0.510145846875 0.2811215609375 0.5114774890625 0.2750261234375 0.5114774890625 0.2732149078125 0.5081800890625 0.27105538125 0.48471781875 0.26603970781249997 0.444831959375 0.262103796875 0.42523779375000004 0.25778474375 0.424603678125 0.254928596875 0.43050095156249996 0.25419714375 0.44159797031250003 0.254928596875 0.48211794531249996 0.25384883281250004 0.5193405203125 0.2556600484375 0.5571972093750001 0.2599442703125 0.5682942296875 0.27001045 0.5715916296875 0.2832810875 0.570894103125 0.292232671875 0.5630944828125 0.300139325 0.569625871875 0.3069313828125 0.570894103125 0.30982236093750004 0.561128725 0.3105189828125 0.5330374124999999 0.3051549984375 0.5029803421875 0.2954719609375 0.45599239062499997 0.28972483437499996 0.432466709375 0.2809822359375 0.41756499687500004 0.27718565 0.4141407734375 0.2742946703125 0.41350665781249996 0.27105538125 0.4148383
2 0.354824103125 0.3958148390625 0.350052246875 0.39632213125 0.3419714390625 0.405580215625 0.339010796875 0.4148383 0.329432253125 0.4529486359375 0.321072796875 0.5046290421874999 0.312678509375 0.5400126828125 0.3094043890625 0.55745085625 0.3111807734375 0.5661382374999999 0.3201671890625 0.5737476218750001 0.32852664531250003 0.5732403296874999 0.3381051890625 0.5661382374999999 0.347056775 0.5629042484375 0.346464646875 0.53677869375 0.34886799062499996 0.4801521875 0.350052246875 0.4317057703125 0.3533263671875 0.4148383 0.3593521421875 0.40418516093749995 0.36262626249999996 0.39961953125 0.364402646875 0.3974001265625 0.354824103125 0.3958148390625
2 0.3979101359375 0.3719720984375 0.39073493593749997 0.3720355109375 0.379972134375 0.38230817968749997 0.3737025421875 0.40133164218750006 0.3677115984375 0.44812935937500004 0.35844653437499996 0.5052631578125 0.34949495 0.554787571875 0.3509926859375 0.5651870640625 0.357262278125 0.5711477484375 0.362034134375 0.5711477484375 0.38059909375 0.5646163609375 0.3868686875 0.5532022828125001 0.3895506796875 0.5281547234375 0.38986415937499996 0.4889663921875 0.3929641234375 0.3930881421875 0.393451759375 0.386620165625 0.394636015625 0.381230184375 0.3979101359375 0.3719720984375
0 0.4092650640625 0.3732403296875 0.40505050468750003 0.37482561875 0.40296064062500003 0.377045021875 0.39878091250000003 0.38738110312499996 0.3942877046875 0.4369055171875 0.3925113203125 0.5707672796875001 0.397004528125 0.5811033609375 0.4032741203125 0.584908053125 0.41072796875 0.5854787578125 0.41553465625 0.5827520609375 0.42448624218750003 0.5686112875 0.425983978125 0.549017121875 0.42420759375 0.5201648703124999 0.41365377968750006 0.387000634375 0.41194705625 0.377045021875 0.4110414484375 0.373747621875 0.4092650640625 0.3732403296875
1 0.44110066249999996 0.39632213125 0.43869731874999995 0.39904882656249996 0.43632880468749996 0.4066582125 0.43392546093749995 0.525871909375 0.43092998906249996 0.5585288515625 0.4315221171875 0.5694356375 0.4450017421875 0.5732403296874999 0.46022291875 0.575396321875 0.46381051875 0.57812301875 0.46443747812499997 0.5710209265625 0.46412399843749996 0.5389346859375 0.45903866249999997 0.5182625234375 0.459630790625 0.47419150312499997 0.4496691046875 0.40361445781249994 0.448867990625 0.39797083125 0.44587251875 0.3958148390625 0.44110066249999996 0.39632213125
1 0.474225009375 0.4006975265625 0.4700452796875 0.40177552343749995 0.467955415625 0.405580215625 0.4718564953125 0.51445783125 0.46976663125 0.53677869375 0.4673632875 0.578693721875 0.4751306171875 0.5819277109375001 0.48798328125 0.5819277109375001 0.50233368125 0.57977171875 0.51072796875 0.5710209265625 0.508324625 0.5438173749999999 0.50355276875 0.512238428125 0.49637756875 0.43551046250000003 0.4907001046875 0.4116043125 0.48571926093749995 0.40621433125 0.483211425 0.40393151562499996 0.479623825 0.40126823125 0.474225009375 0.4006975265625
1 0.55667015 0.395688015625 0.5509578546875 0.395688015625 0.5461859984374999 0.39784400781249996 0.5420062703124999 0.40221940468749995 0.5360153249999999 0.42612555468749996 0.521072796875 0.5028535187500001 0.512713340625 0.5594800249999999 0.5142110765625 0.5774254921875001 0.52048066875 0.5801521875 0.5420062703124999 0.5779961953125 0.55067920625 0.5752694984375 0.55308255 0.5404565625 0.5521769421875 0.507228915625 0.5578544062499999 0.4691185796875 0.56381051875 0.4081800890625 0.563218390625 0.40602409687499996 0.56144200625 0.400570703125 0.55667015 0.395688015625
1 0.58202716875 0.3951807234375 0.5772553125 0.3994927078125 0.57457331875 0.40982878906250003 0.57098571875 0.4321496515625 0.5617206546875 0.5127457203125 0.5557297109375 0.555168040625 0.5563218390625 0.5726062140625 0.5587251828124999 0.5736842109375 0.5700801109375 0.5736842109375 0.577847440625 0.5693088140625 0.5823406484375 0.558465440625 0.585022640625 0.5192771078125 0.5859282484375 0.40171211093750003 0.5859282484375 0.3994927078125 0.583838384375 0.3951807234375 0.58202716875 0.3951807234375
0 0.61438523125 0.36575776718749997 0.6116684078125 0.36575776718749997 0.6068965515625 0.37228915625000003 0.5997213515625 0.39841471093749997 0.597039359375 0.469181990625 0.591048415625 0.5197844 0.5847788234375 0.5486366515625 0.5859630796874999 0.5589727328125 0.5913618953124999 0.57311350625 0.5973180078125 0.5802156 0.60240334375 0.579137603125 0.6128874953125 0.568801521875 0.617345871875 0.5530120484375 0.6152560078125 0.5203551046875 0.61316614375 0.4414077359375 0.6110762796875 0.4033608109375 0.6170672234375 0.376664553125 0.617345871875 0.37393785625 0.6158481359375 0.366328471875 0.61438523125 0.36575776718749997
2 0.633089515625 0.3917565 0.63009404375 0.394039315625 0.6270985718750001 0.3994927078125 0.6226053640625 0.422130628125 0.616126784375 0.523715915625 0.6158829671875 0.5495878249999999 0.6181469875000001 0.5577679140625 0.6238592828125 0.5622701328125 0.633089515625 0.5654407109374999 0.63855799375 0.5641090671875 0.6455242078125 0.5554850984375 0.6400557296875 0.4788205453125 0.640299546875 0.4294229546875 0.6358063390625001 0.41306277812500003 0.63740856875 0.39879518125 0.6373040750000001 0.3944831953125 0.6355625218750001 0.3917565 0.633089515625 0.3917565
2 0.6520724484375 0.3933417875 0.6490769765625 0.39714648124999996 0.6484848484375 0.41452124218749997 0.6473005921875 0.49835130000000005 0.6473005921875 0.55332910625 0.6496691046875 0.5592897906250001 0.65656565625 0.5630944828125 0.6655172406250001 0.5615091953125 0.6762800421875 0.5538363984375 0.6774991296875 0.5424223203125 0.6750957859375 0.5228281546875 0.6715081859375001 0.5032339890624999 0.6691048421875 0.478757134375 0.6682340640625 0.4532022828125 0.6664228484375 0.423779328125 0.6604319046875 0.39873176875 0.6592476484375001 0.3965757765625 0.65534656875 0.3933417875 0.6520724484375 0.3933417875
3 0.684952978125 0.41832593593749995 0.6828631140625 0.42105263125 0.6803552765624999 0.49473684218749997 0.67600139375 0.5478757140625 0.6774991296875 0.5577045015625 0.680181121875 0.5625871906250001 0.69035179375 0.5663918828125001 0.69871125 0.5636651875 0.6998955062500001 0.5577045015625 0.7070707078125 0.5620164875 0.7112504359375 0.560938490625 0.71574364375 0.5577045015625 0.7181469875000001 0.5424223203125 0.7189481015625 0.5188966390624999 0.71316614375 0.49473684218749997 0.706478578125 0.42435003125000004 0.6978056421875001 0.4025364609375 0.692128178125 0.39549778125 0.6858585859375 0.39549778125 0.6930337859375 0.4096385546875 0.701706721875 0.46512365312500004 0.7002089859375 0.486937221875 0.6972135140625 0.4967026 0.6954371296875 0.49727330312499995 0.6930337859375 0.49397590312500006 0.6900383140625 0.42270133125 0.689759665625 0.42105263125 0.68794845 0.41832593593749995 0.684952978125 0.41832593593749995
3 0.7291536046875 0.3768547875 0.7278996859375 0.3768547875 0.728387321875 0.3868104 0.7253918500000001 0.4335447046875 0.7273772203125 0.45668991718749996 0.7278996859375 0.47032339843750004 0.72291884375 0.48750792656249997 0.72291884375 0.500253646875 0.7244165796875001 0.5201648703124999 0.72640195 0.5310716546875 0.7291536046875 0.536525046875 0.736607453125 0.539695625 0.7396029265624999 0.5337983515625 0.7597701156250001 0.5292327203125 0.7672587953125001 0.517945465625 0.77001045 0.5029169312499999 0.769244165625 0.485732403125 0.7635318703125 0.47254280312499997 0.7553117375 0.4453392515625 0.746325321875 0.3927076734375 0.7381051890625 0.3732403296875 0.7298850578125 0.362777425 0.7381051890625 0.3859226375 0.744096134375 0.43766645468750004 0.744096134375 0.4480659484375 0.7425983984375 0.4521242859375 0.7400905609375 0.4521242859375 0.7388366421875 0.44946100156249996 0.734413096875 0.3887761578125 0.7336119812499999 0.3841471140625 0.7318704281249999 0.3800253640625 0.7291536046875 0.3768547875
3 0.6763148734375 0.6687381109375 0.6896900031250001 0.7282181359375001 0.695646115625 0.7500317062499999 0.7002438171875001 0.7500317062499999 0.704110065625 0.743627140625 0.704110065625 0.731452125 0.7002438171875001 0.7058338625 0.6939045625 0.67064045625 0.7019853703125001 0.6296766015624999 0.699860675 0.603487634375 0.6959944265625 0.596448953125 0.678787878125 0.597717184375 0.6615465 0.6015218765625 0.657331940625 0.611794546875 0.6598049453125 0.6296766015624999 0.6640195046875 0.6463538359375 0.664367815625 0.6482561828125 0.6654127484375 0.6482561828125 0.6763148734375 0.6687381109375
3 0.2745384890625 0.7525681671875 0.2749216296875 0.7666455296875 0.27913618906250004 0.7711477484375 0.2830024375 0.7711477484375 0.2868686875 0.756436271875 0.2942528734375 0.709701965625 0.30759317343750003 0.679581484375 0.319888540625 0.657197209375 0.3202368515625 0.6393151546875 0.3177986765625 0.6162333546875 0.3135841171875 0.6072923265625 0.30550330937500003 0.6072923265625 0.287216996875 0.613062778125 0.27913618906250004 0.617564996875 0.2738418671875 0.624603678125 0.27279693437499997 0.650158528125 0.27805642656249996 0.67641090625 0.2798328109375 0.69302473125 0.2766631828125 0.7199112234375 0.2763148734375 0.72187698125 0.2766631828125 0.7231452125 0.2745384890625 0.7525681671875