3 0.4902654875 0.227038328125 0.4793931734375 0.23644599375 0.4130214921875 0.254216028125 0.38824273125 0.2554703828125 0.37079646093749996 0.2639024390625 0.3699115046875 0.2671080140625 0.37079646093749996 0.2710801390625 0.3774968390625 0.2774912890625 0.3977244 0.291846690625 0.40581542343750004 0.2938675953125 0.4151706703125 0.2940766546875 0.444374209375 0.2921254359375 0.514538559375 0.26195121875 0.541845765625 0.2537282234375 0.5405815421875 0.24926829218750002 0.536915296875 0.2463414640625 0.530594184375 0.2450871078125 0.5197218703125001 0.24780487812500002 0.49102402031250003 0.2611149828125 0.47319848281250004 0.26641115000000004 0.454740834375 0.2678745640625 0.4529709234375 0.26515679375 0.5015170671875 0.2401393734375 0.5050568906249999 0.2252961671875 0.4996207328125 0.22452961718750003 0.4902654875 0.227038328125
2 0.5154235140625001 0.3555400703125 0.5678887484375 0.3431358890625 0.574589128125 0.33526132343750004 0.5724399499999999 0.33372822343749997 0.5597977249999999 0.33324041875 0.5288242734375 0.33721254375 0.445259165625 0.34118466875000003 0.4151706703125 0.3557491296875 0.413906446875 0.3574912890625 0.4151706703125 0.3644599296875 0.41744627031250003 0.366202090625 0.4327433625 0.36641115 0.5154235140625001 0.3555400703125
2 0.5575221234375001 0.3731010453125 0.5647281921875 0.37017421562499997 0.5687737046875 0.364181184375 0.5661188375 0.3627177703125 0.5585335015624999 0.3617421609375 0.5270543609375 0.364181184375 0.49557522187499997 0.368641115625 0.45107458906250003 0.37135888437500003 0.42553729531249995 0.379790940625 0.41163084687499996 0.39121951250000003 0.41163084687499996 0.3941463421875 0.413906446875 0.3951219515625 0.4529709234375 0.3941463421875 0.4960809109375 0.3862717765625 0.5575221234375001 0.3731010453125
0 0.5562579015625 0.4201393734375 0.6144121359375 0.4094773515625 0.61871049375 0.4064808359375 0.61871049375 0.402648084375 0.6165613140625 0.3999303140625 0.6101137796875 0.3987456453125 0.584323640625 0.3984668984375 0.539190896875 0.40083623749999997 0.4269279390625 0.400627178125 0.413906446875 0.40229965156249997 0.4111251578125 0.40404181250000004 0.4034134 0.4198606265625 0.40366624531250006 0.4243205578125 0.40960809062500003 0.4287804875 0.43501896406249996 0.43024390312499994 0.4764854609375 0.42759581874999997 0.5562579015625 0.4201393734375
1 0.5946902656249999 0.43400696875 0.5844500625 0.4310801390625 0.563969659375 0.43017421562499997 0.47281921562499996 0.434634146875 0.44323640937500003 0.43372822343750006 0.4022756 0.434634146875 0.3963337546875 0.43756097499999996 0.39279393125 0.45365853593749994 0.3930467765625 0.45721254375 0.3941845765625 0.4593031359375 0.4426042984375 0.45811846718749993 0.5994943109374999 0.43818815312500004 0.5946902656249999 0.43400696875
1 0.5625790140625 0.459372821875 0.554487990625 0.45818815312499994 0.5027812890625001 0.4602787453125 0.47041719375 0.46320557500000004 0.420859671875 0.46439024375000004 0.40202275624999995 0.463832753125 0.403034134375 0.46947735156250003 0.40063211093750006 0.4803484328125 0.39974715625 0.4880139375 0.5410872312499999 0.47066202031250004 0.563084703125 0.4655749125 0.56523388125 0.46264808437499993 0.5625790140625 0.459372821875
1 0.5408343875 0.49226480781250004 0.39292035468750003 0.49344947812499995 0.38975979843749997 0.49393728281250004 0.38761061875 0.49644599375 0.3920353984375 0.5154703828125 0.3943109984375 0.5184668984374999 0.4185840703125 0.5174912890625001 0.5403286984375 0.5021602781250001 0.5546144125 0.49567944218750004 0.5408343875 0.49226480781250004
1 0.5730720609375 0.51644599375 0.56409608125 0.5132404187499999 0.5342604296875 0.5128919859375001 0.39051833125 0.521811846875 0.3972187109375 0.5397212546875 0.40101137812500004 0.55163763125 0.4721871046875 0.538954703125 0.568520859375 0.5243205578125 0.573704171875 0.518954703125 0.5730720609375 0.51644599375
0 0.5855878640625 0.565017421875 0.5878634640625 0.560209059375 0.5867256640625 0.55637630625 0.5824273078125 0.5525435546875 0.5646017703124999 0.5498257843750001 0.5171934265625 0.5492682921875 0.48862199687499996 0.5477351921875 0.42932996250000005 0.5507317078125 0.40935524687499997 0.5537282234375 0.40189633437500005 0.5608362375 0.401264221875 0.5673867593749999 0.41365360312500005 0.5813240421875 0.41580278125000003 0.5831358890625 0.4195954484375 0.5848780484375 0.42616940625 0.5855052265625 0.5786346390625 0.56675958125 0.5855878640625 0.565017421875
2 0.5706700375 0.6248083624999999 0.5668773703125 0.6158885015625 0.559039190625 0.609825784375 0.534513275 0.6027177703125 0.47888748437500006 0.5959581875 0.43489254062500005 0.587386759375 0.416814159375 0.5855749125 0.41352718125 0.5877351921875 0.414791403125 0.6123344953125 0.41744627031250003 0.6158885015625 0.425158028125 0.6190940765625 0.47560050625 0.6212543546875 0.551327434375 0.6212543546875 0.5706700375 0.6248083624999999
2 0.6059418453125 0.6543554 0.608470290625 0.6511498265625 0.603286978125 0.6454355406250001 0.5839443734375 0.6418815328125 0.484323640625 0.632613240625 0.41441213593750004 0.6236933796875 0.417067003125 0.6572125437499999 0.4189633375 0.6597212546875 0.4247787609375 0.66041811875 0.47597977187499996 0.655818815625 0.600126421875 0.6568641109375 0.6059418453125 0.6543554
3 0.5457648546875 0.7220905921874999 0.567130215625 0.7210452968750001 0.5729456390625 0.71923345 0.574841971875 0.7167247390625 0.574841971875 0.7135191640625 0.571681415625 0.7103135890625001 0.517951959375 0.705365853125 0.5069532234375 0.702160278125 0.5075853343750001 0.6953310109374999 0.5102402015624999 0.691777003125 0.5154235140625001 0.6896864109374999 0.528318584375 0.69003484375 0.55031605625 0.69358885 0.5742098609374999 0.694634146875 0.5774968390625 0.69358885 0.5774968390625 0.688222996875 0.5742098609374999 0.683972125 0.5619469031250001 0.68076655 0.42035398281249997 0.6618118468749999 0.41769911562499995 0.6625783968750001 0.41580278125000003 0.665435540625 0.4183312265625 0.708222996875 0.4189633375 0.711428571875 0.42288242656249997 0.716027875 0.427433628125 0.717839721875 0.45069532187499994 0.71958188125 0.5457648546875 0.7220905921874999
3 0.5206068265625 0.7941463421875 0.5594184578125 0.8172822296875 0.5710493046875 0.8204878046875 0.57357775 0.8194425093750001 0.57357775 0.8137282234375001 0.5690265484375 0.8055052265624999 0.5594184578125 0.7955400703125 0.5432364093750001 0.7852264812499999 0.5108723140625 0.77240418125 0.48305941875 0.7581184671875 0.48495575156250004 0.75240418125 0.4992414671875 0.7545644593749999 0.536030340625 0.76843205625 0.5573957015625 0.7783972125 0.566498103125 0.77804878125 0.570290771875 0.7763066203125 0.569658659375 0.77163763125 0.5594184578125 0.7623693375 0.5276864734375 0.7452961671875 0.4920353984375 0.7338675953125 0.4565107453125 0.7249477359375 0.44096080937500004 0.7242508703125 0.432616940625 0.7252961671875 0.42414664999999996 0.729616725 0.41441213593750004 0.7434843203125 0.41340075781249996 0.75317073125 0.413780025 0.7581184671875 0.4151706703125 0.7680836234374999 0.42414664999999996 0.7741463421875 0.484323640625 0.7809059234375 0.5206068265625 0.7941463421875
3 0.3308470296875 0.317560975 0.340075853125 0.32097560937499997 0.3517067 0.321393728125 0.36333754687500003 0.32097560937499997 0.36965865937500003 0.31797909375 0.3742098609375 0.3111498265625 0.3742098609375 0.3034843203125 0.37812895 0.29874564531250003 0.3773704171875 0.29358885 0.36965865937500003 0.2871777 0.33704171875 0.2816027875 0.3059418453125 0.2816027875 0.27180783750000004 0.2731010453125 0.23223767343750001 0.27052264843749996 0.22212389375 0.2731010453125 0.22212389375 0.2756794421875 0.2804045515625 0.2880836234375 0.29355246562500004 0.29317073125 0.29355246562500004 0.2991637625 0.28495575156249997 0.302578396875 0.278002528125 0.3034843203125 0.2266750953125 0.2996515671875 0.21820480468749998 0.2991637625 0.21592920312500002 0.3013240421875 0.21744627031250002 0.3039024390625 0.2213653609375 0.30515679375000004 0.3308470296875 0.317560975
2 0.2691529703125 0.3766550515625 0.3027812890625 0.377770034375 0.338938053125 0.3813240421875 0.367383059375 0.37846689843750003 0.37585335 0.374564459375 0.379140328125 0.367038328125 0.377749684375 0.3588850171875 0.3739570171875 0.35707317031249997 0.3571428578125 0.35560975625 0.325410871875 0.3549128921875 0.2898862203125 0.356027875 0.244374209375 0.3597212546875 0.2393173203125 0.3620905921875 0.2426042984375 0.370243903125 0.2471555 0.37275261249999997 0.2568900125 0.3752613234375 0.2691529703125 0.3766550515625
0 0.16321112499999998 0.3868989546875 0.27332490468750004 0.40578397187500004 0.3494311 0.416027875 0.36333754687500003 0.41560975625 0.37117572656250003 0.412613240625 0.37585335 0.40878048749999996 0.37585335 0.40278745625 0.38204804062500003 0.388641115625 0.3580278125 0.38181184687499997 0.3237673828125 0.38439024375 0.28192161875 0.38306620156250004 0.22680151718750002 0.3796515671875 0.160176990625 0.37275261249999997 0.150695321875 0.37324041874999997 0.14841972187500002 0.374982578125 0.14841972187500002 0.3774912890625 0.15309734531250002 0.382229965625 0.16321112499999998 0.3868989546875
1 0.1826801515625 0.4280139375 0.2509481671875 0.43825783906250004 0.3130214921875 0.443832753125 0.337800253125 0.44898954687500003 0.3666245265625 0.44982578437500004 0.372819215625 0.4485017421875 0.37509481718750004 0.44599303125 0.3782553734375 0.42501742187499997 0.3689001265625 0.42118466874999994 0.3595448796875 0.41944250937499994 0.307585334375 0.4206968640625 0.18343868593749998 0.418606271875 0.1795195953125 0.418606271875 0.1763590390625 0.41944250937499994 0.174841971875 0.42285714218750003 0.178002528125 0.42627177656250004 0.1826801515625 0.4280139375
1 0.317951959375 0.4888501734375 0.344374209375 0.490174215625 0.3552465234375 0.48843205625 0.36295828124999996 0.484181184375 0.3706700375 0.471777003125 0.3676359046875 0.4555400703125 0.3606826796875 0.453797909375 0.22010113750000002 0.45296167187499997 0.17041719375 0.454634146875 0.164222503125 0.454634146875 0.1403286984375 0.45540069687500007 0.16118836875 0.46445992968749994 0.2286978515625 0.479442509375 0.317951959375 0.4888501734375
1 0.1920353984375 0.5395121953124999 0.35663716875 0.5356794421875 0.368268015625 0.5331010453125 0.3744627046875 0.5301045296875 0.3744627046875 0.519372821875 0.368268015625 0.5018815328125 0.362073325 0.49414634218750003 0.358154234375 0.4933101046875 0.34576485468749996 0.494982578125 0.31466498125000003 0.4963066203125 0.20075853281249997 0.51400696875 0.1920353984375 0.5155400703125 0.184323640625 0.5181184671875 0.178887484375 0.5249477359375 0.18192161874999999 0.5356794421875 0.1920353984375 0.5395121953124999
1 0.34399494375 0.5783275265625 0.358786346875 0.576585365625 0.373451328125 0.570592334375 0.36725663750000004 0.5436933796875 0.36182047968750003 0.54195121875 0.34627054375 0.5406968640625001 0.2656131484375 0.5471080140625 0.19962073281249998 0.5569337984375 0.19494310937499998 0.5590940765625 0.19418457656250002 0.5659233453125 0.2011378 0.5710801390625 0.3005056890625 0.5735888499999999 0.34399494375 0.5783275265625
0 0.19683944375 0.6326829265625 0.2178255375 0.6317770031250001 0.2806573953125 0.6236933796875 0.36295828124999996 0.6155400703125 0.3761061953125 0.6121254359375 0.3838179515625 0.6078745640625 0.385461440625 0.6027177703125 0.371428571875 0.5873170734375 0.3605562578125 0.57958188125 0.34273072031249996 0.58 0.311630846875 0.58515679375 0.1944374203125 0.613797909375 0.1898862203125 0.6155400703125 0.18824273125 0.6181184671875 0.1898862203125 0.6266898953125 0.1929203546875 0.6309407671875 0.19683944375 0.6326829265625
2 0.21517067031249998 0.6570731703125 0.2912768640625 0.649407665625 0.32300885 0.6514982578125 0.36182047968750003 0.6471777000000001 0.37269279375000003 0.6433449484375 0.37496839375 0.637770034375 0.37117572656250003 0.6232752609375 0.36182047968750003 0.613379790625 0.352465234375 0.6121254359375 0.3362831859375 0.6129616718750001 0.31061946875 0.6232752609375 0.2532237671875 0.6326829265625 0.2011378 0.6433449484375 0.1988622 0.6459233453125 0.19810366562499998 0.6489198609375 0.201896334375 0.6540766546875 0.2097345125 0.6570731703125 0.21517067031249998 0.6570731703125
2 0.2500632109375 0.6927526125 0.3723135265625 0.6799303140624999 0.3825537296875 0.6770731703124999 0.3858407078125 0.6717073171875 0.3825537296875 0.6620905921875 0.3774968390625 0.6538675953124999 0.3742098609375 0.6524738671875 0.3424778765625 0.656027875 0.23249051875 0.6749128921875001 0.2299620734375 0.677421603125 0.2312262953125 0.687038328125 0.23514538593749998 0.6902439031250001 0.24222503125 0.6924041812499999 0.2500632109375 0.6927526125
3 0.3634639703125 0.8246689890625 0.375726928125 0.821811846875 0.3815423515625 0.818954703125 0.385461440625 0.8100348437499999 0.3828065734375 0.796167246875 0.375726928125 0.7882926828125 0.36409608125 0.785783971875 0.352465234375 0.785783971875 0.3259165609375 0.7882926828125 0.2677623265625 0.788641115625 0.2528445 0.7926132406249999 0.2509481671875 0.7943553999999999 0.2528445 0.797560975 0.2573957015625 0.7986759578125 0.3362831859375 0.7997212546875 0.34336283125 0.8011149828124999 0.34336283125 0.8039721249999999 0.3381795203125 0.8068292687499999 0.31175726875 0.805435540625 0.255625790625 0.805435540625 0.2522123890625 0.8071777000000001 0.2534766125 0.8100348437499999 0.2573957015625 0.8114982578125 0.35056889999999996 0.8257142859375 0.3634639703125 0.8246689890625
3 0.303034134375 0.7783972125 0.3142857140625 0.7751219515625001 0.342351453125 0.776027875 0.36169405781249997 0.7783972125 0.36927939374999996 0.776585365625 0.3806573953125 0.757560975 0.385461440625 0.736794425 0.3849557515625 0.72843205625 0.37901390625000003 0.7260627171875 0.36232616875 0.7272473875000001 0.30948166875 0.73797909375 0.27812895000000004 0.7397212546875 0.2604298359375 0.7448083624999999 0.254993678125 0.747804878125 0.2533501890625 0.7519163765625 0.25663716875000003 0.757560975 0.260935525 0.7596515671875 0.27926675156249997 0.7566550515625 0.2878634640625 0.75637630625 0.293805309375 0.7602787453125 0.2932996203125 0.763832753125 0.2878634640625 0.7679442515625 0.26523388125 0.7783972125 0.264222503125 0.78195121875 0.27496839375 0.7866898953125 0.28470290781249996 0.7869686406249999 0.29279393125 0.7848780484375 0.303034134375 0.7783972125
3 0.30379266718750003 0.704181184375 0.3118836921875 0.704181184375 0.3140328703125 0.705365853125 0.3140328703125 0.7095470390624999 0.3108723140625 0.7125435546875 0.2828065734375 0.7175609749999999 0.2709228828125 0.72202090625 0.272566371875 0.7271080140625 0.27901390625 0.7306620203125 0.3744627046875 0.7234843203125 0.3868520859375 0.7208362375 0.39279393125 0.7170034843749999 0.39279393125 0.7125435546875 0.3878634640625 0.7062717765625 0.3911504421875 0.7009059234375 0.388495575 0.68996515625 0.38305941875 0.683972125 0.3744627046875 0.6825087109375 0.3469026546875 0.6857839718750001 0.263211125 0.7009059234375 0.260176990625 0.704181184375 0.2644753484375 0.7092682921875 0.2687737046875 0.710174215625 0.27471555 0.710174215625 0.30379266718750003 0.704181184375