3 0.7701497734375 0.6512365250000001 0.77457331875 0.6577045015625 0.777847440625 0.6587824984374999 0.780215953125 0.6566265062500001 0.7819923375 0.6490805328125 0.781400209375 0.6415345593749999 0.7695576453124999 0.6048826890625 0.7568094734375 0.5790107796874999 0.7541623125 0.56823081875 0.747056775 0.5305009515625 0.7292929296875 0.5305009515625 0.7186346218749999 0.5267596703125 0.7118077328125 0.5256816734374999 0.7076628359375 0.5267596703125 0.70856844375 0.544007609375 0.7269244171875 0.6264426125 0.7366771156249999 0.6496512359375 0.746464646875 0.6679771718749999 0.75060954375 0.6738744453125001 0.7541623125 0.6744451484375 0.755938696875 0.6727964484375 0.755938696875 0.66740646875 0.7517938 0.653963221875 0.7399512359375 0.623779328125 0.7359108328125 0.6070386812499999 0.7417624515625 0.600570703125 0.7449320796875 0.599429296875 0.7485545109375 0.599746353125 0.7526645765625 0.608497146875 0.7615465 0.6248573234375 0.7701497734375 0.6512365250000001
3 0.6668408218749999 0.52194039375 0.665795890625 0.5290424859375 0.6654127484375 0.5633481296875 0.6664925109375 0.594419784375 0.67112504375 0.6474318328125 0.6735980500000001 0.655168040625 0.67823058125 0.6564996828125 0.6828282828125001 0.653899809375 0.6842563562499999 0.6454660750000001 0.681400209375 0.589854153125 0.68178335 0.5840202921875 0.6839080453124999 0.5840202921875 0.69028213125 0.58598605 0.6931382796875 0.5930881421875001 0.6973876703124999 0.6364616359374999 0.7009404390625 0.6480659484375 0.7034482765625001 0.6512999359375 0.7105538140625 0.65326569375 0.7109021249999999 0.6357641093749999 0.704144896875 0.534876346875 0.7023685125 0.5193405203125 0.6835597359375 0.520038046875 0.6742946703125 0.5168040578124999 0.67112504375 0.5168040578124999 0.6682688953125 0.5187064046875001 0.6668408218749999 0.52194039375
2 0.636851271875 0.5055168046875 0.6339951234375001 0.510082434375 0.6318704281249999 0.5158528859375 0.6293625921875 0.5488902984374999 0.62901428125 0.639441978125 0.6322187390625 0.6678503484375 0.6382445140625 0.68598605 0.642877046875 0.69048826875 0.642877046875 0.66981610625 0.653535353125 0.5980342421875 0.6659700453124999 0.530754596875 0.6641936609375 0.5158528859375 0.66029258125 0.511350665625 0.6455938703124999 0.5046924546875 0.642877046875 0.5042485734375 0.636851271875 0.5055168046875
2 0.599338209375 0.49961953125 0.5985022640625 0.5058338625000001 0.6044583765625 0.62764743125 0.6070358765625 0.6424223203125 0.6104493203125 0.6486366515624999 0.6146987109375 0.6478757140625 0.61682340625 0.643183259375 0.63131313125 0.5089410265625001 0.6270637406249999 0.5058338625000001 0.6110414484375 0.4982244765625 0.6074538484375 0.496512365625 0.6010449328125 0.496512365625 0.599338209375 0.49961953125
0 0.5550330890625 0.48516170000000003 0.5533263671875 0.49296131875000004 0.5520376171875 0.513887128125 0.5546151171875 0.61401395 0.5575757578125 0.64508560625 0.560989203125 0.6629042484375 0.5656913968749999 0.668357640625 0.5699407875 0.6668357640625 0.5725182859375 0.6590361453125 0.58059909375 0.6124920734375 0.598084290625 0.4953075453125 0.5967955421875 0.489854153125 0.587425984375 0.48598605 0.5675026125 0.48008877656250004 0.5622779515625 0.47977171875 0.557157784375 0.48053265625 0.5550330890625 0.48516170000000003
1 0.5223963781250001 0.48934686093749996 0.51922675 0.5358909328125 0.5046325328125 0.62194039375 0.50856844375 0.6238427390625 0.5152908390625 0.62194039375 0.5231278296874999 0.61610653125 0.5394636015625001 0.5798985421875 0.5479972140625 0.48801521875000003 0.5465691390625 0.48611287187499996 0.5394636015625001 0.482878884375 0.529501915625 0.4809131265625 0.525949146875 0.4809131265625 0.5241727625 0.483513 0.5223963781250001 0.48934686093749996
1 0.49575060937500004 0.48325935312499996 0.482619296875 0.6061509187499999 0.483664228125 0.616487 0.4882967609375 0.6281547234375 0.492197840625 0.6287888390624999 0.4960989203125 0.624223209375 0.5049808421875001 0.5951173109375001 0.5223963781250001 0.48325935312499996 0.52061999375 0.47869372187500003 0.513862765625 0.47615726093750005 0.500731453125 0.4767913765625 0.49895506718749993 0.47805960625 0.4978753046875 0.47869372187500003 0.49575060937500004 0.48325935312499996
1 0.4517241375 0.580405834375 0.4502960640625 0.6023462265624999 0.4517241375 0.6114140781249999 0.455973528125 0.6114140781249999 0.46130268125 0.6069118578125 0.474085684375 0.5784400765625 0.48937652343750004 0.5137603046875 0.4943573671875 0.471718453125 0.48902821249999995 0.4697526953125 0.47314524531249996 0.4697526953125 0.47084639531250005 0.47723525625 0.4517241375 0.580405834375
1 0.43841866874999996 0.46740646874999997 0.4128178328125 0.618769815625 0.41034482812500006 0.6369055171875 0.41177290156249996 0.6388078625 0.427028909375 0.6278376671875 0.435562521875 0.61940393125 0.44054336406249994 0.60779961875 0.45189829374999996 0.5625237796875 0.47039359062499997 0.4687381109375 0.44594217968749994 0.46455294843750006 0.4423197484375 0.4641724796875 0.4401950546875 0.46487000624999997 0.43841866874999996 0.46740646874999997
0 0.39108324687499996 0.46239695625 0.3889585515625 0.470196575 0.39143155625000003 0.60082435 0.390386625 0.6383639828125001 0.39216300937500004 0.64419784375 0.3960640890625 0.64419784375 0.40247300625 0.6357641093749999 0.411354928125 0.59955611875 0.4184604671875 0.524540265625 0.42270985781250003 0.460494609375 0.41772901406249996 0.45339251718750007 0.4044235453125 0.45244134375 0.40139324218750005 0.45269499062499996 0.3967607109375 0.45529486406249997 0.39108324687499996 0.46239695625
2 0.3587948453125 0.47723525625 0.3576105890625 0.48154724218749995 0.35938697343750003 0.50741915 0.36116335781250003 0.5876981609375 0.3605712296875 0.607672796875 0.3617554859375 0.6206087515625 0.3659003828125 0.6221940390625 0.3682688953125 0.6211160437500001 0.37300592187500003 0.6087507921875 0.382479971875 0.541915028125 0.384848484375 0.47235256875 0.371612678125 0.4710209265625 0.3676767671875 0.47184527656249997 0.36147683750000004 0.47400126875000004 0.3587948453125 0.47723525625
2 0.33820968281249997 0.5939124921875 0.3417624515625 0.6046924546875 0.345315221875 0.6095751421875 0.350052246875 0.6106531390625001 0.35419714375 0.60741915 0.3556948796875 0.5944831953125 0.35656565625000003 0.5206087515625 0.3556948796875 0.48180088750000005 0.337931034375 0.4802156 0.333194009375 0.482878884375 0.3278648546875 0.4909955609375 0.3275513765625 0.49365884531250004 0.3275513765625 0.507672796875 0.33820968281249997 0.5939124921875
3 0.2830721 0.526696259375 0.28631138906250003 0.5525681671875 0.299338209375 0.61401395 0.3032044578125 0.6226379203125 0.306757228125 0.623715915625 0.30971786875 0.6215599234375 0.3111807734375 0.61566265 0.3111807734375 0.6075459734375 0.30616509999999997 0.5622701328125 0.3076280046875 0.5579581484375 0.31386276562500004 0.5579581484375 0.31710205468749997 0.5617628406249999 0.3194705671875 0.6091946734375 0.32156043125 0.6183259359375 0.32420759375 0.6221306281250001 0.32776036249999996 0.6221306281250001 0.33131313125 0.61940393125 0.331905259375 0.6107799625 0.3262974578125 0.496512365625 0.3233368171875 0.49543436874999996 0.319784046875 0.4960050734375 0.31710205468749997 0.4975903609375 0.3147335421875 0.501902346875 0.3111807734375 0.5040583390625 0.301706721875 0.5057070390625 0.2889237203125 0.5136968921875 0.2857192609375 0.5169942921875 0.2833507484375 0.5191502859375 0.2830721 0.526696259375
3 0.245280390625 0.5322130625 0.2455242078125 0.5488268859375001 0.2497387671875 0.5798351296875001 0.252943225 0.612618896875 0.2556600484375 0.6247305015625 0.25910832500000003 0.6305643625 0.2618251484375 0.631452125 0.2640543359375 0.63100824375 0.2664925109375 0.6279010781250001 0.2677464296875 0.622954978125 0.266771159375 0.587000634375 0.26551724062500004 0.5744451484375 0.26624869375000004 0.571718453125 0.2675026125 0.571274571875 0.2694531515625 0.571718453125 0.2739115296875 0.575776790625 0.2761407171875 0.5906150921875 0.2780912578125 0.6148383 0.280076628125 0.6247305015625 0.28303726875 0.6292327203125 0.28648554531250003 0.6287888390624999 0.2889585515625 0.6270133171875 0.289690003125 0.6148383 0.2877394640625 0.55827520625 0.28575409218750003 0.5205453390625 0.26997561875 0.524603678125 0.251097178125 0.521306278125 0.24824103125 0.5218769812499999 0.24726576093750002 0.5223208625 0.245280390625 0.5322130625
3 0.2022291890625 0.5065313890625001 0.1978753046875 0.5247305015625 0.1928944625 0.576220671875 0.18080808125 0.5991756500000001 0.18080808125 0.6063411546874999 0.18178335 0.6099556125000001 0.1852316265625 0.6103994921875 0.1894461859375 0.60951173125 0.1973528390625 0.59873176875 0.202995471875 0.5875079265625 0.21159874531249998 0.55326569375 0.21654475781250002 0.55326569375 0.2207244859375 0.5573240328125 0.20891675312500002 0.596448953125 0.20153256718749998 0.6063411546874999 0.19386973125 0.6139505390625 0.18920236875000002 0.622954978125 0.1894461859375 0.628344959375 0.1931382796875 0.6355104625 0.20498084218749998 0.632847178125 0.2158133046875 0.6187064046875 0.23437826562500003 0.5783766640625 0.242842215625 0.564426125 0.24458376875 0.555168040625 0.2454197140625 0.5453392515625 0.2454197140625 0.5287888390625 0.24322535625000002 0.5209892203125001 0.2365726234375 0.5106531390625 0.2311389765625 0.5057070390625 0.2135144546875 0.49879518125000005 0.2094043890625 0.498161065625 0.2056426328125 0.5009511734375 0.2022291890625 0.5065313890625001
3 0.2575060953125 0.4048192765625 0.25419714375 0.4048192765625 0.249878090625 0.4029803421875 0.24667363281250002 0.399429296875 0.23688610312499997 0.326696259375 0.234238940625 0.31857958124999997 0.2289097875 0.3164235890625 0.2268199234375 0.31807228906249996 0.22417276249999998 0.32073557343750003 0.22298850625000002 0.3277742546875 0.23451758906250003 0.42853519375 0.23897596718749997 0.461953075 0.241623128125 0.46791376093750003 0.24667363281250002 0.4694990484375 0.2564263328125 0.47006975312500004 0.265621734375 0.46626506093750003 0.27241379375 0.46144578281250004 0.27715081874999997 0.45605580156250003 0.2786485546875 0.4517438171875 0.2786485546875 0.4403931515625 0.2733194015625 0.413443246875 0.267990246875 0.3800253640625 0.2525949140625 0.3116043125 0.24872866562499998 0.30779961875 0.2478578890625 0.30779961875 0.2462208296875 0.3135066578125 0.24726576093750002 0.324540265625 0.25893416875 0.397717184375 0.2575060953125 0.4048192765625
3 0.298293278125 0.31788205468749997 0.295820271875 0.32194039375 0.29508881875 0.3277742546875 0.29707419062499996 0.350665821875 0.3007662828125 0.3748890296875 0.3002786484375 0.3883956875 0.2973180078125 0.3933417875 0.29386973125 0.3933417875 0.2901776390625 0.391502853125 0.2891675375 0.3879518078125 0.286206896875 0.345275840625 0.28324625625 0.3322130625 0.281295715625 0.3304375390625 0.278335075 0.3304375390625 0.274120515625 0.3353836390625 0.27265761093749996 0.3435003171875 0.2785788921875 0.41800887812500004 0.28202716875 0.4454026640625 0.2845001734375 0.449017121875 0.2881922671875 0.44946100156249996 0.2960989203125 0.44451490156249995 0.298049459375 0.43912492031249994 0.3049808421875 0.443183259375 0.3121212125 0.438681040625 0.3135841171875 0.43373493906249994 0.316300940625 0.433291059375 0.3195053984375 0.42435003125000004 0.31853012812500003 0.4099556125 0.3037965859375 0.3225745078125 0.3027516546875 0.318769815625 0.3007662828125 0.3165504125 0.298293278125 0.31788205468749997
2 0.33194009062499996 0.29632213125 0.3286659703125 0.2968294234375 0.32452107343750003 0.29790741875000004 0.3195053984375 0.3017121109375 0.31623127812499996 0.31033608125 0.31595262968750004 0.318389346875 0.3195053984375 0.40570703906250005 0.320968303125 0.4224476859375 0.32542668125 0.42834495937500006 0.330755834375 0.4289156625 0.337861371875 0.424603678125 0.3414141421875 0.42029169375000003 0.3497039359375 0.413823715625 0.3505747125 0.40843373437499997 0.3485196796875 0.3814838296875 0.3376523859375 0.3112238421875 0.3369557640625 0.3065313890625 0.33490073124999997 0.29790741875000004 0.33194009062499996 0.29632213125
2 0.3617554859375 0.2937222578125 0.35754092656249997 0.297273303125 0.3538488328125 0.302663284375 0.3528735625 0.3067216234375 0.3516196453125 0.41097019687499997 0.3538488328125 0.416360178125 0.35952629687500004 0.4207989859375 0.368164403125 0.4207989859375 0.375304771875 0.4172479390625 0.3780215953125 0.40957514218749996 0.37154301562500003 0.3064679765625 0.3713688609375 0.30044388125 0.3684082203125 0.29461001875 0.3617554859375 0.2937222578125
0 0.398850575 0.28427393749999996 0.39209334687499997 0.2901078 0.3888888890625 0.29790741875000004 0.3828631140625 0.37875713437499997 0.3828631140625 0.3968294234375 0.384987809375 0.4097653765625 0.3899686515625 0.4201014578125 0.395646115625 0.423335446875 0.4020202015625 0.4240329734375 0.40734935625 0.422067215625 0.40950888125 0.41686747031250004 0.40877742968749997 0.3968294234375 0.409056078125 0.293595434375 0.40842911875 0.28687381093750003 0.4059561125 0.2830057078125 0.398850575 0.28427393749999996
1 0.433228840625 0.257831325 0.4276907 0.26093849062499996 0.4251132015625 0.2656309453125 0.4242772546875 0.2718452765625 0.4191570875 0.34946100156250004 0.416161615625 0.413887128125 0.417450365625 0.4216233359375 0.42257053281249995 0.42625237812499994 0.4400557296875 0.4247305015625 0.443469175 0.4231452125 0.4430163703125 0.40145846562500004 0.439184953125 0.3269499046875 0.43793103437500003 0.2656309453125 0.43793103437500003 0.2625237796875 0.4362243125 0.257831325 0.433228840625 0.257831325
1 0.4782654125 0.2329740015625 0.47471264375000005 0.22783766718749998 0.4700801109375 0.22650602343749998 0.4640543359375 0.22847178124999998 0.4615465 0.23107165468750002 0.45907349374999995 0.24914394374999999 0.45586903593750006 0.2814838296875 0.4466388015625 0.41864299374999997 0.44806687500000003 0.4244768546875 0.4544409609375 0.42897907343749997 0.48429118750000005 0.43221306249999997 0.488575409375 0.4302473046875 0.4853709515625 0.388205453125 0.483594565625 0.329993659375 0.48216649218749996 0.25630944843750003 0.48216649218749996 0.2511097015625 0.4810867296875 0.2426759671875 0.4782654125 0.2329740015625
1 0.541623128125 0.26322130625 0.533124346875 0.26322130625 0.528840125 0.26778693750000004 0.51926158125 0.2916930875 0.50362243125 0.377108434375 0.49366074531250004 0.4165504125 0.492267503125 0.4313887125 0.50470219375 0.43658845937499996 0.5291884359375 0.4404565625 0.53382096875 0.4391883328125 0.536293975 0.4339885859375 0.5377220484375 0.415916296875 0.542911878125 0.277869371875 0.5433995125 0.2736207984375 0.5433995125 0.26842105312500003 0.541623128125 0.26322130625
1 0.5708115640625 0.250982878125 0.5690351796875001 0.2535827515625 0.5650992687499999 0.265884590625 0.551271334375 0.335764109375 0.5388366421875 0.439885859375 0.553744340625 0.44502219375 0.5665273421875 0.44698795156250004 0.5697318 0.439885859375 0.5708115640625 0.42048192812499996 0.569383490625 0.3726062140625 0.569383490625 0.34286620156250003 0.5779171015625 0.256182625 0.5779171015625 0.2535827515625 0.575409265625 0.250982878125 0.5708115640625 0.250982878125
0 0.6155694875 0.24819277031250003 0.6096482062499999 0.2492707671875 0.60727969375 0.2535827515625 0.5965168937499999 0.28642992968750003 0.580041796875 0.361382371875 0.5717520031250001 0.4120481921875 0.5738070359375 0.430374128125 0.5809125734375 0.44280279062499994 0.592163009375 0.449778059375 0.6019505406250001 0.445466075 0.60846395 0.4346861125 0.6093347265625 0.41800887812500004 0.6063740859375 0.37812301875 0.6069662140625 0.35117311406249996 0.6108324625 0.308053265625 0.61818181875 0.25909955625 0.61821665 0.25250475625 0.6176245203125 0.249841471875 0.6155694875 0.24819277031250003
2 0.6477882265625 0.2482561828125 0.6447927546875001 0.24667089375 0.6383838390625 0.24667089375 0.6341344484375 0.2482561828125 0.62901428125 0.2575776796875 0.6268895859375 0.27698161093749996 0.6170672234375 0.3918199109375 0.6136886109375 0.4065948 0.6119818875 0.4313887125 0.6153953328124999 0.446924540625 0.6277255312500001 0.4593532015625 0.6430860328125 0.45859226406250003 0.64691745 0.45003170625 0.6486241734375 0.4205453390625 0.6521769421875 0.263474953125 0.652455590625 0.2575776796875 0.6520376171875 0.252885225 0.6477882265625 0.2482561828125
2 0.68683385625 0.261762840625 0.6797283171874999 0.261128725 0.675444096875 0.26239695625000004 0.6733194015625 0.2649968296875 0.66976663125 0.27406467968750003 0.6502264015625 0.40082435 0.6473702546875 0.43703234062499996 0.648798328125 0.449334178125 0.6520027859375 0.461001903125 0.664437478125 0.47133798281250006 0.676523859375 0.47393785624999996 0.6857540921874999 0.465504121875 0.6882270984375001 0.4371591625 0.6901428078125 0.2743817375 0.6900034828125 0.26823081875 0.688610240625 0.2637285984375 0.68683385625 0.261762840625
3 0.7835249046875 0.3289156625 0.7808777421875 0.3305643625 0.7785092296875 0.3337983515625 0.7725879484375 0.368801521875 0.7687217000000001 0.407609384375 0.767572275 0.4131261890625 0.7654824109375 0.4162333546875 0.759561128125 0.4162333546875 0.7566004875 0.4151553578125 0.75541623125 0.4097653765625 0.7642981546875001 0.3429296125 0.763392546875 0.33430564375 0.7610240328125 0.329993659375 0.758376871875 0.329993659375 0.754824103125 0.3310716546875 0.7518634625 0.33430564375 0.7370602578125001 0.41946734374999994 0.732009753125 0.4550412171875 0.73260188125 0.46905516875000003 0.7346917453125 0.4776791375 0.746534309375 0.4863031078125 0.754824103125 0.48471781875 0.766945315625 0.48845910000000003 0.77464298125 0.4852251109375 0.7779171015624999 0.4776791375 0.7814698718749999 0.443183259375 0.7876698015625 0.341344325 0.7882619296875 0.3305643625 0.7864855453125 0.3289156625 0.7835249046875 0.3289156625
3 0.6989202375 0.479518071875 0.7068617203125 0.47983512968750003 0.710101009375 0.4782498421875 0.7211076281250001 0.4863031078125 0.7322884015625 0.483513 0.7345175890625 0.47799619531250004 0.73618948125 0.414711478125 0.733159178125 0.4011414078125 0.726018809375 0.395244134375 0.714002090625 0.3875713375 0.7075583421875 0.3863031078125 0.6966910484375 0.3924540265625 0.69042145625 0.4094483203125 0.68805294375 0.44311984843749996 0.6885754093750001 0.46651870625 0.6887495640625 0.4677869375 0.6929641234374999 0.47393785624999996 0.6989202375 0.479518071875