4 0.246534309375 0.34590995625 0.24409613437500002 0.3481927703125 0.2435736671875 0.3544705140625 0.24531522187500002 0.363411540625 0.264576803125 0.389917565625 0.2815743640625 0.433925175 0.28899338281250003 0.44831959374999997 0.29244165781250003 0.4519340515625 0.296865203125 0.451046290625 0.2995820265625 0.446100190625 0.30355276875000003 0.433925175 0.3072448625 0.433925175 0.3104493203125 0.429930246875 0.317345871875 0.4128725421875 0.3250087078125 0.4137603046875 0.32675026093750004 0.405199746875 0.32748171406250004 0.3975903609375 0.32476489062499997 0.3908053265625 0.3195750609375 0.3827520609375 0.31438523125 0.3728598609375 0.2761407171875 0.33018389375 0.26579589062500003 0.317184528125 0.254684778125 0.3072923265625 0.2598746078125 0.3239061515625 0.2781260890625 0.363855421875 0.27986764218750004 0.37019657499999997 0.2781260890625 0.3728598609375 0.2755137578125 0.372479390625 0.273946359375 0.37019657499999997 0.263322884375 0.35491439375 0.25593869687500004 0.3486366515625 0.2485196796875 0.345466075 0.246534309375 0.34590995625
2 0.3937304078125 0.2864933421875 0.3855799375 0.29296131875000003 0.380250784375 0.31369689218749996 0.380250784375 0.38934686093750004 0.3773946359375 0.43272035468750003 0.3791710203125 0.4384908046875 0.3916057125 0.4527584015625 0.3972831765625 0.45599239062499997 0.406548240625 0.451426759375 0.4086729359375 0.44305643593750005 0.4086729359375 0.43982244843749996 0.40794148437500005 0.4223208625 0.4015673984375 0.347305009375 0.39871124999999996 0.289093215625 0.3937304078125 0.2864933421875
2 0.43183559687499995 0.2878883953125 0.4237199578125 0.32358909375 0.4164750953125 0.377932784375 0.4071055375 0.42523779375000004 0.4032741203125 0.44774889062499995 0.4045280390625 0.454724159375 0.4075235109375 0.46487000624999997 0.4122257046875 0.4687381109375 0.4280738421875 0.46569435625000005 0.430128875 0.46328471718750003 0.43183559687499995 0.45396322187499993 0.4305468484375 0.435320228125 0.4347265765625 0.3149017125 0.43183559687499995 0.2878883953125
0 0.45099268593749997 0.2933417875 0.44834552343749995 0.2916930875 0.44538488281250005 0.29384908125 0.443887146875 0.30462904218750003 0.442702890625 0.3752694984375 0.4365029609375 0.4561192140625 0.439150121875 0.46258719062500003 0.44538488281250005 0.47064045625000006 0.4521769421875 0.47660114218749994 0.4551375828125 0.477108434375 0.4586903515625 0.4755231453125 0.45900383125 0.473367153125 0.4580982234375 0.3994927078125 0.4554510625 0.31109702031249997 0.4533611984375 0.2976537734375 0.45099268593749997 0.2933417875
1 0.46934865937500003 0.329993659375 0.4684778828125 0.33265694375 0.4649251125 0.43075459687500006 0.4625566 0.471718453125 0.46374085625 0.4738744453125 0.46638801875 0.47603043749999996 0.46966213906250004 0.477108434375 0.474085684375 0.4776791375 0.480006965625 0.47495244062499997 0.4809125734375 0.47279644843749996 0.4809125734375 0.4615091953125 0.47380703593750007 0.333227646875 0.47143852343750003 0.32834495937499997 0.46934865937500003 0.329993659375
1 0.490386625 0.32352568125 0.4882967609375 0.3251109703125 0.4859282484375 0.3429296125 0.48279345156250003 0.46924540312499996 0.4949146640625 0.46924540312499996 0.5001393249999999 0.4684844640625 0.5001393249999999 0.451236525 0.49421804218750004 0.3429296125 0.4930337859375 0.3256816734375 0.490386625 0.32352568125
1 0.5141762453125 0.3600507296875 0.5124695234375001 0.3528218140625 0.5102403343749999 0.348763475 0.5082549640625 0.3478757140625 0.5067920578125 0.34831959375 0.501846046875 0.4575142671875 0.5026123296875 0.46512365312500004 0.5043190531249999 0.46734305625 0.5058167890624999 0.466899175 0.5102403343749999 0.46246036718749994 0.5136886109375001 0.46423589062500004 0.518634621875 0.469181990625 0.5141762453125 0.3600507296875
1 0.5316962734375 0.320481928125 0.524799721875 0.3420418515625 0.5230581671875 0.3743817375 0.5208638109375 0.47095751406249997 0.526541275 0.47140139531249997 0.534413096875 0.46816740625 0.5373737375000001 0.46734305625 0.5408220125 0.46601141406249996 0.5381400203125 0.43012048125 0.5339254609374999 0.3519340515625 0.5316962734375 0.320481928125
0 0.5576802515625 0.30760938437499996 0.554231975 0.2905516796875 0.548798328125 0.2783766640625 0.5428770468749999 0.41179454687500006 0.545106234375 0.4665821171875 0.5468477875 0.46753329062500004 0.5485545109375 0.4665821171875 0.56025775 0.45662650625 0.563357715625 0.45313887187499996 0.5640891671875 0.4490805328125 0.5640891671875 0.4396322125 0.5628700796875 0.39606848437500003 0.5576802515625 0.30760938437499996
2 0.5769418328125 0.2916296765625 0.5717520031250001 0.30418516093750003 0.5675722750000001 0.33291058906250004 0.5670846390625 0.39042485781249997 0.5648554515625 0.430374128125 0.5650992687499999 0.438046925 0.5663531875000001 0.44343690625 0.5698014625 0.44838300625 0.5732497390625 0.451490171875 0.580633925 0.4551046296875 0.590978753125 0.4436905515625 0.593974225 0.43982244843749996 0.594705678125 0.43671528281249994 0.594461859375 0.42904248593750005 0.5907697671875 0.3917565 0.5769418328125 0.2916296765625
2 0.6098920234375 0.2777425484375 0.6081156390625 0.27939124843749996 0.6036572625 0.29175650000000003 0.5992337171875 0.33164235937500003 0.5950888187500001 0.37641090625 0.58798328125 0.427076728125 0.589759665625 0.4329740015625 0.596273075 0.43677869375 0.603065134375 0.4454026640625 0.606025775 0.4454026640625 0.6195402296875 0.43652504687500004 0.6220132359375 0.43405199687499996 0.6231974921875 0.4281547234375 0.6140369203125 0.2826252375 0.6116684078125 0.2777425484375 0.6098920234375 0.2777425484375
3 0.676523859375 0.3157260625 0.6528387328125 0.3728598609375 0.6478230578125 0.3901078 0.647509578125 0.40304375468750003 0.6510623468750001 0.40843373437499997 0.6569836296875 0.40843373437499997 0.659665621875 0.4073557390625 0.6626262625 0.4116677234375 0.6732845703125 0.4224476859375 0.6800766281249999 0.4213696890625 0.6871821671875 0.4278376671875 0.6936955765625 0.4278376671875 0.6996168578125 0.4170577046875 0.7058516203125 0.3879518078125 0.7141414140625 0.3540266328125 0.7298153953125001 0.29632213125 0.727168234375 0.2930881421875 0.7230233375 0.2930881421875 0.7153256703124999 0.29955611875 0.6990247296875001 0.3286620171875 0.6925113203125 0.334051996875 0.6888540578125 0.335700696875 0.684221525 0.337856690625 0.7046673640625001 0.2753329109375 0.7019853703125001 0.27260621406249996 0.6942877046875 0.27964489531250003 0.676523859375 0.3157260625
3 0.7257401609375 0.5840202921875 0.7251480328125 0.5689283453125 0.71922675 0.51445783125 0.723371646875 0.48592263750000003 0.7230581671875 0.4697526953125 0.721003134375 0.4589727328125 0.7135841171874999 0.4487000640625 0.7070707078125 0.447114775 0.7002786484375 0.44172479375 0.6967258796875 0.44064679843750004 0.686067571875 0.4481927703125 0.6792406828125 0.45085605624999997 0.67836990625 0.4589727328125 0.6756879140625001 0.46328471718750003 0.6748171375 0.47133798281250006 0.6857540921874999 0.524159796875 0.6898989906249999 0.5618896640625 0.6961337515625 0.5834495875 0.7014629046875 0.5958782499999999 0.70588645 0.5963855421875001 0.7073841859375001 0.59422955 0.7088470921875001 0.587761571875 0.7067920578125 0.5786303109375 0.69996516875 0.5603043750000001 0.6990943921875 0.55168040625 0.7002786484375 0.5430564359375001 0.7026471609375 0.53925174375 0.706478578125 0.540329740625 0.71330546875 0.5559923906249999 0.7190525953125 0.57977171875 0.719818878125 0.5829422953125001 0.7218739109375 0.5883322765625 0.7236502953125 0.58883956875 0.724834553125 0.5883322765625 0.7257401609375 0.5840202921875
3 0.681435040625 0.498541534375 0.6731452453125 0.498541534375 0.6654475796875 0.5006975265625 0.6603970734375 0.557831325 0.661964471875 0.567723525 0.6630790671875 0.5713379828125 0.6648554515625 0.569181990625 0.6672239640625001 0.56322130625 0.6761058859375 0.5282181359375 0.681435040625 0.498541534375
2 0.647056775 0.60951173125 0.642633228125 0.575015853125 0.6373040750000001 0.5065948 0.6373040750000001 0.47476220625 0.63375130625 0.46937222500000003 0.6085684437500001 0.4672162328125 0.602960640625 0.47209892187499997 0.600592128125 0.48554216875 0.602960640625 0.500634115625 0.607976315625 0.52111604375 0.6358063390625001 0.6136968921875 0.6383838390625 0.6181357000000001 0.6423197484375 0.62029169375 0.645280390625 0.6181357000000001 0.647056775 0.6143944203125 0.647056775 0.60951173125
2 0.6146638796875 0.6222574515625 0.613932428125 0.604311984375 0.60849878125 0.5436271406250001 0.6082549640625 0.48617628437500005 0.606025775 0.4798985421875 0.60111459375 0.47761572656249995 0.5956809468750001 0.48211794531249996 0.5865552078125 0.4785034875 0.5803901078125 0.47894736875 0.5759317312500001 0.48706404531249997 0.5747126437500001 0.501014584375 0.5747126437500001 0.5216233359375 0.5803901078125 0.545466075 0.5890282124999999 0.5710843375 0.6033089515625 0.6272035515625001 0.604319053125 0.6294229546875 0.607767328125 0.630818009375 0.6117032390625 0.6294229546875 0.613200975 0.6272035515625001 0.6146638796875 0.6222574515625
0 0.582584465625 0.6656309453125 0.583594565625 0.6620798984375 0.58310693125 0.6517438171875 0.583594565625 0.596448953125 0.582584465625 0.5470513640625 0.580633925 0.50038046875 0.576419365625 0.49048826874999996 0.5727272734375 0.48820545312499997 0.5660745390625 0.493595434375 0.553500521875 0.5066582125 0.5527342390625 0.5209892203125001 0.5569487984375 0.547939125 0.563357715625 0.5982878890625 0.572169975 0.6463538359375 0.5742946703125 0.6575776796875 0.5759317312500001 0.6625237796875 0.5784047375 0.6656309453125 0.5808777421875 0.6670259984375 0.582584465625 0.6656309453125
1 0.5520724484375 0.6033608109374999 0.5517938 0.54838300625 0.55060954375 0.5209258078125 0.5479275515625 0.508497146875 0.54350400625 0.49613189531249996 0.5369905953125 0.49556119218749994 0.53016370625 0.4998731765625 0.5292929296875 0.5106531390625 0.5337164750000001 0.5462270140625 0.5343086031250001 0.593151553125 0.5378613718749999 0.610906784375 0.5425287359375 0.629930246875 0.5443747828125 0.6346227015625 0.5455590390625 0.63677869375 0.5497039359375 0.637349396875 0.5514803203125 0.629803425 0.5520724484375 0.6033608109374999
1 0.5238941140625 0.6500951171875 0.524625565625 0.646036778125 0.5263322890625 0.5185161703125 0.525844653125 0.5103994921874999 0.5243817484375 0.5058972734375 0.5201671890624999 0.50412175 0.5021595265625 0.5023462265624999 0.5002089859375001 0.5054533921875 0.49871125000000005 0.511731134375 0.499442703125 0.548573240625 0.5051201671875 0.6056436265625 0.511529084375 0.646480659375 0.51205155 0.648763475 0.514002090625 0.65326569375 0.5172065484374999 0.6550412171875 0.519923371875 0.6550412171875 0.5238941140625 0.6500951171875
1 0.4797283171875 0.6400126828125 0.48220132343750005 0.6341788203125 0.48463949843750004 0.617564996875 0.4903169625 0.5106531390625 0.48934169218749995 0.5030437546875001 0.4871125046875 0.5017121109375 0.46959247656249997 0.5066582125 0.46638801875 0.508433734375 0.4649251125 0.5151553578125 0.4636711953125 0.58928345 0.4646812953125 0.6449587828125 0.46516893125000003 0.6467977171875 0.46788575468750004 0.6494610015625 0.470602578125 0.6494610015625 0.4725531171875 0.648129359375 0.4797283171875 0.6400126828125
1 0.45475444062500003 0.6497146484375 0.45771508125000004 0.5688649328125 0.46185997968750003 0.520862396875 0.46185997968750003 0.5095751421875 0.4485545109375 0.503107165625 0.44528039062499997 0.5046924546875 0.44054336406249994 0.52358909375 0.4393591078125 0.5602409640625 0.4423197484375 0.6065948 0.4461511671875 0.6509194671875 0.4467781265625 0.6556119218750001 0.44914663906249996 0.658845909375 0.451201671875 0.658845909375 0.4532915359375 0.656182625 0.45475444062500003 0.6497146484375
0 0.424834553125 0.605136334375 0.43873214843749997 0.5264426125 0.43845349999999994 0.5162333546875 0.4266109375 0.4968294234375 0.419784046875 0.491946734375 0.41476837343749995 0.49302473124999996 0.4123998609375 0.49949270781250005 0.4106234765625 0.5124286625 0.41121560468749996 0.537222575 0.40853361250000003 0.5889663921875 0.41090212499999995 0.6358909328125 0.41208638124999997 0.638046925 0.4153605015625 0.638046925 0.4165447578125 0.636398225 0.41919191875 0.628344959375 0.424834553125 0.605136334375
2 0.365621734375 0.612618896875 0.36774642968750004 0.6055168046875 0.37823058125000003 0.5472415984375 0.385510275 0.493595434375 0.38481365312500004 0.4806594796875 0.38195750624999997 0.4755231453125 0.3745036578125 0.47095751406249997 0.3684778828125 0.47095751406249997 0.3588645078125 0.4755231453125 0.356043190625 0.47805960625 0.3546151171875 0.4903614453125 0.354789271875 0.5042485734375 0.35921281718750003 0.5511731140625 0.36036224375 0.5993024734375 0.36029258125 0.6061509187499999 0.3599442703125 0.612618896875 0.3606408921875 0.6158528859375 0.3627655875 0.6158528859375 0.365621734375 0.612618896875
3 0.3142110765625 0.5261889656250001 0.30532915312500003 0.5374762203125 0.2990943921875 0.5439441984375 0.304144896875 0.5094483203125 0.304144896875 0.503551046875 0.3008707765625 0.492771084375 0.2943573671875 0.481991121875 0.2911180765625 0.47983512968750003 0.2887495640625 0.480342421875 0.28784395625000003 0.4906150921875 0.28784395625000003 0.528344959375 0.2908045984375 0.553138871875 0.2931731109375 0.5590361453125 0.2973180078125 0.5617628406249999 0.301776384375 0.5617628406249999 0.30679205781249996 0.560114140625 0.309160571875 0.55745085625 0.3147683734375 0.5441344328125 0.3178683390625 0.5384908046875 0.3192964125 0.534749525 0.32072448593749997 0.5277742546875 0.319818878125 0.522954978125 0.3142110765625 0.5261889656250001
3 0.75409265 0.3376664546875 0.7479623828124999 0.3499048828125 0.73963775625 0.3691185796875 0.7390107968749999 0.3691185796875 0.73740856875 0.363601775 0.74106583125 0.347305009375 0.751236503125 0.3406467984375 0.7585510281250001 0.3287888390625 0.7553117375 0.3143310078125 0.7483803546875001 0.3128725421875 0.7353535359375 0.326188965625 0.703030303125 0.389854153125 0.698328109375 0.41097019687499997 0.6989550671875 0.4224476859375 0.7203065140625 0.43582752031250005 0.7357715078125 0.44730500937500006 0.74207593125 0.44248573281250003 0.74573319375 0.432847178125 0.7485893421875 0.4091312625 0.7538836640625 0.3821179453125 0.754684778125 0.3809765375 0.764437478125 0.35732403281249997 0.7636363640625 0.33950539062499996 0.7601880875 0.33100824375000004 0.75409265 0.3376664546875