3 0.7423545796875 0.64337349375 0.7611981890624999 0.6624603671875 0.7522117734375 0.625428028125 0.7324973875 0.5699429296875 0.7321839078125 0.5394419781249999 0.7300940437500001 0.5062777421875 0.728282828125 0.501902346875 0.6792755140625 0.51116043125 0.68077325 0.5345592890625 0.690943921875 0.5672162328125 0.6966213859375 0.5933417875 0.7043887140625 0.623779328125 0.7154301640625 0.6521242859374999 0.7261929640625 0.671718453125 0.7276906999999999 0.6694990484375001 0.7250087078125 0.6499048828125 0.715151515625 0.6085605578125 0.7112504359375 0.5878883953125 0.7109717875 0.582435003125 0.7118425640625 0.5797083062499999 0.7130616515625 0.57805960625 0.7142459078125001 0.57805960625 0.71574364375 0.5805326562500001 0.7166492515625 0.584083703125 0.7297805640624999 0.6161699421875 0.7423545796875 0.64337349375
3 0.635492859375 0.5201014578125001 0.6396725875 0.560938490625 0.6513409968749999 0.650158528125 0.6546151171875 0.657260621875 0.6582027171875 0.6583386171875001 0.6611981890624999 0.653963221875 0.6623824453125 0.648573240625 0.660884709375 0.6267596703125 0.6576105890624999 0.598985415625 0.6576105890624999 0.5925174375 0.658516196875 0.5902980343750001 0.660884709375 0.5897907421874999 0.664472309375 0.59302473125 0.6686868687499999 0.603931515625 0.671647509375 0.6322130625 0.6755485890624999 0.6458465437500001 0.6818181812499999 0.6523779328125 0.6872169968749999 0.6507292328125 0.688087775 0.64090044375 0.6731452453125 0.514648065625 0.670463253125 0.5102726703125 0.6623824453125 0.5097653765625 0.6552072453125 0.516296765625 0.6387669796875 0.5157260625 0.6372692437499999 0.5152187703125 0.6360849875000001 0.516296765625 0.635492859375 0.5201014578125001
2 0.600522465625 0.516296765625 0.6002089859375 0.5304375390625 0.6106583078125001 0.59302473125 0.61696273125 0.6724793906250001 0.6196447234375 0.688268865625 0.6229188437500001 0.694800253125 0.625914315625 0.6937222578125 0.6274120515625 0.691566265625 0.6289097875 0.681230184375 0.6277255312500001 0.6207989859375 0.630721003125 0.600634115625 0.629501915625 0.5897907421874999 0.6304075234375001 0.571274571875 0.6309996515625 0.5168040578124999 0.6283176593750001 0.5152187703125 0.6196447234375 0.50538998125 0.610379659375 0.504311984375 0.6088819234375 0.5048826890625 0.6026123296875 0.5097653765625 0.600522465625 0.516296765625
2 0.5691048421875 0.528281546875 0.573005921875 0.5418516171875 0.577777778125 0.5647431828125 0.5834552421875 0.6284083703125 0.5876698015625 0.684464171875 0.5933472656250001 0.665948003125 0.59989550625 0.6164235890625 0.6020202015625 0.54838300625 0.6008011140625 0.5141407734375 0.5978056421875 0.50868738125 0.594531521875 0.5048826890625 0.581365378125 0.5048826890625 0.5756879140625 0.517945465625 0.571821665625 0.5201014578125001 0.5703239296875 0.5206721625 0.5691048421875 0.523335446875 0.5691048421875 0.528281546875
0 0.545210728125 0.5201014578125001 0.546394984375 0.54838300625 0.545210728125 0.571274571875 0.5514803203125 0.674128090625 0.559561128125 0.652885225 0.564332984375 0.6240329734375 0.5664228484375 0.58598605 0.5715081859375 0.5451490171875 0.5721003140625001 0.517945465625 0.5703239296875 0.5124920734375 0.5679205859375 0.5097653765625 0.5505747125 0.5032339890624999 0.5490769765625 0.502663284375 0.5469871125 0.5064679765625 0.545210728125 0.5201014578125001
1 0.5201323578125 0.5095751421875 0.519888540625 0.5354470515624999 0.5208986421875 0.566708940625 0.518634621875 0.6188966390624999 0.5179031703125 0.6583386171875001 0.5243817484375 0.646100190625 0.5388366421875 0.5685478749999999 0.5388366421875 0.5549143937500001 0.5430512015625 0.515472415625 0.542807384375 0.5055168046875 0.5405781953125001 0.5027901078125 0.5243817484375 0.5005072921875 0.5226401953125 0.5005072921875 0.5208986421875 0.5032339890624999 0.5201323578125 0.5095751421875
1 0.4984674328125 0.5925808499999999 0.49797979843749995 0.6166138234375 0.504214559375 0.6147748890625 0.5069313828124999 0.608877615625 0.5091954015625 0.5953075453125 0.5149076984375001 0.543563728125 0.51689306875 0.50412175 0.5126785093749999 0.5005072921875 0.49996516875 0.49733671562500004 0.49871125000000005 0.496892834375 0.49696969687500003 0.496892834375 0.4984674328125 0.5925808499999999
1 0.47506095468750004 0.54996829375 0.471821665625 0.56987951875 0.47356321875 0.5812301843750001 0.4712991984375 0.6351934046875 0.473040753125 0.6397590359375 0.478787878125 0.6424857328125 0.48178335 0.6393151546875 0.4840125390625 0.6324667093749999 0.493486590625 0.5467977171875 0.49623824375 0.5005072921875 0.49623824375 0.49733671562500004 0.49522814375 0.49549778125 0.4835249046875 0.49384908125000004 0.478787878125 0.49327837656250006 0.47628004218750003 0.4928979078125 0.47506095468750004 0.54996829375
1 0.453639846875 0.49524413437500003 0.4521421109375 0.5180722890625 0.45245559062499996 0.624223209375 0.4557297109375 0.6432466703124999 0.4605015671875 0.6487000640625 0.46381051875 0.630754596875 0.46499477499999997 0.5774254921875001 0.4694879828125 0.548573240625 0.469174503125 0.5409638546875 0.471577846875 0.52517438125 0.47457331875 0.493595434375 0.45862068906250003 0.49258084999999996 0.4569139671875 0.4925174375 0.4554510625 0.4925174375 0.453639846875 0.49524413437500003
0 0.42079414843749996 0.636525046875 0.4347614078125 0.641090678125 0.43601532499999995 0.6392517437499999 0.44172762031249996 0.5567533296875 0.44447927500000006 0.5512999359374999 0.43974225 0.524540265625 0.43974225 0.5054533921875 0.43873214843749997 0.50412175 0.4345175890625 0.5054533921875 0.43075583437500004 0.5100190234374999 0.42678509218749994 0.5195307546875 0.4236851265625 0.5355104625 0.42277951874999997 0.5412809125 0.4200626953125 0.56899175625 0.42079414843749996 0.636525046875
2 0.3887495640625 0.518389346875 0.3833855796875 0.5150919468749999 0.3714385234375 0.5150919468749999 0.3663531875 0.5205453390625 0.3582723796875 0.55161699375 0.35586903593749997 0.618008878125 0.357088121875 0.6457197203125 0.3624521078125 0.6544705140625 0.36544757968749997 0.6533925171875 0.3687217 0.645212428125 0.3827934515625 0.573367153125 0.390874259375 0.5401395046874999 0.3900383140625 0.526632846875 0.389655171875 0.5221940390625 0.389655171875 0.5205453390625 0.3887495640625 0.518389346875
3 0.23016370625000002 0.334939759375 0.22897945000000003 0.3376664546875 0.22838732187500002 0.34147114843750004 0.22866597031250002 0.3507292328125 0.23016370625000002 0.3653772984375 0.2364332984375 0.40570703906250005 0.24123998593749998 0.429105896875 0.23615465000000002 0.47970830624999994 0.23824451406249997 0.4856689921875 0.2418321140625 0.4916930875 0.247509578125 0.49327837656250006 0.2555903859375 0.49327837656250006 0.2642633234375 0.4916930875 0.27352838749999997 0.4867469875 0.2768025078125 0.48186429999999997 0.278892371875 0.47482561875 0.2771159875 0.4595434375 0.2663531875 0.4072923265625 0.25409265 0.3294863671875 0.2531870421875 0.3289156625 0.24869383437499998 0.3305643625 0.24482758593749998 0.3370957515625 0.2436084984375 0.3431198484375 0.24991292187499997 0.38554216874999997 0.24810170625 0.405136334375 0.24273772187499998 0.3876981609375 0.23524904218749998 0.338173746875 0.23465691406250003 0.33658845937500004 0.23375130624999998 0.334939759375 0.23016370625000002 0.334939759375
3 0.31145942187500003 0.34007609375 0.307871821875 0.34007609375 0.30487635 0.34331008281250003 0.303099965625 0.3471781859375 0.30341344531250003 0.368357640625 0.3051898296875 0.38306911875 0.30487635 0.39720989218749997 0.30369209375 0.405960684375 0.3016022296875 0.4102726703125 0.2986067578125 0.41192137031250003 0.297109021875 0.40754597343750004 0.2905259484375 0.3449587828125 0.2875653078125 0.34331008281250003 0.28425635625 0.34388078593750004 0.2815743640625 0.3466074828125 0.2791710203125 0.353709575 0.2821664921875 0.45599239062499997 0.28547544375 0.48972732968750005 0.2887495640625 0.491946734375 0.30369209375 0.4908053265625 0.3153605015625 0.48864933437499997 0.3267154296875 0.4892200375 0.334204109375 0.48268864999999994 0.334204109375 0.47888395624999996 0.3194705671875 0.37476220625 0.3160222921875 0.3499048828125 0.3141762453125 0.34172479375 0.31145942187500003 0.34007609375
2 0.3383141765625 0.31934052031250004 0.33685127187499997 0.318769815625 0.3341344484375 0.3209892203125 0.3383141765625 0.41946734374999994 0.3377220484375 0.485351934375 0.3467084640625 0.48801521875000003 0.3577499125 0.485351934375 0.3634273765625 0.4788205453125 0.3688261921875 0.46626506093750003 0.365517240625 0.44559289843750005 0.3613375125 0.4325301203125 0.3562521765625 0.404755865625 0.3517938 0.3688649328125 0.34569836249999997 0.3393151546875 0.3437129921875 0.33240329687500003 0.3413444796875 0.3254914390625 0.3383141765625 0.31934052031250004
2 0.367990246875 0.2809131265625 0.3654824109375 0.2809131265625 0.3636711953125 0.283513 0.36259143125 0.290741915625 0.3622431203125 0.31946734375 0.36617903125 0.39587825 0.36976663125 0.43899809687499997 0.371577846875 0.4742549140625 0.38662486875 0.4794546609375 0.39526297499999996 0.47685478750000004 0.401706721875 0.46899175625 0.40494601250000006 0.45396322187499993 0.3999303375 0.42003804687499996 0.392023684375 0.3808497140625 0.38662486875 0.34426125625 0.38091257343749996 0.3175015859375 0.376523859375 0.305580215625 0.37464298125 0.2984781234375 0.3723093 0.2900443875 0.367990246875 0.2809131265625
0 0.40679205781250005 0.2844007609375 0.402925809375 0.28497146406249996 0.39933820937500003 0.2887761578125 0.39724834531250003 0.2969562453125 0.40261232968750005 0.4063411546875 0.40261232968750005 0.4525681671875 0.4071055375 0.4656309453125 0.412504353125 0.470006340625 0.41609195468750004 0.4705770453125 0.423545803125 0.4656309453125 0.43281086718750006 0.4569435640625 0.43549285937500004 0.444451490625 0.43253221875000003 0.4275840203125 0.4256356671875 0.39980976562500004 0.42176941875 0.37038681093750003 0.41368861093750003 0.325808496875 0.4097527 0.2943563734375 0.40891675312500003 0.286620165625 0.40828979375 0.28497146406249996 0.40679205781250005 0.2844007609375
1 0.44176245156249994 0.3055168046875 0.43845349999999994 0.3098287890625 0.43758272343750004 0.3131261890625 0.43545802812499995 0.4149017125 0.43577150781249996 0.44698795156250004 0.43817485156249997 0.46005072968749994 0.441448971875 0.46493341718750003 0.44834552343749995 0.465504121875 0.45938697343749996 0.4633481296875 0.45970045312499996 0.45079264375 0.4557993734375 0.41433100781250004 0.4484500171875 0.325808496875 0.44803204531249996 0.31693088125 0.44444444375 0.3065948 0.44176245156249994 0.3055168046875
1 0.48181818125 0.28636651875 0.4793451765625 0.28636651875 0.47558342031249995 0.288649334375 0.47234413125 0.2922637921875 0.470358759375 0.30044388125 0.4666318359375 0.330818009375 0.464367815625 0.38883956875000003 0.463148728125 0.451426759375 0.464367815625 0.465948003125 0.465621734375 0.4677869375 0.47234413125 0.47095751406249997 0.4912922328125 0.47324032968749996 0.4942877046875 0.47095751406249997 0.49554162343749997 0.46005072968749994 0.493277603125 0.395244134375 0.49003831406250004 0.358909321875 0.4859282484375 0.2969562453125 0.48582375468750005 0.2908687375 0.48456983593749997 0.288649334375 0.48181818125 0.28636651875
1 0.5328108671875 0.28966391874999997 0.529571578125 0.29422955 0.5227446875 0.3118579578125 0.506617903125 0.39346861093749996 0.5037269249999999 0.45098287812500004 0.5016022296875 0.47184527656249997 0.530651340625 0.47254280312499997 0.5335074890625 0.4705770453125 0.5353187046875 0.46404565625 0.5353187046875 0.36734305625 0.5376523859375 0.31249207343749996 0.5389063046875 0.29879518125 0.541588296875 0.280405834375 0.5328108671875 0.28966391874999997
1 0.560989203125 0.29752695 0.5574016015625001 0.30082434999999996 0.5562173453125 0.3040583390625 0.53977708125 0.4015218765625 0.5335074890625 0.45808497187499997 0.5370950890625 0.468421053125 0.5553117375000001 0.4738744453125 0.5594914656250001 0.47006975312500004 0.5622082890625 0.45649968281250003 0.5616161609375 0.42542802812499997 0.5642981546875 0.37317691875 0.5690700109375 0.33728598593750003 0.566980146875 0.3072923265625 0.56638801875 0.30247305 0.5633925468750001 0.29752695 0.560989203125 0.29752695
0 0.598223615625 0.2943563734375 0.5938697312500001 0.293595434375 0.592232671875 0.2943563734375 0.5905607796875 0.29809765312500003 0.58317659375 0.330627775 0.5799373046875 0.35326569375 0.56746778125 0.4244768546875 0.564994775 0.44172479375 0.564994775 0.46030437500000004 0.5672239640625001 0.46987951875 0.571717171875 0.477108434375 0.5746778124999999 0.477108434375 0.5856496 0.4802790109375 0.5928944625 0.47121116093750004 0.5978753046875 0.4571337984375 0.596865203125 0.43994927031250003 0.59759665625 0.398161065625 0.599373040625 0.35237793281249996 0.6019505406250001 0.3110336078125 0.6021943578125 0.30456563124999997 0.600522465625 0.2984781234375 0.598223615625 0.2943563734375
2 0.6338558 0.31255548437499997 0.63145245625 0.3087507921875 0.62758620625 0.3082435 0.621003134375 0.3103994921875 0.6183211421875 0.31363348125 0.6141414140625 0.32346227031249997 0.609056078125 0.3430564359375 0.592302334375 0.446480659375 0.5911180765624999 0.4633481296875 0.5928944625 0.47146480625000003 0.594705678125 0.475840203125 0.6063392546874999 0.47799619531250004 0.6075583421874999 0.4720355109375 0.60846395 0.4720355109375 0.6105538140625 0.4736842109375 0.6117380703124999 0.47641090625000004 0.6123301984375 0.4812935953125 0.6141414140625 0.484527584375 0.6159177984374999 0.4856689921875 0.6230929984375 0.48509828749999995 0.6323580640625 0.4802156 0.6371647515625 0.40887761562499997 0.6383838390625 0.343817375 0.63862765625 0.33595434375 0.6359456640625 0.319657578125 0.6338558 0.31255548437499997
2 0.6587251828125 0.333227646875 0.6560431906249999 0.33398858593749997 0.6552072453125 0.3355104625 0.650017415625 0.35745085625 0.64566353125 0.3982244765625 0.6419017765625 0.44927076718750003 0.637965865625 0.47006975312500004 0.6371299203125 0.479518071875 0.64587251875 0.48706404531249997 0.6580982234375 0.48934686093749996 0.6668408218749999 0.4863031078125 0.6686868687499999 0.48440076093749995 0.6699407875000001 0.4802790109375 0.67119470625 0.46854787499999995 0.6672587953125 0.41566264999999997 0.6630790671875 0.3804692453125 0.659561128125 0.3389346859375 0.6593521421874999 0.3366518703125 0.6593521421874999 0.33398858593749997 0.6587251828125 0.333227646875
3 0.7251132015625 0.33240329687500003 0.7238592828125 0.33240329687500003 0.7218739109375 0.33284717812500003 0.719366075 0.3364616359375 0.7148728671875 0.3459733671875 0.7083942875 0.3649968296875 0.7024381749999999 0.3999365890625 0.692197840625 0.4249207359375 0.6845001734375 0.448509828125 0.681260884375 0.4666455296875 0.6822361546875 0.4738744453125 0.68798328125 0.47932783749999996 0.698188784375 0.4838300578125 0.707906653125 0.4838300578125 0.7171368859375 0.48294229531250005 0.72657610625 0.47932783749999996 0.7333333328125 0.4738744453125 0.7333333328125 0.4648065953125 0.7320794140625 0.444831959375 0.7328108671875 0.416296765625 0.739045628125 0.37729866875 0.739045628125 0.35504121718750004 0.7383141765625 0.3464172484375 0.7358063390625 0.344641725 0.7345524203125 0.34508560625 0.733054684375 0.3473684203125 0.72657610625 0.38180088749999996 0.7191222578125 0.3895370953125 0.7201323578125 0.3668357640625 0.7251132015625 0.346861128125 0.725949146875 0.3391883328125 0.725844653125 0.335573875 0.725844653125 0.3337349390625 0.7251132015625 0.33240329687500003