3 0.46017755156250006 0.7588296765625 0.42847178125 0.7702194359375001 0.41293595468750005 0.7787182171875 0.41033608125 0.782654128125 0.4149017125 0.79153605 0.4213696890625 0.7929292921875 0.42587190937499997 0.7929292921875 0.4414077359375 0.789759665625 0.4782498421875 0.7755485890625 0.4834495875 0.77234413125 0.48408370312500004 0.7684430515625 0.4763474953125 0.7599094390625 0.46791376093750003 0.7581330546875 0.46017755156250006 0.7588296765625
2 0.45237793281250005 0.6817485203125 0.4239061515625 0.6835249046875 0.40843373437499997 0.6867293625 0.40450221875 0.6906304421875 0.40583386250000003 0.697004528125 0.40843373437499997 0.7016370609375 0.4135700703125 0.7034134453124999 0.4336081171875 0.70484151875 0.4511097015625 0.704110065625 0.46144578281250004 0.700557296875 0.46467977187500004 0.69630790625 0.465948003125 0.69630790625 0.46467977187500004 0.68920236875 0.4627140140625 0.6863462203124999 0.45948002499999996 0.6835249046875 0.45237793281250005 0.6817485203125
2 0.49961953125 0.625949146875 0.4517438171875 0.6376872171875 0.3818643 0.656530825 0.3773620796875 0.660780215625 0.38256182656250004 0.6678857546875 0.39226379218749996 0.6689655171875 0.43557387500000005 0.6682340640625 0.4860494609375 0.6707419015625 0.513823715625 0.67001045 0.5325935312500001 0.666805990625 0.5455294859375 0.660780215625 0.5467977171875 0.6543712984375001 0.5455294859375 0.653674678125 0.539061509375 0.6376872171875 0.5338617625000001 0.6291536046874999 0.524159796875 0.6238244515625 0.49961953125 0.625949146875
0 0.500253646875 0.5882967609375 0.48408370312500004 0.5900731453125 0.4472415984375 0.5996865203125 0.40063411562500006 0.6135144546875 0.3670259984375 0.6213514453125 0.365060240625 0.6277255312500001 0.37476220625 0.632009753125 0.4 0.6327063734375 0.485351934375 0.6263322890625 0.5157894734374999 0.62277951875 0.5202916937500001 0.619923371875 0.5222574515625 0.6152908390625 0.5222574515625 0.6142459078125 0.52352568125 0.6039359109375 0.5176918203125 0.5961337515625 0.5105897265625 0.5915012187500001 0.500253646875 0.5882967609375
1 0.48148382968750003 0.55419714375 0.44527584062500003 0.5574016015625001 0.35992390625000004 0.5794148375 0.34629042499999996 0.586172065625 0.3469879515625 0.593277603125 0.3611921375 0.5986067578125 0.381230184375 0.5979101359375 0.429105896875 0.5929292921875 0.458845909375 0.5915012187500001 0.493151553125 0.587251828125 0.50412175 0.5829676078125 0.5060875078125 0.57586206875 0.50412175 0.57586206875 0.5015218765625 0.5652037625 0.49765377343750006 0.5609543718750001 0.48928345 0.555973528125 0.48148382968750003 0.55419714375
1 0.444641725 0.5229188437500001 0.415535828125 0.5268547546875 0.3838300578125 0.535005225 0.35409004374999997 0.54709160625 0.3379201015625 0.5574016015625001 0.3327203546875 0.56273075625 0.330818009375 0.5677115984375 0.33595434375 0.5716126781249999 0.3488902984375 0.573040753125 0.3870640453125 0.5598746078125 0.429105896875 0.55311738125 0.46791376093750003 0.552420759375 0.48281547187499996 0.550644375 0.49118579531249995 0.5485196796875 0.4950539 0.5442354578125 0.493151553125 0.5311041453125 0.48858592187500005 0.5243469171874999 0.473747621875 0.522222221875 0.444641725 0.5229188437500001
1 0.3876981609375 0.48739115312500003 0.341154090625 0.49627307500000006 0.32561826250000003 0.5019853703125 0.324984146875 0.5076628359375001 0.33012048125 0.5104841515625 0.35795814843749996 0.5151166843749999 0.40063411562500006 0.51689306875 0.4433100828125 0.517589690625 0.47761572656249995 0.519366075 0.48795180781249997 0.5183211421875 0.49441978437499995 0.516196446875 0.4957514265625 0.511563915625 0.4957514265625 0.49059561093750004 0.493151553125 0.48634622031249997 0.48795180781249997 0.484918146875 0.444007609375 0.4834900734375 0.3876981609375 0.48739115312500003
1 0.4769816109375 0.44618599843749995 0.3974001265625 0.44120515468750005 0.3585922640625 0.436607453125 0.34502219375 0.435527690625 0.334051996875 0.436607453125 0.330818009375 0.44085684374999995 0.3398224484375 0.44904214531250003 0.3728598609375 0.45970045312499996 0.42847178125 0.4749564609375 0.4504755859375 0.47924068281250004 0.4769816109375 0.482062 0.48928345 0.482445140625 0.49378566875 0.482062 0.49765377343750006 0.476384534375 0.4970196578125 0.4749564609375 0.498985415625 0.46217345937500004 0.498985415625 0.4543712984375 0.4957514265625 0.45047021875000004 0.4769816109375 0.44618599843749995
0 0.49765377343750006 0.41563914999999996 0.47501585312500005 0.41316614375 0.44007609375 0.4106583078125 0.405199746875 0.4049808421875 0.3883322765625 0.40107976250000005 0.3786303109375 0.39752699375 0.36962587187499996 0.3971786828125 0.3682942296875 0.4 0.37152821875 0.40640891718749994 0.390298034375 0.420968303125 0.42650602343750005 0.43305468437499994 0.4569435640625 0.440508534375 0.48795180781249997 0.445141065625 0.500253646875 0.445141065625 0.5022194046874999 0.4437129921875 0.503487634375 0.44228491875 0.5060875078125 0.43092998906249996 0.5060875078125 0.4230929984375 0.503487634375 0.419888540625 0.49765377343750006 0.41563914999999996
3 0.43944197812499997 0.33855799375 0.340519975 0.33855799375 0.335320228125 0.340334378125 0.3327203546875 0.34566353125 0.3333544703125 0.348833159375 0.3391883328125 0.35168930625 0.3831959421875 0.3552420765625 0.444007609375 0.3555903859375 0.4517438171875 0.3538140015625 0.4530120484375 0.35203761718750004 0.454343690625 0.351340996875 0.454343690625 0.3442354578125 0.45237793281250005 0.34137931093749996 0.44914394375000005 0.3399512359375 0.43944197812499997 0.33855799375
3 0.4414077359375 0.3154649953125 0.4213696890625 0.3158133046875 0.38256182656250004 0.31758969062500003 0.3767279640625 0.31863462187499997 0.3728598609375 0.32114245937499997 0.374128090625 0.3285963078125 0.3818643 0.3310693140625 0.39226379218749996 0.3328456984375 0.4517438171875 0.3324973875 0.4575776796875 0.3303726921875 0.458845909375 0.32894461875 0.45948002499999996 0.32114245937499997 0.4562460375 0.317938 0.4511097015625 0.316161615625 0.4414077359375 0.3154649953125
3 0.43430564374999997 0.29272030625 0.4142041859375 0.29376523906249996 0.4019657578125 0.2951933125 0.3974001265625 0.298049459375 0.4 0.3111807734375 0.405199746875 0.312608846875 0.438173746875 0.3136886109375 0.44914394375000005 0.3129571578125 0.454343690625 0.311529084375 0.4569435640625 0.307976315625 0.45821179531249995 0.30727969375 0.4562460375 0.2973180078125 0.4511097015625 0.2941483796875 0.44590995624999996 0.29272030625 0.43430564374999997 0.29272030625
3 0.6793912484375 0.2220132359375 0.6696892828125 0.22911877343749998 0.6548509828125 0.2365726234375 0.6412809125 0.2444096140625 0.6360811671875 0.24510623437499998 0.634115409375 0.24332985 0.6664552953125 0.2276907 0.6845909953125 0.21598746093750001 0.6839568796875 0.2131313125 0.6768547875 0.21278300312499998 0.6677869375000001 0.21598746093750001 0.6386810406250001 0.223441309375 0.613443246875 0.22911877343749998 0.5849714640625 0.233019853125 0.5507292328125 0.23514454843750002 0.543563728125 0.23869731875000003 0.5384273937499999 0.2444096140625 0.5370957515625 0.248659003125 0.540329740625 0.25506792031250003 0.5455294859375 0.2586206890625 0.55003170625 0.26321839062499996 0.55003170625 0.2696273078125 0.5519974640624999 0.2799373046875 0.56816740625 0.28561476875 0.5811033609375 0.28561476875 0.6057070390625 0.280633925 0.638046925 0.2664228484375 0.6703868109375 0.248659003125 0.687824984375 0.23124346875000001 0.6897907421875 0.23019853750000002 0.696892834375 0.22270985781250002 0.6955611921875 0.21846046718749998 0.6904248578125001 0.2177638453125 0.6793912484375 0.2220132359375
3 0.727901078125 0.2951933125 0.7136968921875 0.293416928125 0.6916930875 0.2919888546875 0.6405833859375 0.2930686171875 0.632847178125 0.2951933125 0.6302473046875 0.296969696875 0.6289790734375 0.3048066875 0.6308814203125 0.30835945625 0.6354470515624999 0.3111807734375 0.6393151546875 0.31226053593750003 0.6942929609374999 0.312608846875 0.727901078125 0.309056078125 0.7305009515625 0.309056078125 0.733100825 0.30550330937500003 0.733100825 0.3008707765625 0.73183259375 0.2966213859375 0.727901078125 0.2951933125
2 0.6904248578125001 0.3296760703125 0.6651870640624999 0.33145245624999997 0.6270133171875 0.33214907656250003 0.5863031078125001 0.32716823437500003 0.558465440625 0.32612330156249997 0.543563728125 0.3285963078125 0.539695625 0.3310693140625 0.5351934046875 0.33855799375 0.5325935312500001 0.3502612328125 0.5338617625000001 0.355938696875 0.5410272671875 0.3580982234375 0.5720355109375 0.3587948453125 0.6457831328125 0.35168930625 0.6904248578125001 0.34350400625 0.6904248578125001 0.343887146875 0.707228915625 0.33392546093750003 0.7065948 0.3292929296875 0.702726696875 0.328247996875 0.6904248578125001 0.3296760703125
2 0.6833227640625 0.3598746078125 0.6289790734375 0.359491465625 0.5720355109375 0.3598746078125 0.5467977171875 0.3623476140625 0.5422954984375 0.3641239984375 0.5384273937499999 0.3691048421875 0.5351934046875 0.3762103796875 0.5351934046875 0.38080808125 0.539695625 0.3840125390625 0.5429296124999999 0.38934169218750003 0.5455294859375 0.3907697671875 0.5571972093750001 0.39042145625 0.5837032343749999 0.3865203765625 0.6580849718749999 0.37833507499999997 0.689093215625 0.37300592187500003 0.6897907421875 0.3726576109375 0.6987951812500001 0.3665970046875 0.6994927078125001 0.36269592500000003 0.69625871875 0.3605712296875 0.6833227640625 0.3598746078125
0 0.7025998734375001 0.3829676078125 0.6850982875 0.38613723437499997 0.655992390625 0.38934169218750003 0.59714648125 0.39042145625 0.5544705140625 0.393242771875 0.54090044375 0.3950191578125 0.5363348125 0.399303378125 0.532466709375 0.4071055375 0.53183259375 0.41316614375 0.5376664546875001 0.42344130937499996 0.5428027906249999 0.4248693828125 0.5693088140625 0.42521769374999996 0.5900443875 0.42166492499999997 0.61781864375 0.41598746093749994 0.670894103125 0.40675722812500004 0.7032339890625 0.39857192656249996 0.7058338625 0.39822361562499997 0.7155358281249999 0.3875653078125 0.7135700703125 0.3833159171875 0.710970196875 0.3822361546875 0.7025998734375001 0.3829676078125
1 0.6686746984374999 0.41811215625000003 0.6085605578125 0.4241727625 0.558084971875 0.42772553125 0.532847178125 0.43305468437499994 0.528344959375 0.43873214843749997 0.5263792015625001 0.4454893765625 0.52771084375 0.45047021875000004 0.53348129375 0.45402298906249994 0.5412809125 0.4550679203125 0.556816740625 0.454719609375 0.58719086875 0.45047021875000004 0.61566265 0.4454893765625 0.6473684203125 0.4369557640625 0.6486366515624999 0.437304075 0.6719086875 0.4280738421875 0.6783766640625 0.42061999375000003 0.6751426765625 0.4188436078125 0.6686746984374999 0.41811215625000003
1 0.6473684203125 0.4454893765625 0.625364615625 0.450087078125 0.5341788203125 0.4593521421875 0.52771084375 0.4642981546875 0.5263792015625001 0.47001045 0.5289790734375 0.4785092296875 0.53348129375 0.4802856140625 0.55161699375 0.4799373046875 0.5833227640625 0.476036225 0.613062778125 0.46962730781250006 0.6473684203125 0.458969 0.6499048828125 0.458969 0.66157260625 0.4497387671875 0.660304375 0.4454893765625 0.6551046296874999 0.44440961406249996 0.6473684203125 0.4454893765625
1 0.60786303125 0.47746429843750005 0.541915028125 0.4831417625 0.5315789468750001 0.48456983593749997 0.52771084375 0.48881922656250004 0.5257450859375 0.495924765625 0.5257450859375 0.5026819921875 0.532847178125 0.5062347609375 0.550982878125 0.506583071875 0.5859226375000001 0.5037617562500001 0.6124286624999999 0.497004528125 0.6499048828125 0.48634622031249997 0.650602409375 0.48669453125000006 0.656372859375 0.47460815 0.6551046296874999 0.47248345468749997 0.64090044375 0.47318007656249994 0.60786303125 0.47746429843750005
1 0.6470513640625 0.49770115 0.623779328125 0.5026819921875 0.5410272671875 0.512643678125 0.5358275203125 0.521142459375 0.5364616359375 0.5304075234375001 0.537793278125 0.5346569140625 0.5410272671875 0.53855799375 0.5507292328125 0.539289446875 0.5811033609375 0.5378613718749999 0.6166772359375 0.5307558343750001 0.6567533296875 0.5133403000000001 0.65745085625 0.5133403000000001 0.668421053125 0.4984326015625 0.662587190625 0.494496690625 0.65745085625 0.494496690625 0.6470513640625 0.49770115
2 0.7214331015625 0.5733890625 0.7046290421875 0.5748171375 0.6716550406249999 0.5797631484375 0.638046925 0.5840473703125 0.6263792015625 0.5868686875 0.6251109703125 0.5900731453125 0.62764743125 0.599303378125 0.6296131890625001 0.6021595265624999 0.632847178125 0.6039359109375 0.650982878125 0.6035876 0.6755231453125 0.600731453125 0.702726696875 0.595750609375 0.7246670890625 0.5908045984375 0.7221306281250001 0.5908045984375 0.7285986046875 0.589724834375 0.7311350671875 0.5854754437499999 0.7285986046875 0.5737373734375 0.7214331015625 0.5733890625
2 0.7094483203124999 0.6085684437500001 0.6499048828125 0.6177986765625 0.642168675 0.6220480671875 0.6402029171875 0.6238244515625 0.64343690625 0.6337861375 0.64667089375 0.636607453125 0.65250475625 0.6376872171875 0.6641724796874999 0.6376872171875 0.6835764109375 0.6355625218750001 0.7133164234375 0.629501915625 0.7404565625 0.6220480671875 0.7476220671875 0.6181469875000001 0.7476220671875 0.6121212125 0.7430564359375 0.6064089171875 0.736588459375 0.6064089171875 0.7094483203124999 0.6085684437500001
3 0.7100824343750001 0.6696621390625 0.6732403296875 0.6707419015625 0.660304375 0.6732149078125 0.6583386171875001 0.67819575 0.6577045015625 0.6859979093749999 0.660304375 0.6898989906249999 0.6628408375 0.691675375 0.6783766640625 0.691675375 0.71071655 0.6898989906249999 0.737222575 0.687425984375 0.7385542171874999 0.6863462203124999 0.7456563093749999 0.68066875625 0.7456563093749999 0.67464298125 0.7417882046875001 0.6707419015625 0.7100824343750001 0.6696621390625
3 0.6878883953125 0.7422500875 0.6604311984375 0.7381051890625 0.6533925171875 0.739289446875 0.6496512359375 0.7446186 0.64749524375 0.75053988125 0.6496512359375 0.754684778125 0.653963221875 0.7576454203125 0.705136334375 0.7659352140625 0.7234622703125 0.7662138625 0.7251109703124999 0.7665273421875 0.731578946875 0.76266109375 0.7348129359375 0.7567398125 0.7251109703124999 0.7525949140625 0.6878883953125 0.7422500875