2 0.5951219515624999 0.6618204796875 0.6028571421875 0.708470290625 0.6071080140625 0.7270543609375 0.6139372828125 0.7403286984374999 0.6225087109375 0.7457648546875 0.6280836234375 0.7302149171875 0.6259233453124999 0.5950695328125 0.6238327531250001 0.5796460171875 0.6208362375 0.5764854609375 0.6169337984375 0.575726928125 0.6071080140625 0.5780025281250001 0.59644599375 0.5742098609374999 0.5921254359375 0.5749683937500001 0.5904529609375 0.5804045515625 0.59003484375 0.6036662453125 0.5951219515624999 0.6618204796875
2 0.5803484328125 0.698735778125 0.584181184375 0.7087231359375 0.5885017421875001 0.712642225 0.5914285718750001 0.712642225 0.5927526125 0.70948166875 0.5927526125 0.68938053125 0.590174215625 0.582300884375 0.584181184375 0.5744627046875 0.5671080140625 0.5744627046875 0.5649477359375 0.576864728125 0.5644599296874999 0.58824273125 0.5803484328125 0.698735778125
0 0.5393031359375 0.621997471875 0.5493379796875 0.6815423515625 0.552195121875 0.7048040453125 0.557839721875 0.722250315625 0.5625087109375 0.72616940625 0.5678745640625 0.722250315625 0.568222996875 0.712515803125 0.565365853125 0.6498103671875 0.5606968640625001 0.58128950625 0.5574912890625 0.5773704171875 0.5493379796875 0.5761061953125 0.538606271875 0.5806573953124999 0.53721254375 0.5838179515624999 0.5368641109375 0.5931731984375 0.5393031359375 0.621997471875
1 0.5195818812499999 0.685082175 0.521045296875 0.6967130218750001 0.5239024390625 0.706447534375 0.52919860625 0.7109987359375001 0.5317073171875 0.7097345125000001 0.5338675953124999 0.6877370421875 0.5338675953124999 0.5920353984375 0.53240418125 0.5848293296875 0.5303135890624999 0.5816687734375 0.5176306625 0.5835651078125 0.514216028125 0.5854614406249999 0.5124738671875 0.5932996203124999 0.5195818812499999 0.685082175
1 0.49247386718749997 0.5932996203124999 0.49317073125000005 0.6943109984375 0.49672473906250003 0.7001264218750001 0.50278745625 0.7026548671875 0.5063414640625 0.7001264218750001 0.5098954703125 0.67812895 0.51240418125 0.5914032875 0.510243903125 0.584323640625 0.4996515671875 0.5824273078125 0.4949128921875 0.584323640625 0.4928223 0.586219975 0.49247386718749997 0.5932996203124999
1 0.47156794375000005 0.6922882421875001 0.473031359375 0.6977244 0.47686411093750003 0.699873578125 0.4793031359375 0.6977244 0.4849477359375 0.663211125 0.49142857187500005 0.587231353125 0.4911498265625 0.5850821749999999 0.48787456406249996 0.582300884375 0.4774912890625 0.5844500625 0.47602787500000004 0.58824273125 0.473031359375 0.6044247781250001 0.47156794375000005 0.6922882421875001
1 0.4477351921875 0.6616940578125 0.4494773515625 0.6849557515625 0.4514982578125 0.6912768640625 0.45665505156249997 0.69393173125 0.45867595781250003 0.6921618203125 0.4633449484375 0.6796460171875001 0.4705226484375 0.5906447531250001 0.4692682921875 0.5857142859375 0.4648083625 0.5834386859375 0.4559581875 0.5836915296875 0.45268292656250003 0.5848293296875 0.4492682921875 0.6024020234374999 0.4477351921875 0.6616940578125
0 0.40829268281250003 0.7120101140624999 0.40829268281250003 0.7254108718750001 0.4106620203125 0.735651075 0.41212543593750006 0.7372945640624999 0.4163066203125 0.735651075 0.42104529687500003 0.7260429828125 0.4487108015625 0.5869785078125 0.440975609375 0.5826801515625 0.42822299687500004 0.5858407078125001 0.42494773593749996 0.589633375 0.42076655 0.6134007578125 0.40829268281250003 0.7120101140624999
2 0.3848083625 0.670543615625 0.3862717765625 0.6910240203125 0.388989546875 0.695828065625 0.3931010453125 0.69797724375 0.3972822296875 0.6963337546874999 0.40146341406249997 0.68824273125 0.41003484375 0.657016434375 0.421393728125 0.577749684375 0.41839721250000006 0.5750948171875 0.4056446 0.574589128125 0.3998606265625 0.5793931734375 0.3949128921875 0.5929203546874999 0.390174215625 0.620859671875 0.3848083625 0.670543615625
2 0.3599303140625 0.68128950625 0.3602787453125 0.6960809109375 0.3634843203125 0.70834386875 0.3666898953125 0.710366625 0.3720557484375 0.7097345125000001 0.3752613234375 0.7039190890625 0.3990940765625 0.5835651078125 0.3977003484375 0.5744627046875 0.3909407671875 0.5667509484375 0.37811846718750003 0.5667509484375 0.37484320625 0.5683944375000001 0.37275261249999997 0.572566371875 0.36522648125 0.6211125156249999 0.3599303140625 0.68128950625
3 0.322578396875 0.6404551203125 0.32041811875000004 0.66118836875 0.32041811875000004 0.6715549937499999 0.3261324046875 0.6748419718750001 0.3282926828125 0.6721871046875 0.33756097500000004 0.6404551203125 0.33999999999999997 0.6352718078125 0.345017421875 0.636030340625 0.3471777 0.6437420984375 0.34682926875 0.6489254109375 0.34041811875 0.6792667515625 0.3414634140625 0.6902654874999999 0.3446689890625 0.69165613125 0.3478745640625 0.689633375 0.36641115 0.6211125156249999 0.3739372828125 0.5700379265625 0.36536585312500003 0.5615676359374999 0.356794425 0.5603034140625 0.35003484375 0.5551201015625 0.3412543546875 0.5530973453125 0.3379094078125 0.5551201015625 0.3296864109375 0.5906447531250001 0.322578396875 0.6404551203125
3 0.2747038328125 0.6647281921875 0.2608362375 0.6795195953125 0.26041811875 0.684070796875 0.2647386765625 0.6879898859375 0.2843205578125 0.6743362828125 0.30355400625 0.64854614375 0.3388850171875 0.5618204796875 0.33853658593749997 0.5501896328125 0.3321254359375 0.539190896875 0.3025087109375 0.5204804046875 0.29644599375 0.5275600500000001 0.282578396875 0.589633375 0.259024390625 0.6361567640625 0.25080139375 0.6595448796875 0.2519163765625 0.663969659375 0.2600696859375 0.6672566375 0.26759581875 0.658154234375 0.29003484375 0.6161820484375 0.2947038328125 0.6103666249999999 0.298954703125 0.6087231359375 0.302160278125 0.611630846875 0.29324041875 0.6381795203125 0.2747038328125 0.6647281921875
3 0.3280836234375 0.471681415625 0.3242508703125 0.5026548671875 0.32515679375 0.509608090625 0.3276655046875 0.5150442484375 0.335818815625 0.5228824265625 0.35721254375 0.530594184375 0.3648780484375 0.530594184375 0.365783971875 0.510366625 0.3640418125 0.421997471875 0.3618815328125 0.37383059375 0.359790940625 0.36523388125 0.35637630625 0.36295828124999996 0.35163763124999997 0.3637168140625 0.347386759375 0.3699115046875 0.3464808359375 0.3753476609375 0.3400696859375 0.42351453906250003 0.3280836234375 0.471681415625
3 0.36536585312500003 0.3575221234375 0.36278745625000003 0.36447534843749996 0.3606968640625 0.38761061875 0.359790940625 0.486219975 0.36104529687500003 0.5212389374999999 0.362229965625 0.5298356515625 0.3704529609375 0.536030340625 0.38076655000000004 0.5367888749999999 0.38843205625 0.5298356515625 0.390174215625 0.5120101140625 0.38202090625 0.4405815421875 0.37560975625 0.3691529703125 0.3743554 0.36523388125 0.36919860625 0.35600505625 0.36536585312500003 0.3575221234375
2 0.3931010453125 0.37243995 0.38982578437500004 0.374589128125 0.386550521875 0.3816687734375 0.3850871078125 0.3950695328125 0.38299651562500003 0.471681415625 0.3850871078125 0.5293299625000001 0.38836236875 0.539064475 0.39637630625 0.544374209375 0.40376306562500003 0.5428571421874999 0.41240418125 0.5341340078125 0.4156794421875 0.523388115625 0.413031359375 0.47117572656249995 0.40376306562500003 0.3826801515625 0.40292682968750004 0.3795195953125 0.3996515671875 0.3730720609375 0.3931010453125 0.37243995
0 0.4144250875 0.3656131484375 0.41317073125 0.37029077187500004 0.417003484375 0.4424778765625 0.411428571875 0.5247787609375 0.41400696875 0.54336283125 0.42125435468749994 0.547281921875 0.43665505156249995 0.5456384328125 0.43881533125 0.540960809375 0.4404878046875 0.5184576484375001 0.44006968593750007 0.47888748437500006 0.43449477343750004 0.4160556265625 0.4272473875 0.37079646093749996 0.42599303125 0.36409608125 0.41742160312500004 0.36169405781249997 0.4144250875 0.3656131484375
1 0.44620209062500005 0.3890012640625 0.4433449484375 0.4045512015625 0.44125435468749996 0.5183312265625 0.4422996515625 0.5428571421874999 0.44445992968750003 0.5467762328125 0.44905923281250004 0.5494311 0.462229965625 0.54740834375 0.4633449484375 0.5415929203125 0.4618815328125 0.49241466562499997 0.45616724687500004 0.3877370421875 0.45372822343749997 0.3838179515625 0.44905923281250004 0.385082175 0.44620209062500005 0.3890012640625
1 0.48041811875 0.3859671296875 0.4747038328125 0.3865992421875 0.4704529609375 0.3911504421875 0.46689895468750003 0.40670037968750006 0.4618815328125 0.5289506953124999 0.46905923281249995 0.5522123890625 0.47721254375 0.5580278125 0.49219512187500003 0.5561314796875 0.4936585359375 0.5509481671875001 0.48843205625 0.41289507031249995 0.4871777 0.3986093546875 0.48397212500000003 0.388621996875 0.48041811875 0.3859671296875
1 0.50522648125 0.39380530937499997 0.49310104531250004 0.5185840703125 0.49414634218750003 0.5457648546875 0.4966550515625 0.5534766125 0.503414634375 0.5586599234375 0.5187456453125 0.5580278125 0.5241114984374999 0.5534766125 0.5259233453125 0.53476611875 0.52515679375 0.48685208593749996 0.516236934375 0.3697850828125 0.5151916375 0.3646017703125 0.513031359375 0.3498103671875 0.50522648125 0.39380530937499997
1 0.5379094078125 0.3902654875 0.5286411156249999 0.4730720609375 0.52439024375 0.5293299625000001 0.52439024375 0.5429835656249999 0.5286411156249999 0.5500632109375 0.5333101046875 0.5533501890625 0.5407665500000001 0.5519595453125 0.55003484375 0.539064475 0.5457839718749999 0.4763590390625 0.5463414640625001 0.397850821875 0.5450871078125 0.3839443734375 0.542229965625 0.36447534843749996 0.5379094078125 0.3902654875
0 0.5814634140625 0.35486725625000004 0.5768641109375 0.35941845781250004 0.5668292687500001 0.390391909375 0.5543554 0.4648546140625 0.546550521875 0.5192161828125 0.5472473875 0.5340075859375 0.5501045296875 0.5398230093749999 0.5597212546875 0.5476611890624999 0.5671777 0.549557521875 0.57400696875 0.5470290765625 0.5757491296875 0.537926675 0.5757491296875 0.50948166875 0.5735888499999999 0.46156763593749994 0.5864808359375 0.361946903125 0.5857142859375 0.358786346875 0.58362369375 0.35486725625000004 0.5814634140625 0.35486725625000004
2 0.6354703828125 0.40101137812500004 0.62522648125 0.4257901390625 0.6119163765625 0.471681415625 0.5965156796875 0.5182048046875 0.5944250875 0.5352718078125001 0.597421603125 0.5407079640625 0.622648084375 0.5500632109375 0.628641115625 0.5469026546875 0.6337979093749999 0.539190896875 0.6350522640625 0.5150442484375 0.6333101046875 0.4793931734375 0.6350522640625 0.4413400765625 0.639790940625 0.40720606875 0.6388850171875 0.4025284453125 0.63721254375 0.40025284375 0.6354703828125 0.40101137812500004
2 0.5969337984374999 0.3562579015625 0.5904529609375 0.3678887484375 0.5669686406250001 0.5036662453125 0.5669686406250001 0.5293299625000001 0.5720557484375 0.5355246515625 0.5806271781250001 0.5394437421875 0.5879442515625 0.5471555 0.596027875 0.548672565625 0.599024390625 0.546396965625 0.6028571421875 0.5300884953125 0.604599303125 0.3661188375 0.6028571421875 0.3585335015625 0.60118466875 0.3562579015625 0.5969337984374999 0.3562579015625
3 0.6342857140625 0.6197218703125 0.65156794375 0.6280657390625 0.6579094078125001 0.650442478125 0.6744947734375 0.69911504375 0.6794425093750001 0.7189633375 0.68682926875 0.7202275593749999 0.6871777 0.7144121359375 0.6843205578125 0.6951959546875 0.6769337984375 0.6568900125 0.67484320625 0.6203539828125 0.676236934375 0.6197218703125 0.67484320625 0.5954487984375 0.6731010453125 0.573704171875 0.6695470390625 0.5595448796875 0.6635540062499999 0.553855878125 0.6568641109375 0.553855878125 0.6487108015625 0.557648546875 0.6384668984374999 0.557016434375 0.6300348437500001 0.5659924140625 0.62682926875 0.58647281875 0.6271777000000001 0.5890012640625 0.6271777000000001 0.5941845765625 0.6342857140625 0.6197218703125