2 0.6219087421875 0.489917565625 0.625809821875 0.5075459734375001 0.6327760359375 0.5325935312500001 0.64925113125 0.629930246875 0.653570184375 0.64749524375 0.6568443046875 0.65085605625 0.660745384375 0.649397590625 0.6623824453125 0.64337349375 0.6611633578125 0.6209258078125 0.6539533265624999 0.5685478749999999 0.6517241375 0.526632846875 0.6515151515625 0.48915662656250003 0.650052246875 0.482435003125 0.6383490078125 0.47571337968750005 0.6303378609375 0.473811034375 0.6255311734375 0.4763474953125 0.6229188437500001 0.47869372187500003 0.6219087421875 0.48395687968749995 0.6219087421875 0.489917565625
2 0.5942528734375 0.5067216234374999 0.603099965625 0.5422320859374999 0.6158481359375 0.6178820546875 0.619958203125 0.6317057703125 0.623441309375 0.6369689281250001 0.6263322890625 0.636588459375 0.6285963078125001 0.6324667093749999 0.6279693484375 0.6141407734375 0.6230233375 0.5362714015625001 0.6230233375 0.5029803421875 0.6215952625 0.4872542796875 0.6184952984375001 0.4838300578125 0.6100661796875 0.47939124843750003 0.60247300625 0.47939124843750003 0.5985719265625 0.48497146406249997 0.595715778125 0.48636651875 0.5936259140625 0.48833227656249995 0.5932079421875 0.4906150921875 0.5942528734375 0.5067216234374999
0 0.5654824109375001 0.522511096875 0.5877046328125 0.617945465625 0.599547196875 0.657260621875 0.604284221875 0.6648065953125 0.604284221875 0.6292327203125 0.6010101015625 0.5909955609375 0.5891675375000001 0.48801521875000003 0.5794148375 0.48154724218749995 0.5705329156250001 0.47831325312499995 0.5610588640625 0.48370323437499996 0.56015325625 0.4858592265625 0.5604667359375 0.4944831953125 0.5654824109375001 0.522511096875
1 0.5347614078125 0.514648065625 0.5606757234375 0.648509828125 0.5641239984374999 0.65656309375 0.568094740625 0.65656309375 0.5708115640625 0.653899809375 0.571786834375 0.6448953703125 0.5695576453125 0.5932783765625 0.5636363640625001 0.5398224484374999 0.558446534375 0.5105897265625 0.556008359375 0.4868104 0.551062346875 0.4876981609375 0.5353883671874999 0.48757133750000003 0.5330546843749999 0.4872542796875 0.53009404375 0.4868104 0.5347614078125 0.514648065625
1 0.507802159375 0.50697526875 0.51337513125 0.527520609375 0.51438523125 0.5383639828125 0.5189132703125 0.5668357640624999 0.53145245625 0.639441978125 0.533124346875 0.6443246671875 0.5370254265625001 0.647305009375 0.5386624875 0.64508560625 0.540299546875 0.6390615093750001 0.5324973875000001 0.551490171875 0.528178334375 0.48858592187500005 0.5167189125 0.49270767343750005 0.5112504359375001 0.495624603125 0.5067920578125 0.4975903609375 0.507802159375 0.50697526875
1 0.489829328125 0.5578947375000001 0.4979101359375 0.6137603046875 0.5014977359375 0.6284083703125 0.50355276875 0.628725428125 0.5057819578125 0.6265694359375 0.5091954015625 0.618769815625 0.5095437125 0.5953709578125 0.5059561125 0.54261255625 0.5052594921875 0.49397590312500006 0.504075234375 0.49150285312499997 0.493277603125 0.4883956875 0.48540578125 0.49270767343750005 0.4840125390625 0.49461001875 0.483664228125 0.49803424218750003 0.489829328125 0.5578947375000001
1 0.45607802187499996 0.5180088781250001 0.46036224375 0.5526315796875 0.46433298437500004 0.5726062140625 0.47938000625 0.6393151546875 0.48195750625 0.642168675 0.48418669531249997 0.64090044375 0.48488331562500003 0.634939759375 0.48007662812499996 0.536398225 0.481435040625 0.5157894734374999 0.48195750625 0.4949270765625 0.47955416250000005 0.49270767343750005 0.47648902812499994 0.4933417875 0.47049808437499996 0.497717184375 0.46739811875 0.49524413437500003 0.4605363984375 0.49429296093749997 0.45607802187499996 0.49302473124999996 0.45419714375 0.49270767343750005 0.45607802187499996 0.5180088781250001
0 0.42180425 0.5217501578125 0.42201323593750006 0.581610653125 0.42713340312500003 0.6242866203124999 0.429606409375 0.6366518703125 0.43228840156250004 0.642993025 0.4386624875 0.6478757140625 0.44172762031249996 0.6467343062500001 0.44482758593750005 0.6396322125 0.44935562500000004 0.6108433734375 0.45015673906250003 0.552060875 0.454684778125 0.5296131890625 0.452420759375 0.49625871874999994 0.45078369843750005 0.49327837656250006 0.43371647500000005 0.4914394421875 0.4268547546875 0.49790741875 0.424242425 0.502282815625 0.42260536406250004 0.50786303125 0.42180425 0.5217501578125
2 0.38913270624999996 0.5201014578125001 0.39035179375 0.646290425 0.3913618953125 0.6525681671875 0.39407871875 0.658845909375 0.397039359375 0.661128725 0.3989898984375 0.6579581484375 0.40835945625000003 0.6206721625 0.41577847500000004 0.56322130625 0.420968303125 0.5344324671875 0.4256356671875 0.529930246875 0.4256356671875 0.5151553578125 0.4236851265625 0.5074825625 0.4202020203125 0.50120481875 0.4152908390625 0.49625871874999994 0.4098571921875 0.49270767343750005 0.40296064062500003 0.49270767343750005 0.395785440625 0.49835130000000005 0.3923371640625 0.50120481875 0.3913618953125 0.5025364609375 0.38913270624999996 0.5201014578125001
2 0.3551724140625 0.5166772359375 0.35311738125000003 0.5713379828125 0.350052246875 0.6079898546875 0.342842215625 0.6581483828125 0.34367816093750003 0.6723525687499999 0.345315221875 0.6746353843749999 0.3514803203125 0.667152821875 0.3568443046875 0.6581483828125 0.3646464640625 0.6357006968750001 0.37429467031249997 0.58928345 0.393416928125 0.51781864375 0.39773598125 0.4975903609375 0.3847788234375 0.4953075453125 0.380250784375 0.496068484375 0.3652734234375 0.49270767343750005 0.3636015328125 0.492327203125 0.3580633921875 0.49797083124999997 0.3551724140625 0.5166772359375
3 0.25788923750000003 0.39302473125000004 0.2497387671875 0.3790741921875 0.24332985 0.331452125 0.240369209375 0.32295497812499996 0.2388714734375 0.32606214375000003 0.236677115625 0.3570703875 0.2371647515625 0.3809131265625 0.240369209375 0.4038046921875 0.2388714734375 0.4554216875 0.2411006625 0.4608116671875 0.2480320453125 0.46892834531250005 0.2534308609375 0.4715916296875 0.25715778437500003 0.46892834531250005 0.25935214218749997 0.4657577671875 0.27220480625 0.4715916296875 0.28453500468750004 0.47070386875 0.2865203765625 0.4608116671875 0.2865203765625 0.4428662015625 0.2803204453125 0.41325301249999996 0.2724486234375 0.38180088749999996 0.26381051875 0.34267596718750004 0.260849878125 0.3355104625 0.254684778125 0.3247305015625 0.249982584375 0.32022828125 0.246534309375 0.31934052031250004 0.2447927546875 0.32022828125 0.244061303125 0.322067215625 0.2453500515625 0.3239695625 0.24604667343750003 0.3270133171875 0.254928596875 0.37279644843750004 0.25788923750000003 0.39302473125000004
3 0.2912225703125 0.3124286625 0.28826192968750003 0.3161699421875 0.2876698015625 0.325871909375 0.2924068265625 0.36575776718749997 0.2924068265625 0.405136334375 0.2912225703125 0.43474952499999997 0.2888540578125 0.46385542187500006 0.2894461859375 0.470894103125 0.295646115625 0.4816740640625 0.30188087812500003 0.484908053125 0.3080808078125 0.48433735 0.3116335765625 0.479518071875 0.3226053640625 0.4816740640625 0.3365029609375 0.48002536406249996 0.3424242421875 0.470894103125 0.34183211406249997 0.4509194671875 0.3365029609375 0.42289156562499997 0.3297109015625 0.39917565 0.32675026093750004 0.36525047499999996 0.31933124375 0.3226379203125 0.3149076984375 0.30811667656249997 0.31313131250000004 0.3075459734375 0.3098571921875 0.3086239703125 0.306025775 0.3118579578125 0.304249390625 0.3215599234375 0.3080808078125 0.3431198484375 0.313723440625 0.3614457828125 0.3149076984375 0.373303740625 0.313723440625 0.3819277109375 0.311354928125 0.3835764109375 0.308986415625 0.3835764109375 0.3045280390625 0.3679137609375 0.29637756875 0.324603678125 0.2950539875 0.3188966390625 0.293277603125 0.3129359546875 0.2912225703125 0.3124286625
2 0.37645419687500004 0.32783766718749996 0.3725879484375 0.374191503125 0.3702194359375 0.42916930937500003 0.370532915625 0.47121116093750004 0.371717171875 0.4760938484375 0.378822709375 0.48040583437500006 0.39331243437499996 0.47717184531249995 0.40101010156249994 0.4701331640625 0.410205503125 0.47393785624999996 0.40902124687499997 0.4329740015625 0.3989550671875 0.4049461 0.39035179375 0.341344325 0.38310693125 0.322891565625 0.381469871875 0.319213696875 0.378822709375 0.31274572031250003 0.37645419687500004 0.32783766718749996
0 0.406025775 0.2848446421875 0.40397074218749995 0.29289790781249997 0.39951236562500003 0.3840202921875 0.40101010156249994 0.43899809687499997 0.4027864859375 0.4681039953125 0.40515499843749997 0.47076727968750004 0.417589690625 0.47831325312499995 0.4303030296875 0.47076727968750004 0.4389063046875 0.46106531406249995 0.4365377921875 0.4088142046875 0.42351097187500003 0.334939759375 0.421072796875 0.3079264421875 0.4202368515625 0.3025998734375 0.41462904843750004 0.30532656875 0.406025775 0.2848446421875
1 0.44528039062499997 0.284464171875 0.44082201249999997 0.29740012656250003 0.44082201249999997 0.364235890625 0.44172762031249996 0.463411540625 0.45475444062500003 0.46017755156250006 0.470428421875 0.4623335453125 0.47074190156249995 0.43481293593750003 0.469244165625 0.389029803125 0.463322884375 0.3367152828125 0.45499825781250003 0.2856689921875 0.45297805625 0.28015218750000004 0.45060954375 0.28015218750000004 0.44528039062499997 0.284464171875
1 0.46959247656249997 0.2490805328125 0.46854754375 0.252314521875 0.47032392968750003 0.261382371875 0.4738766984375 0.31116043125 0.4738766984375 0.3959416609375 0.47136886093749997 0.46639188281250005 0.489864159375 0.458021559375 0.499442703125 0.46062143281249995 0.507976315625 0.46062143281249995 0.5058516203125001 0.42111604375 0.501915709375 0.3875079265625 0.49056077968749995 0.30538998125 0.4755137578125 0.2585922640625 0.4738766984375 0.25491439374999997 0.47136886093749997 0.2490805328125 0.46959247656249997 0.2490805328125
1 0.5373737375000001 0.2707672796875 0.5345175890625 0.2707672796875 0.5316962734375 0.27330374062499996 0.5291884359375 0.279137603125 0.5189132703125 0.3593532015625 0.5146290484375 0.4104629046875 0.5092998953125 0.44990488281249996 0.50964820625 0.45960684843750005 0.5118077328124999 0.46284083750000005 0.5206896546875 0.4551046296875 0.5384534999999999 0.45573874375 0.542702890625 0.45440710156249997 0.5441309640624999 0.44667089375 0.5430512015625 0.40982878906250003 0.545175896875 0.3696892828125 0.5423545796875 0.343183259375 0.5401602234375 0.2833227640625 0.540229884375 0.2759036140625 0.53984674375 0.27330374062499996 0.5373737375000001 0.2707672796875
1 0.5744688265625 0.2620164875 0.56983629375 0.2620164875 0.565586903125 0.27235256875 0.5528039015624999 0.3816740640625 0.5471264375 0.42435003125000004 0.5414141421875 0.4573240328125 0.554231975 0.4579581484375 0.57234413125 0.45409004375000006 0.5702194359375 0.41788205468750006 0.574120515625 0.36550412187500003 0.5797979796875 0.3065948 0.577603621875 0.274128090625 0.5773249734375 0.26778693750000004 0.5769418328125 0.2639188328125 0.5744688265625 0.2620164875
0 0.60355276875 0.262587190625 0.5960989203125 0.278757134375 0.5840125390625001 0.3259353203125 0.58080808125 0.40291693124999994 0.5762103796875 0.4313887125 0.576558690625 0.44882688593750003 0.5797631484375 0.45079264375 0.58791361875 0.45916296718750005 0.59644723125 0.460494609375 0.6032044578125 0.45789473750000004 0.6088819234375 0.44882688593750003 0.6085336125 0.437222575 0.6032044578125 0.403551046875 0.604284221875 0.372542803125 0.6032044578125 0.357641090625 0.6039010796875 0.3207989859375 0.60828979375 0.2710209265625 0.609613375 0.263855421875 0.6081853015625 0.2612555484375 0.60355276875 0.262587190625
2 0.6143504 0.275776790625 0.6111459421875 0.2776791375 0.6097527 0.2809131265625 0.6097527 0.39220038125 0.6058167890624999 0.43684210468750007 0.6061999296875 0.4490805328125 0.6122257046875 0.45878249843749996 0.616126784375 0.45554850937499997 0.6243120859375 0.461382371875 0.630686171875 0.4575142671875 0.636015325 0.451046290625 0.6338906296875 0.43164235937499995 0.628213165625 0.317184528125 0.62041100625 0.29061509218750003 0.6196795546875 0.28807862968750003 0.6168582375 0.2790107796875 0.6143504 0.275776790625
2 0.65409265 0.27064045625 0.6505398812500001 0.2701331640625 0.6461163359375 0.271718453125 0.6446186 0.2744451484375 0.6413793109375 0.2873176921875 0.639289446875 0.301395053125 0.6366422843749999 0.329930246875 0.63841866875 0.4038046921875 0.6363288046875 0.43830057031249997 0.6363288046875 0.45066582187500004 0.6401950546874999 0.45878249843749996 0.6455242078125 0.4641724796875 0.6611981890624999 0.45821179531249995 0.668025078125 0.44584654375 0.6671194703125 0.439885859375 0.6611981890624999 0.42048192812499996 0.657366771875 0.384908053125 0.6544061296875 0.315916296875 0.6576454203125001 0.2878883953125 0.6576454203125001 0.28357641093749997 0.6570532921875001 0.274952440625 0.65409265 0.27064045625
3 0.6817136890625 0.2998731765625 0.67579240625 0.3398224484375 0.671577846875 0.37888395625000004 0.6622082890625001 0.43233988593749995 0.6612330203125001 0.448953709375 0.66861720625 0.454787571875 0.6888540578125 0.4575142671875 0.6977359812499999 0.454343690625 0.7073493562500001 0.44673430625000005 0.705398815625 0.438617628125 0.7026819921875 0.3977805953125 0.6997213515625 0.377108434375 0.7014280734375 0.360494609375 0.70957854375 0.3052631578125 0.70835945625 0.30209258125 0.70588645 0.3025364609375 0.69871125 0.3074825625 0.69035179375 0.3681039953125 0.6849181468750001 0.3784400765625 0.6846743296875 0.3622701328125 0.689829328125 0.2998731765625 0.6890978750000001 0.2975903609375 0.6870776734375 0.2897907421875 0.6817136890625 0.2998731765625
3 0.7339951234375001 0.30133164218749997 0.7313479625 0.3025998734375 0.7261581328125 0.3120481921875 0.722222221875 0.3286620171875 0.7145942187500001 0.3802790109375 0.7094043890624999 0.4112872546875 0.707906653125 0.43151553593749997 0.7081504703125 0.44451490156249995 0.71086729375 0.4503487640625 0.7175548593750001 0.45396322187499993 0.733089515625 0.44857324062500004 0.7402298843749999 0.4449587828125 0.7461511671875 0.4346227015625 0.7461511671875 0.41800887812500004 0.7449320796875 0.396892834375 0.74221525625 0.3830057078125 0.7431905265625 0.3515535828125 0.7417276203125 0.3263792015625 0.7372692437499999 0.3052631578125 0.73382096875 0.37038681093750003 0.731940090625 0.39302473125000004 0.7304771859375 0.3984781234375 0.7268199234375 0.39955611874999997 0.725774990625 0.3903614453125 0.7316614421875001 0.3168674703125 0.7333333328125 0.3096385546875 0.734308603125 0.304375396875 0.7352490421875 0.30247305 0.7339951234375001 0.30133164218749997
3 0.7447927546875001 0.5890932156249999 0.7508881921875 0.5879518078125 0.7521072796875 0.5816740640625 0.750087078125 0.570196575 0.74092650625 0.5487000640625 0.7352142109375001 0.528344959375 0.7382793453125001 0.5261255546875 0.7462208296874999 0.5412809125 0.7529083937500001 0.5657577671875 0.7582027171875 0.5664552953124999 0.7594218046875 0.5583386171875 0.7569836296875 0.5338617625000001 0.7531173812499999 0.5064679765625 0.7419366078125 0.45909955625 0.736851271875 0.4583386171875 0.724834553125 0.46353836406250004 0.717520028125 0.4639188328125 0.7069313828125 0.470196575 0.6992337171874999 0.4760938484375 0.6973876703124999 0.4850348765625 0.7051201671875 0.507609384375 0.7146638796875 0.5257450859375 0.723406478125 0.547939125 0.724242425 0.5494610015625 0.7348310687499999 0.574635384375 0.7447927546875001 0.5890932156249999
3 0.781191221875 0.5383639828125 0.7872866593750001 0.5394419781249999 0.7911529078124999 0.5368421046875 0.7935910828125 0.5261255546875 0.7932079421875 0.51610653125 0.7889237203125 0.49499048749999996 0.783629396875 0.4597970828125 0.7797631484374999 0.4383639828125 0.7763148734375 0.43018389375000005 0.773040753125 0.42872542812500003 0.7618599796875001 0.432403296875 0.7545454546875 0.4405833859375 0.74580285625 0.45244134375 0.74458376875 0.4597970828125 0.7480320453125 0.4724159796875 0.7553465687500001 0.49461001875 0.7629049109375 0.5153455921875 0.7651341 0.5198478125 0.7720306515625001 0.5316423593749999 0.781191221875 0.5383639828125
3 0.3049460125 0.5153455921875 0.3049460125 0.5038046921875 0.29515848125 0.4967026 0.252455590625 0.48516170000000003 0.24855451093749997 0.49004438749999996 0.23660745312499998 0.5379835125 0.2256008359375 0.5717818640625 0.22291884374999998 0.5949270765625 0.2226750265625 0.6082435 0.22584465312500002 0.611794546875 0.23364681250000002 0.6002536468749999 0.243921978125 0.5775523140625001 0.2544061296875 0.552251109375 0.2551375828125 0.5518072296875001 0.25562521718750003 0.5606848453125 0.2509926859375 0.57977171875 0.2375827234375 0.5993658843749999 0.2321839078125 0.6113506656250001 0.2346220828125 0.6197844 0.24050853437500003 0.6211160437500001 0.2531870421875 0.61445783125 0.2698014625 0.58598605 0.2795541625 0.565123653125 0.288087775 0.5518072296875001 0.2883315921875 0.5513633484375 0.298850575 0.5339885859375 0.3049460125 0.5153455921875
3 0.2064089171875 0.4625237796875 0.20337861406250002 0.4643627140625 0.1972831765625 0.475840203125 0.19014280781249998 0.4961953078125 0.17422500937500002 0.534115409375 0.17018460468750002 0.5451490171875 0.16903517968749998 0.562206721875 0.17251828593750002 0.569181990625 0.1795541625 0.565948003125 0.1895158484375 0.5494610015625 0.20006966249999997 0.5339885859375 0.2035876 0.530754596875 0.20477185625 0.538237159375 0.19860675781249998 0.551046290625 0.1901079765625 0.5643627140625 0.184848484375 0.575015853125 0.18512713281249998 0.5830057078124999 0.1918843609375 0.5851617 0.20181121562499998 0.5776791375 0.216196446875 0.5585288515625 0.230825496875 0.5339885859375 0.24106583124999997 0.5115409 0.246360153125 0.492390615625 0.2483455234375 0.4827520609375 0.23235806406249998 0.47799619531250004 0.2064089171875 0.4625237796875