2 0.6159874609375 0.5839568796875 0.62413793125 0.642168675 0.6291187734375 0.721686746875 0.629467084375 0.76569435625 0.63375130625 0.7592263796875 0.635527690625 0.7449587828124999 0.6351793796874999 0.720418515625 0.6358760015625 0.675776790625 0.639080459375 0.6343690546875 0.6444096140625 0.57812301875 0.63977708125 0.5729232718749999 0.6205851625000001 0.5651870640625 0.6202368515625001 0.5651870640625 0.616788575 0.5697526953125001 0.6159874609375 0.5839568796875
0 0.5878091249999999 0.5665821171875 0.588679903125 0.5881420421875 0.5987460812500001 0.6716550406249999 0.610309996875 0.739061509375 0.6141414140625 0.7492707671875001 0.6188784390625 0.749841471875 0.6212469515625 0.746036778125 0.6165099265625 0.6883956875 0.612678509375 0.623715915625 0.613862765625 0.5676601140625 0.6117729015625 0.5665821171875 0.592093346875 0.5632847171875001 0.5901776390625 0.5627774249999999 0.588087775 0.5627774249999999 0.5878091249999999 0.5665821171875
1 0.5609195406249999 0.5633481296875 0.576593521875 0.712618896875 0.5798676421875 0.722891565625 0.583699059375 0.7239695625 0.5848833156250001 0.7207355734374999 0.58784395625 0.693214965625 0.5840125390625001 0.558465440625 0.575409265625 0.5595434375 0.5662138624999999 0.5561192140625 0.563322884375 0.555611921875 0.5605712296875 0.5558655671875 0.5609195406249999 0.5633481296875
1 0.5510275171875 0.6889029796874999 0.55060954375 0.7184527578125001 0.5520376171875 0.722954978125 0.554928596875 0.7225745078125 0.55656565625 0.711731134375 0.562138628125 0.687000634375 0.563984675 0.64508560625 0.5598746078125 0.5777425484375 0.557819575 0.5563728593749999 0.5430163703125 0.5551046296875 0.5407523515625 0.5549143937500001 0.5382793453125 0.5549143937500001 0.5510275171875 0.6889029796874999
1 0.5136886109375001 0.5645529484375 0.5147335421875 0.5750792640625 0.5200626953125 0.6050095125 0.519888540625 0.6162333546875 0.522953675 0.6278376671875 0.5303726921874999 0.6876981609375 0.533228840625 0.6933417875 0.5359108328125 0.6933417875 0.53733890625 0.6918199109375001 0.5383838390625 0.6783766640625 0.5381748515625 0.60951173125 0.5350748875 0.5563728593749999 0.5291187734375 0.5585922640625001 0.51922675 0.5594800249999999 0.5169975625000001 0.559733671875 0.5151515156250001 0.5608116671875 0.5136886109375001 0.5645529484375
1 0.4855799375 0.5645529484375 0.4855799375 0.57317691875 0.4913270640625 0.6057070390625 0.48948101718750003 0.6120481921875001 0.4925461515625 0.6180722890625 0.49871125000000005 0.7030437546875 0.5020202015625 0.7154090046875 0.505294321875 0.7195307546875 0.5075583421875 0.7191502859375001 0.5086032734375 0.716487 0.5106583078125 0.7022828156250001 0.513723440625 0.6218135703125001 0.5166144203124999 0.6139505390625 0.515186346875 0.5925808499999999 0.5176245203125001 0.559670259375 0.507976315625 0.5608116671875 0.49212817812500004 0.5608116671875 0.4882270984375 0.5604311984375 0.4865900390625 0.5618896640625 0.4855799375 0.5645529484375
0 0.45318704218750006 0.6082435 0.457122953125 0.6643627140625 0.451201671875 0.7393785671875001 0.46280041875 0.7367152828125 0.4682340640625 0.7285986046875 0.477847440625 0.6899809765625 0.4857540921875 0.5983513 0.48279345156250003 0.5629042484375 0.46304423593750005 0.563792009375 0.45346569062500003 0.570196575 0.451201671875 0.574128090625 0.45047021875000004 0.580405834375 0.45318704218750006 0.6082435
2 0.41233019843749996 0.5754597343750001 0.4111459421875 0.5835764109375 0.4135144546875 0.63100824375 0.43127829999999995 0.7247939125 0.43601532499999995 0.7388078625000001 0.4413444796875 0.739885859375 0.4448972484375 0.7350031703125001 0.44695228125 0.7247939125 0.45022640156250004 0.6045656312500001 0.45200278593750004 0.577108434375 0.436886103125 0.5781864296875 0.42173458750000004 0.5726062140625 0.41793800000000003 0.5711477484375 0.41438523125 0.5711477484375 0.41233019843749996 0.5754597343750001
2 0.3942877046875 0.701838934375 0.401706721875 0.7395688015624999 0.40835945625000003 0.733291059375 0.41132009687500004 0.722954978125 0.41476837343749995 0.6726696265625 0.41650992656249997 0.6030437546875 0.416231278125 0.5724793906250001 0.4140369203125 0.5702599875 0.4056426328125 0.5662016484375 0.392058515625 0.5653138875 0.3809822359375 0.5742549140625 0.377742946875 0.5864299296875 0.38091257343749996 0.5967026 0.38171368906250003 0.60120481875 0.38516196406250003 0.6192136968749999 0.3942877046875 0.701838934375
3 0.35907349375000003 0.7290424859375 0.362034134375 0.736588459375 0.3659003828125 0.7403931515625 0.366771159375 0.7242232093750001 0.3756530828125 0.63094483125 0.3821664921875 0.584083703125 0.3851271328125 0.5668357640624999 0.37359805 0.5700697531250001 0.35729710937500003 0.5722257453124999 0.3484151859375 0.5705770453125 0.33301985312500004 0.5700697531250001 0.31912225781250003 0.5754597343750001 0.31438523125 0.5808497140625 0.3128874953125 0.5851617 0.312608846875 0.5894736843749999 0.31940090625 0.6190868734375 0.31940090625 0.62771084375 0.316161615625 0.6811033609375 0.3111111109375 0.7447051359375 0.31912225781250003 0.7290424859375 0.342807384375 0.6519974640624999 0.34576802500000003 0.648763475 0.348728665625 0.647685478125 0.349912921875 0.6492707671875 0.3570184609375 0.7058972734375 0.35907349375000003 0.7290424859375
3 0.27352838749999997 0.7074825625 0.2738070359375 0.7199112234375 0.278857540625 0.7242232093750001 0.282410309375 0.7214965125 0.2880181125 0.7074825625 0.2989898984375 0.6578947375 0.31170323906249997 0.6158528859375 0.31853012812500003 0.5862396953125 0.31853012812500003 0.5716550406249999 0.3140717515625 0.56899175625 0.290386625 0.5641090671875 0.2809125734375 0.563601775 0.2664228484375 0.5597970828125 0.257227446875 0.5646797718750001 0.25458028593750004 0.5792010140625 0.2563566703125 0.603487634375 0.25694879843749996 0.6255548515625 0.2551724140625 0.648763475 0.2528039015625 0.7058972734375 0.25458028593750004 0.7155992390625 0.258411703125 0.71775523125 0.261964471875 0.71775523125 0.26374085625 0.7139505390625 0.27234413125 0.661128725 0.27471264375 0.6503487640625 0.2773598046875 0.6466074828124999 0.28122605312500004 0.647114775 0.2820968296875 0.648763475 0.276489028125 0.68268865 0.27352838749999997 0.7074825625
0 0.413793103125 0.3841471140625 0.41024033437499996 0.3863031078125 0.40668756562499997 0.39226379218749996 0.40341344531249995 0.4062777421875 0.39958202656249997 0.4833227640625 0.4040055734375 0.5280913125 0.4069662140625 0.5356372859375 0.414977359375 0.5404565625 0.43183559687499995 0.538871275 0.4407175203125 0.53348129375 0.4413096484375 0.527520609375 0.4371647515625 0.5135066578124999 0.42800417968750004 0.4774254921875 0.424730059375 0.4515535828125 0.4215952625 0.39797083125 0.4208986421875 0.39277108437499997 0.4176245203125 0.3841471140625 0.413793103125 0.3841471140625
1 0.448867990625 0.37894736875 0.44531522187499994 0.38218135625 0.4435388359375 0.390298034375 0.44472309374999996 0.5083069124999999 0.44531522187499994 0.5272035515625 0.44740508593749995 0.5304375390625 0.46959247656249997 0.526632846875 0.4758272375 0.5207355734375 0.47345872499999997 0.461953075 0.466945315625 0.39727330312500003 0.4592476484375 0.38249841406249996 0.457157784375 0.3800253640625 0.4545106234375 0.377869371875 0.448867990625 0.37894736875
1 0.5050853359375 0.37152821875 0.50118425625 0.37083069062499996 0.49763148749999997 0.37152821875 0.492302334375 0.3740646796875 0.4876698015625 0.38053265625 0.48303726874999997 0.39416613749999996 0.478787878125 0.4471781859375 0.47735980468749994 0.5215599234375 0.48199233750000003 0.525428028125 0.5079066531249999 0.52352568125 0.5128874953125 0.5131261890625 0.5160919546875 0.44134432500000004 0.51323580625 0.385732403125 0.512539184375 0.3831325296875 0.508986415625 0.37476220625 0.5050853359375 0.37152821875
1 0.55175896875 0.3686112875 0.5467084640625 0.3696892828125 0.5419714390625 0.37133798281249997 0.5357715078124999 0.3831959421875 0.525983978125 0.43652504687500004 0.5171020546875 0.514711478125 0.5182863109375 0.521686746875 0.5227446875 0.52441344375 0.5482062 0.523335446875 0.5502612328125001 0.5173747625 0.557366771875 0.37888395625000004 0.557366771875 0.3761572609375 0.55412748125 0.3696892828125 0.55175896875 0.3686112875
1 0.5881574359374999 0.38801521875 0.5828282828125 0.39879518125 0.5576802515625 0.5017755234375 0.5549982578125 0.5201014578125001 0.5579589 0.52599873125 0.56388018125 0.5292327203125 0.5763148734375 0.532466709375 0.5822361546875 0.528725428125 0.583733890625 0.517945465625 0.5857889234375 0.47641090625000004 0.595855103125 0.38801521875 0.595262975 0.385351934375 0.5917102062499999 0.3847812296875 0.5881574359374999 0.38801521875
0 0.6322884015625 0.362143309375 0.6281435046875 0.37133798281249997 0.61215604375 0.41927710781250005 0.5881574359374999 0.5028535187500001 0.5861024031250001 0.517945465625 0.587286659375 0.52764743125 0.5902472999999999 0.5319594171875 0.599407871875 0.5362714015625001 0.6100661796875 0.535700696875 0.61215604375 0.5303107171875 0.6219087421875 0.4759036140625 0.62664576875 0.43544705156249996 0.639045628125 0.36157260625 0.6396725875 0.358909321875 0.6370254265625 0.357831325 0.6322884015625 0.362143309375
2 0.65541623125 0.396448953125 0.6533263671875 0.39587825 0.6509578546875 0.39752695 0.6432601874999999 0.41693088125 0.6225357015624999 0.50209258125 0.6195750609374999 0.524159796875 0.6201671890625 0.5376664546875001 0.62521769375 0.541978440625 0.6311389765625 0.5414077359375 0.63497039375 0.538173746875 0.6414838031250001 0.5182625234375 0.657331940625 0.415535828125 0.65778474375 0.40938490781250003 0.65778474375 0.40234622656249996 0.65541623125 0.396448953125
2 0.6735283875 0.4148383 0.669244165625 0.4174381734375 0.660710553125 0.43944197812499997 0.6369209328125 0.528725428125 0.6372692437499999 0.54419784375 0.6482758625 0.5558655671875 0.6603622437500001 0.5623335453125 0.664994775 0.5552314515625 0.6695924765625 0.5306277749999999 0.6839777078125 0.4329740015625 0.6841866953125 0.4271401390625 0.680633925 0.415535828125 0.6735283875 0.4148383
3 0.6951933125 0.4270133171875 0.690978753125 0.438237159375 0.6801114593750001 0.49213696875 0.6756879140625001 0.5280913125 0.66854754375 0.5644895375 0.6704980843749999 0.5725428031249999 0.6759317312500001 0.5792644265625 0.6820968296875 0.5837666453125 0.6863113890625 0.582435003125 0.6900034828125 0.5864933421875 0.696900034375 0.5904882687499999 0.7045628703125 0.5887127453125001 0.707767328125 0.5846544078125 0.70971786875 0.5190868734375 0.717380703125 0.4674698796875 0.7198537093749999 0.43557387500000005 0.7176245203125 0.432847178125 0.7149076984375 0.43195941718749997 0.7124346921875 0.43373493906249994 0.699860675 0.5011414078125 0.6964124 0.5083069124999999 0.693451759375 0.50786303125 0.692232671875 0.5024730500000001 0.692232671875 0.4908053265625 0.6954371296875 0.4606848453125 0.7050505046875 0.42117945468749995 0.7035527687500001 0.42029169375000003 0.7008359453125 0.42073557343749995 0.6951933125 0.4270133171875
3 0.7435388359374999 0.43183259375 0.7414838031250001 0.43348129375 0.739115290625 0.437793278125 0.73002438125 0.4677869375 0.7154301640625 0.5693088140625 0.7166144203125 0.5854787578125 0.7189829328124999 0.5887127453125001 0.7249042140624999 0.591946734375 0.730825496875 0.59302473125 0.73970741875 0.5908687375 0.7432601875 0.586556753125 0.7474050859375 0.5784400765625 0.7539184953125 0.5423589093750001 0.7580633921875 0.5132530125 0.7672239640625 0.49708306875 0.7616161609375001 0.4895370953125 0.7592476484375 0.4744451484375 0.7604319046875 0.43348129375 0.7580633921875 0.4339885859375 0.7556948796875 0.4356372859375 0.753605015625 0.44584654375 0.7450365718749999 0.49974635312500004 0.7408916750000001 0.5154090046875 0.7370254265625 0.51864299375 0.735562521875 0.5132530125 0.7358411703125001 0.503551046875 0.7479972140625 0.4393785671875 0.7485893421875 0.43614457812499996 0.7474050859375 0.43291058906249996 0.7435388359374999 0.43183259375