2 0.27294563906249997 0.6071080140625 0.25967130156249996 0.6139372828125 0.2542351453125 0.6225087109375 0.2697850828125 0.6280836234375 0.40493046718750003 0.6259233453124999 0.42035398281249997 0.6238327531250001 0.42351453906250003 0.6208362375 0.42427307187499996 0.6169337984375 0.421997471875 0.6071080140625 0.4257901390625 0.59644599375 0.42503160624999997 0.5921254359375 0.4195954484375 0.5904529609375 0.3963337546875 0.59003484375 0.3381795203125 0.5951219515624999 0.291529709375 0.6028571421875 0.27294563906249997 0.6071080140625
2 0.287357775 0.5885017421875001 0.287357775 0.5914285718750001 0.29051833125000004 0.5927526125 0.31061946875 0.5927526125 0.41769911562499995 0.590174215625 0.42553729531249995 0.584181184375 0.42553729531249995 0.5671080140625 0.423135271875 0.5649477359375 0.41175726875 0.5644599296874999 0.301264221875 0.5803484328125 0.2912768640625 0.584181184375 0.287357775 0.5885017421875001
0 0.2951959546875 0.552195121875 0.27774968437499997 0.557839721875 0.27383059374999996 0.5625087109375 0.27774968437499997 0.5678745640625 0.28748419687500004 0.568222996875 0.3501896328125 0.565365853125 0.41871049375 0.5606968640625001 0.4226295828125 0.5574912890625 0.4238938046875 0.5493379796875 0.41934260468750006 0.538606271875 0.4161820484375 0.53721254375 0.40682680156249995 0.5368641109375 0.378002528125 0.5393031359375 0.3184576484375 0.5493379796875 0.2951959546875 0.552195121875
1 0.29355246562500004 0.5239024390625 0.28900126406250004 0.52919860625 0.29026548750000003 0.5317073171875 0.3122629578125 0.5338675953124999 0.40796460156250003 0.5338675953124999 0.4151706703125 0.53240418125 0.4183312265625 0.5303135890624999 0.41643489218749996 0.5176306625 0.41453855937500006 0.514216028125 0.40670037968750006 0.5124738671875 0.314917825 0.5195818812499999 0.303286978125 0.521045296875 0.29355246562500004 0.5239024390625
1 0.29987357812500004 0.49672473906250003 0.29734513281249997 0.50278745625 0.29987357812500004 0.5063414640625 0.32187105 0.5098954703125 0.40859671249999996 0.51240418125 0.415676359375 0.510243903125 0.41757269218750004 0.4996515671875 0.415676359375 0.4949128921875 0.413780025 0.4928223 0.40670037968750006 0.49247386718749997 0.3056890015625 0.49317073125000005 0.29987357812500004 0.49672473906250003
1 0.300126421875 0.47686411093750003 0.30227560000000003 0.4793031359375 0.336788875 0.4849477359375 0.41276864687500003 0.49142857187500005 0.414917825 0.4911498265625 0.41769911562499995 0.48787456406249996 0.41554993749999997 0.4774912890625 0.41175726875 0.47602787500000004 0.395575221875 0.473031359375 0.30771175781250004 0.47156794375000005 0.30227560000000003 0.473031359375 0.300126421875 0.47686411093750003
1 0.3087231359375 0.4514982578125 0.30606826875 0.45665505156249997 0.3078381796875 0.45867595781250003 0.3203539828125 0.4633449484375 0.40935524687499997 0.4705226484375 0.4142857140625 0.4692682921875 0.4165613140625 0.4648083625 0.41630847031249996 0.4559581875 0.4151706703125 0.45268292656250003 0.3975979765625 0.4492682921875 0.3383059421875 0.4477351921875 0.3150442484375 0.4494773515625 0.3087231359375 0.4514982578125
0 0.264348925 0.4106620203125 0.2627054359375 0.41212543593750006 0.264348925 0.4163066203125 0.2739570171875 0.42104529687500003 0.4130214921875 0.4487108015625 0.4173198484375 0.440975609375 0.41415929218749997 0.42822299687500004 0.410366625 0.42494773593749996 0.3865992421875 0.42076655 0.28798988593749997 0.40829268281250003 0.274589128125 0.40829268281250003 0.264348925 0.4106620203125
2 0.304171934375 0.388989546875 0.30202275625 0.3931010453125 0.30366624531249997 0.3972822296875 0.31175726875 0.40146341406249997 0.342983565625 0.41003484375 0.42225031562500004 0.421393728125 0.4249051828125 0.41839721250000006 0.42541087187500004 0.4056446 0.42060682656250004 0.3998606265625 0.4070796453125 0.3949128921875 0.379140328125 0.390174215625 0.329456384375 0.3848083625 0.3089759796875 0.3862717765625 0.304171934375 0.388989546875
2 0.29165613125 0.3634843203125 0.289633375 0.3666898953125 0.29026548750000003 0.3720557484375 0.2960809109375 0.3752613234375 0.41643489218749996 0.3990940765625 0.42553729531249995 0.3977003484375 0.43324905156250004 0.3909407671875 0.43324905156250004 0.37811846718750003 0.4316055625 0.37484320625 0.427433628125 0.37275261249999997 0.37888748437499997 0.36522648125 0.31871049375 0.3599303140625 0.3039190890625 0.3602787453125 0.29165613125 0.3634843203125
3 0.32844500625 0.32041811875000004 0.325158028125 0.3261324046875 0.3278128953125 0.3282926828125 0.3595448796875 0.33756097500000004 0.36472819218749997 0.33999999999999997 0.36396965937500003 0.345017421875 0.3562579015625 0.3471777 0.3510745890625 0.34682926875 0.3207332484375 0.34041811875 0.3097345125 0.3414634140625 0.30834386875 0.3446689890625 0.310366625 0.3478745640625 0.37888748437499997 0.36641115 0.4299620734375 0.3739372828125 0.4384323640625 0.36536585312500003 0.43969658593750005 0.356794425 0.44487989843750003 0.35003484375 0.4469026546875 0.3412543546875 0.44487989843750003 0.3379094078125 0.40935524687499997 0.3296864109375 0.3595448796875 0.322578396875 0.33881163124999997 0.32041811875000004 0.32844500625 0.32041811875000004
3 0.315929203125 0.26041811875 0.3120101140625 0.2647386765625 0.3256637171875 0.2843205578125 0.35145385625 0.30355400625 0.43817952031249996 0.3388850171875 0.44981036718749995 0.33853658593749997 0.460809103125 0.3321254359375 0.4795195953125 0.3025087109375 0.47243994999999994 0.29644599375 0.410366625 0.282578396875 0.3638432359375 0.259024390625 0.3404551203125 0.25080139375 0.336030340625 0.2519163765625 0.3327433625 0.2600696859375 0.341845765625 0.26759581875 0.3838179515625 0.29003484375 0.389633375 0.2947038328125 0.3912768640625 0.298954703125 0.38836915312500003 0.302160278125 0.36182047968750003 0.29324041875 0.3352718078125 0.2747038328125 0.3204804046875 0.2608362375 0.315929203125 0.26041811875
3 0.490391909375 0.32515679375 0.48495575156250004 0.3276655046875 0.47711757343750005 0.335818815625 0.46940581562499994 0.35721254375 0.46940581562499994 0.3648780484375 0.48963337500000004 0.365783971875 0.5780025281250001 0.3640418125 0.6261694062500001 0.3618815328125 0.63476611875 0.359790940625 0.63704171875 0.35637630625 0.6362831859375 0.35163763124999997 0.6300884953125 0.347386759375 0.6246523390625 0.3464808359375 0.5764854609375 0.3400696859375 0.528318584375 0.3280836234375 0.4973451328125 0.3242508703125 0.490391909375 0.32515679375
3 0.6123893812500001 0.3606968640625 0.513780025 0.359790940625 0.4787610625 0.36104529687500003 0.47016434843750005 0.362229965625 0.463969659375 0.3704529609375 0.46321112500000006 0.38076655000000004 0.47016434843750005 0.38843205625 0.48798988593750003 0.390174215625 0.5594184578125 0.38202090625 0.6308470296875 0.37560975625 0.63476611875 0.3743554 0.64399494375 0.36919860625 0.6424778765625 0.36536585312500003 0.6355246515624999 0.36278745625000003 0.6123893812500001 0.3606968640625
2 0.6183312265625001 0.386550521875 0.6049304671875 0.3850871078125 0.528318584375 0.38299651562500003 0.47067003749999997 0.3850871078125 0.460935525 0.38836236875 0.45562579062499997 0.39637630625 0.4571428578125 0.40376306562500003 0.4658659921875 0.41240418125 0.476611884375 0.4156794421875 0.5288242734375 0.413031359375 0.6173198484375 0.40376306562500003 0.6204804046875 0.40292682968750004 0.6269279390625 0.3996515671875 0.62756005 0.3931010453125 0.625410871875 0.38982578437500004 0.6183312265625001 0.386550521875
0 0.5575221234375001 0.417003484375 0.4752212390625 0.411428571875 0.45663716875000004 0.41400696875 0.45271807812500003 0.42125435468749994 0.4543615671875 0.43665505156249995 0.459039190625 0.43881533125 0.48154235156249997 0.4404878046875 0.5211125156249999 0.44006968593750007 0.5839443734375 0.43449477343750004 0.6292035390625 0.4272473875 0.63590391875 0.42599303125 0.6383059421875 0.41742160312500004 0.6343868515625 0.4144250875 0.6297092281250001 0.41317073125 0.5575221234375001 0.417003484375
1 0.4816687734375 0.44125435468749996 0.4571428578125 0.4422996515625 0.4532237671875 0.44445992968750003 0.45056890000000005 0.44905923281250004 0.45259165625 0.462229965625 0.45840707968750005 0.4633449484375 0.5075853343750001 0.4618815328125 0.6122629578125001 0.45616724687500004 0.6161820484375 0.45372822343749997 0.614917825 0.44905923281250004 0.6109987359375 0.44620209062500005 0.5954487984375 0.4433449484375 0.4816687734375 0.44125435468749996
1 0.6088495578125 0.4704529609375 0.5932996203124999 0.46689895468750003 0.47104930468750006 0.4618815328125 0.44778761093749997 0.46905923281249995 0.44197218749999995 0.47721254375 0.4438685203125 0.49219512187500003 0.4490518328125 0.4936585359375 0.5871049296875 0.48843205625 0.6013906453125 0.4871777 0.611378003125 0.48397212500000003 0.6140328703125 0.48041811875 0.6134007578125 0.4747038328125 0.6088495578125 0.4704529609375
1 0.4542351453125 0.49414634218750003 0.4465233875 0.4966550515625 0.4413400765625 0.503414634375 0.44197218749999995 0.5187456453125 0.4465233875 0.5241114984374999 0.46523388125 0.5259233453125 0.5131479140625 0.52515679375 0.6302149171875 0.516236934375 0.6353982296875 0.5151916375 0.6501896328125001 0.513031359375 0.606194690625 0.50522648125 0.4814159296875 0.49310104531250004 0.4542351453125 0.49414634218750003
1 0.47067003749999997 0.52439024375 0.457016434375 0.52439024375 0.4499367890625 0.5286411156249999 0.4466498109375 0.5333101046875 0.4480404546875 0.5407665500000001 0.460935525 0.55003484375 0.5236409609375 0.5457839718749999 0.602149178125 0.5463414640625001 0.6160556265625 0.5450871078125 0.6355246515624999 0.542229965625 0.6097345125 0.5379094078125 0.5269279390625 0.5286411156249999 0.47067003749999997 0.52439024375
0 0.609608090625 0.5668292687500001 0.5351453859374999 0.5543554 0.48078381718749996 0.546550521875 0.46599241406249997 0.5472473875 0.46017699062500006 0.5501045296875 0.45233881093750006 0.5597212546875 0.450442478125 0.5671777 0.4529709234375 0.57400696875 0.462073325 0.5757491296875 0.49051833125 0.5757491296875 0.5384323640625001 0.5735888499999999 0.638053096875 0.5864808359375 0.641213653125 0.5857142859375 0.64513274375 0.58362369375 0.64513274375 0.5814634140625 0.6405815421875001 0.5768641109375 0.609608090625 0.5668292687500001
2 0.528318584375 0.6119163765625 0.48179519531250004 0.5965156796875 0.4647281921875 0.5944250875 0.4592920359375 0.597421603125 0.4499367890625 0.622648084375 0.4530973453125 0.628641115625 0.460809103125 0.6337979093749999 0.48495575156250004 0.6350522640625 0.5206068265625 0.6333101046875 0.5586599234375 0.6350522640625 0.59279393125 0.639790940625 0.5974715546875 0.6388850171875 0.5997471562500001 0.63721254375 0.598988621875 0.6354703828125 0.5742098609374999 0.62522648125 0.528318584375 0.6119163765625
2 0.49633375468749996 0.5669686406250001 0.47067003749999997 0.5669686406250001 0.46447534843750005 0.5720557484375 0.46055625781250004 0.5806271781250001 0.4528445 0.5879442515625 0.451327434375 0.596027875 0.45360303437500005 0.599024390625 0.4699115046875 0.6028571421875 0.6338811625 0.604599303125 0.6414664984375 0.6028571421875 0.6437420984375 0.60118466875 0.6437420984375 0.5969337984374999 0.6321112515625 0.5904529609375 0.49633375468749996 0.5669686406250001
3 0.349557521875 0.6579094078125001 0.30088495625 0.6744947734375 0.2810366625 0.6794425093750001 0.279772440625 0.68682926875 0.2855878640625 0.6871777 0.3048040453125 0.6843205578125 0.3431099875 0.6769337984375 0.3796460171875 0.67484320625 0.3802781296875 0.676236934375 0.4045512015625 0.67484320625 0.42629582812500005 0.6731010453125 0.4404551203125 0.6695470390625 0.446144121875 0.6635540062499999 0.446144121875 0.6568641109375 0.442351453125 0.6487108015625 0.44298356562499996 0.6384668984374999 0.4340075859375 0.6300348437500001 0.41352718125 0.62682926875 0.4109987359375 0.6271777000000001 0.40581542343750004 0.6271777000000001 0.3802781296875 0.6342857140625 0.3719342609375 0.65156794375 0.349557521875 0.6579094078125001