3 0.5097345125 0.772961671875 0.5206068265625 0.7635540062499999 0.5869785078125 0.745783971875 0.61175726875 0.7445296171875 0.6292035390625 0.7360975609375 0.6300884953125 0.7328919859374999 0.6292035390625 0.7289198609375 0.6225031609375 0.7225087109375 0.6022756 0.708153309375 0.5941845765625 0.7061324046874999 0.5848293296875 0.7059233453125 0.555625790625 0.7078745640624999 0.48546144062499996 0.7380487812500001 0.45815423437499997 0.7462717765625 0.45941845781249996 0.7507317078125 0.463084703125 0.7536585359375 0.46940581562499994 0.7549128921875 0.48027812968749994 0.752195121875 0.5089759796875 0.7388850171875 0.5268015171875 0.7335888500000001 0.545259165625 0.7321254359375 0.5470290765625 0.73484320625 0.49848293281249995 0.7598606265625001 0.494943109375 0.7747038328125 0.5003792671875 0.7754703828125 0.5097345125 0.772961671875
2 0.48457648593749997 0.6444599296875 0.43211125156249997 0.6568641109375 0.42541087187500004 0.6647386765625 0.42756005 0.6662717765624999 0.44020227500000003 0.66675958125 0.47117572656249995 0.66278745625 0.554740834375 0.65881533125 0.5848293296875 0.6442508703125001 0.586093553125 0.6425087109375001 0.5848293296875 0.6355400703125 0.5825537296875 0.6337979093749999 0.5672566375 0.63358885 0.48457648593749997 0.6444599296875
2 0.4424778765625 0.6268989546875 0.4352718078125 0.629825784375 0.4312262953125 0.635818815625 0.4338811625 0.6372822296875 0.4414664984375 0.6382578390625 0.4729456390625 0.635818815625 0.504424778125 0.631358884375 0.5489254109374999 0.628641115625 0.5744627046875 0.620209059375 0.588369153125 0.6087804875 0.588369153125 0.6058536578125 0.586093553125 0.6048780484375 0.5470290765625 0.6058536578125 0.5039190890625 0.6137282234375 0.4424778765625 0.6268989546875
0 0.44374209843749995 0.5798606265624999 0.3855878640625 0.5905226484375 0.38128950625 0.5935191640624999 0.38128950625 0.597351915625 0.38343868593749997 0.6000696859375 0.38988622031250003 0.6012543546875 0.415676359375 0.6015331015625 0.460809103125 0.5991637625 0.5730720609375 0.5993728218750001 0.586093553125 0.5977003484375001 0.5888748421875001 0.5959581875 0.5965866 0.5801393734375 0.5963337546874999 0.5756794421875 0.590391909375 0.5712195125 0.5649810359375 0.5697560968750001 0.5235145390625 0.57240418125 0.44374209843749995 0.5798606265624999
1 0.405309734375 0.56599303125 0.41554993749999997 0.5689198609375 0.436030340625 0.5698257843750001 0.527180784375 0.565365853125 0.5567635906249999 0.5662717765624999 0.5977243999999999 0.565365853125 0.6036662453125 0.562439025 0.6072060687499999 0.5463414640625001 0.6069532234375 0.54278745625 0.6058154234375001 0.5406968640625001 0.5573957015625 0.5418815328125001 0.4005056890625 0.561811846875 0.405309734375 0.56599303125
1 0.4374209859375 0.540627178125 0.44551200937499996 0.5418118468750001 0.4972187109375 0.5397212546875 0.52958280625 0.536794425 0.579140328125 0.53560975625 0.59797724375 0.5361672468750001 0.596965865625 0.5305226484375 0.5993678890624999 0.5196515671874999 0.60025284375 0.5119860625 0.45891276875000003 0.5293379796875 0.43691529687499997 0.5344250875000001 0.43476611875 0.5373519156250001 0.4374209859375 0.540627178125
1 0.4591656125 0.5077351921875 0.6070796453125 0.506550521875 0.6102402015624999 0.5060627171875 0.6123893812500001 0.50355400625 0.6079646015625 0.4845296171875 0.6056890015625 0.48153310156250007 0.5814159296875 0.4825087109375 0.4596713015625 0.497839721875 0.4453855875 0.5043205578125 0.4591656125 0.5077351921875
1 0.4269279390625 0.48355400625 0.43590391874999995 0.48675958125 0.4657395703125 0.4871080140625 0.60948166875 0.47818815312499996 0.6027812890625001 0.4602787453125 0.598988621875 0.44836236874999996 0.5278128953125 0.46104529687499995 0.43147914062500003 0.4756794421875 0.42629582812500005 0.481045296875 0.4269279390625 0.48355400625
0 0.41441213593750004 0.43498257812499996 0.4121365359375 0.439790940625 0.41327433593749996 0.44362369375000005 0.41757269218750004 0.44745644531249995 0.4353982296875 0.450174215625 0.48280657343750005 0.45073170781250005 0.511378003125 0.4522648078125 0.5706700375 0.4492682921875 0.5906447531250001 0.44627177656250006 0.598103665625 0.43916376250000005 0.598735778125 0.432613240625 0.586346396875 0.4186759578125 0.58419721875 0.4168641109375 0.5804045515625 0.4151219515625 0.57383059375 0.4144947734375 0.4213653609375 0.43324041874999997 0.41441213593750004 0.43498257812499996
2 0.42932996250000005 0.3751916375 0.43312262968750004 0.3841114984375 0.44096080937500004 0.390174215625 0.465486725 0.3972822296875 0.5211125156249999 0.40404181250000004 0.565107459375 0.412613240625 0.583185840625 0.4144250875 0.58647281875 0.41226480781249997 0.585208596875 0.3876655046875 0.5825537296875 0.3841114984375 0.574841971875 0.38090592343749996 0.5243994937500001 0.3787456453125 0.448672565625 0.3787456453125 0.42932996250000005 0.3751916375
2 0.3940581546875 0.3456446 0.391529709375 0.3488501734375 0.396713021875 0.35456445937500003 0.4160556265625 0.3581184671875 0.515676359375 0.367386759375 0.5855878640625 0.3763066203125 0.582932996875 0.34278745625 0.5810366625000001 0.3402787453125 0.5752212390625 0.33958188125 0.524020228125 0.344181184375 0.399873578125 0.3431358890625 0.3940581546875 0.3456446
3 0.4542351453125 0.2779094078125 0.43286978437499996 0.27895470312500004 0.42705436093750004 0.28076655 0.425158028125 0.2832752609375 0.425158028125 0.2864808359375 0.42831858437500003 0.2896864109375 0.48204804062499995 0.294634146875 0.4930467765625 0.297839721875 0.49241466562499997 0.3046689890625 0.48975979843750006 0.308222996875 0.48457648593749997 0.3103135890625 0.471681415625 0.30996515625 0.44968394375000004 0.30641115 0.4257901390625 0.305365853125 0.42250316093749996 0.30641115 0.42250316093749996 0.311777003125 0.4257901390625 0.31602787499999996 0.43805309687499994 0.31923345 0.5796460171875 0.338188153125 0.582300884375 0.337421603125 0.58419721875 0.334564459375 0.5816687734375 0.291777003125 0.5810366625000001 0.288571428125 0.5771175734375 0.283972125 0.572566371875 0.282160278125 0.5493046781250001 0.28041811875 0.4542351453125 0.2779094078125
3 0.4793931734375 0.2058536578125 0.4405815421875 0.1827177703125 0.42895069531249996 0.1795121953125 0.42642225 0.18055749062499998 0.42642225 0.1862717765625 0.4309734515625 0.1944947734375 0.4405815421875 0.20445992968749999 0.45676359062499994 0.21477351875 0.4891276859375 0.22759581875 0.51694058125 0.2418815328125 0.5150442484375 0.24759581874999997 0.5007585328124999 0.245435540625 0.463969659375 0.23156794375 0.4426042984375 0.2216027875 0.433501896875 0.22195121874999998 0.429709228125 0.22369337968749997 0.43034134062499996 0.22836236875 0.4405815421875 0.23763066249999998 0.47231352656250003 0.25470383281250003 0.5079646015625 0.2661324046875 0.5434892546875 0.2750522640625 0.559039190625 0.2757491296875 0.567383059375 0.2747038328125 0.57585335 0.27038327500000003 0.5855878640625 0.2565156796875 0.5865992421875 0.24682926875 0.586219975 0.2418815328125 0.5848293296875 0.2319163765625 0.57585335 0.22585365781250002 0.515676359375 0.21909407656250002 0.4793931734375 0.2058536578125
3 0.6691529703125 0.6824390250000001 0.659924146875 0.679024390625 0.6482933 0.678606271875 0.636662453125 0.679024390625 0.630341340625 0.68202090625 0.6257901390625 0.6888501734375 0.6257901390625 0.6965156796875001 0.62187105 0.7012543546875001 0.6226295828125 0.70641115 0.630341340625 0.7128223 0.66295828125 0.7183972125 0.6940581546875 0.7183972125 0.7281921625 0.7268989546875 0.7677623265625 0.7294773515624999 0.77787610625 0.7268989546875 0.77787610625 0.7243205578125 0.7195954484375 0.7119163765625001 0.706447534375 0.70682926875 0.706447534375 0.7008362375 0.7150442484374999 0.697421603125 0.721997471875 0.6965156796875001 0.7733249046874999 0.7003484328125 0.7817951953125 0.7008362375 0.784070796875 0.6986759578124999 0.7825537296875 0.6960975609375 0.7786346390625 0.6948432062500001 0.6691529703125 0.6824390250000001
2 0.7308470296875 0.6233449484375 0.6972187109375 0.622229965625 0.6610619468750001 0.6186759578125 0.632616940625 0.6215331015625 0.6241466499999999 0.6254355406250001 0.620859671875 0.632961671875 0.622250315625 0.6411149828125 0.6260429828125 0.6429268296874999 0.6428571421875 0.64439024375 0.6745891281249999 0.6450871078125 0.7101137796875 0.643972125 0.755625790625 0.6402787453125 0.7606826796874999 0.6379094078125 0.7573957015625 0.629756096875 0.7528444999999999 0.6272473875 0.7431099875 0.6247386765625 0.7308470296875 0.6233449484375
0 0.8367888750000001 0.6131010453125 0.7266750953125001 0.594216028125 0.6505689 0.5839721250000001 0.636662453125 0.5843902437499999 0.6288242734375 0.587386759375 0.6241466499999999 0.5912195125 0.6241466499999999 0.59721254375 0.617951959375 0.611358884375 0.6419721875 0.618188153125 0.6762326171875 0.61560975625 0.71807838125 0.6169337984375 0.7731984828125 0.6203484328125 0.839823009375 0.6272473875 0.849304678125 0.62675958125 0.851580278125 0.625017421875 0.851580278125 0.6225087109375 0.8469026546875 0.617770034375 0.8367888750000001 0.6131010453125
1 0.8173198484374999 0.5719860625 0.7490518328125 0.5617421609375 0.6869785078125 0.5561672468750001 0.662199746875 0.551010453125 0.6333754734375 0.550174215625 0.627180784375 0.5514982578125001 0.6249051828125001 0.55400696875 0.6217446265625 0.574982578125 0.6310998734375 0.5788153312500001 0.6404551203125 0.5805574906250001 0.692414665625 0.5793031359375 0.8165613140625 0.581393728125 0.8204804046874999 0.581393728125 0.8236409609375 0.5805574906250001 0.8251580281249999 0.5771428578125 0.821997471875 0.5737282234375 0.8173198484374999 0.5719860625
1 0.682048040625 0.5111498265625001 0.655625790625 0.509825784375 0.6447534765625 0.51156794375 0.63704171875 0.515818815625 0.6293299625000001 0.5282229968750001 0.6323640953125 0.5444599296875 0.6393173203125 0.546202090625 0.7798988625 0.547038328125 0.82958280625 0.5453658531250001 0.835777496875 0.5453658531250001 0.8596713015624999 0.5445993031249999 0.8388116312499999 0.5355400703125001 0.7713021484375 0.520557490625 0.682048040625 0.5111498265625001
1 0.8079646015625 0.4604878046875 0.6433628312499999 0.46432055781250003 0.631731984375 0.46689895468750003 0.6255372953125 0.46989547031249995 0.6255372953125 0.48062717812500005 0.631731984375 0.49811846718749997 0.637926675 0.5058536578124999 0.6418457656250001 0.5066898953125001 0.6542351453124999 0.505017421875 0.68533501875 0.5036933796875 0.7992414671875 0.48599303125000004 0.8079646015625 0.48445992968749996 0.815676359375 0.4818815328125 0.8211125156250001 0.4750522640625 0.81807838125 0.46432055781250003 0.8079646015625 0.4604878046875
1 0.6560050562499999 0.42167247343750003 0.641213653125 0.423414634375 0.626548671875 0.429407665625 0.6327433625000001 0.4563066203125 0.6381795203125 0.45804878125000004 0.65372945625 0.4593031359375 0.7343868515625 0.45289198593749996 0.8003792671875001 0.4430662015625 0.805056890625 0.4409059234375 0.8058154234374999 0.4340766546875 0.7988622000000001 0.4289198609375 0.6994943109375 0.42641115 0.6560050562499999 0.42167247343750003
0 0.8031605562499999 0.36731707343750003 0.7821744625 0.36822299687500004 0.7193426046875 0.3763066203125 0.63704171875 0.3844599296875 0.6238938046875 0.3878745640625 0.6161820484375 0.39212543593750004 0.614538559375 0.3972822296875 0.628571428125 0.4126829265625 0.6394437421875 0.42041811874999996 0.6572692796874999 0.42000000000000004 0.688369153125 0.41484320625000004 0.8055625796875001 0.386202090625 0.8101137796875 0.3844599296875 0.8117572687499999 0.3818815328125 0.8101137796875 0.3733101046875 0.8070796453125 0.3690592328125 0.8031605562499999 0.36731707343750003
2 0.7848293296875 0.3429268296875 0.7087231359375 0.35059233437500004 0.67699115 0.34850174218749996 0.6381795203125 0.35282230000000003 0.62730720625 0.3566550515625 0.62503160625 0.362229965625 0.6288242734375 0.37672473906250004 0.6381795203125 0.386620209375 0.647534765625 0.3878745640625 0.6637168140624999 0.387038328125 0.68938053125 0.37672473906250004 0.7467762328124999 0.36731707343750003 0.7988622000000001 0.3566550515625 0.8011378 0.3540766546875 0.8018963343750001 0.3510801390625 0.798103665625 0.3459233453125 0.7902654874999999 0.3429268296875 0.7848293296875 0.3429268296875
2 0.7499367890624999 0.3072473875 0.6276864734375 0.32006968593749996 0.6174462703125 0.32292682968749997 0.6141592921875 0.3282926828125 0.6174462703125 0.3379094078125 0.6225031609375 0.3461324046875 0.6257901390625 0.3475261328125 0.6575221234375 0.34397212499999996 0.7675094812500001 0.3250871078125 0.7700379265625 0.322578396875 0.7687737046875001 0.312961671875 0.7648546140625 0.309756096875 0.7577749687499999 0.30759581874999997 0.7499367890624999 0.3072473875
3 0.6365360296875 0.1753310109375 0.624273071875 0.178188153125 0.6184576484375001 0.18104529687499998 0.614538559375 0.18996515625 0.6171934265625 0.20383275312500002 0.624273071875 0.2117073171875 0.63590391875 0.21421602812499999 0.647534765625 0.21421602812499999 0.6740834390625 0.2117073171875 0.7322376734375 0.211358884375 0.7471555000000001 0.207386759375 0.7490518328125 0.2056446 0.7471555000000001 0.20243902500000002 0.7426042984375 0.2013240421875 0.6637168140624999 0.20027874531249998 0.65663716875 0.1988850171875 0.65663716875 0.19602787500000002 0.6618204796875 0.19317073125 0.68824273125 0.194564459375 0.744374209375 0.194564459375 0.7477876109375 0.1928223 0.7465233875 0.18996515625 0.7426042984375 0.1885017421875 0.6494310999999999 0.17428571406249999 0.6365360296875 0.1753310109375
3 0.696965865625 0.2216027875 0.6857142859375001 0.2248780484375 0.657648546875 0.22397212500000002 0.6383059421875 0.2216027875 0.6307206062499999 0.223414634375 0.6193426046875 0.242439025 0.614538559375 0.263205575 0.6150442484374999 0.27156794375 0.62098609375 0.2739372828125 0.63767383125 0.2727526125 0.6905183312500001 0.26202090624999996 0.7218710500000001 0.2602787453125 0.7395701640625 0.25519163749999996 0.745006321875 0.252195121875 0.7466498109375 0.24808362343749998 0.74336283125 0.242439025 0.7390644749999999 0.24034843281249998 0.7207332484375 0.2433449484375 0.7121365359375 0.24362369374999998 0.7061946906250001 0.2397212546875 0.7067003796875 0.23616724687500001 0.7121365359375 0.23205574843750001 0.73476611875 0.2216027875 0.735777496875 0.21804878125 0.72503160625 0.21331010468749997 0.7152970921875 0.213031359375 0.7072060687499999 0.21512195156249997 0.696965865625 0.2216027875
3 0.6962073328125 0.295818815625 0.6881163078125 0.295818815625 0.6859671296875 0.294634146875 0.6859671296875 0.2904529609375 0.6891276859375 0.28745644531250003 0.7171934265625 0.282439025 0.7290771171875 0.27797909375 0.727433628125 0.27289198593749997 0.72098609375 0.2693379796875 0.6255372953125 0.2765156796875 0.6131479140625 0.27916376249999997 0.6072060687499999 0.282996515625 0.6072060687499999 0.28745644531250003 0.6121365359375 0.2937282234375 0.6088495578125 0.2990940765625 0.611504425 0.31003484375 0.61694058125 0.31602787499999996 0.6255372953125 0.3174912890625 0.6530973453125 0.314216028125 0.736788875 0.2990940765625 0.739823009375 0.295818815625 0.7355246515625 0.2907317078125 0.7312262953124999 0.289825784375 0.72528445 0.289825784375 0.6962073328125 0.295818815625