3 0.21993031406250002 0.424020228125 0.21456445937500002 0.424020228125 0.2124738671875 0.4327433625 0.22675958125 0.47041719375 0.25554007031250003 0.5242730718749999 0.2627177703125 0.5184576484375001 0.27045296093750004 0.5189633375 0.2793031359375 0.5249051828125 0.283205575 0.525410871875 0.29449477343749997 0.5151706703125 0.2974912890625 0.50657395625 0.29804878125 0.49633375468749996 0.28139372812499996 0.46232616875000004 0.25881533125 0.40796460156250003 0.2519860625 0.3954487984375 0.24306620156249997 0.39228824218749997 0.24069686406250002 0.394943109375 0.2401393734375 0.40202275624999995 0.24397212499999998 0.41327433593749996 0.259442509375 0.4408343875 0.26682926875 0.4661188375 0.26864111562500004 0.48015170625000003 0.2674564453125 0.48280657343750005 0.26181184687500003 0.48280657343750005 0.23686411093749998 0.4580278125 0.23358885 0.44399494375000004 0.2261324046875 0.430594184375 0.21993031406250002 0.424020228125
0 0.42006968593750005 0.3308470296875 0.41665505156249993 0.3308470296875 0.41240418125 0.3340075859375 0.40857142812499997 0.3634639703125 0.409825784375 0.431731984375 0.41282230000000003 0.4667509484375 0.42048780468749997 0.5024020234375 0.43003484375 0.501264221875 0.43379790937499996 0.50088495625 0.4358885015625 0.49772439999999996 0.434216028125 0.44108723124999993 0.42522648125 0.3471555 0.42006968593750005 0.3308470296875
1 0.45693379843750004 0.35613147968750003 0.4495470390625 0.37496839375 0.441811846875 0.4833122625 0.44627177656250006 0.502149178125 0.44919860624999997 0.5075853343750001 0.4609059234375 0.508470290625 0.4646689890625 0.5087231359375 0.4622996515625 0.45158027812499996 0.4641114984375 0.35448799062499997 0.46083623749999997 0.35183312187500004 0.45693379843750004 0.35613147968750003
1 0.4866898953125 0.35764854687500003 0.48445992968749996 0.35992414687499996 0.48055749062500003 0.3729456390625 0.47609756093750005 0.402149178125 0.468641115625 0.5098609359374999 0.48522648124999995 0.5074589125 0.48947735156250005 0.5067003796875 0.4909407671875 0.5054361562499999 0.49142857187500005 0.37155499375 0.4896864109375 0.359039190625 0.4866898953125 0.35764854687500003
1 0.5128919859375001 0.36093552500000003 0.5077351921875 0.37471555 0.50195121875 0.415929203125 0.49616724687499997 0.50720606875 0.51637630625 0.5056890015625 0.5178397218749999 0.5046776234375 0.5193031359375 0.5016434890625 0.5190940765625001 0.4911504421875 0.5143554 0.3668773703125 0.5128919859375001 0.36093552500000003
1 0.5368641109375 0.35259165625 0.535400696875 0.35448799062499997 0.5324738671875 0.36953223749999997 0.5217421609375 0.49974715625000005 0.5219512187500001 0.5046776234375 0.5252961671875 0.506447534375 0.543205575 0.5050568906249999 0.5457142859374999 0.5039190890625 0.5477351921875 0.4986093546875 0.5416027875 0.362073325 0.5397212546875 0.35448799062499997 0.5368641109375 0.35259165625
3 0.7827177703125 0.6517067 0.7880836234374999 0.5914032875 0.7862717765625 0.5795195953125 0.78362369375 0.5740834390625 0.7785365859375 0.57357775 0.762229965625 0.5616940578125 0.7535888500000001 0.565486725 0.7491289203125 0.5719342609375 0.7441114984375 0.6005056890625 0.7422996515625 0.636030340625 0.742578396875 0.693805309375 0.747038328125 0.7121365359375 0.7514982578125 0.7217446265625 0.754216028125 0.717951959375 0.756585365625 0.67699115 0.7598606265625001 0.6603034140624999 0.7666898953125 0.6528444999999999 0.762439025 0.6925410875 0.762229965625 0.7072060687499999 0.769616725 0.70834386875 0.77324041875 0.705056890625 0.7752613234375 0.69911504375 0.7827177703125 0.6517067
3 0.7447386765624999 0.5666245265625001 0.7420905921875 0.550442478125 0.7376306625 0.546144121875 0.7310801390624999 0.5445006328125 0.7242508703125 0.5482933 0.7171428578125 0.5413400765625 0.703763065625 0.547281921875 0.70076655 0.5537294562499999 0.6993031359375 0.5677623265625 0.70641115 0.635651075 0.70759581875 0.6728192156249999 0.7123344953124999 0.7164348921875 0.7266202093749999 0.740202275 0.7278048781249999 0.7375474078125 0.7195121953125 0.6906447531250001 0.7177003484375 0.66637168125 0.7212543546875 0.6480404546874999 0.7266202093749999 0.6594184578125 0.7325435546875 0.689506953125 0.7423693375 0.7294563843749999 0.745365853125 0.7304677625 0.7471080140625 0.7278128953125 0.7465505218749999 0.7089759796874999 0.7367247390625 0.6372945640625 0.7447386765624999 0.5666245265625001
3 0.6723344953125 0.7034134 0.6742857140625 0.6558786343749999 0.676794425 0.6509481671875 0.679024390625 0.650442478125 0.680209059375 0.651327434375 0.6806968640625 0.656763590625 0.6817421609375 0.6940581546875 0.683205575 0.702149178125 0.685435540625 0.705309734375 0.6878745640624999 0.705309734375 0.6908710796875 0.7007585328125 0.6921254359375 0.691782553125 0.6950522640625 0.611378003125 0.695818815625 0.5637168140625 0.6940766546875 0.554740834375 0.6911498265625 0.5517067 0.6601393734375 0.5498103671875 0.6586759578125 0.5606826796875 0.659442509375 0.5929203546874999 0.663972125 0.6988622 0.66439024375 0.704424778125 0.66515679375 0.7088495578125 0.66759581875 0.711504425 0.6701045296875 0.7111251578125 0.6723344953125 0.7034134
2 0.655818815625 0.6776232609374999 0.6599999999999999 0.5606826796875 0.6582578390625 0.554740834375 0.6377003484375 0.554740834375 0.6308710796875 0.5585335015624999 0.63804878125 0.7056890015625 0.6388850171875 0.7089759796874999 0.64041811875 0.7132743359375 0.6456446 0.7174462703125 0.6522648078125 0.711378003125 0.655818815625 0.6776232609374999
2 0.63156794375 0.7183312265625 0.63400696875 0.702149178125 0.6342857140625 0.684323640625 0.6319163765625 0.5776232609374999 0.6289198609375 0.554993678125 0.6229965156249999 0.549557521875 0.6170731703125 0.5490518328125 0.606968640625 0.5554993671874999 0.606620209375 0.5614412140625 0.6190940765625 0.7171934265625 0.6177003484375 0.7304677625 0.61644599375 0.736662453125 0.6152613234375 0.7436156765625 0.61644599375 0.7447534765625 0.6271777000000001 0.72958280625 0.63156794375 0.7183312265625
0 0.6104529609375 0.69911504375 0.605435540625 0.624020228125 0.605435540625 0.5561314796875 0.6018815328125 0.548419721875 0.5786759578125 0.5477876109375 0.575818815625 0.551580278125 0.5754703828125 0.5594184578125 0.5772822296875 0.6013906453125 0.5815331015625 0.6343868515625 0.5947038328125 0.7068268015625 0.6022299656250001 0.7638432359375 0.602578396875 0.7676359046875 0.6040418125 0.769658659375 0.6079442515625 0.769658659375 0.6111498265625 0.7624525921875 0.6104529609375 0.69911504375
1 0.5719163765624999 0.736662453125 0.5744250875 0.6175726921875 0.572613240625 0.592414665625 0.572613240625 0.553603034375 0.569407665625 0.5471555 0.56515679375 0.54513274375 0.5537282234375 0.54513274375 0.54836236875 0.5465233875 0.5469686406250001 0.57357775 0.5523344953125 0.6299620734375 0.5569337984375 0.6964601765625 0.5626480843749999 0.7437420984374999 0.5633449484375 0.7470290765625001 0.5658536578125 0.749557521875 0.5687108015625 0.749557521875 0.5712195125 0.7470290765625001 0.5719163765624999 0.736662453125
1 0.5473867593749999 0.6997471562500001 0.5476655046875 0.642098609375 0.5429268296875 0.5871049296875 0.543205575 0.5509481671875001 0.54202090625 0.5434892546875 0.5319163765625 0.5375474078125 0.5144250875 0.5380530968749999 0.5111498265625001 0.5413400765625 0.5096864109375 0.5542351453125 0.512613240625 0.6151706703125 0.519790940625 0.6749683937500001 0.525435540625 0.70088495625 0.5351916375 0.7697850828125 0.5355400703125001 0.7720606828125 0.537003484375 0.7773704171875 0.5396515671875 0.7785082171875 0.54202090625 0.763337546875 0.5473867593749999 0.6997471562500001
1 0.497560975 0.7173198484375 0.507386759375 0.555878634375 0.5061324046875 0.5404551203125 0.48731707343749997 0.5395701640625 0.476585365625 0.5419721875 0.47400696875000004 0.548166878125 0.4727526125 0.5644753484375 0.47358884999999995 0.6257901390625 0.4771428578125 0.7548672562500001 0.47700348437500006 0.76232616875 0.4791637625 0.76864728125 0.483414634375 0.7677623265625 0.4903135890625 0.76232616875 0.497560975 0.7173198484375
1 0.46787456406250005 0.6824273078124999 0.47087107968749997 0.601011378125 0.4687108015625 0.5466498109375 0.46355400625 0.541213653125 0.4447386765625 0.5434892546875 0.442229965625 0.5496839437500001 0.4430662015625 0.6235145390625 0.4464808359375 0.6762326171875 0.4434843203125 0.6902654874999999 0.4468989546875 0.6964601765625 0.448641115625 0.7197218703125 0.4460627171875 0.7577749687499999 0.44905923281250004 0.7585335015625 0.4533101046875 0.7577749687499999 0.4584668984375 0.750695321875 0.4601393734375 0.745259165625 0.46787456406250005 0.6824273078124999
0 0.4182578390625 0.7238938046875 0.4243205578125 0.6941845765625 0.4360975609375 0.587484196875 0.43540069687500005 0.559039190625 0.43358885 0.5532237671875 0.41080139375 0.5467762328125 0.40682926875 0.551833121875 0.40508710781249996 0.57383059375 0.40006968593750003 0.7155499375 0.40083623749999997 0.721997471875 0.40404181250000004 0.7278128953125 0.40864111562499994 0.7290771171875 0.41400696875 0.7284450062500001 0.4182578390625 0.7238938046875
2 0.38439024375 0.7178255375 0.399024390625 0.6343868515625 0.40829268281250003 0.57357775 0.40404181250000004 0.5561314796875 0.3933101046875 0.5471555 0.379442509375 0.5438685203125 0.372961671875 0.551580278125 0.3712195125 0.57041719375 0.36731707343750003 0.7132743359375 0.36766550468750003 0.7184576484375 0.369407665625 0.72503160625 0.3737282234375 0.726295828125 0.382229965625 0.7223767390625 0.38439024375 0.7178255375
3 0.3379094078125 0.6469026546875 0.3417421609375 0.6431099875 0.3464808359375 0.646144121875 0.348153309375 0.6500632109375 0.3404878046875 0.6943109984375 0.33958188125 0.7175726921875001 0.3417421609375 0.7198482937499999 0.3464808359375 0.719089759375 0.35073170781249996 0.711378003125 0.3691289203125 0.59342604375 0.3691289203125 0.5584070796875 0.36439024375 0.55145385625 0.3498954703125 0.5429835656249999 0.33958188125 0.5467762328125 0.33358885 0.557648546875 0.32034843281250003 0.708217446875 0.32076655 0.7121365359375 0.3220905921875 0.7168141593749999 0.324181184375 0.7175726921875001 0.3293379796875 0.711378003125 0.3379094078125 0.6469026546875
3 0.3295470390625 0.5925410875 0.33240418125 0.560176990625 0.3298954703125 0.5498103671875 0.31637630625 0.542098609375 0.303205575 0.545259165625 0.2839024390625 0.5568900125 0.2793031359375 0.5653603031250001 0.2793031359375 0.58533501875 0.281045296875 0.614538559375 0.2803484328125 0.6351453859375 0.2760975609375 0.647534765625 0.2707317078125 0.6965866000000001 0.2693379796875 0.72503160625 0.27038327500000003 0.7353982296875 0.28745644531250003 0.66750948125 0.2924738671875 0.6571428578125 0.29533101093749997 0.65777496875 0.29672473906249996 0.66232616875 0.29637630625 0.66750948125 0.2839024390625 0.7173198484375 0.2839024390625 0.72503160625 0.2860627171875 0.7276864734374999 0.28996515624999997 0.7276864734374999 0.29958188125 0.7185840703124999 0.3295470390625 0.5925410875
3 0.27484320625 0.7037926671875 0.277003484375 0.6721871046875 0.27665505156250003 0.624273071875 0.2777003484375 0.5790139062499999 0.2752613234375 0.57383059375 0.27094076718750004 0.5719342609375 0.2463414640625 0.57699115 0.2381184671875 0.5828065734375001 0.23491289218750003 0.601011378125 0.2338675953125 0.642983565625 0.2252961671875 0.70834386875 0.2271080140625 0.7141592921875 0.229616725 0.7160556265625 0.23533101093750003 0.7154235140625 0.237770034375 0.7122629578125 0.2449477359375 0.6786346390625 0.24738675937500001 0.6721871046875 0.25344947812499996 0.668268015625 0.25526132343749997 0.6689001265625001 0.257421603125 0.6740834390625 0.2581184671875 0.704424778125 0.2584668984375 0.7070796453125 0.26202090624999996 0.7141592921875 0.26808362343750003 0.7160556265625 0.2727526125 0.711630846875 0.27484320625 0.7037926671875
3 0.29156794375 0.4338811625 0.295400696875 0.4431099875 0.3080836234375 0.4408343875 0.30982578437499997 0.4308470296875 0.30641115 0.4078381796875 0.2937282234375 0.346396965625 0.2924738671875 0.344121365625 0.28822299687499997 0.3424778765625 0.28355400625 0.3532237671875 0.283972125 0.3678887484375 0.29156794375 0.4338811625
2 0.338606271875 0.42932996250000005 0.3423693375 0.43236409531250003 0.349616725 0.4308470296875 0.35337979062499997 0.41542351406250005 0.35721254375 0.348672565625 0.35637630625 0.3394437421875 0.3512891984375 0.3371681421875 0.345365853125 0.338685209375 0.3441114984375 0.3394437421875 0.339442509375 0.36396965937500003 0.339442509375 0.3931731984375 0.3368641109375 0.41630847031249996 0.338606271875 0.42932996250000005
2 0.3803484328125 0.4384323640625 0.3864808359375 0.4384323640625 0.39560975625 0.434639696875 0.3970731703125 0.4213653609375 0.39560975625 0.393552465625 0.39560975625 0.362199746875 0.39177700312499997 0.3477876109375 0.3847386765625 0.3434892546875 0.3832752609375 0.342983565625 0.37797909375 0.3658659921875 0.37679442500000004 0.40379266718749995 0.377351915625 0.4288242734375 0.3803484328125 0.4384323640625