3 0.7747038328125 0.5050568906249999 0.7754703828125 0.4996207328125 0.772961671875 0.4902654875 0.7635540062499999 0.4793931734375 0.745783971875 0.4130214921875 0.7445296171875 0.38824273125 0.7360975609375 0.37079646093749996 0.7328919859374999 0.3699115046875 0.7289198609375 0.37079646093749996 0.7225087109375 0.3774968390625 0.708153309375 0.3977244 0.7061324046874999 0.40581542343750004 0.7059233453125 0.4151706703125 0.7078745640624999 0.444374209375 0.7380487812500001 0.514538559375 0.7462717765625 0.541845765625 0.7507317078125 0.5405815421875 0.7536585359375 0.536915296875 0.7549128921875 0.530594184375 0.752195121875 0.5197218703125001 0.7388850171875 0.49102402031250003 0.7335888500000001 0.47319848281250004 0.7321254359375 0.454740834375 0.73484320625 0.4529709234375 0.7598606265625001 0.5015170671875 0.7747038328125 0.5050568906249999
2 0.6337979093749999 0.41744627031250003 0.63358885 0.4327433625 0.6444599296875 0.5154235140625001 0.6568641109375 0.5678887484375 0.6647386765625 0.574589128125 0.6662717765624999 0.5724399499999999 0.66675958125 0.5597977249999999 0.66278745625 0.5288242734375 0.65881533125 0.445259165625 0.6442508703125001 0.4151706703125 0.6425087109375001 0.413906446875 0.6355400703125 0.4151706703125 0.6337979093749999 0.41744627031250003
2 0.6058536578125 0.4529709234375 0.6137282234375 0.4960809109375 0.6268989546875 0.5575221234375001 0.629825784375 0.5647281921875 0.635818815625 0.5687737046875 0.6372822296875 0.5661188375 0.6382578390625 0.5585335015624999 0.635818815625 0.5270543609375 0.631358884375 0.49557522187499997 0.628641115625 0.45107458906250003 0.620209059375 0.42553729531249995 0.6087804875 0.41163084687499996 0.6058536578125 0.41163084687499996 0.6048780484375 0.413906446875 0.6058536578125 0.4529709234375
0 0.5697560968750001 0.43501896406249996 0.57240418125 0.4764854609375 0.5798606265624999 0.5562579015625 0.5905226484375 0.6144121359375 0.5935191640624999 0.61871049375 0.597351915625 0.61871049375 0.6000696859375 0.6165613140625 0.6012543546875 0.6101137796875 0.6015331015625 0.584323640625 0.5991637625 0.539190896875 0.5993728218750001 0.4269279390625 0.5977003484375001 0.413906446875 0.5959581875 0.4111251578125 0.5801393734375 0.4034134 0.5756794421875 0.40366624531250006 0.5712195125 0.40960809062500003 0.5697560968750001 0.43501896406249996
1 0.5418815328125001 0.4426042984375 0.561811846875 0.5994943109374999 0.56599303125 0.5946902656249999 0.5689198609375 0.5844500625 0.5698257843750001 0.563969659375 0.565365853125 0.47281921562499996 0.5662717765624999 0.44323640937500003 0.565365853125 0.4022756 0.562439025 0.3963337546875 0.5463414640625001 0.39279393125 0.54278745625 0.3930467765625 0.5406968640625001 0.3941845765625 0.5418815328125001 0.4426042984375
1 0.5344250875000001 0.563084703125 0.5373519156250001 0.56523388125 0.540627178125 0.5625790140625 0.5418118468750001 0.554487990625 0.5397212546875 0.5027812890625001 0.536794425 0.47041719375 0.53560975625 0.420859671875 0.5361672468750001 0.40202275624999995 0.5305226484375 0.403034134375 0.5196515671874999 0.40063211093750006 0.5119860625 0.39974715625 0.5293379796875 0.5410872312499999 0.5344250875000001 0.563084703125
1 0.497839721875 0.5403286984375 0.5043205578125 0.5546144125 0.5077351921875 0.5408343875 0.506550521875 0.39292035468750003 0.5060627171875 0.38975979843749997 0.50355400625 0.38761061875 0.4845296171875 0.3920353984375 0.48153310156250007 0.3943109984375 0.4825087109375 0.4185840703125 0.497839721875 0.5403286984375
1 0.4756794421875 0.568520859375 0.481045296875 0.573704171875 0.48355400625 0.5730720609375 0.48675958125 0.56409608125 0.4871080140625 0.5342604296875 0.47818815312499996 0.39051833125 0.4602787453125 0.3972187109375 0.44836236874999996 0.40101137812500004 0.46104529687499995 0.4721871046875 0.4756794421875 0.568520859375
0 0.4144947734375 0.42616940625 0.43324041874999997 0.5786346390625 0.43498257812499996 0.5855878640625 0.439790940625 0.5878634640625 0.44362369375000005 0.5867256640625 0.44745644531249995 0.5824273078125 0.450174215625 0.5646017703124999 0.45073170781250005 0.5171934265625 0.4522648078125 0.48862199687499996 0.4492682921875 0.42932996250000005 0.44627177656250006 0.40935524687499997 0.43916376250000005 0.40189633437500005 0.432613240625 0.401264221875 0.4186759578125 0.41365360312500005 0.4168641109375 0.41580278125000003 0.4151219515625 0.4195954484375 0.4144947734375 0.42616940625
2 0.3787456453125 0.47560050625 0.3787456453125 0.551327434375 0.3751916375 0.5706700375 0.3841114984375 0.5668773703125 0.390174215625 0.559039190625 0.3972822296875 0.534513275 0.40404181250000004 0.47888748437500006 0.412613240625 0.43489254062500005 0.4144250875 0.416814159375 0.41226480781249997 0.41352718125 0.3876655046875 0.414791403125 0.3841114984375 0.41744627031250003 0.38090592343749996 0.425158028125 0.3787456453125 0.47560050625
2 0.344181184375 0.47597977187499996 0.3431358890625 0.600126421875 0.3456446 0.6059418453125 0.3488501734375 0.608470290625 0.35456445937500003 0.603286978125 0.3581184671875 0.5839443734375 0.367386759375 0.484323640625 0.3763066203125 0.41441213593750004 0.34278745625 0.417067003125 0.3402787453125 0.4189633375 0.33958188125 0.4247787609375 0.344181184375 0.47597977187499996
3 0.282160278125 0.427433628125 0.28041811875 0.45069532187499994 0.2779094078125 0.5457648546875 0.27895470312500004 0.567130215625 0.28076655 0.5729456390625 0.2832752609375 0.574841971875 0.2864808359375 0.574841971875 0.2896864109375 0.571681415625 0.294634146875 0.517951959375 0.297839721875 0.5069532234375 0.3046689890625 0.5075853343750001 0.308222996875 0.5102402015624999 0.3103135890625 0.5154235140625001 0.30996515625 0.528318584375 0.30641115 0.55031605625 0.305365853125 0.5742098609374999 0.30641115 0.5774968390625 0.311777003125 0.5774968390625 0.31602787499999996 0.5742098609374999 0.31923345 0.5619469031250001 0.338188153125 0.42035398281249997 0.337421603125 0.41769911562499995 0.334564459375 0.41580278125000003 0.291777003125 0.4183312265625 0.288571428125 0.4189633375 0.283972125 0.42288242656249997 0.282160278125 0.427433628125
3 0.22585365781250002 0.42414664999999996 0.21909407656250002 0.484323640625 0.2058536578125 0.5206068265625 0.1827177703125 0.5594184578125 0.1795121953125 0.5710493046875 0.18055749062499998 0.57357775 0.1862717765625 0.57357775 0.1944947734375 0.5690265484375 0.20445992968749999 0.5594184578125 0.21477351875 0.5432364093750001 0.22759581875 0.5108723140625 0.2418815328125 0.48305941875 0.24759581874999997 0.48495575156250004 0.245435540625 0.4992414671875 0.23156794375 0.536030340625 0.2216027875 0.5573957015625 0.22195121874999998 0.566498103125 0.22369337968749997 0.570290771875 0.22836236875 0.569658659375 0.23763066249999998 0.5594184578125 0.25470383281250003 0.5276864734375 0.2661324046875 0.4920353984375 0.2750522640625 0.4565107453125 0.2757491296875 0.44096080937500004 0.2747038328125 0.432616940625 0.27038327500000003 0.42414664999999996 0.2565156796875 0.41441213593750004 0.24682926875 0.41340075781249996 0.2418815328125 0.413780025 0.2319163765625 0.4151706703125 0.22585365781250002 0.42414664999999996
3 0.6960975609375 0.21744627031250002 0.6948432062500001 0.2213653609375 0.6824390250000001 0.3308470296875 0.679024390625 0.340075853125 0.678606271875 0.3517067 0.679024390625 0.36333754687500003 0.68202090625 0.36965865937500003 0.6888501734375 0.3742098609375 0.6965156796875001 0.3742098609375 0.7012543546875001 0.37812895 0.70641115 0.3773704171875 0.7128223 0.36965865937500003 0.7183972125 0.33704171875 0.7183972125 0.3059418453125 0.7268989546875 0.27180783750000004 0.7294773515624999 0.23223767343750001 0.7268989546875 0.22212389375 0.7243205578125 0.22212389375 0.7119163765625001 0.2804045515625 0.70682926875 0.29355246562500004 0.7008362375 0.29355246562500004 0.697421603125 0.28495575156249997 0.6965156796875001 0.278002528125 0.7003484328125 0.2266750953125 0.7008362375 0.21820480468749998 0.6986759578124999 0.21592920312500002 0.6960975609375 0.21744627031250002
2 0.6272473875 0.2471555 0.6247386765625 0.2568900125 0.6233449484375 0.2691529703125 0.622229965625 0.3027812890625 0.6186759578125 0.338938053125 0.6215331015625 0.367383059375 0.6254355406250001 0.37585335 0.632961671875 0.379140328125 0.6411149828125 0.377749684375 0.6429268296874999 0.3739570171875 0.64439024375 0.3571428578125 0.6450871078125 0.325410871875 0.643972125 0.2898862203125 0.6402787453125 0.244374209375 0.6379094078125 0.2393173203125 0.629756096875 0.2426042984375 0.6272473875 0.2471555
0 0.6225087109375 0.14841972187500002 0.617770034375 0.15309734531250002 0.6131010453125 0.16321112499999998 0.594216028125 0.27332490468750004 0.5839721250000001 0.3494311 0.5843902437499999 0.36333754687500003 0.587386759375 0.37117572656250003 0.5912195125 0.37585335 0.59721254375 0.37585335 0.611358884375 0.38204804062500003 0.618188153125 0.3580278125 0.61560975625 0.3237673828125 0.6169337984375 0.28192161875 0.6203484328125 0.22680151718750002 0.6272473875 0.160176990625 0.62675958125 0.150695321875 0.625017421875 0.14841972187500002 0.6225087109375 0.14841972187500002
1 0.5771428578125 0.174841971875 0.5737282234375 0.178002528125 0.5719860625 0.1826801515625 0.5617421609375 0.2509481671875 0.5561672468750001 0.3130214921875 0.551010453125 0.337800253125 0.550174215625 0.3666245265625 0.5514982578125001 0.372819215625 0.55400696875 0.37509481718750004 0.574982578125 0.3782553734375 0.5788153312500001 0.3689001265625 0.5805574906250001 0.3595448796875 0.5793031359375 0.307585334375 0.581393728125 0.18343868593749998 0.581393728125 0.1795195953125 0.5805574906250001 0.1763590390625 0.5771428578125 0.174841971875
1 0.5355400703125001 0.16118836875 0.520557490625 0.2286978515625 0.5111498265625001 0.317951959375 0.509825784375 0.344374209375 0.51156794375 0.3552465234375 0.515818815625 0.36295828124999996 0.5282229968750001 0.3706700375 0.5444599296875 0.3676359046875 0.546202090625 0.3606826796875 0.547038328125 0.22010113750000002 0.5453658531250001 0.17041719375 0.5453658531250001 0.164222503125 0.5445993031249999 0.1403286984375 0.5355400703125001 0.16118836875
1 0.4750522640625 0.178887484375 0.46432055781250003 0.18192161874999999 0.4604878046875 0.1920353984375 0.46432055781250003 0.35663716875 0.46689895468750003 0.368268015625 0.46989547031249995 0.3744627046875 0.48062717812500005 0.3744627046875 0.49811846718749997 0.368268015625 0.5058536578124999 0.362073325 0.5066898953125001 0.358154234375 0.505017421875 0.34576485468749996 0.5036933796875 0.31466498125000003 0.48599303125000004 0.20075853281249997 0.48445992968749996 0.1920353984375 0.4818815328125 0.184323640625 0.4750522640625 0.178887484375
1 0.4289198609375 0.2011378 0.42641115 0.3005056890625 0.42167247343750003 0.34399494375 0.423414634375 0.358786346875 0.429407665625 0.373451328125 0.4563066203125 0.36725663750000004 0.45804878125000004 0.36182047968750003 0.4593031359375 0.34627054375 0.45289198593749996 0.2656131484375 0.4430662015625 0.19962073281249998 0.4409059234375 0.19494310937499998 0.4340766546875 0.19418457656250002 0.4289198609375 0.2011378
0 0.3733101046875 0.1898862203125 0.3690592328125 0.1929203546875 0.36731707343750003 0.19683944375 0.36822299687500004 0.2178255375 0.3763066203125 0.2806573953125 0.3844599296875 0.36295828124999996 0.3878745640625 0.3761061953125 0.39212543593750004 0.3838179515625 0.3972822296875 0.385461440625 0.4126829265625 0.371428571875 0.42041811874999996 0.3605562578125 0.42000000000000004 0.34273072031249996 0.41484320625000004 0.311630846875 0.386202090625 0.1944374203125 0.3844599296875 0.1898862203125 0.3818815328125 0.18824273125 0.3733101046875 0.1898862203125
2 0.3459233453125 0.201896334375 0.3429268296875 0.2097345125 0.3429268296875 0.21517067031249998 0.35059233437500004 0.2912768640625 0.34850174218749996 0.32300885 0.35282230000000003 0.36182047968750003 0.3566550515625 0.37269279375000003 0.362229965625 0.37496839375 0.37672473906250004 0.37117572656250003 0.386620209375 0.36182047968750003 0.3878745640625 0.352465234375 0.387038328125 0.3362831859375 0.37672473906250004 0.31061946875 0.36731707343750003 0.2532237671875 0.3566550515625 0.2011378 0.3540766546875 0.1988622 0.3510801390625 0.19810366562499998 0.3459233453125 0.201896334375
2 0.309756096875 0.23514538593749998 0.30759581874999997 0.24222503125 0.3072473875 0.2500632109375 0.32006968593749996 0.3723135265625 0.32292682968749997 0.3825537296875 0.3282926828125 0.3858407078125 0.3379094078125 0.3825537296875 0.3461324046875 0.3774968390625 0.3475261328125 0.3742098609375 0.34397212499999996 0.3424778765625 0.3250871078125 0.23249051875 0.322578396875 0.2299620734375 0.312961671875 0.2312262953125 0.309756096875 0.23514538593749998
3 0.1885017421875 0.2573957015625 0.17428571406249999 0.35056889999999996 0.1753310109375 0.3634639703125 0.178188153125 0.375726928125 0.18104529687499998 0.3815423515625 0.18996515625 0.385461440625 0.20383275312500002 0.3828065734375 0.2117073171875 0.375726928125 0.21421602812499999 0.36409608125 0.21421602812499999 0.352465234375 0.2117073171875 0.3259165609375 0.211358884375 0.2677623265625 0.207386759375 0.2528445 0.2056446 0.2509481671875 0.20243902500000002 0.2528445 0.2013240421875 0.2573957015625 0.20027874531249998 0.3362831859375 0.1988850171875 0.34336283125 0.19602787500000002 0.34336283125 0.19317073125 0.3381795203125 0.194564459375 0.31175726875 0.194564459375 0.255625790625 0.1928223 0.2522123890625 0.18996515625 0.2534766125 0.1885017421875 0.2573957015625
3 0.213031359375 0.28470290781249996 0.21512195156249997 0.29279393125 0.2216027875 0.303034134375 0.2248780484375 0.3142857140625 0.22397212500000002 0.342351453125 0.2216027875 0.36169405781249997 0.223414634375 0.36927939374999996 0.242439025 0.3806573953125 0.263205575 0.385461440625 0.27156794375 0.3849557515625 0.2739372828125 0.37901390625000003 0.2727526125 0.36232616875 0.26202090624999996 0.30948166875 0.2602787453125 0.27812895000000004 0.25519163749999996 0.2604298359375 0.252195121875 0.254993678125 0.24808362343749998 0.2533501890625 0.242439025 0.25663716875000003 0.24034843281249998 0.260935525 0.2433449484375 0.27926675156249997 0.24362369374999998 0.2878634640625 0.2397212546875 0.293805309375 0.23616724687500001 0.2932996203125 0.23205574843750001 0.2878634640625 0.2216027875 0.26523388125 0.21804878125 0.264222503125 0.21331010468749997 0.27496839375 0.213031359375 0.28470290781249996
3 0.289825784375 0.2687737046875 0.289825784375 0.27471555 0.295818815625 0.30379266718750003 0.295818815625 0.3118836921875 0.294634146875 0.3140328703125 0.2904529609375 0.3140328703125 0.28745644531250003 0.3108723140625 0.282439025 0.2828065734375 0.27797909375 0.2709228828125 0.27289198593749997 0.272566371875 0.2693379796875 0.27901390625 0.2765156796875 0.3744627046875 0.27916376249999997 0.3868520859375 0.282996515625 0.39279393125 0.28745644531250003 0.39279393125 0.2937282234375 0.3878634640625 0.2990940765625 0.3911504421875 0.31003484375 0.388495575 0.31602787499999996 0.38305941875 0.3174912890625 0.3744627046875 0.314216028125 0.3469026546875 0.2990940765625 0.263211125 0.295818815625 0.260176990625 0.2907317078125 0.2644753484375 0.289825784375 0.2687737046875