3 0.7857142859375 0.6458912765625 0.7894773515625 0.648166878125 0.7921951218750001 0.647281921875 0.7849477359375 0.62326169375 0.754216028125 0.56927939375 0.7474564453125 0.5410872312499999 0.7449477359375 0.52300885 0.7384668984375 0.508470290625 0.7307317078125 0.502149178125 0.719442509375 0.501264221875 0.713449478125 0.523388115625 0.7032055749999999 0.5193426046875 0.693449478125 0.52300885 0.6914285718750001 0.5329962078125 0.6924738671874999 0.548419721875 0.6969337984374999 0.561061946875 0.7159581875 0.5964601765624999 0.7337282234375 0.638685209375 0.7454355406250001 0.660809103125 0.7487108015625 0.6635903921875 0.7537282234375 0.660809103125 0.7551916375000001 0.6558786343749999 0.7534494781250001 0.6458912765625 0.7381881531250001 0.605056890625 0.738954703125 0.597850821875 0.7417421609375 0.597850821875 0.7559581875 0.609228825 0.7857142859375 0.6458912765625
3 0.706550521875 0.680910240625 0.71156794375 0.6824273078124999 0.71324041875 0.680910240625 0.7136585359375001 0.675726928125 0.7090592328125 0.6446270546874999 0.69721254375 0.60088495625 0.6947038328125 0.5657395703125 0.6953310109374999 0.5490518328125 0.6894773515625 0.5321112515624999 0.6790940765625 0.5242730718749999 0.671846690625 0.5223767390625 0.6628571421875 0.5405815421875 0.6527526124999999 0.5327433625 0.643414634375 0.5327433625 0.6416027875 0.5393173203125 0.6416027875 0.557016434375 0.6510104531249999 0.589633375 0.6646689890624999 0.665360303125 0.6733101046875001 0.689506953125 0.679790940625 0.6973451328125 0.683763065625 0.6967130218750001 0.6848083625 0.6921618203125 0.6834146343749999 0.6783817953125 0.675818815625 0.636662453125 0.6751219515625 0.6216182046875 0.6776306625 0.6189633375 0.6804878046875 0.6189633375 0.682648084375 0.619974715625 0.690174215625 0.63362831875 0.706550521875 0.680910240625
2 0.61560975625 0.5460176984375 0.6143554 0.555625790625 0.6108710796875 0.561061946875 0.609616725 0.567383059375 0.6108710796875 0.5754740828125 0.6163763062500001 0.5814159296875 0.6220905921875 0.5959544875 0.630592334375 0.6394437421875 0.64682926875 0.68305941875 0.6568641109375 0.70025284375 0.6655749125 0.7048040453125 0.6663414640624999 0.6993678890624999 0.648571428125 0.6249051828125001 0.6448780484375 0.5908975984375 0.6430662015624999 0.5565107453125 0.638606271875 0.5482933 0.6258536578125 0.5446270546875 0.6228571421875 0.54513274375 0.61958188125 0.5442477875 0.61560975625 0.5460176984375
2 0.594564459375 0.5605562578125001 0.5896167250000001 0.5573957015625 0.5858536578125 0.573704171875 0.5820905921875 0.5773704171875 0.5811149828125 0.582300884375 0.5816027874999999 0.587357775 0.6023693375 0.6445006328125 0.6140766546875 0.6839443734375 0.625365853125 0.7025284453125 0.6321254359374999 0.703034134375 0.6351219515625 0.6984829328125 0.614564459375 0.6027812890625001 0.6105923343749999 0.568268015625 0.6101045296875001 0.5656131484375 0.6078745640625 0.5633375468749999 0.594564459375 0.5605562578125001
0 0.562160278125 0.6590391906249999 0.577560975 0.7137800249999999 0.58759581875 0.72439949375 0.5936585359375 0.7266750953125001 0.5934494781249999 0.6983565109375001 0.587804878125 0.6355246515624999 0.5777700343750001 0.56864728125 0.5744250875 0.5553729453125 0.5709407671875 0.5532237671875 0.5558885015625 0.5580278125 0.55324041875 0.5606826796875 0.5511498265625 0.6007585328125 0.562160278125 0.6590391906249999
1 0.521393728125 0.56750948125 0.523414634375 0.587484196875 0.52919860625 0.6183312265625001 0.5386759578125 0.7099873578125 0.544181184375 0.7122629578125 0.5491986062499999 0.7108723140625 0.55163763125 0.7045512015625001 0.5471777 0.5661188375 0.54515679375 0.5597977249999999 0.542160278125 0.5571428578125001 0.5268989546875 0.562073325 0.5246689890625 0.5634639703125 0.5219512187500001 0.5648546140625 0.521393728125 0.56750948125
1 0.50439024375 0.6582806578125 0.5109407671875 0.701264221875 0.51317073125 0.7058154234375 0.5169337984375 0.7089759796874999 0.5186759578125 0.7077117578125 0.522160278125 0.6994943109375 0.5249477359375 0.6586599234375 0.5229268296875 0.5965866 0.5211846687499999 0.5857142859375 0.5206968640625 0.5648546140625 0.4996515671875 0.5603034140625 0.498188153125 0.5603034140625 0.4991637625 0.6120101140624999 0.50439024375 0.6582806578125
1 0.472961671875 0.5721871046875 0.47442508749999995 0.621997471875 0.47797909375 0.6465233875 0.4846689890625 0.6782553734375 0.490174215625 0.6900126421875 0.4926829265625 0.6914032875 0.4949128921875 0.6891276859375 0.4949128921875 0.6039190890625 0.49644599375 0.566245259375 0.4949128921875 0.5635903921875001 0.47923345 0.5606826796875 0.47644599374999996 0.5603034140625 0.47344947812499993 0.5603034140625 0.472961671875 0.5721871046875
1 0.4471080140625 0.601896334375 0.44989547031250005 0.654993678125 0.4579094078125 0.686219975 0.4641114984375 0.695828065625 0.46536585312499995 0.6463969656249999 0.470383275 0.5782553734375 0.470383275 0.557901390625 0.45240418125000004 0.5561314796875 0.448641115625 0.5596713015625 0.4448780484375 0.5619469031250001 0.443414634375 0.5805309734375 0.4471080140625 0.601896334375
0 0.41560975625 0.566498103125 0.41087107968750003 0.6327433625000001 0.4119163765625 0.7067003796875 0.4136585359375 0.72300885 0.416167246875 0.72756005 0.41965156718749996 0.72756005 0.4231358890625 0.7247787609375 0.4268989546875 0.712515803125 0.4368641109375 0.64854614375 0.4423693375 0.5973451328125 0.4441114984375 0.5592920359375 0.441393728125 0.5519595453125 0.42362369375000003 0.5465233875 0.42111498281250004 0.5470290765625 0.4188850171875 0.5487989890625 0.41560975625 0.566498103125
2 0.37463414687499996 0.6890012640625 0.372613240625 0.7144121359375 0.37463414687499996 0.7216182046874999 0.3771428578125 0.7238938046875 0.379372821875 0.7238938046875 0.38439024375 0.7144121359375 0.39435539999999997 0.6848293296875 0.402648084375 0.6381795203125 0.41135888437499996 0.57383059375 0.4023693375 0.5529709234375 0.39839721250000004 0.5510745890625001 0.3878745640625 0.5542351453125 0.3833449484375 0.559924146875 0.3818815328125 0.5638432359375 0.3771428578125 0.6091024015625 0.37463414687499996 0.6890012640625
2 0.351846690625 0.5597977249999999 0.35247386718749996 0.577749684375 0.347386759375 0.62300885 0.3338675953125 0.6964601765625 0.33477351875 0.707332490625 0.3368641109375 0.70948166875 0.3422996515625 0.7035398234375 0.3506620203125 0.6817951953125 0.36675958125 0.63362831875 0.377421603125 0.5946902656249999 0.38515679375 0.5792667515625001 0.3888501734375 0.5663716812499999 0.3890592328125 0.5591656125 0.386968640625 0.5553729453125 0.3738675953125 0.5414664984375 0.3692682921875 0.5403286984375 0.365783971875 0.5437420984375 0.3576306625 0.54336283125 0.3560975609375 0.5446270546875 0.35337979062499997 0.5505689 0.351846690625 0.5597977249999999
3 0.3058536578125 0.695828065625 0.31414634218750004 0.6935524656250001 0.3228571421875 0.67585335 0.3310801390625 0.636030340625 0.3433449484375 0.592414665625 0.3558885015625 0.5606826796875 0.35533101093749997 0.5415929203125 0.3521254359375 0.533501896875 0.3480836234375 0.5329962078125 0.33763066249999996 0.5393173203125 0.325365853125 0.533501896875 0.3216027875 0.5249051828125 0.30787456406249997 0.5266750953125 0.30439024375 0.52844500625 0.3008362375 0.5343868515625 0.2983275265625 0.544374209375 0.29533101093749997 0.5932996203124999 0.27686411093749996 0.663211125 0.2760975609375 0.6772439953125 0.2783275265625 0.6804045515625 0.2828571421875 0.680025284375 0.2878745640625 0.67269279375 0.3023693375 0.630594184375 0.31163763125 0.6174462703125 0.314634146875 0.6164348921875 0.3171428578125 0.6192161828125 0.318606271875 0.62326169375 0.31560975625 0.65372945625 0.3058536578125 0.695828065625
3 0.2203484328125 0.6649810359375 0.23986062656249998 0.6558786343749999 0.261393728125 0.634639696875 0.271846690625 0.6178255375 0.28487804843750003 0.5824273078125 0.293379790625 0.5670037921875 0.2998606265625 0.551580278125 0.30285714218750004 0.538938053125 0.3018815328125 0.5338811625 0.29958188125 0.53072060625 0.2981184671875 0.5226295828125 0.2958885015625 0.5207332484375 0.2863414640625 0.5217446265625 0.2758885015625 0.5184576484375001 0.2691289203125 0.5058154234375001 0.264599303125 0.5035398234375 0.25637630625 0.5063211125 0.24787456406250002 0.5175726921875 0.2408362375 0.5561314796875 0.231846690625 0.588369153125 0.22188153281249998 0.637800253125 0.219372821875 0.65777496875 0.2381184671875 0.62503160625 0.2521254359375 0.5943109984375 0.2571428578125 0.5932996203124999 0.258606271875 0.5964601765624999 0.258606271875 0.6006321109375 0.2408362375 0.637800253125 0.2203484328125 0.6649810359375
3 0.255400696875 0.326295828125 0.256167246875 0.35891276875 0.2549128921875 0.38204804062500003 0.24167247343749998 0.42705436093750004 0.240627178125 0.44968394375000004 0.2446689890625 0.4687737046875 0.24989547031249998 0.470543615625 0.2528919859375 0.4637168140625 0.2583972125 0.465107459375 0.25965156718750004 0.46915297031250003 0.26466898906249997 0.47420986093749995 0.26864111562500004 0.48280657343750005 0.2839024390625 0.465486725 0.2861324046875 0.44513274375 0.2866898953125 0.40657395625000003 0.2941463421875 0.37117572656250003 0.2941463421875 0.3562579015625 0.2926829265625 0.34222503125000003 0.2906620203125 0.3353982296875 0.288153309375 0.3322376734375 0.282439025 0.334513275 0.2809059234375 0.3434892546875 0.2799303140625 0.37117572656250003 0.2783972125 0.37888748437499997 0.2741463421875 0.386219975 0.27142857187499997 0.3839443734375 0.2698954703125 0.3793931734375 0.26843205625 0.3634639703125 0.26843205625 0.3426042984375 0.263414634375 0.327180784375 0.26118466875 0.323135271875 0.2566550515625 0.3236409609375 0.255400696875 0.326295828125
3 0.29442508749999996 0.37256637187499997 0.2966550515625 0.3984829328125 0.29567944218750003 0.41340075781249996 0.28940766562500003 0.44285714218749994 0.28843205625 0.46460177031249994 0.2906620203125 0.4796460171875 0.2986759578125 0.4891276859375 0.302648084375 0.48647281875 0.30738675937500004 0.47597977187499996 0.316167246875 0.487357775 0.3196515671875 0.487357775 0.328641115625 0.4805309734375 0.3336585359375 0.47319848281250004 0.33540069687499996 0.46055625781250004 0.3306620203125 0.41163084687499996 0.3326829265625 0.3879898859375 0.3328919859375 0.360809103125 0.330174215625 0.3445006328125 0.32668989531250003 0.33577749687499997 0.32466898906249997 0.3331226296875 0.3201393734375 0.3331226296875 0.31839721249999997 0.339064475 0.3191637625 0.3807838171875 0.3126829265625 0.386219975 0.310383275 0.3848293296875 0.3096864109375 0.3539823015625 0.30439024375 0.3403286984375 0.3009059234375 0.3385587859375 0.297421603125 0.3445006328125 0.29442508749999996 0.37256637187499997
2 0.340627178125 0.3404551203125 0.3388850171875 0.3458912765625 0.33714285781250003 0.3718078375 0.33763066249999996 0.4298356515625 0.33519163750000003 0.46927939375000005 0.3369337984375 0.48192161875000006 0.34041811875 0.49064475312500005 0.3496864109375 0.4973451328125 0.354634146875 0.49557522187499997 0.3616724734375 0.4847029078125 0.3646689890625 0.47926675156250004 0.367386759375 0.46839443750000004 0.3668989546875 0.453855878125 0.3646689890625 0.44298356562499996 0.35240418125 0.34905183281249996 0.3511498265625 0.345006321875 0.3446689890625 0.33994943125 0.340627178125 0.3404551203125
2 0.3813240421875 0.33438685156250003 0.37728222968749997 0.3375474078125 0.373797909375 0.39342604375 0.3690592328125 0.44323640937500003 0.36153310156249996 0.47408343906250006 0.362578396875 0.487231353125 0.3660627171875 0.4972187109375 0.371777003125 0.5049304671875 0.377560975 0.5063211125 0.3845296171875 0.4986093546875 0.3903135890625 0.4881163078125 0.3955400703125 0.48457648593749997 0.397560975 0.47231352656250003 0.397560975 0.44551200937499996 0.3942857140625 0.4051833125 0.386550521875 0.3426042984375 0.3855749125 0.338053096875 0.383832753125 0.33489254062499996 0.3813240421875 0.33438685156250003
0 0.409825784375 0.30948166875 0.407804878125 0.3121365359375 0.406550521875 0.3175726921875 0.39407665468749997 0.49772439999999996 0.397839721875 0.5089759796875 0.4055749125 0.5171934265625 0.41658536562500004 0.5176991156249999 0.42355400625 0.5077117578125 0.4263414640625 0.4908975984375 0.4287804875 0.4568900125 0.4287804875 0.41466498124999995 0.42452961718750004 0.3706700375 0.4155400703125 0.3166877375 0.4153310109375 0.31314791406250003 0.41331010468749996 0.3098609359375 0.409825784375 0.30948166875
1 0.44759581875 0.35764854687500003 0.43958188125 0.402149178125 0.428571428125 0.4782553734375 0.42759581874999997 0.5068268015624999 0.428571428125 0.5236409609375 0.44731707343749993 0.5318584078125 0.45156794375000003 0.53135271875 0.453797909375 0.5286978515625 0.4555400703125 0.516814159375 0.4585365859375 0.47383059375 0.460557490625 0.386219975 0.45658536562499996 0.35764854687500003 0.45484320624999997 0.354993678125 0.4512891984375 0.35309734531250003 0.44759581875 0.35764854687500003
1 0.4728223 0.363084703125 0.4680836234375 0.43072060624999997 0.4583275265625 0.52503160625 0.4602787453125 0.5322376734375001 0.463832753125 0.53362831875 0.47853658593750004 0.53590391875 0.4963066203125 0.5341340078125 0.4983275265625 0.5290771171875 0.4983275265625 0.49469026562499996 0.49484320625 0.47155499375 0.4903135890625 0.42756005 0.47979094062499994 0.3649810359375 0.477839721875 0.360809103125 0.47428571406250003 0.360809103125 0.4728223 0.363084703125
1 0.5250871078125 0.36814159218750003 0.5145644593750001 0.4130214921875 0.5030662015625 0.48154235156249997 0.5008362375 0.53135271875 0.501811846875 0.5350189640624999 0.51484320625 0.53767383125 0.5363066203125 0.5381795203124999 0.5385365859375 0.5195954484375 0.537839721875 0.4824273078125 0.5360975609375 0.461061946875 0.5365853656249999 0.4238938046875 0.53358885 0.3713021484375 0.531846690625 0.3667509484375 0.5273170734375 0.365360303125 0.5250871078125 0.36814159218750003
1 0.546620209375 0.37243995 0.542578396875 0.4912768640625 0.543832753125 0.52844500625 0.5460627171875 0.5338811625 0.5718466906249999 0.5275600500000001 0.5723344953125 0.5225031609374999 0.5715679437500001 0.4948166875 0.5678745640625 0.4713021484375 0.5671080140625 0.44854614374999996 0.5611149828124999 0.39683944375 0.5540766546875 0.35158027812500003 0.551358884375 0.3487989890625 0.5480836234375001 0.35335018906250004 0.546620209375 0.37243995
0 0.5908710796875 0.33742098593750003 0.576585365625 0.4182048046875 0.5738675953125 0.48078381718749996 0.57560975625 0.503034134375 0.58362369375 0.526548671875 0.596585365625 0.52300885 0.6023693375 0.5152970921875 0.605365853125 0.5025284453125 0.6048780484375 0.4921618203125 0.606620209375 0.48584070781250005 0.6060627171874999 0.4013906453125 0.6020905921875 0.337926675 0.6011149828125 0.33249051875 0.59484320625 0.3319848296875 0.5908710796875 0.33742098593750003
2 0.6160975609375 0.339064475 0.6133101046875 0.340960809375 0.611358884375 0.34551200937500004 0.6030662015625 0.48065739531249996 0.605365853125 0.48963337500000004 0.6105923343749999 0.4941845765625 0.618606271875 0.5078381796875 0.624599303125 0.5118836921875001 0.6301045296875001 0.510493046875 0.637560975 0.49329962031249996 0.637560975 0.4847029078125 0.63358885 0.4656131484375 0.629825784375 0.4338811625 0.6243205578125 0.355878634375 0.6230662015624999 0.350442478125 0.6198606265625 0.34222503125000003 0.6160975609375 0.339064475
2 0.6475958187499999 0.34222503125000003 0.641811846875 0.365360303125 0.639372821875 0.4207332484375 0.6328223000000001 0.46156763593749994 0.632613240625 0.4764854609375 0.63358885 0.48154235156249997 0.6411149828125 0.48786346406250003 0.649616725 0.4983565109375 0.6533797906250001 0.4983565109375 0.6603484328125 0.4901390640625 0.66362369375 0.47016434843750005 0.655818815625 0.3730720609375 0.65484320625 0.34551200937500004 0.65358885 0.340960809375 0.650592334375 0.3395701640625 0.6475958187499999 0.34222503125000003
3 0.6679442515625 0.3476611890625 0.6652264812500001 0.3752212390625 0.6660627171875 0.3911504421875 0.6687804875000001 0.4055625796875 0.6633449484375 0.4709228828125 0.668153309375 0.48078381718749996 0.6752613234375 0.48482932968750003 0.68041811875 0.4859671296875 0.6887804875 0.47585335000000006 0.6910801390625 0.47585335000000006 0.6977003484375001 0.486346396875 0.7050174218749999 0.4855878640625 0.709407665625 0.4618204796875 0.70836236875 0.4403286984375 0.7033449484375 0.40960809062500003 0.7039721250000001 0.40025284375 0.6987456453124999 0.32958280625 0.6966550515625001 0.3174462703125 0.693379790625 0.3341340078125 0.6902439031250001 0.385082175 0.6871080140625 0.390391909375 0.683972125 0.391529709375 0.679372821875 0.3888748421875 0.6791637625 0.3329962078125 0.6785365859375 0.3288242734375 0.67644599375 0.32806573906250003 0.6679442515625 0.3476611890625
3 0.7050174218749999 0.312642225 0.70202090625 0.314917825 0.7012543546875001 0.3362831859375 0.703763065625 0.3683944375 0.709756096875 0.40429835625 0.7112891984374999 0.4469026546875 0.7130313593750001 0.4586599234375 0.7187456453125 0.4677623265625 0.7278048781249999 0.47408343906250006 0.73080139375 0.47231352656250003 0.737560975 0.45549936718749995 0.7487804875 0.46144121406250005 0.7525435546875 0.45777496875 0.7550522640625 0.44513274375 0.7533101046875 0.42237673906250006 0.7412543546875 0.3792667515625 0.741811846875 0.3480404546875 0.7397909406250001 0.31858407031249997 0.7352613234375001 0.312642225 0.7333101046875 0.3140328703125 0.7303135890625 0.3235145390625 0.72675958125 0.3683944375 0.7242508703125 0.38343868593749997 0.7155400703125 0.3539823015625 0.7095470390624999 0.32402022812500003 0.7092682921875 0.3212389375 0.7080139375 0.31580278125 0.7050174218749999 0.312642225