2 0.554533925 0.3882619296875 0.5635383640625 0.3882619296875 0.6030437546875 0.38115639218749997 0.6903614453125 0.3736677109375 0.714267596875 0.3665621734375 0.7259353203125001 0.35663531875 0.70456563125 0.3662138625 0.667723525 0.3665621734375 0.6269499046875 0.36374085625 0.6178820546875 0.3665621734375 0.5694990484375 0.36875653124999996 0.5635383640625 0.369418321875 0.5570703875 0.3718913265625 0.555168040625 0.374747475 0.5525681671875 0.3815047015625 0.554533925 0.3882619296875
0 0.7197209890625 0.3931034484375 0.7251109703124999 0.390386625 0.723335446875 0.388679903125 0.717945465625 0.3864507140625 0.6905516796875 0.38495297812499996 0.574191503125 0.392128178125 0.558465440625 0.3948450015625 0.553075459375 0.40076628281250004 0.5472415984375 0.4128526640625 0.5472415984375 0.413827934375 0.54996829375 0.41508185312499996 0.574635384375 0.413827934375 0.6469879515625 0.4044583765625 0.7197209890625 0.3931034484375
1 0.6752694984375001 0.42950191562500006 0.7038046921875 0.42180425 0.707609384375 0.41797283125 0.707609384375 0.4141065828125 0.7054533921874999 0.4111459421875 0.6908687375 0.41145942187499995 0.6003170578125 0.416196446875 0.59873176875 0.4146987109375 0.5901078 0.4158829671875 0.5674698796875 0.417380703125 0.5437539625000001 0.4176593515625 0.5459099562499999 0.42654127500000005 0.540519975 0.43956809531249996 0.540519975 0.44106583125 0.5410272671875 0.4419366078125 0.5437539625000001 0.4422500875 0.5658211796875 0.43956809531249996 0.6752694984375001 0.42950191562500006
1 0.6967660109375 0.44695228125 0.69378566875 0.44573319375000003 0.6818008875 0.4446882625 0.663855421875 0.43977708125000003 0.6327837671875 0.4389411359375 0.60621433125 0.4393591078125 0.5433100828125 0.443469175 0.5417882046875 0.44409613437499995 0.540710209375 0.46095437187500005 0.5410272671875 0.46259143125 0.5470513640625 0.46280041875 0.68928345 0.450644375 0.6963855421875 0.4496342734375 0.6967660109375 0.44695228125
1 0.596068484375 0.48101706718750004 0.6701331640625 0.4709508875 0.6941027265625 0.46642284843750004 0.6967026 0.464367815625 0.695624603125 0.46335771562500006 0.690741915625 0.4629397421875 0.6563094484375 0.4629397421875 0.60577045 0.4618948109375 0.5986683578124999 0.46273075625000004 0.5417882046875 0.464367815625 0.5436905515625 0.48101706718750004 0.544388078125 0.483699059375 0.5462270140625 0.4857540921875 0.5575142671875 0.4857540921875 0.5859226375000001 0.481226053125 0.596068484375 0.48101706718750004
1 0.59422955 0.5086729359375 0.59961953125 0.5074538484375 0.6854153453125 0.4997910140625 0.6966391890625 0.49784047343750004 0.7011414078125 0.4956112859375 0.7006975265625 0.49265064374999995 0.6984781234375 0.4911529078125 0.6310716546874999 0.487460815625 0.60906785 0.48672936250000004 0.5982878890625 0.4840125390625 0.5834495875 0.48547544374999996 0.5695624609375 0.48547544374999996 0.5439441984375 0.48153953281249995 0.5457197203125 0.4943573671875 0.5439441984375 0.510170671875 0.5439441984375 0.51337513125 0.5461636015625 0.5143504 0.5511097015625 0.5143504 0.5844007609374999 0.5079414843750001 0.59422955 0.5086729359375
0 0.72847178125 0.536851271875 0.723335446875 0.531870428125 0.714267596875 0.527237896875 0.648953709375 0.5165795890625 0.5866835765625 0.51316614375 0.5615091953125 0.5144200624999999 0.5453392515625 0.51316614375 0.547114775 0.5183559734375 0.547114775 0.53267154375 0.549397590625 0.5405433640624999 0.5539632218749999 0.5441309640624999 0.5590361453125 0.546429815625 0.5835764109375 0.5460815046875 0.6554216875 0.5411006625 0.72847178125 0.540404040625 0.72847178125 0.536851271875
2 0.5793278374999999 0.5846743296875 0.633227646875 0.579623825 0.6979074187500001 0.564541971875 0.7091946734375 0.558307209375 0.7097653765625 0.552385928125 0.7048826890625 0.548833159375 0.5571972093750001 0.546464646875 0.554533925 0.5651341000000001 0.551426759375 0.571717171875 0.550221940625 0.575200278125 0.5491439437500001 0.57843956875 0.550221940625 0.5811215609375 0.5566899171874999 0.5840822015625 0.5793278374999999 0.5846743296875
2 0.7181991125 0.5990943921875 0.729803425 0.5958899343749999 0.73176918125 0.5909090906250001 0.7311350671875 0.589829328125 0.7149651234375 0.58805294375 0.6703233984375 0.5816788578125001 0.6050095125 0.5766980140625 0.5687381109375 0.5642633234375001 0.5564996828125001 0.5646116328125 0.5519340515625 0.566736328125 0.55003170625 0.57102055 0.543563728125 0.5973180078125 0.546100190625 0.6083246250000001 0.5497146484375001 0.6108672937499999 0.553899809375 0.6136537796875 0.5571337984375 0.6143504 0.5694356375 0.6143504 0.5868738109375 0.6093695578125 0.7181991125 0.5990943921875
3 0.713443246875 0.6346220828125 0.6817374765624999 0.6267850921875 0.5814838296875 0.6165099265625 0.5736842109375 0.6111807734375 0.5478123015625 0.606548240625 0.54007609375 0.61079763125 0.5445783125 0.627168234375 0.545275840625 0.6360501562499999 0.5445783125 0.6698014624999999 0.5491439437500001 0.6786833859375 0.5575142671875 0.6829327765625 0.5633481296875 0.6829327765625 0.5730500953125001 0.6797283171874999 0.5801521875 0.6761755484374999 0.5873176921875001 0.674747475 0.6027901078125 0.6737025421875 0.6429296124999999 0.6758272375 0.6979074187500001 0.6829327765625 0.7315155359375 0.6914663875 0.6823715921875 0.6672936265625 0.6281547234375 0.6535005218750001 0.6214331015625 0.6510275171875 0.61896005 0.6445489375 0.62029169375 0.6431556953124999 0.6512999359375 0.6417276203125 0.6979074187500001 0.6420759312500001 0.7056436265625 0.6406478578125 0.713443246875 0.6346220828125
3 0.6965757765625 0.721664925 0.6976537734375 0.718704284375 0.6960050734375 0.71574364375 0.6841471140625 0.708951584375 0.6356372859375 0.6953326359374999 0.604375396875 0.6876349703125 0.5752694984375 0.677568790625 0.5623335453125 0.6737025421875 0.5407736203125 0.6722396374999999 0.538617628125 0.6834900734375 0.5381103359375 0.6967955421875 0.534876346875 0.708951584375 0.5310716546875 0.713967259375 0.5294863671875001 0.724625565625 0.529993659375 0.7317311046875 0.539695625 0.735005225 0.5601775515625 0.736781609375 0.5930881421875001 0.735005225 0.61946734375 0.7376523859375 0.6863031078125 0.7412051546875 0.6901078 0.7382445140625 0.68306911875 0.7311389765625 0.6615091953125 0.725809821875 0.6259353203125 0.718704284375 0.6162333546875 0.7154649953125001 0.612999365625 0.7133751312500001 0.6140773625 0.712504353125 0.6464172484375 0.715151515625 0.683639821875 0.7231626609374999 0.6911857953125 0.7231626609374999 0.6965757765625 0.721664925
2 0.48097653749999997 0.5852664578125 0.49327837656250006 0.583838384375 0.502282815625 0.57600139375 0.502282815625 0.5621734593750001 0.49974635312500004 0.54831069375 0.49454660781250004 0.5522117734374999 0.4880786296875 0.5550679203125 0.46157260625 0.5586206890625001 0.4249207359375 0.5678857546875 0.41889663906249996 0.5696273078125 0.41306277812500003 0.57105538125 0.402726696875 0.576384534375 0.41819911249999997 0.5792058515625 0.48097653749999997 0.5852664578125
0 0.4044388078125 0.527203065625 0.439885859375 0.536816440625 0.48256182656249996 0.541031 0.50456563125 0.53855799375 0.5153455921875 0.5363288046875 0.5185161703125 0.5326367125 0.517121115625 0.528422153125 0.5103994921874999 0.5227446875 0.49556119218749994 0.5207941484374999 0.46816740625 0.52055033125 0.3953075453125 0.51208638125 0.39048826875 0.511424590625 0.38376664531250004 0.511912225 0.38376664531250004 0.516335771875 0.38598604999999997 0.5183211421875 0.4044388078125 0.527203065625
1 0.388268865625 0.49993033750000004 0.4055168046875 0.5043887140625001 0.45776791406250006 0.510309996875 0.508433734375 0.5105886453124999 0.515472415625 0.50734935625 0.5197844 0.49874608125000003 0.5176284078125 0.4901776390625 0.5090044390624999 0.48662486875 0.48636651875 0.48247997187499997 0.437856690625 0.4815743640625 0.39220038125 0.48463949843750004 0.388268865625 0.48571926093749995 0.38395687968750003 0.488679903125 0.38230817968749997 0.491048415625 0.38230817968749997 0.4951933125 0.388268865625 0.49993033750000004
1 0.39587825 0.41964472343750003 0.4783766640625 0.4362243125 0.48592263750000003 0.4365029609375 0.48858592187500005 0.43504005625 0.4880786296875 0.428213165625 0.48915662656250003 0.42347614062499994 0.49613189531249996 0.4184604671875 0.492390615625 0.4172762109375 0.47190868750000003 0.4166840828125 0.3894102734375 0.4116335765625 0.3872542796875 0.41194705625 0.3856689921875 0.41253918437500003 0.3856689921875 0.41431556875000003 0.3872542796875 0.4166840828125 0.39587825 0.41964472343750003
0 0.5126823078125 0.41717171718749996 0.52688649375 0.41717171718749996 0.530754596875 0.4143504 0.5379201015625 0.3997910140625 0.535320228125 0.3912574015625 0.4842105265625 0.3851967953125 0.4195307546875 0.3756182515625 0.3859226375 0.374190178125 0.3448953703125 0.3677812609375 0.34774889062500003 0.369209334375 0.3632847171875 0.3756182515625 0.41566264999999997 0.3912574015625 0.47970830624999994 0.40794148437500005 0.5126823078125 0.41717171718749996
2 0.41902346250000005 0.35677464375 0.441154090625 0.366840821875 0.518769815625 0.3866597 0.5306277749999999 0.3869731796875 0.538173746875 0.38310693125 0.5408370328125 0.377777778125 0.5414077359375 0.3718564953125 0.53760304375 0.3671194703125 0.5246670890625 0.3617903171875 0.42853519375 0.34642981562499997 0.4239061515625 0.345210728125 0.41959416562499996 0.34433995156249997 0.41528218125 0.346394984375 0.41528218125 0.3526297453125 0.41902346250000005 0.35677464375
2 0.42327203593749996 0.33382096875 0.43557387500000005 0.34092650625 0.5015218765625 0.36116335781250003 0.529993659375 0.365795890625 0.543563728125 0.363288053125 0.554533925 0.3540578203125 0.55909955625 0.344479275 0.5558655671875 0.3401950546875 0.5325935312500001 0.3359456640625 0.4449587828125 0.3233368171875 0.43684210468750007 0.32208289843750004 0.4277742546875 0.3238592828125 0.42194039375000003 0.32776036249999996 0.42194039375000003 0.3309648203125 0.42327203593749996 0.33382096875
3 0.5224476859375 0.32476489062499997 0.5629042484375 0.33246255625 0.56987951875 0.3309996515625 0.5763474953125 0.3244862421875 0.57476220625 0.3182514796875 0.5806594796875 0.312643678125 0.5823081796875 0.30759317343750003 0.5823081796875 0.3008011140625 0.5785034875 0.298119121875 0.561826253125 0.2966562171875 0.5187064046875001 0.29752699374999997 0.5030437546875001 0.29606408906250004 0.4885225109375 0.28836642343749996 0.43405199687499996 0.289829328125 0.42435003125000004 0.2913270640625 0.42111604375 0.293382096875 0.421686746875 0.294566353125 0.458845909375 0.3028561484375 0.48636651875 0.307906653125 0.4901078 0.3117380703125 0.4885225109375 0.3135144546875 0.48363982187500004 0.313827934375 0.4371591625 0.3081504703125 0.4256182625 0.307314525 0.4162333546875 0.3064437484375 0.4281547234375 0.3152908390625 0.482054534375 0.32685475468749997 0.5224476859375 0.32476489062499997
3 0.489854153125 0.268582375 0.4408370328125 0.2641239984375 0.42086239687500004 0.263253221875 0.4397590359375 0.2712295375 0.4682942296875 0.2798328109375 0.5081800890625 0.2816091953125 0.52599873125 0.2833855796875 0.52599873125 0.28425635625 0.554533925 0.291083246875 0.571274571875 0.293451759375 0.5777425484375 0.293451759375 0.5814838296875 0.2913618953125 0.5885225109375 0.28366422812500003 0.5901078 0.280111459375 0.587444515625 0.27478230625 0.590678503125 0.26976663125 0.5933417875 0.26739811874999997 0.594419784375 0.2614768375 0.5885225109375 0.2564263328125 0.582054534375 0.253465690625 0.560494609375 0.25050505 0.5329740015625 0.2520027859375 0.4974001265625 0.2502264015625 0.47260621406250003 0.24726576093750002 0.4343690546875 0.25262974531250004 0.4397590359375 0.2540578203125 0.44350031718749994 0.254963428125 0.4958148390625 0.2605712296875 0.5033608109375 0.2641239984375 0.5001268234375 0.268582375 0.489854153125 0.268582375