3 0.7679205859375 0.6721623328125 0.768164403125 0.6616994296875001 0.7544757921875 0.5905516796875 0.74824103125 0.550158528125 0.7454893765625 0.54337349375 0.742737721875 0.54426125625 0.7115987453125 0.565123653125 0.7076280046875 0.5696892828125 0.706617903125 0.574191503125 0.707871821875 0.5828154718749999 0.7115987453125 0.5950539 0.719818878125 0.60868738125 0.724555903125 0.6249841468749999 0.7315569484375 0.6408370328124999 0.7400208984375001 0.6526315796875 0.74949495 0.6721623328125 0.7526994078125 0.676664553125 0.7562173453125001 0.6771718453125 0.758446534375 0.6753329109374999 0.759700453125 0.6703233984375 0.7591779875 0.664426125 0.75297805625 0.6521876984375 0.74573319375 0.6317691812499999 0.744479275 0.6240963859375 0.7447579234374999 0.6227013312499999 0.746499478125 0.6222574515625 0.747474746875 0.6231452125 0.7629397421874999 0.662206721875 0.7679205859375 0.6721623328125
3 0.726541275 0.67888395625 0.7315917796875 0.6778059609375 0.733716475 0.6745719718750001 0.734308603125 0.669625871875 0.726541275 0.6511731140625 0.7086032734375001 0.6021559921875 0.7032044578125001 0.566772353125 0.6966213859375 0.5662650609375001 0.689759665625 0.5700697531250001 0.6819923375 0.5656943562500001 0.6748171375 0.56899175625 0.6661442 0.574952440625 0.6640543359375 0.5776791375 0.6652385921875 0.58966391875 0.6735980500000001 0.63265694375 0.6870776734375 0.6620164875000001 0.6930337859375 0.6794546609375 0.702890978125 0.7006975265625 0.7133751312500001 0.7180722890625 0.718739115625 0.7256816734375 0.7277255312500001 0.7311350671875 0.7226401953125 0.714267596875 0.711563915625 0.6854153453125 0.6996168578125 0.65168040625 0.6984326015625 0.6467977171875 0.7002089859375 0.6440710203125 0.70229885 0.6440710203125 0.703099965625 0.645212428125 0.704110065625 0.6467977171875 0.719958203125 0.6723525687499999 0.726541275 0.67888395625
3 0.65311738125 0.7157260625 0.6575757578125 0.738046925 0.6650644375 0.7418516171875 0.6722396374999999 0.738046925 0.6677464296875 0.5736842109375 0.6665621734375 0.5714648062500001 0.66029258125 0.5693088140625 0.6482758625 0.570894103125 0.64465343125 0.5735573875 0.6447230937499999 0.59543436875 0.65311738125 0.7157260625
2 0.619888540625 0.6735573875 0.6243817484374999 0.719213696875 0.62887495625 0.7296131890625001 0.6309648203125 0.72847178125 0.6360501562499999 0.722511096875 0.63963775625 0.6854787578125 0.6425983984375 0.571718453125 0.63841866875 0.5679137609375 0.6289097875 0.5649968296875 0.6225705328125 0.5657577671875 0.6172413796875 0.5705136328125 0.619888540625 0.6735573875
2 0.5871821671874999 0.571718453125 0.59265064375 0.6388078625 0.5941483796875 0.67146480625 0.5924068265625 0.7209258078125 0.5961685828125 0.7259353203125001 0.598153953125 0.72682308125 0.6008707765625 0.7240963859375 0.6043887140625 0.7141407734375 0.609613375 0.6746353843749999 0.6130964828125001 0.6120481921875001 0.6160919546875 0.5857958140624999 0.6158481359375 0.5748890296875 0.6135841171874999 0.5685478749999999 0.6081156390625 0.562650603125 0.6008707765625 0.558084971875 0.5971438515624999 0.558084971875 0.5901776390625 0.562650603125 0.588679903125 0.5639822453125001 0.5871821671874999 0.5671528218749999 0.5871821671874999 0.571718453125
0 0.5576802515625 0.5861128718749999 0.562695925 0.699746353125 0.5731452453125 0.726252378125 0.577603621875 0.7094483203124999 0.5818530125 0.661826253125 0.5848484843749999 0.6087507921875 0.5855799375 0.586556753125 0.583838384375 0.562967659375 0.5748867984375 0.5502853515624999 0.571159875 0.549397590625 0.564507140625 0.55003170625 0.5611633578124999 0.5511731140625 0.5604319046875 0.5525681671875 0.5576802515625 0.5861128718749999
1 0.5329501921875 0.557260621875 0.5304771859375 0.566328471875 0.5304771859375 0.5745085609375 0.5334378265625 0.589917565625 0.5359456640625 0.6398224484374999 0.53719958125 0.701458465625 0.5351793796875 0.7159797078125 0.5394287703125 0.7100824343750001 0.54566353125 0.6856055796875 0.549878090625 0.65161699375 0.5508881921875 0.60082435 0.553639846875 0.5863031078125001 0.5561128531249999 0.5532022828125001 0.5551375828125 0.5504755859375 0.5538836640625 0.5490805328125 0.5474050859374999 0.5495244140625 0.5414141421875 0.5517438171875 0.5376872171875 0.5532022828125001 0.5351793796875 0.55409004375 0.5329501921875 0.557260621875
1 0.5070707078125001 0.5625871906250001 0.508324625 0.5798351296875001 0.51205155 0.6024730500000001 0.516300940625 0.6963855421875 0.5173110421875 0.697273303125 0.5192964124999999 0.6968294234375 0.5225357015625 0.6918199109375001 0.5255311734375 0.6719086875 0.5255311734375 0.628344959375 0.5262626265625 0.5934052000000001 0.5287704625 0.5725428031249999 0.5280041796875 0.555358275 0.5130964828125 0.55656309375 0.50957854375 0.5571337984375 0.50734935625 0.5589727328125 0.5070707078125001 0.5625871906250001
1 0.4871125046875 0.6889029796874999 0.4883664234375 0.6943563734375 0.49059561093750004 0.69752695 0.49411354999999996 0.695244134375 0.494601184375 0.6875079265624999 0.4985719265625 0.6562460375 0.5055729703125 0.566899175 0.5045628703125 0.560558021875 0.5025774984375 0.55827520625 0.49808429062500004 0.555548509375 0.49177986718750005 0.554343690625 0.4868686875 0.55326569375 0.48303726874999997 0.5521876984375 0.4871125046875 0.6889029796874999
1 0.460745384375 0.6008877609375001 0.46147683749999996 0.6761572609375001 0.46374085625 0.7015218765625 0.4652385921875 0.70741915 0.4694531515625 0.7088142046875 0.47143852343750003 0.7065313890625 0.47370254218749996 0.699746353125 0.47492162968749996 0.6802156 0.4766980140625 0.59543436875 0.480181121875 0.5777425484375 0.48216649218749996 0.5600507296874999 0.48342041093750004 0.55415345625 0.47074190156249995 0.549778059375 0.46280041875 0.5495878249999999 0.45750609531249997 0.5491439437500001 0.460745384375 0.6008877609375001
0 0.4257053296875 0.5686746984375 0.425949146875 0.6013316421875 0.42744688281250004 0.6611921374999999 0.43392546093749995 0.70741915 0.43793103437500003 0.7178820546875 0.4419017765625 0.7124286625 0.4496342734375 0.6947368421875 0.4543712984375 0.6325935312500001 0.45611285312499994 0.584527584375 0.45311738124999995 0.5527584015625 0.4516196453125 0.5491439437500001 0.44838035468750004 0.5455294859375 0.4448972484375 0.54508560625 0.43577150781249996 0.54920735625 0.432427725 0.552314521875 0.427203065625 0.561382371875 0.4257053296875 0.5686746984375
2 0.395924765625 0.57812301875 0.395646115625 0.5863031078125001 0.3953326359375 0.62276474375 0.3968303734375 0.6793912484375 0.395924765625 0.7120481921875 0.3992337171875 0.7213062781249999 0.40282131718749997 0.726188965625 0.4057819578125 0.7251109703124999 0.40877742968749997 0.7207355734374999 0.41626610937499997 0.6815472421875 0.4225357015625 0.5955611921874999 0.427028909375 0.5743183265625 0.427028909375 0.56074825625 0.42521769374999996 0.5585288515625 0.42163009375 0.5585288515625 0.409613375 0.5637285984375 0.40431905312499994 0.566708940625 0.396969696875 0.5719720984375 0.395924765625 0.57812301875
2 0.3616509921875 0.58135700625 0.360780215625 0.587381103125 0.364367815625 0.6581483828125 0.361964471875 0.6738744453125001 0.3658655515625 0.7239695625 0.3676419359375 0.7239695625 0.38080808125 0.7103994921875 0.38589341718750003 0.6221940390625 0.39184952968750003 0.5705136328125 0.3906652734375 0.566708940625 0.388575409375 0.565060240625 0.384987809375 0.5644895375 0.3799024734375 0.5655675328124999 0.37600139375 0.5682942296875 0.369244165625 0.5728598609375 0.3646464640625 0.577045021875 0.3616509921875 0.58135700625
3 0.32776036249999996 0.5863031078125001 0.32539185000000004 0.6128725421875 0.32208289843750004 0.6818643 0.32277951875 0.70044388125 0.3262277953125 0.7102092578125 0.3316962734375 0.7149651234375 0.3370950890625 0.7123652500000001 0.34642981562499997 0.6986683578124999 0.3564611640625 0.5967660109375 0.3564611640625 0.5752060875 0.3462208296875 0.5794546609375 0.341031 0.5811033609375 0.3299198890625 0.58433735 0.32776036249999996 0.5863031078125001
3 0.26502960625 0.6925808499999999 0.2568094734375 0.7021559921875 0.252560084375 0.703931515625 0.2587251828125 0.7100824343750001 0.266283525 0.7129359546875 0.2731452453125 0.7091946734375 0.29390456249999997 0.6726696265625 0.3088819234375 0.6322764750000001 0.319818878125 0.6132530125 0.324799721875 0.606404565625 0.3280390109375 0.597336715625 0.3292929296875 0.5850982874999999 0.324799721875 0.5719720984375 0.30487635 0.5633481296875 0.292685475 0.5610653140624999 0.2839428765625 0.5633481296875 0.2809474046875 0.5669625875000001 0.2779867640625 0.578757134375 0.27722048125 0.5932783765625 0.27001045 0.6168674703125 0.25506792031250003 0.6581483828125 0.2443399515625 0.6853519343750001 0.2443399515625 0.6889663921875 0.24709160625 0.6925808499999999 0.25802856093750004 0.6889663921875 0.2864507140625 0.6259353203125 0.288436084375 0.6236525046875 0.289690003125 0.6236525046875 0.2901776390625 0.6289790734375 0.28993382031250003 0.6331642359375 0.279972134375 0.662650603125 0.26502960625 0.6925808499999999
3 0.221107628125 0.628725428125 0.2141065828125 0.6341788203125 0.21859979062499998 0.6432466703124999 0.2263322890625 0.6441344328125 0.24949495000000002 0.62194039375 0.2676767671875 0.591122384375 0.2823754796875 0.5702599875 0.283629396875 0.5648065953125 0.283873215625 0.5593532015625 0.2781609203125 0.554343690625 0.2629397421875 0.53348129375 0.2509926859375 0.5230818015625001 0.2447579234375 0.522130628125 0.24301637031249998 0.52352568125 0.2395332640625 0.5330374124999999 0.23305468437500002 0.55573874375 0.224834553125 0.577045021875 0.20815047031249997 0.605136334375 0.2073841859375 0.60741915 0.2068965515625 0.6137603046875 0.20815047031249997 0.618769815625 0.2111459421875 0.6178820546875 0.2238244515625 0.60741915 0.237304075 0.591122384375 0.23779171093749998 0.5924540265625 0.23305468437500002 0.6110336078125 0.221107628125 0.628725428125
3 0.250052246875 0.3835764109375 0.2479623828125 0.3852251109375 0.24705677499999998 0.3933417875 0.25154998281249996 0.47393785624999996 0.2521421109375 0.49733671562500004 0.254231975 0.500570703125 0.2647161265625 0.5087507921875 0.2700801109375 0.5185161703125 0.2772553125 0.5261255546875 0.282654128125 0.525047559375 0.287425984375 0.5195941656249999 0.2883315921875 0.507672796875 0.285022640625 0.4782498421875 0.283838384375 0.4282181359375 0.2742598390625 0.3732403296875 0.2706722390625 0.373747621875 0.2683037265625 0.37977171875 0.2683037265625 0.389029803125 0.2718913265625 0.44831959374999997 0.26948798281249997 0.45814838281250003 0.2664925109375 0.458655675 0.2659003828125 0.4575776796875 0.2647161265625 0.44451490156249995 0.25768025156249996 0.39879518125 0.25646116406249997 0.39055167968750004 0.2551375828125 0.3852251109375 0.250052246875 0.3835764109375
3 0.29254615156249997 0.4024096390625 0.288540578125 0.40602409687499996 0.2875653078125 0.41464806562499995 0.291048415625 0.4504755859375 0.297039359375 0.4880786296875 0.297039359375 0.50082435 0.2935562515625 0.5275840203125 0.29529780625 0.5329740015625 0.3010101015625 0.5352568171875001 0.3070010453125 0.5352568171875001 0.311494253125 0.53348129375 0.3184604671875 0.540266328125 0.3279345171875 0.5393785671875 0.331417625 0.5293595437499999 0.3308951578125 0.470894103125 0.3299198890625 0.442739378125 0.3251828625 0.42187698124999995 0.3197143859375 0.4073557390625 0.3142110765625 0.3951173109375 0.3104841515625 0.391502853125 0.30874259843749996 0.3960050734375 0.30947405156249996 0.4205453390625 0.30947405156249996 0.475396321875 0.2947753390625 0.40779961875000004 0.2942877046875 0.405580215625 0.2935562515625 0.4024096390625 0.29254615156249997 0.4024096390625
2 0.3376523859375 0.4454026640625 0.33706025781250004 0.48135700625 0.33497039375000004 0.5319594171875 0.3409613375 0.535764109375 0.35050505 0.5325301203125 0.36907001093749997 0.51781864375 0.3654824109375 0.47209892187499997 0.358307209375 0.41116043125 0.34754440937500003 0.3800887765625 0.34158829687500003 0.3726062140625 0.33827934531250003 0.37089410312500004 0.3334726578125 0.37089410312500004 0.3376523859375 0.4454026640625
2 0.381922675 0.3614457828125 0.3786137234375 0.3625237796875 0.3762103796875 0.367977171875 0.371752003125 0.3892200375 0.3690351796875 0.43874445156249997 0.3714385234375 0.4920735578125 0.3738418671875 0.5225745078124999 0.3768373390625 0.5279644890624999 0.38042493906249997 0.5312618890625 0.3881922671875 0.5306911859375 0.3941483796875 0.5225745078124999 0.40254266875000005 0.5024096390625 0.39773598125 0.458845909375 0.396273075 0.377108434375 0.39400905625 0.36734305625 0.389097875 0.3614457828125 0.381922675 0.3614457828125
0 0.40017415468750006 0.349587825 0.3997910140625 0.355358275 0.401846046875 0.386556753125 0.40107976250000005 0.456816740625 0.40139324218750005 0.51775523125 0.40466736406250003 0.5280913125 0.4097527 0.5297400125 0.4243817484375 0.5242866203125 0.43305468437499994 0.5172479390625 0.43277603593749997 0.5025364609375 0.4285963078125 0.477488903125 0.41870428437499996 0.39258085 0.41243469218750006 0.3735573875 0.40553814062500004 0.3578947375 0.40285614843750006 0.3517438171875 0.40198537031250003 0.349587825 0.40017415468750006 0.349587825
1 0.449947753125 0.359733671875 0.4482062 0.36062143281250003 0.44747474687500005 0.3651870640625 0.4454893765625 0.3932783765625 0.43974225 0.438173746875 0.43524904218750005 0.484908053125 0.43127829999999995 0.508053265625 0.43002438125 0.5225745078124999 0.45071403749999994 0.5289156625 0.45768025156250003 0.5253012046875 0.45917798750000005 0.517121115625 0.45820271718749994 0.46493341718750003 0.4604319046875 0.391502853125 0.455973528125 0.3653772984375 0.45520724531249995 0.3624603671875 0.45318704218750006 0.3601775515625 0.449947753125 0.359733671875
1 0.47823058124999995 0.374952440625 0.4759665625 0.380405834375 0.465761059375 0.473367153125 0.46300940468749996 0.4906150921875 0.46151166874999994 0.5277742546875 0.467990246875 0.533227646875 0.4779519328125 0.5359543437500001 0.4844305125 0.5355104625 0.49564611562499994 0.5291693093750001 0.4991292234375 0.5218769812499999 0.49839777031250004 0.505136334375 0.4943921984375 0.47564996875 0.49467084687499996 0.4620164875 0.4924068265625 0.42441344374999995 0.4888888890625 0.3812935953125 0.48672936250000004 0.375840203125 0.4826889578125 0.37311350625 0.47823058124999995 0.374952440625
1 0.5226401953125 0.356816740625 0.5201671890624999 0.3581483828125 0.51818181875 0.36404565624999996 0.5076976656250001 0.468357640625 0.5027168234375 0.49695624531249993 0.502960640625 0.5150919468749999 0.5044583765625 0.53183259375 0.5159177984375 0.5355104625 0.5316266109375001 0.5345592890625 0.5405781953125001 0.5300570703124999 0.54214559375 0.5046924546875 0.538592825 0.4647431828125 0.5378613718749999 0.427076728125 0.53611981875 0.407609384375 0.5323580640625 0.37767913750000004 0.5267850921874999 0.361382371875 0.52539185 0.3577045015625 0.524660396875 0.356816740625 0.5226401953125 0.356816740625
1 0.5473702546875 0.366328471875 0.54587251875 0.3681039953125 0.5436433296875001 0.3808497140625 0.5441309640624999 0.426188965625 0.54688261875 0.4724159796875 0.5453848828125001 0.48966391875 0.5446186 0.510082434375 0.5448624171875001 0.5259353203125 0.5508533609375 0.5282181359375 0.559561128125 0.529105896875 0.568059909375 0.5259353203125 0.5695228140624999 0.51781864375 0.5687913625000001 0.49150285312499997 0.5588296765625 0.41984781250000003 0.5528387328125001 0.3694990484375 0.5518634625 0.36721623281250004 0.5503657265624999 0.3658211796875 0.5473702546875 0.366328471875
0 0.59770115 0.365884590625 0.5944270296874999 0.365884590625 0.5902472999999999 0.3751426765625 0.5851619640625 0.398541534375 0.5758968999999999 0.4769181984375 0.572901428125 0.49270767343750005 0.5731800765624999 0.5095751421875 0.5746778124999999 0.5193405203125 0.5791710203125 0.524223209375 0.5881574359374999 0.5231452125 0.5956112859375 0.5176918203125 0.5971090218749999 0.4953709578125 0.5968303734375 0.457831325 0.59770115 0.415916296875 0.599338209375 0.3856689921875 0.5997910140625 0.37729866875 0.599512365625 0.3686112875 0.59770115 0.365884590625
2 0.6257053296875 0.3534559296875 0.6215256015625 0.360494609375 0.6091605718750001 0.3949904875 0.5987809125 0.4644895375 0.5964124 0.5085605578125 0.599373040625 0.516740646875 0.6176245203125 0.5275840203125 0.621212121875 0.5248573234375 0.6251132015625 0.5194673437499999 0.62657610625 0.47970830624999994 0.633159178125 0.4519340515625 0.631974921875 0.4116677234375 0.6352490421875 0.396448953125 0.633228840625 0.383639821875 0.6322884015625 0.374635384375 0.6316614421875 0.35288522499999997 0.6257053296875 0.3534559296875
2 0.6699407875000001 0.3760938484375 0.6642633234375 0.3815472421875 0.6493207937500001 0.40716550468749996 0.6394636015625 0.451236525 0.6313827937500001 0.4920101453125 0.62779519375 0.5181357 0.629571578125 0.524159796875 0.63375130625 0.5279644890624999 0.6472309296875001 0.5290424859375 0.6555903859375001 0.524159796875 0.65649599375 0.4904248578125 0.6579937296875 0.460494609375 0.6678509234375001 0.42022828125 0.6732149078125 0.3815472421875 0.6735283875 0.3788205453125 0.67234413125 0.3760938484375 0.6699407875000001 0.3760938484375
3 0.6974921625 0.3906150921875 0.6930337859375 0.399365884375 0.6918146984375 0.4058972734375 0.6876349703125 0.4532022828125 0.6846394984375 0.46030437500000004 0.681365378125 0.46030437500000004 0.680181121875 0.45922637968749996 0.680181121875 0.4559289796875 0.6864507140625 0.4058972734375 0.6840473703125001 0.3949904875 0.6819575062500001 0.3949904875 0.6777777781250001 0.399365884375 0.67478230625 0.40697526875 0.6577499125 0.5065948 0.6574364328125 0.5256182625 0.6604319046875 0.5321496515625 0.6664228484375 0.5354470515624999 0.67836990625 0.53430564375 0.6894461859375001 0.5354470515624999 0.6942180421875 0.529993659375 0.69630790625 0.510906784375 0.7013584109375001 0.40323398906249996 0.7019853703125001 0.39226379218749996 0.7008011140625 0.3906150921875 0.6974921625 0.3906150921875
3 0.72180425 0.39004438750000003 0.7173110421875 0.3933417875 0.7116684078125 0.40856055781249995 0.7086381046875 0.4363348125 0.707767328125 0.46899175625 0.7059561125 0.49017121093749993 0.6955067921875 0.526632846875 0.6972831765625 0.53430564375 0.701776384375 0.5348129359375 0.7170323921875 0.5337349390624999 0.7322535703125 0.5358909328125 0.74214559375 0.5261255546875 0.742737721875 0.5152187703125 0.73974225 0.4831325296875 0.7433298500000001 0.45206087500000003 0.74451410625 0.4112872546875 0.742737721875 0.4025364609375 0.7406478578125 0.3998731765625 0.7370602578125001 0.3998731765625 0.7349703937500001 0.403107165625 0.7346569140625 0.41071654999999996 0.733159178125 0.4216233359375 0.7295715781250001 0.44013950468749996 0.7257053296875 0.4439441984375 0.7227098578125 0.4363348125 0.72298850625 0.4281547234375 0.727063740625 0.40348763437499996 0.727063740625 0.396892834375 0.72657610625 0.391122384375 0.72180425 0.39004438750000003
3 0.7541623125 0.40393151562499996 0.7516544765625001 0.4152187703125 0.7484151859375 0.454724159375 0.7491466390625 0.4914394421875 0.7484151859375 0.5100190234374999 0.750644375 0.524984146875 0.7529083937500001 0.5281547234375 0.7556252171875 0.529105896875 0.7586206890625 0.5327203546875 0.7606060609374999 0.537222575 0.7658655515625 0.5417882046875 0.77356321875 0.5417882046875 0.778822709375 0.5331642359375001 0.781295715625 0.5204819281249999 0.78080808125 0.5027901078125 0.777568790625 0.4796448953125 0.7733194015625 0.412999365625 0.766840821875 0.394863665625 0.7653430859375 0.3957514265625 0.7623824453125 0.40164869999999997 0.7623824453125 0.40887761562499997 0.766840821875 0.463792009375 0.763113896875 0.4583386171875 0.7606060609374999 0.44927076718750003 0.757227446875 0.4106531390625 0.756147684375 0.40570703906250005 0.7551375828125 0.40209258124999997 0.7541623125 0.40393151562499996