3 0.21512195156249997 0.3453855875 0.229756096875 0.3709228828125 0.2342857140625 0.398103665625 0.24027874531250001 0.4150442484375 0.2444599296875 0.4318584078125 0.252613240625 0.434639696875 0.26606271718749996 0.42591656093749997 0.2714982578125 0.42528445000000004 0.2852961671875 0.4160556265625 0.2906620203125 0.40682680156249995 0.2889198609375 0.385082175 0.28139372812499996 0.3649810359375 0.2678745640625 0.34424778749999996 0.258606271875 0.3246523390625 0.24299651562500002 0.29797724375 0.21721254375000001 0.278887484375 0.21540069687500002 0.2838179515625 0.22919860625 0.30834386875 0.2423693375 0.336662453125 0.24390243906250003 0.3426042984375 0.24299651562500002 0.3458912765625 0.24 0.3458912765625 0.2379094078125 0.3431099875 0.21721254375000001 0.305056890625 0.2016027875 0.2821744625 0.20216027812499998 0.301264221875 0.21512195156249997 0.3453855875
2 0.363414634375 0.311504425 0.3517073171875 0.24298356562499998 0.3471777 0.2304677625 0.342996515625 0.227180784375 0.337003484375 0.2342604296875 0.337003484375 0.2517067 0.3423693375 0.3365360296875 0.3432752609375 0.3975979765625 0.36515679375 0.4024020234375 0.36787456406249996 0.4024020234375 0.3687804875 0.40189633437500005 0.3687804875 0.3964601765625 0.3655052265625 0.3605562578125 0.363414634375 0.311504425
2 0.38599303125 0.25372945625 0.374564459375 0.2341340078125 0.3652961671875 0.22705436093750003 0.3556794421875 0.22756004999999999 0.3652961671875 0.2456384328125 0.37219512187500003 0.2706700375 0.377003484375 0.3087231359375 0.3736585359375 0.3871049296875 0.377003484375 0.400126421875 0.3857142859375 0.40884955781250004 0.3928919859375 0.40884955781250004 0.40034843281250004 0.4022756 0.40216027812500005 0.3996207328125 0.40125435468750004 0.374589128125 0.3965156796875 0.349557521875 0.3904529609375 0.271681415625 0.38599303125 0.25372945625
0 0.41052264843749997 0.23463969687500003 0.4073170734375 0.233754740625 0.40257839687499997 0.23868520937499998 0.401045296875 0.2554993671875 0.4043205578125 0.3175726921875 0.406550521875 0.4024020234375 0.40857142812499997 0.4101137796875 0.41331010468749996 0.41694058125 0.4172822296875 0.41871049375 0.43003484375 0.413780025 0.431777003125 0.41238938125 0.4325435546875 0.38975979843749997 0.4287804875 0.331731984375 0.41477351875 0.245512009375 0.41052264843749997 0.23463969687500003
1 0.4398606265625 0.2764854609375 0.439372821875 0.33590391875000003 0.4360975609375 0.40884955781250004 0.45289198593749996 0.4069532234375 0.4612543546875 0.40606826875 0.4480836234375 0.27686472812499996 0.4450871078125 0.2710493046875 0.4423693375 0.27142857187499997 0.4398606265625 0.2764854609375
1 0.463414634375 0.2625790140625 0.4604878046875 0.2646017703125 0.45979094062500003 0.2697850828125 0.46195121875 0.29987357812500004 0.463414634375 0.380910240625 0.46627177656249996 0.40758533437500005 0.4846689890625 0.41289507031249995 0.48787456406249996 0.4122629578125 0.47811846718749995 0.3213653609375 0.46989547031249995 0.2711757265625 0.46731707343749995 0.2658659921875 0.463414634375 0.2625790140625
1 0.49149825781249995 0.272819215625 0.4891289203125 0.298988621875 0.4907317078125 0.3793931734375 0.4892682921875 0.413906446875 0.4912891984375 0.4161820484375 0.4995121953125 0.41668773750000004 0.5114982578125 0.41340075781249996 0.51400696875 0.4121365359375 0.5013937281249999 0.282048040625 0.499024390625 0.2706700375 0.4944947734375 0.26902654843749996 0.49149825781249995 0.272819215625
1 0.5337979093749999 0.26637168125 0.5203484328125 0.3327433625 0.51644599375 0.3948166875 0.520627178125 0.406194690625 0.5365156796874999 0.41441213593750004 0.539790940625 0.41542351406250005 0.5416027875 0.41276864687500003 0.5425087109375 0.39911504375 0.5410452968749999 0.257648546875 0.5337979093749999 0.26637168125
0 0.5903135890625 0.278002528125 0.5863414640625 0.27673830625 0.5816724734375 0.2806573953125 0.565435540625 0.3223767390625 0.5510801390625 0.34336283125 0.54599303125 0.385082175 0.5474564453124999 0.413906446875 0.551777003125 0.4178255375 0.5600696859375 0.4197218703125 0.57484320625 0.41061946875000005 0.577003484375 0.40935524687499997 0.5798606265624999 0.3994943109375 0.5903135890625 0.32958280625 0.5931707312500001 0.288495575 0.5903135890625 0.278002528125
2 0.605365853125 0.2881163078125 0.600209059375 0.28925410937499996 0.5861324046874999 0.36169405781249997 0.578606271875 0.41276864687500003 0.58076655 0.4160556265625 0.5873170734375 0.41934260468750006 0.607038328125 0.4189633375 0.6101742156250001 0.4165613140625 0.611358884375 0.4101137796875 0.61163763125 0.36169405781249997 0.6074564453125 0.2930467765625 0.605365853125 0.2881163078125
2 0.63317073125 0.29456384375 0.6403484328125 0.24424778749999998 0.638188153125 0.238938053125 0.6328223000000001 0.23767383125000002 0.6220209062500001 0.2533501890625 0.6130313593750001 0.28470290781249996 0.609407665625 0.3310998734375 0.6130313593750001 0.3689001265625 0.609756096875 0.404171934375 0.6119163765625 0.4101137796875 0.6371428578125 0.4173198484375 0.64 0.4185840703125 0.6425087109375001 0.415929203125 0.6428571421875 0.4080910234375 0.631010453125 0.3278128953125 0.63317073125 0.29456384375
3 0.75156794375 0.60088495625 0.7446689890625 0.48457648593749997 0.7386062718749999 0.4689001265625 0.7328223 0.46498103593750006 0.7256446000000001 0.46498103593750006 0.7151916375 0.468268015625 0.709756096875 0.474841971875 0.696794425 0.47016434843750005 0.6939372828125 0.4709228828125 0.6906620203125 0.48192161875000006 0.6906620203125 0.506194690625 0.6924738671874999 0.5225031609374999 0.706550521875 0.590391909375 0.7155400703125 0.6165613140625 0.7227177703125001 0.62439949375 0.727038328125 0.62503160625 0.7303135890625 0.6223767390625 0.731358884375 0.6165613140625 0.7256446000000001 0.585208596875 0.7148432062500001 0.5375474078125 0.7177003484375 0.523135271875 0.720557490625 0.5237673828125 0.7248780484374999 0.5355246515625 0.7353310109375 0.5897597984375 0.7356794421874999 0.5916561312499999 0.7396515671875 0.6087231359375 0.7429268296875 0.6099873578125 0.749756096875 0.60606826875 0.75156794375 0.60088495625
2 0.6741463421875 0.588369153125 0.6852961671875 0.5101137796875 0.6889198609375 0.47281921562499996 0.68675958125 0.46763590468749994 0.6824390250000001 0.46498103593750006 0.6579094078125001 0.4754740828125 0.651846690625 0.5720606828125 0.65003484375 0.619089759375 0.6440418125 0.64399494375 0.642439025 0.650442478125 0.63958188125 0.6648546140625 0.65324041875 0.650442478125 0.6618815328125 0.633501896875 0.6741463421875 0.588369153125
2 0.649825784375 0.4996207328125 0.6473170734375 0.47673830625 0.6408362375000001 0.4689001265625 0.6289198609375 0.4689001265625 0.620627178125 0.47673830625 0.6149128921875 0.5262958281250001 0.6131010453125 0.6582806578125 0.6152613234375 0.662199746875 0.620627178125 0.6595448796875 0.62641115 0.638685209375 0.6379094078125 0.5759797718749999 0.649825784375 0.4996207328125
0 0.5993031359375001 0.6484197218750001 0.602578396875 0.6298356515625 0.60919860625 0.5292035390625001 0.6094773515624999 0.4753476609375 0.60202090625 0.46283185781249997 0.5905923343749999 0.46333754687499995 0.5816027874999999 0.47142857187500004 0.5791637625 0.48457648593749997 0.5822299656250001 0.5106194687500001 0.5830662015625 0.5890012640625 0.5857142859375 0.6499367890625 0.586968640625 0.657016434375 0.588222996875 0.6586599234375 0.59358885 0.6586599234375 0.5963066203125 0.65486725625 0.5993031359375001 0.6484197218750001
1 0.563763065625 0.62503160625 0.574216028125 0.46763590468749994 0.5595121953125 0.4616940578125 0.5492682921875 0.462199746875 0.5445296171875 0.45941845781249996 0.542229965625 0.463969659375 0.542229965625 0.4834386859375 0.5452264812500001 0.505309734375 0.5475261328125 0.5659924140625 0.552195121875 0.6170670031250001 0.55324041875 0.6236409609375 0.554216028125 0.6290771171875 0.5560278750000001 0.631731984375 0.562229965625 0.6304677625 0.563763065625 0.62503160625
1 0.5255749125 0.6270543609375 0.5301045296875 0.60202275625 0.5336585359375 0.5269279390625 0.5402787453125 0.4582806578125 0.53881533125 0.45562579062499997 0.5258536578124999 0.4501896328125 0.5055052265625 0.44968394375000004 0.49679442500000004 0.4582806578125 0.49679442500000004 0.47901390624999995 0.5018815328125 0.534513275 0.50515679375 0.5973451328125 0.5085017421875 0.6165613140625 0.511777003125 0.630341340625 0.517770034375 0.6329962078125 0.5211149828125 0.63249051875 0.5255749125 0.6270543609375
1 0.45637630625 0.6259165609374999 0.45993031406249996 0.6204804046875 0.4659233453125 0.601896334375 0.48724738749999996 0.515929203125 0.4938675953125 0.47623261718750004 0.4953310109375 0.45764854687499995 0.49351916406249996 0.4528445 0.46982578437500006 0.448419721875 0.457560975 0.45056890000000005 0.454216028125 0.48495575156250004 0.45365853593749994 0.5175726921875 0.438954703125 0.609355246875 0.43804878125 0.6182048046874999 0.438954703125 0.6247787609375 0.44466898906249996 0.6297092281250001 0.4509407671875 0.6292035390625 0.45637630625 0.6259165609374999
1 0.4259233453125 0.6089759796875 0.45324041875 0.46359039218750003 0.45296167187499997 0.4543615671875 0.4517073171875 0.45056890000000005 0.429825784375 0.45107458906250003 0.423832753125 0.476611884375 0.420209059375 0.5016434890625 0.41400696875 0.6003792671875 0.41421602812499997 0.6073324906249999 0.41421602812499997 0.6132743359374999 0.4163066203125 0.6160556265625 0.42202090625000005 0.6144121359375 0.4259233453125 0.6089759796875
0 0.3952613234375 0.6257901390625 0.40034843281250004 0.60025284375 0.4060627171875 0.5506953218749999 0.41296167187500005 0.5088495578125001 0.42132404218749997 0.47560050625 0.42132404218749997 0.46359039218750003 0.41477351875 0.4413400765625 0.411777003125 0.43805309687499994 0.4045296171875 0.43969658593750005 0.39317073125 0.4500632109375 0.390174215625 0.46902654843749997 0.390174215625 0.5136536031250001 0.38717769999999996 0.6051833125 0.3823693375 0.632869784375 0.37693379843749997 0.644374209375 0.3751916375 0.648672565625 0.369756096875 0.6585335015625 0.3859233453125 0.6498103671875 0.38982578437500004 0.6427307203125 0.3952613234375 0.6257901390625
2 0.3936585359375 0.47471555 0.39170731718749996 0.46156763593749994 0.3756794421875 0.44791403281250003 0.36996515625000004 0.4470290765625 0.3657142859375 0.45246523437499997 0.36243902499999997 0.461061946875 0.36369337968750004 0.47560050625 0.364181184375 0.5381795203124999 0.36118466875 0.5627054359375 0.36243902499999997 0.614917825 0.3646689890625 0.6180783812499999 0.369407665625 0.61580278125 0.37470383281249997 0.6007585328125 0.3836933796875 0.5523388109375 0.3936585359375 0.47471555
2 0.35916376250000004 0.4793931734375 0.35644599375 0.46814159218749996 0.3449477359375 0.44766118906249996 0.338954703125 0.44500632187500005 0.334216028125 0.4490518328125 0.3317073171875 0.45360303437500005 0.3326829265625 0.56927939375 0.33491289218750003 0.5932996203124999 0.34167247343749996 0.6104930468750001 0.34397212499999996 0.612768646875 0.34794425156250003 0.6104930468750001 0.3504529609375 0.6059418453125 0.3556794421875 0.5761061953125 0.35916376250000004 0.4793931734375
3 0.32271777031250004 0.5281921625 0.32216027812500003 0.513780025 0.32494773593750004 0.506447534375 0.32445992968750004 0.500126421875 0.3304529609375 0.461061946875 0.328222996875 0.4456384328125 0.31721254375 0.43931732031250004 0.30641115 0.441213653125 0.3044599296875 0.445259165625 0.2997212546875 0.44159292031249997 0.29644599375 0.442098609375 0.28996515624999997 0.44753476562500005 0.28641115 0.45891276875000003 0.2896864109375 0.5341340078125 0.29240418125 0.5672566375 0.29644599375 0.5898862203124999 0.30041811875 0.599873578125 0.30243902500000003 0.6003792671875 0.304181184375 0.5967130218750001 0.30069686406249996 0.545512009375 0.30041811875 0.5273072062499999 0.3014634140625 0.5182048046875 0.3044599296875 0.5146649812499999 0.30843205625 0.5173198484375 0.3096864109375 0.5201011375 0.3112195125 0.5381795203124999 0.308222996875 0.5835651078125 0.30843205625 0.5890012640625 0.3104529609375 0.5944374203125 0.3154703828125 0.5908975984375 0.3199303140625 0.56005056875 0.32271777031250004 0.5281921625
3 0.282439025 0.5089759796875 0.282160278125 0.48305941875 0.2784668984375 0.46814159218749996 0.2739372828125 0.4627054359375 0.2679442515625 0.461314790625 0.2649477359375 0.4667509484375 0.25121951249999996 0.463969659375 0.24167247343749998 0.4721871046875 0.2354703828125 0.4793931734375 0.23240418125 0.49582806562500004 0.234216028125 0.5098609359374999 0.237421603125 0.5193426046875 0.24745644531250002 0.595575221875 0.25296167187499996 0.615929203125 0.26041811875 0.63362831875 0.2659233453125 0.640960809375 0.2559581875 0.570543615625 0.2554703828125 0.5402022750000001 0.257421603125 0.53476611875 0.259442509375 0.53476611875 0.2614634140625 0.5424778765625 0.26411149843750004 0.5963337546874999 0.2644599296875 0.603286978125 0.26815330937500004 0.634513275 0.273449478125 0.5805309734375 0.276167246875 0.5298356515625 0.282439025 0.5089759796875
3 0.7238327531250001 0.2845764859375 0.7185365859374999 0.3101137796875 0.7147038328125 0.33704171875 0.6935191640625 0.378002528125 0.6914285718750001 0.40164348906249997 0.6931707312500001 0.42149178281250005 0.6981184671875 0.42541087187500004 0.7280836234375 0.42667509531250003 0.7354703828125 0.41453855937500006 0.739024390625 0.3824273078125 0.7309407671875 0.3408343875 0.7351219515625 0.3165613140625 0.735818815625 0.3152970921875 0.7400696859375 0.27243995 0.736167246875 0.2678887484375 0.72843205625 0.27054361562499996 0.7238327531250001 0.2845764859375
3 0.670592334375 0.3056890015625 0.66599303125 0.3293299625 0.6487108015625 0.3729456390625 0.6448083625 0.3984829328125 0.6487108015625 0.417067003125 0.6547038328125 0.42149178281250005 0.68362369375 0.42149178281250005 0.6878745640624999 0.40429835625 0.688571428125 0.3773704171875 0.688571428125 0.37357775000000004 0.6783275265625 0.3332490515625 0.6772822296875 0.3332490515625 0.676585365625 0.30379266718750003 0.670592334375 0.3056890015625
3 0.29804878125 0.2543615671875 0.29219512187499996 0.255625790625 0.2894773515625 0.2764854609375 0.2904529609375 0.2764854609375 0.2943554 0.3045512015625 0.29804878125 0.3414664984375 0.28975609687500004 0.385461440625 0.291428571875 0.40278128906250005 0.294634146875 0.40581542343750004 0.304181184375 0.40581542343750004 0.33261324062500003 0.398735778125 0.3365156796875 0.38938053125 0.3342857140625 0.3676359046875 0.33358885 0.36637168125 0.32550522656249997 0.35208596718749996 0.31595818750000004 0.3289506953125 0.3027177703125 0.26409608125 0.29804878125 0.2543615671875