2 0.62156043125 0.544451490625 0.6313479625 0.653899809375 0.6343434343750001 0.6779961953125 0.6381748515625 0.6818643 0.6432950187500001 0.678757134375 0.646290490625 0.653899809375 0.647544409375 0.5204185156250001 0.6432950187500001 0.5142041859375001 0.6364681296875 0.513443246875 0.6258446531249999 0.5154090046875 0.6232671546875 0.5204185156250001 0.62156043125 0.525047559375 0.62156043125 0.544451490625
2 0.6021943578125 0.5627774249999999 0.612608846875 0.6455294859375 0.6181469875000001 0.6641090671875001 0.622396378125 0.6641090671875001 0.6241031 0.6594800249999999 0.62281435 0.5873176921875001 0.6206896546875 0.522067215625 0.6189829328124999 0.5181991125 0.6168582375 0.5166772359375 0.60247300625 0.5176284078125 0.5992337171875 0.5207355734375 0.5989202375 0.5288522515625 0.6021943578125 0.5627774249999999
0 0.56130268125 0.5140773624999999 0.5607105531250001 0.5345592890625 0.5748867984375 0.6620798984375 0.5808429125 0.6807228921874999 0.5876698015625 0.691566265625 0.5923371640624999 0.691566265625 0.5949146640625 0.686937221875 0.5953326359375 0.6760304374999999 0.5936259140625 0.6271401390625 0.5932079421875 0.5184527578125 0.5906652734375 0.513823715625 0.58554510625 0.5107165499999999 0.569174503125 0.509321496875 0.565761059375 0.5097653765625 0.56280041875 0.511414078125 0.56130268125 0.5140773624999999
1 0.51205155 0.510970196875 0.5170323921875 0.69467343125 0.5195402296875 0.7230818015625 0.5347962374999999 0.728281546875 0.54332985 0.7256816734375 0.5504353890625 0.7127457203125 0.5600139328125 0.5969562453124999 0.558969 0.5135700703125 0.5550679203125 0.505136334375 0.5472309296875 0.5031705765625001 0.5246952281249999 0.500570703125 0.5191570875 0.500634115625 0.5170323921875 0.50126823125 0.51205155 0.510970196875
1 0.4636711953125 0.5296766015625 0.470428421875 0.6680405828125 0.47363288125 0.695244134375 0.4793103453125 0.7165504125 0.4844305125 0.718008878125 0.49707419062499997 0.7120481921875 0.500626959375 0.69587825 0.51093695625 0.5697526953125001 0.51093695625 0.503107165625 0.507732496875 0.4998731765625 0.504179728125 0.498604946875 0.46983629374999997 0.49499048749999996 0.46652734218749997 0.49473684218749997 0.4640543359375 0.501838934375 0.4636711953125 0.5296766015625
1 0.43368164374999996 0.5017121109375 0.4312086375 0.52111604375 0.4290839421875 0.620038046875 0.4305120171875 0.6608116671875 0.43228840156250004 0.668547875 0.437965865625 0.6692454031249999 0.4478927203125 0.6537095749999999 0.45287356250000005 0.624603678125 0.45785440624999996 0.5851617 0.46388018124999997 0.511414078125 0.462103796875 0.49847812343750003 0.4599791015625 0.49327837656250006 0.4557297109375 0.4881420421875 0.445768025 0.487444515625 0.4393939390625 0.49004438749999996 0.437965865625 0.4913760296875 0.43545802812499995 0.49524413437500003 0.43368164374999996 0.5017121109375
1 0.40132358124999995 0.5736207984374999 0.4000696625 0.6239061515625 0.39540229843749997 0.641915028125 0.3978753046875 0.6459099562499999 0.40351793750000003 0.64502219375 0.4106931375 0.637856690625 0.41462904843750004 0.6253012046875 0.4203065140625 0.5871274578125 0.42918843593749995 0.498604946875 0.425252525 0.49727330312499995 0.4044583765625 0.4992390609375 0.401811215625 0.5008877609375 0.4008359453125 0.5044388078125001 0.40132358124999995 0.5736207984374999
2 0.361999303125 0.52352568125 0.359735284375 0.5377298671874999 0.36666666718749996 0.636525046875 0.36687565312500003 0.67482561875 0.369139671875 0.69587825 0.374085684375 0.6992390609375 0.3808777421875 0.69587825 0.38362939687500003 0.6595434375 0.38373389062499996 0.6192136968749999 0.3845001734375 0.5831325296875 0.3913967265625 0.5484464171875 0.390978753125 0.517184528125 0.38603274062500004 0.50951173125 0.37464298125 0.50951173125 0.3701497734375 0.5123018390625 0.3664228484375 0.516296765625 0.361999303125 0.52352568125
2 0.6393242765625 0.27190868749999997 0.6342041093749999 0.26569435625 0.62779519375 0.2664552953125 0.6243817484374999 0.27032339843750003 0.6218390796875 0.275015853125 0.6201323578125 0.28427393749999996 0.6180076624999999 0.4116043125 0.6201323578125 0.4496512359375 0.6226750265625001 0.45814838281250003 0.62779519375 0.4643627140625 0.6329153609375 0.46512365312500004 0.6414489718749999 0.463601775 0.6448624171875 0.459733671875 0.6469871125 0.43950539062500005 0.6453500515624999 0.3165504125 0.6431208640625 0.2990488265625 0.641031 0.2765377296875 0.6393242765625 0.27190868749999997
2 0.6025774984375001 0.25605580156249996 0.6008707765625 0.2544705140625 0.5961685828125 0.2552948640625 0.5927551375 0.25992390625 0.591048415625 0.2661382375 0.589794496875 0.34996829375 0.587216996875 0.4065948 0.5876349703125 0.43925174375 0.5919191921875 0.45161699375 0.5978753046875 0.4616994296875 0.602995471875 0.4648065953125 0.6094043890624999 0.4648065953125 0.614489725 0.4594166140625 0.615778475 0.45244134375 0.6200626953125 0.4400126828125 0.6200626953125 0.42599873125 0.6170672234375 0.3794546609375 0.6068617203125 0.26987951875 0.605538140625 0.263031071875 0.60470219375 0.25992390625 0.6025774984375001 0.25605580156249996
3 0.7167189125 0.4616994296875 0.7228143499999999 0.45326569375 0.7242772546875 0.427457196875 0.7223267156250001 0.39860494687500003 0.7086381046875 0.38395687968750003 0.69522814375 0.3879518078125 0.6901079765625 0.40970196562499994 0.6871821671875 0.44705136406249996 0.6882270984375001 0.45916296718750005 0.6971786828125001 0.46258719062500003 0.703030303125 0.4608116671875 0.7167189125 0.4616994296875
3 0.6598397765625 0.468357640625 0.665691396875 0.4643627140625 0.671786834375 0.4665821171875 0.6773946359374999 0.46613823749999994 0.68568443125 0.457260621875 0.689620340625 0.40703868125 0.6881574359375 0.37951807187500003 0.6810518984375 0.36525047499999996 0.6781260890625 0.31946734375 0.6779519328125 0.2735573875 0.6769418328125 0.2705770453125 0.667572275 0.2709575140625 0.66495994375 0.2735573875 0.663113896875 0.33728598593750003 0.6612678515625 0.367596703125 0.6545802859375 0.37837666406250003 0.6497039359375 0.3942929609375 0.647648903125 0.42834495937500006 0.6472309296875001 0.457260621875 0.6473702546875 0.457260621875 0.65297805625 0.46569435625000005 0.6598397765625 0.468357640625
3 0.3579937296875 0.548509828125 0.358969 0.52276474375 0.356043190625 0.5116677234375 0.34503657187500003 0.5116677234375 0.3333333328125 0.5152187703125 0.32041100624999996 0.525428028125 0.31549982656250003 0.543183259375 0.319888540625 0.56987951875 0.3311389765625 0.6089410265625 0.3304075234375 0.660938490625 0.3321142453125 0.690741915625 0.3333333328125 0.69961953125 0.33625914375 0.7022828156250001 0.3406478578125 0.701395053125 0.3435736671875 0.6978440078125 0.3460118421875 0.6800887765625 0.34796238281249997 0.595624603125 0.3482062 0.5951807234375 0.3501567390625 0.5774254921875001 0.3579937296875 0.548509828125
3 0.296969696875 0.6174381734375001 0.3008707765625 0.58763475 0.307697665625 0.5734305640625 0.3081853015625 0.5734305640625 0.31281783281250003 0.5592263796875 0.313793103125 0.540519975 0.31086729375 0.5280913125 0.29672587968749997 0.5201014578125001 0.279623825 0.51610653125 0.273040753125 0.531198478125 0.27279693437499997 0.5525047562500001 0.28059909375 0.6067216234374999 0.2781609203125 0.66987951875 0.280111459375 0.68719086875 0.2847439921875 0.689854153125 0.28962034062500003 0.68719086875 0.290874259375 0.6849714640625 0.2947753390625 0.65161699375 0.296969696875 0.6174381734375001
1 0.545106234375 0.364235890625 0.5489724828125 0.3639188328125 0.5510275171875 0.361318959375 0.5524555906249999 0.349841471875 0.5528387328125001 0.328725428125 0.5508185296875 0.2953709578125 0.550017415625 0.2672162328125 0.5479623828125 0.2653772984375 0.5440961343749999 0.2661382375 0.5428770468749999 0.28795180781249996 0.540229884375 0.3102092578125 0.540438871875 0.3575776796875 0.540438871875 0.35941661406250003 0.542668059375 0.362777425 0.545106234375 0.364235890625
0 0.461929640625 0.29353202343749996 0.46213862812500006 0.28313252968749997 0.45949146562500004 0.2783766640625 0.454789271875 0.2783766640625 0.4438174859375 0.328725428125 0.43793103437500003 0.36575776718749997 0.44057819531250003 0.36981610625 0.44587251875 0.37317691875 0.44869383437500004 0.3734939765625 0.44952978125 0.37317691875 0.45398815781249996 0.353899809375 0.461929640625 0.29353202343749996
2 0.4263322890625 0.3661382375 0.42897945000000004 0.364235890625 0.431417625 0.353899809375 0.44117032343749996 0.2872542796875 0.44200627031249995 0.2735573875 0.43974225 0.26797717187500003 0.436293975 0.2687381109375 0.4326367125 0.2768547875 0.4263322890625 0.30500951249999997 0.4202368515625 0.3275840203125 0.414942528125 0.355358275 0.41553465625 0.3597970828125 0.41595262968749996 0.3597970828125 0.42082897968750005 0.364235890625 0.4263322890625 0.3661382375
2 0.4061999296875 0.3631578953125 0.40884709218750004 0.35313887187500004 0.412504353125 0.29353202343749996 0.41208638124999997 0.268357640625 0.4098571921875 0.2639188328125 0.4045628703125 0.270196575 0.4009056078125 0.289093215625 0.3927551375 0.344641725 0.39153604999999997 0.3616994296875 0.3943921984375 0.3631578953125 0.39498432656250004 0.3631578953125 0.40111459375 0.364235890625 0.4061999296875 0.3631578953125
3 0.3720306515625 0.3829422953125 0.37356321875 0.36943563749999997 0.3743991640625 0.34331008281250003 0.374050853125 0.32270133125 0.37464298125 0.30298034218750003 0.37133402968749996 0.29873176875 0.366283525 0.3019657578125 0.361929640625 0.32485732343749996 0.3580285609375 0.35015852812500003 0.3557993734375 0.376284084375 0.3587251828125 0.38446417187500004 0.3636711953125 0.38636651875 0.36405433593750003 0.385732403125 0.3691048421875 0.385288521875 0.3720306515625 0.3829422953125