3 0.65085605625 0.31940090625 0.718769815625 0.2931034484375 0.74337349375 0.27464298125000003 0.742739378125 0.2696621390625 0.7375396328125 0.2682340640625 0.7304375390625 0.26893068593749997 0.724603678125 0.2710902125 0.694863665625 0.2870776734375 0.6799619531250001 0.2906304421875 0.6722257453125 0.2913270640625 0.6715916296875 0.2895506796875 0.6760938484375 0.28422152500000003 0.6864299296875 0.279972134375 0.7168674703125 0.270358759375 0.7310716546875 0.2600487640625 0.72847178125 0.2551027515625 0.7227013312499999 0.2522466046875 0.7149017125 0.2525949140625 0.6819277109375 0.26112852656249996 0.6372859859375 0.27464298125000003 0.5984781234375001 0.276036225 0.5933417875 0.2774642984375 0.590741915625 0.2856496 0.5913760296875 0.2938000703125 0.595244134375 0.29808429062499997 0.5933417875 0.30801114531249996 0.5936588453125 0.314489725 0.593975903125 0.31797283125 0.60044388125 0.32399860625 0.6088142046875 0.3275513765625 0.6198478125 0.3279345171875 0.65085605625 0.31940090625
3 0.7322130625 0.3564263328125 0.762967659375 0.3395332640625 0.7610653140625 0.33288052968750004 0.747114775 0.3313479625 0.716360178125 0.338000696875 0.6800887765625 0.3405781953125 0.6800887765625 0.34005572968750003 0.6763474953124999 0.339045628125 0.6791376031249999 0.3369905953125 0.75085605625 0.3160222921875 0.75827520625 0.310379659375 0.7554850984375 0.3063044234375 0.74337349375 0.30679205781249996 0.6930881421875 0.31549982656250003 0.6493341781249999 0.32675026093750004 0.620481928125 0.32675026093750004 0.6046290421875 0.328282828125 0.5999365890624999 0.331870428125 0.598097653125 0.3364681296875 0.5999365890624999 0.35182863124999997 0.5962587187499999 0.3615465 0.5982244765625 0.37251828593749997 0.602726696875 0.375339603125 0.6148383 0.37791710156249997 0.6297400125 0.37791710156249997 0.6614457828125 0.3697318 0.7322130625 0.3564263328125
2 0.6494610015625 0.403134796875 0.747305009375 0.377568790625 0.769625871875 0.37293625937499997 0.769625871875 0.36732845625 0.754724159375 0.365795890625 0.657831325 0.37293625937499997 0.64667089375 0.376523859375 0.6345592890625 0.3821664921875 0.6019657578125 0.38317659375 0.593595434375 0.38777429531249996 0.5926442609375 0.3918843609375 0.593595434375 0.3949494953125 0.5991756500000001 0.3980146296875 0.60291693125 0.4021246953125 0.603931515625 0.40825496406250006 0.6047558656249999 0.41233019843749996 0.6057070390625 0.4164402640625 0.6140773625 0.4184952984375 0.62523779375 0.41539533281249996 0.6494610015625 0.403134796875
2 0.7757767906249999 0.4076628359375 0.7552948640625 0.40101010156249994 0.6873176921875 0.4020550328125 0.6239695625 0.4051201671875 0.5987951812500001 0.4091954015625 0.5857958140624999 0.41685823749999995 0.5857958140624999 0.42351097187500003 0.58763475 0.42608847031249997 0.6023462265624999 0.43260188125 0.6100190234375 0.4352838734375 0.6221306281250001 0.43632880468749996 0.6537729859375 0.42709857187500005 0.7776791375000001 0.417380703125 0.7757767906249999 0.4076628359375
0 0.7568801515625 0.4624521078125 0.77317691875 0.45733194062500004 0.7793912484375001 0.4539184953125 0.7793912484375001 0.45050505 0.77393785625 0.4479623828125 0.741344325 0.44625565937499995 0.7157260625 0.4437129921875 0.652060875 0.43984674375 0.6272669625 0.436886103125 0.6124920734375 0.4381400203125 0.585351934375 0.4381400203125 0.5767913765625 0.44029954687500006 0.5736842109375 0.4445489375 0.5732403296874999 0.454231975 0.574635384375 0.457192615625 0.5786303109375 0.4599094390625 0.5876981609375 0.460745384375 0.688585921875 0.46502960625 0.7568801515625 0.4624521078125
1 0.741154090625 0.48133054687500004 0.742739378125 0.4779171015625 0.736525046875 0.47450365781250003 0.6503487640625 0.4706722390625 0.6115408999999999 0.46513410000000005 0.5758402031250001 0.4617206546875 0.5719720984375 0.46384535 0.569625871875 0.46642284843750004 0.5618896640625 0.48303726874999997 0.563411540625 0.4847439921875 0.6084337343749999 0.4847439921875 0.689917565625 0.487321490625 0.7279644890625 0.48516196406249995 0.741154090625 0.48133054687500004
1 0.7143310078125 0.506757228125 0.72599873125 0.5039010796875 0.7311984781249999 0.5003483109375 0.7247305015625 0.49467084687499996 0.6807228921874999 0.493242771875 0.62771084375 0.48969000312500005 0.6083069125 0.4864855453125 0.5856689921875 0.48756530781249996 0.564299303125 0.4854406125 0.5601775515625 0.499477534375 0.5597970828125 0.5028561484375 0.5636651875 0.50355276875 0.5694990484375 0.50355276875 0.6154090046875 0.50247300625 0.7143310078125 0.506757228125
1 0.7173747625 0.5264367812499999 0.7238427390625 0.524660396875 0.7264426125 0.5207593171875 0.7232086234375 0.517554859375 0.70703868125 0.5143504 0.562143309375 0.5061651 0.562143309375 0.5232323234375 0.5627774249999999 0.524660396875 0.56734305625 0.5257053296875001 0.573811034375 0.5260884703125 0.62682308125 0.5239289453125 0.7173747625 0.5264367812499999
1 0.7457831328125 0.54932079375 0.7457831328125 0.543991640625 0.731578946875 0.5351097171875 0.69467343125 0.530825496875 0.649397590625 0.5311738078125 0.5950539 0.528352490625 0.5666455296875 0.5293974218749999 0.563411540625 0.5336816437499999 0.5625237796875 0.5436781609375 0.56404565625 0.546464646875 0.575015853125 0.5478927203125 0.6526315796875 0.547544409375 0.7431832593750001 0.5507140374999999 0.7457831328125 0.54932079375
0 0.7430564359375 0.5731800765624999 0.7554850984375 0.5676419359375 0.7562460375 0.56252176875 0.7523779328125 0.559561128125 0.7445783125000001 0.5582723796875 0.7057704499999999 0.5569836296874999 0.6367152828125 0.5518634625 0.5986683578124999 0.5497387671875 0.5800253640624999 0.552316265625 0.5699429296875 0.5574016015625001 0.5703868109375 0.5635667015625 0.5709575140625 0.568199234375 0.5777425484375 0.5714733546875 0.594039315625 0.5731800765624999 0.7104629046875 0.575339603125 0.7430564359375 0.5731800765624999
2 0.7647431828125 0.607767328125 0.7647431828125 0.60125391875 0.757197209375 0.5971090218749999 0.7437539625 0.5938697312500001 0.7032974000000001 0.5903169625 0.661826253125 0.5858585859375001 0.612238428125 0.5766980140625 0.6036144578125 0.5772901421875 0.587444515625 0.581435040625 0.582054534375 0.5879484500000001 0.58471781875 0.5929641234374999 0.59296131875 0.5997213515625 0.59714648125 0.601846046875 0.6235256812500001 0.6039359109375 0.7334812937499999 0.608951584375 0.761001903125 0.6092650640625 0.7647431828125 0.607767328125
2 0.7610653140625 0.6507836984375001 0.769181990625 0.6484151859375 0.7718452765625 0.64573319375 0.7713379828125 0.64336468125 0.67647431875 0.618808778125 0.6521876984375 0.6092998953125 0.6370957515625 0.6016022296875 0.6220038046874999 0.596273075 0.606404565625 0.5939045625 0.60906785 0.600731453125 0.6074825625 0.6057471265625 0.6047558656249999 0.607836990625 0.5945466078125 0.6104841515625 0.5918199109375 0.61553465625 0.5923906156250001 0.619993034375 0.596448953125 0.6266109375 0.5982878890625 0.6282828281249999 0.6047558656249999 0.6300592125 0.6279644890625 0.63361198125 0.75085605625 0.6510623468750001 0.7610653140625 0.6507836984375001
3 0.7615091953124999 0.6839428765625 0.7628408375 0.68324625625 0.7641090671875 0.6786137234375 0.7608750796875 0.6722396374999999 0.738237159375 0.661929640625 0.66905516875 0.6448624171875 0.638617628125 0.639881575 0.632847178125 0.6363288046875 0.6270133171875 0.6292232671875 0.6199112234374999 0.62640195 0.607609384375 0.628178334375 0.6024096390625 0.6342041093749999 0.594039315625 0.6381051890625 0.594039315625 0.6455938703124999 0.59790741875 0.66015325625 0.5933417875 0.6647509578124999 0.5933417875 0.66760710625 0.599809765625 0.6828979453125 0.6069752687500001 0.6839428765625 0.6491439437500001 0.6847439921875 0.667723525 0.6882270984375001 0.7337349390625 0.6985022640625 0.7544071015625 0.7024381749999999 0.7602409640625 0.701706721875 0.7622067218749999 0.69745733125 0.7499048828125 0.69035179375 0.6942929609374999 0.6786137234375 0.672923271875 0.6708115640625001 0.6716550406249999 0.66760710625 0.67228915625 0.6647509578124999 0.674191503125 0.663357715625 0.7078630312499999 0.6665273421875 0.7447051359375 0.6761407171875 0.75827520625 0.68324625625 0.7615091953124999 0.6839428765625
3 0.7402029171875 0.741518634375 0.742802790625 0.7407871828125 0.74343690625 0.737965865625 0.7408370328125 0.7347614078125 0.6942929609374999 0.7116684078125 0.6315155359375 0.6864507140625 0.60951173125 0.68324625625 0.5991756500000001 0.686067571875 0.5914394421875 0.6931731109375 0.5901078 0.7081156390625 0.5849714640625 0.7202020203124999 0.5849714640625 0.7273075578125 0.6024096390625 0.732985021875 0.6211794546875 0.732985021875 0.6393151546875 0.7347614078125 0.6767913765625 0.7457680250000001 0.7149651234375 0.756078021875 0.722067215625 0.7557297109375 0.7272669625 0.7543016375 0.7272669625 0.7514454890625 0.7233988578125 0.747544409375 0.7052631578125 0.7400905609375 0.6793912484375 0.7312086375 0.6716550406249999 0.72657610625 0.6703233984375 0.7230233375 0.6716550406249999 0.7215952625 0.674191503125 0.7215952625 0.712999365625 0.7347614078125 0.72853519375 0.7407871828125 0.7337349390625 0.741518634375 0.7402029171875 0.741518634375
3 0.41261889687500003 0.73368164375 0.4604311984375 0.7365377921875 0.488268865625 0.7376175546875 0.5024730500000001 0.7407871828125 0.5193405203125 0.7454197140625001 0.5348129359375 0.7457680250000001 0.54261255625 0.743991640625 0.5497146484375001 0.7376175546875 0.5497146484375001 0.7297805640624999 0.5549143937500001 0.7202020203124999 0.556182625 0.7159177984375 0.5542168671875001 0.7091954015625 0.5484464171875 0.7056426328125001 0.5315789468750001 0.7031347968749999 0.4856689921875 0.710240334375 0.426188965625 0.71452455625 0.4009511734375 0.7184256359375001 0.398985415625 0.7198537093749999 0.398985415625 0.7212469515625 0.40031705781250004 0.723406478125 0.4015852890625 0.7237547890625 0.45206087500000003 0.72163009375 0.461128725 0.7223267156250001 0.4656309453125 0.7237547890625 0.4636651875 0.72765586875 0.4172479390625 0.7269940781249999 0.41192137031250003 0.7273075578125 0.408053265625 0.7287356328125 0.408053265625 0.730128875 0.40868738125000004 0.7315569484375 0.41261889687500003 0.73368164375
3 0.435320228125 0.7057471265624999 0.5021559921875001 0.7010101015625 0.525364615625 0.7039707421875 0.54419784375 0.7033786140625 0.5549778062499999 0.70010449375 0.5582117953125 0.6894461859375001 0.5549778062499999 0.672866596875 0.5549778062499999 0.663392546875 0.5463538359375 0.658376871875 0.5334178828125 0.6574712640625 0.5226379203125 0.6586555203125 0.5118579578125 0.6610240328125 0.48598605 0.6702194359375 0.440710209375 0.6764193656249999 0.4169942921875 0.6805642640625 0.41433100781250004 0.682062 0.4137603046875 0.6844305125 0.41540900468749997 0.6864855453125001 0.41972098906250005 0.6882619296875 0.42726696249999996 0.6882619296875 0.4687381109375 0.682062 0.47305009531250003 0.683838384375 0.47305009531250003 0.68798328125 0.46981610625 0.690943921875 0.4622701328125 0.6939045625 0.43100824375 0.6985022640625 0.4256182625 0.6998258453124999 0.41972098906250005 0.701880878125 0.41972098906250005 0.7033786140625 0.4223842734375 0.7057471265624999 0.435320228125 0.7057471265624999
2 0.39714648124999996 0.6647161265625 0.41915028593750003 0.664367815625 0.47799619531250004 0.660815046875 0.530374128125 0.6611633578125 0.5433100828125 0.6590386625 0.5511097015625 0.6551375828125 0.553709575 0.6483803546875 0.548509828125 0.6430512015625001 0.5491439437500001 0.6345175890625 0.5414077359375 0.6267154296874999 0.5310716546875 0.6267154296874999 0.5071020921875 0.6298850578125 0.4573240328125 0.644479275 0.40583386250000003 0.6551027515625 0.40101458437500004 0.6561825140625 0.3932783765625 0.6586903515625 0.3926442609375 0.6611633578125 0.3939124921875 0.6636363640625 0.39714648124999996 0.6647161265625
2 0.37767913750000004 0.627830025 0.37894736875 0.6335074890625 0.3841471140625 0.639184953125 0.3918833234375 0.641692790625 0.396448953125 0.6420410999999999 0.41325301249999996 0.641692790625 0.510906784375 0.6338558 0.547114775 0.627830025 0.5535827515625 0.6231974921875 0.5549143937500001 0.620376175 0.54584654375 0.6139672593750001 0.5315789468750001 0.6104144890625001 0.5387444515625 0.60118425625 0.53677869375 0.5965517234375 0.5296766015625 0.593382096875 0.5135066578124999 0.593382096875 0.442993025 0.6061651 0.403551046875 0.6118425640625 0.39384908125 0.6129223265625 0.38864933437500004 0.6139672593750001 0.38218135625 0.6171717171875 0.37894736875 0.6207244859375 0.37767913750000004 0.627830025
0 0.363411540625 0.6043887140625 0.369245403125 0.6068617203125 0.37894736875 0.6075931734375 0.4223208625 0.6068617203125 0.5315789468750001 0.59265064375 0.5393785671875 0.5884012546874999 0.5438807859375 0.5819923375 0.54261255625 0.5766631828125 0.5251109703125 0.5756182515625 0.5102726703125 0.5706374078125 0.48440076093749995 0.57098571875 0.3722257453125 0.589620340625 0.3666455296875 0.590874259375 0.3615091953125 0.5937304078125 0.3601775515625 0.5990595609375 0.3608750796875 0.6015325671875 0.363411540625 0.6043887140625
1 0.36296765937500003 0.5746778124999999 0.44121750156250006 0.5690003484374999 0.50779961875 0.5683037265625 0.52853519375 0.5665273421875 0.5343690546875 0.564402646875 0.5362714015625001 0.5611981890625 0.5350031703125 0.5526645765625 0.5304375390625 0.546255659375 0.5246670890625 0.5455590390625 0.5162333546875 0.54590735 0.47419150312499997 0.5519679546875 0.41077996250000004 0.55656565625 0.3656309453125 0.5630790671875 0.3603677875 0.5640195046875001 0.35776791406249997 0.565795890625 0.3564996828125 0.5711250437500001 0.35776791406249997 0.572901428125 0.36296765937500003 0.5746778124999999
1 0.359480025 0.555938696875 0.36981610625 0.5562870078125 0.4034242234375 0.552385928125 0.48687381093750004 0.546325321875 0.534749525 0.545280390625 0.5379835125 0.5438523156249999 0.5405833859375 0.5388714734375 0.5405833859375 0.5228840124999999 0.5379835125 0.5111459421875 0.5211794546874999 0.5111459421875 0.48687381093750004 0.5157784750000001 0.3606848453125 0.536293975 0.35491439375 0.536746778125 0.351046290625 0.5381748515625 0.3484464171875 0.5420759312500001 0.35168040624999997 0.5516544765625 0.359480025 0.555938696875
1 0.3584020296875 0.493277603125 0.3661382375 0.494705678125 0.40044388125 0.50003483125 0.47222574531249994 0.5060606062499999 0.5129359546875001 0.510344828125 0.538173746875 0.5110414484375 0.5407736203125 0.480146290625 0.5362714015625001 0.47659352187500004 0.508433734375 0.4762103796875 0.4773620796875 0.477638453125 0.441154090625 0.4772901421875 0.358909321875 0.47788227031249997 0.351236525 0.47941483749999997 0.34996829375 0.4822709859375 0.351236525 0.48725182812499995 0.3532022828125 0.48937652343750004 0.3584020296875 0.493277603125
1 0.373747621875 0.45740160156250004 0.46455294843750006 0.47230930000000004 0.49714648125 0.47830024375 0.5211794546874999 0.480006965625 0.5305009515625 0.480006965625 0.532847178125 0.47401602187499997 0.53512999375 0.46252176875 0.5343690546875 0.46036224375 0.5095751421875 0.45611285312499994 0.41718452812500006 0.45057471250000003 0.386112871875 0.44803204531249996 0.352694990625 0.442668059375 0.347305009375 0.4424590734375 0.3465440703125 0.4454545453125 0.347305009375 0.447579240625 0.35434369062500004 0.4514106578125 0.373747621875 0.45740160156250004
0 0.3385542171875 0.42466039687499996 0.3478757140625 0.427237896875 0.477488903125 0.454928596875 0.48757133750000003 0.4562173453125 0.509321496875 0.4545106234375 0.53183259375 0.45109717812500005 0.541154090625 0.45109717812500005 0.54426125625 0.44939045625 0.5465440703125 0.4430163703125 0.5388078625 0.43448275937499997 0.5124286625 0.42382445156250004 0.45960684843750005 0.416161615625 0.35053899843749997 0.413967259375 0.344007609375 0.41400209062500004 0.33779327812500004 0.41487286718750005 0.333100825 0.417415534375 0.3338617625 0.42295367500000003 0.3385542171875 0.42466039687499996
2 0.3595434375 0.38662486875 0.363411540625 0.3925809828125 0.3734939765625 0.3959944265625 0.43018389375000005 0.41006617968750003 0.49461001875 0.42713340312500003 0.51401395 0.42796934843749995 0.5334178828125 0.42713340312500003 0.5372859859375 0.4237199578125 0.535700696875 0.4181469875 0.534939759375 0.411354928125 0.535700696875 0.4104841515625 0.5403931515625 0.40964820625 0.5597970828125 0.401950540625 0.560558021875 0.398119121875 0.5558655671875 0.394705678125 0.541154090625 0.3878787875 0.509321496875 0.381922675 0.458845909375 0.3768025078125 0.3974001265625 0.3733890625 0.389029803125 0.372971090625 0.3688649328125 0.3733890625 0.361826253125 0.3768025078125 0.3595434375 0.3823406484375 0.3595434375 0.38662486875
2 0.40577045 0.3625566 0.5058972734375 0.3877046328125 0.5284083703125 0.39453152187499996 0.5447051359375 0.39453152187499996 0.55326569375 0.39195402343749997 0.5540266328125 0.38300243749999996 0.5578947375000001 0.3778822703125 0.56487000625 0.3715081859375 0.5617628406249999 0.3646812953125 0.55244134375 0.3603970734375 0.517564996875 0.356147684375 0.41249207343750005 0.349912921875 0.40190234687500004 0.34932079374999997 0.39720989218749997 0.3510275171875 0.396448953125 0.35527690624999997 0.39955611874999997 0.359561128125 0.40577045 0.3625566
3 0.44603677812500003 0.339045628125 0.4801521875 0.347579240625 0.50038046875 0.35440612968749996 0.52441344375 0.3641936609375 0.5430564359375001 0.3646464640625 0.55079264375 0.3637756875 0.5585922640625001 0.3569487984375 0.5624603671874999 0.34245907343750004 0.5593532015625 0.3352142109375 0.5686746984375 0.3220132359375 0.5639822453125001 0.3181469875 0.5492707671875 0.31431556875 0.5097019656249999 0.3134796234375 0.47939124843750003 0.3160222921875 0.45846544062500005 0.312608846875 0.45535827500000003 0.3130268203125 0.45535827500000003 0.313897596875 0.45846544062500005 0.31644026406250003 0.4693088140625 0.3194357359375 0.477108434375 0.32284918125 0.47863031093749997 0.3262626265625 0.477108434375 0.33009404375 0.47400126875000004 0.33138279375 0.4693088140625 0.33138279375 0.4244768546875 0.3291884359375 0.41731135 0.3292580984375 0.41496512343749997 0.3292580984375 0.413443246875 0.33138279375 0.4180722890625 0.333089515625 0.44603677812500003 0.339045628125
3 0.4214965125 0.2908045984375 0.42612555468749996 0.2925113203125 0.48281547187499996 0.2984674328125 0.5223842734375 0.309125740625 0.5417882046875 0.312539184375 0.5549778062499999 0.3112852671875 0.5604311984375 0.306583071875 0.561953075 0.299338209375 0.5573240328125 0.28826192968750003 0.558845909375 0.281435040625 0.5627140140625 0.2733194015625 0.5564996828125001 0.270358759375 0.532466709375 0.2690700109375 0.49213696875 0.2733194015625 0.46962587187500004 0.2720654828125 0.4517438171875 0.2737722046875 0.41528218125 0.2758969 0.4074825625 0.2780215953125 0.40830691249999995 0.281435040625 0.41217501562500003 0.2818530125 0.45948002499999996 0.281435040625 0.47038681093749996 0.2818530125 0.4734939765625 0.2822709859375 0.475776790625 0.28526645781250004 0.4727330375 0.287809125 0.4303107171875 0.2865552078125 0.4230183890625 0.28568443125 0.41915028593750003 0.286102403125 0.418389346875 0.287391153125 0.41915028593750003 0.289097875 0.4214965125 0.2908045984375
3 0.5366518703125001 0.2676419359375 0.5595434375 0.26617903125 0.56981610625 0.2593173109375 0.577045021875 0.251340996875 0.5582117953125 0.2398119125 0.5582117953125 0.2338906296875 0.55332910625 0.231800765625 0.533925175 0.23033786093750003 0.5145212421875 0.2377220484375 0.44552948593749997 0.2483803546875 0.4439441984375 0.249878090625 0.44502219375 0.2516544765625 0.45415345625 0.252525253125 0.5161699421875 0.249878090625 0.5231452125 0.2540229890625 0.5215599234375 0.2552072453125 0.4687381109375 0.2540229890625 0.454724159375 0.2540229890625 0.4525681671875 0.254893765625 0.4525681671875 0.256078021875 0.46442612499999997 0.25876001406250004 0.5366518703125001 0.2676419359375