3 0.207804878125 0.352718078125 0.21505226406250003 0.37673830625 0.24578397187499998 0.43072060624999997 0.2525435546875 0.45891276875000003 0.25505226406250003 0.47699115000000003 0.2615331015625 0.49152970937499996 0.2692682921875 0.497850821875 0.280557490625 0.49873577812500003 0.286550521875 0.476611884375 0.296794425 0.48065739531249996 0.306550521875 0.47699115000000003 0.308571428125 0.4670037921875 0.30752613281249996 0.45158027812499996 0.30306620156249997 0.43893805312499995 0.2840418125 0.4035398234375 0.2662717765625 0.361314790625 0.254564459375 0.33919089687500004 0.25128919843749997 0.33640960781249996 0.2462717765625 0.33919089687500004 0.24480836250000002 0.344121365625 0.246550521875 0.3541087234375 0.26181184687500003 0.394943109375 0.261045296875 0.402149178125 0.2582578390625 0.402149178125 0.24404181249999998 0.39077117499999997 0.2142857140625 0.3541087234375 0.21052264843750002 0.35183312187500004 0.207804878125 0.352718078125
3 0.28675958125 0.319089759375 0.2863414640625 0.324273071875 0.2909407671875 0.35537294531249997 0.30278745625000003 0.39911504375 0.30529616718749997 0.4342604296875 0.3046689890625 0.4509481671875 0.3105226484375 0.4678887484375 0.3209059234375 0.475726928125 0.328153309375 0.47762326093749996 0.33714285781250003 0.45941845781249996 0.3472473875 0.46725663749999996 0.356585365625 0.46725663749999996 0.3583972125 0.4606826796875 0.3583972125 0.44298356562499996 0.348989546875 0.410366625 0.3353310109375 0.334639696875 0.32668989531250003 0.310493046875 0.320209059375 0.3026548671875 0.316236934375 0.303286978125 0.3151916375 0.3078381796875 0.316585365625 0.3216182046875 0.324181184375 0.36333754687500003 0.3248780484375 0.3783817953125 0.32236933749999996 0.3810366625 0.3195121953125 0.3810366625 0.317351915625 0.380025284375 0.30982578437499997 0.36637168125 0.293449478125 0.319089759375 0.28843205625 0.3175726921875 0.28675958125 0.319089759375
2 0.3891289203125 0.43893805312499995 0.390383275 0.432616940625 0.3891289203125 0.42452591718750005 0.38362369375 0.4185840703125 0.3779094078125 0.40404551250000004 0.369407665625 0.3605562578125 0.35317073125 0.31694058125 0.3431358890625 0.29974715625 0.3344250875 0.2951959546875 0.3336585359375 0.3006321109375 0.351428571875 0.37509481718750004 0.35512195156250004 0.4091024015625 0.3569337984375 0.4434892546875 0.36139372812500004 0.4517067 0.3741463421875 0.45537294531250005 0.3771428578125 0.45486725625 0.38041811875 0.45575221250000003 0.38439024375 0.4539823015625 0.3856446 0.444374209375 0.3891289203125 0.43893805312499995
2 0.41414634218749996 0.42629582812500005 0.41790940781249997 0.4226295828125 0.4188850171875 0.41769911562499995 0.41839721250000006 0.41264222500000003 0.3976306625 0.3554993671875 0.3859233453125 0.31605562656249997 0.37463414687499996 0.29747155468750003 0.36787456406249996 0.296965865625 0.3648780484375 0.3015170671875 0.38543554062499996 0.3972187109375 0.389407665625 0.431731984375 0.3898954703125 0.4343868515625 0.39212543593750004 0.436662453125 0.405435540625 0.4394437421875 0.41038327499999994 0.4426042984375 0.41414634218749996 0.42629582812500005
0 0.41240418125 0.27560050625 0.4063414640625 0.27332490468750004 0.406550521875 0.3016434890625 0.41219512187499996 0.36447534843749996 0.422229965625 0.43135271875000003 0.4255749125 0.44462705468749997 0.4290592328125 0.44677623281249995 0.4441114984375 0.44197218749999995 0.44675958125 0.43931732031250004 0.4488501734375 0.39924146718750003 0.437839721875 0.340960809375 0.42243902499999997 0.28621997499999996 0.41240418125 0.27560050625
1 0.47080139374999996 0.3816687734375 0.4613240421875 0.2900126421875 0.455818815625 0.28773704218749996 0.45080139375000006 0.2891276859375 0.44836236874999996 0.2954487984375 0.45282229999999996 0.4338811625 0.45484320624999997 0.44020227500000003 0.457839721875 0.44285714218749994 0.4731010453125 0.43792667500000004 0.47533101093749996 0.4365360296875 0.47804878124999994 0.43514538593749996 0.47860627187500004 0.43249051875 0.476585365625 0.41251580312499997 0.47080139374999996 0.3816687734375
1 0.48682926875000004 0.2941845765625 0.4830662015625 0.29102402031249996 0.4813240421875 0.2922882421875 0.477839721875 0.3005056890625 0.4750522640625 0.3413400765625 0.47707317031249996 0.4034134 0.47881533125000003 0.4142857140625 0.4793031359375 0.43514538593749996 0.5003484328125001 0.43969658593750005 0.501811846875 0.43969658593750005 0.5008362375 0.3879898859375 0.49560975625000003 0.3417193421875 0.48905923281249997 0.298735778125 0.48682926875000004 0.2941845765625
1 0.5220209062500001 0.3534766125 0.5153310109375 0.3217446265625 0.509825784375 0.3099873578125 0.5073170734375 0.3085967125 0.5050871078125 0.3108723140625 0.5050871078125 0.3960809109375 0.50355400625 0.43375474062499997 0.5050871078125 0.4364096078125 0.52076655 0.43931732031250004 0.52355400625 0.43969658593750005 0.5265505218750001 0.43969658593750005 0.527038328125 0.4278128953125 0.5255749125 0.378002528125 0.5220209062500001 0.3534766125
1 0.5420905921875 0.313780025 0.5358885015625 0.304171934375 0.534634146875 0.35360303437499996 0.529616725 0.4217446265625 0.529616725 0.442098609375 0.54759581875 0.4438685203125 0.551358884375 0.4403286984375 0.5551219515625 0.43805309687499994 0.5565853656249999 0.41946902656249996 0.5528919859375 0.398103665625 0.5501045296875 0.345006321875 0.5420905921875 0.313780025
0 0.5880836234375 0.2932996203125 0.5863414640625 0.27699115 0.583832753125 0.27243995 0.5803484328125 0.27243995 0.5768641109375 0.2752212390625 0.5731010453125001 0.28748419687500004 0.5631358890625 0.35145385625 0.5576306625 0.4026548671875 0.5558885015625 0.44070796406249996 0.558606271875 0.4480404546875 0.57637630625 0.4534766125 0.5788850171875 0.4529709234375 0.5811149828125 0.4512010109375 0.5843902437499999 0.433501896875 0.5891289203125 0.36725663750000004 0.5880836234375 0.2932996203125
2 0.625365853125 0.27838179531249996 0.6228571421875 0.2761061953125 0.620627178125 0.2761061953125 0.61560975625 0.2855878640625 0.6056446 0.3151706703125 0.597351915625 0.36182047968750003 0.588641115625 0.42616940625 0.5976306625000001 0.4470290765625 0.6016027875 0.44892541093749994 0.6121254359375 0.44576485468750005 0.6166550515625 0.440075853125 0.6181184671875 0.43615676406250004 0.6228571421875 0.3908975984375 0.625365853125 0.3109987359375 0.627386759375 0.2855878640625 0.625365853125 0.27838179531249996
2 0.652613240625 0.37699115 0.6661324046875 0.3035398234375 0.6652264812500001 0.292667509375 0.6631358890625 0.29051833125000004 0.6577003484375 0.2964601765625 0.6493379796875 0.3182048046875 0.63324041875 0.36637168125 0.622578396875 0.405309734375 0.61484320625 0.4207332484375 0.6111498265625 0.43362831875 0.6109407671875 0.4408343875 0.6130313593750001 0.44462705468749997 0.6261324046875 0.45853350156249995 0.6307317078125 0.4596713015625 0.634216028125 0.4562579015625 0.6423693375 0.45663716875000004 0.6439024390625 0.45537294531250005 0.646620209375 0.4494311 0.648153309375 0.44020227500000003 0.6475261328124999 0.42225031562500004 0.652613240625 0.37699115
3 0.6771428578124999 0.32414665 0.6689198609375 0.36396965937500003 0.6566550515625 0.40758533437500005 0.6441114984375 0.43931732031250004 0.6446689890624999 0.45840707968750005 0.6478745640625 0.466498103125 0.6519163765625 0.4670037921875 0.6623693375 0.4606826796875 0.674634146875 0.466498103125 0.6783972125 0.47509481718749996 0.6921254359375 0.4733249046875 0.69560975625 0.47155499375 0.6991637625 0.4656131484375 0.7016724734374999 0.45562579062499997 0.7046689890625 0.40670037968750006 0.7231358890624999 0.336788875 0.7239024390625 0.3227560046875 0.7216724734375 0.3195954484375 0.7171428578125 0.319974715625 0.7121254359375 0.32730720625 0.6976306625 0.369405815625 0.68836236875 0.3825537296875 0.685365853125 0.38356510781250003 0.6828571421875 0.3807838171875 0.681393728125 0.37673830625 0.68439024375 0.34627054375 0.6941463421875 0.304171934375 0.6858536578125001 0.306447534375 0.6771428578124999 0.32414665
3 0.7386062718749999 0.365360303125 0.728153309375 0.3821744625 0.7151219515625 0.41757269218750004 0.706620209375 0.4329962078125 0.7001393734375 0.448419721875 0.6971428578125 0.461061946875 0.6981184671875 0.4661188375 0.70041811875 0.46927939375000005 0.7018815328125 0.4773704171875 0.7041114984375 0.47926675156250004 0.7136585359375001 0.4782553734375 0.7241114984375 0.48154235156249997 0.7308710796875 0.4941845765625 0.735400696875 0.49646017656249997 0.74362369375 0.49367888750000005 0.7521254359375 0.4824273078125 0.7591637625 0.4438685203125 0.7681533093749999 0.41163084687499996 0.7781184671875 0.362199746875 0.780627178125 0.34222503125000003 0.7618815328124999 0.37496839375 0.7478745640625 0.4056890015625 0.7428571421875 0.40670037968750006 0.741393728125 0.4035398234375 0.741393728125 0.3993678890625 0.7591637625 0.362199746875 0.7796515671875001 0.3350189640625 0.7601393734374999 0.344121365625 0.7386062718749999 0.365360303125
3 0.7450871078125 0.617951959375 0.7583275265625 0.5729456390625 0.759372821875 0.55031605625 0.7553310109375 0.5312262953125 0.7501045296875 0.529456384375 0.7471080140625 0.5362831859375 0.7416027875 0.534892540625 0.7403484328125 0.5308470296875 0.7353310109375 0.5257901390625 0.731358884375 0.5171934265625 0.7160975609375 0.534513275 0.7138675953125 0.55486725625 0.7133101046875 0.59342604375 0.7058536578125 0.6288242734375 0.7058536578125 0.6437420984375 0.7073170734375 0.65777496875 0.7093379796875 0.6646017703125 0.7118466906250001 0.6677623265625 0.7175609749999999 0.665486725 0.7190940765625 0.6565107453125 0.7200696859375 0.6288242734375 0.7216027875 0.6211125156249999 0.7258536578125 0.613780025 0.728571428125 0.6160556265625 0.7301045296875001 0.6206068265625 0.73156794375 0.6365360296875 0.73156794375 0.6573957015625 0.736585365625 0.6728192156249999 0.73881533125 0.676864728125 0.7433449484375 0.6763590390625 0.744599303125 0.673704171875 0.743832753125 0.64108723125 0.7450871078125 0.617951959375
3 0.7043205578125 0.5865992421875 0.710592334375 0.5571428578125001 0.71156794375 0.5353982296875001 0.7093379796875 0.5203539828125 0.7013240421875 0.5108723140625 0.697351915625 0.51352718125 0.692613240625 0.524020228125 0.683832753125 0.512642225 0.6803484328125 0.512642225 0.671358884375 0.5194690265624999 0.6663414640624999 0.5268015171875 0.6645993031249999 0.5394437421875 0.6693379796875 0.588369153125 0.6673170734375 0.6120101140624999 0.6671080140625001 0.639190896875 0.6698257843750001 0.6554993671875 0.6733101046875001 0.664222503125 0.6753310109374999 0.6668773703124999 0.6798606265625 0.6668773703124999 0.6816027874999999 0.660935525 0.6808362375 0.6192161828125 0.6873170734375 0.613780025 0.689616725 0.6151706703125 0.6903135890625001 0.6460176984375 0.69560975625 0.6596713015625 0.6990940765625 0.6614412140625 0.702578396875 0.6554993671875 0.7055749125 0.627433628125 0.7033449484375 0.6015170671875001 0.7043205578125 0.5865992421875
2 0.6628571421875 0.6281921625 0.6623693375 0.5701643484375001 0.6648083625 0.53072060625 0.6630662015625 0.5180783812499999 0.6595818812500001 0.509355246875 0.6503135890625 0.5026548671875 0.645365853125 0.504424778125 0.6383275265624999 0.5152970921875 0.6353310109375 0.5207332484375 0.632613240625 0.5316055625 0.6331010453125 0.546144121875 0.6353310109375 0.557016434375 0.6475958187499999 0.6509481671875 0.6488501734375001 0.654993678125 0.6553310109375 0.66005056875 0.659372821875 0.6595448796875 0.6611149828125 0.6541087234375 0.6628571421875 0.6281921625
2 0.626202090625 0.60657395625 0.6309407671875 0.5567635906249999 0.6384668984374999 0.5259165609374999 0.637421603125 0.512768646875 0.6339372828125 0.5027812890625001 0.628222996875 0.4950695328125 0.622439025 0.49367888750000005 0.6154703828125 0.5013906453125 0.6096864109375 0.5118836921875001 0.6044599296875 0.5154235140625001 0.602439025 0.5276864734375 0.602439025 0.554487990625 0.6057142859375 0.5948166875 0.613449478125 0.6573957015625 0.6144250875 0.661946903125 0.616167246875 0.6651074593749999 0.6186759578125 0.6656131484375 0.6227177703125 0.6624525921875 0.626202090625 0.60657395625
0 0.5934494781249999 0.6824273078124999 0.6059233453124999 0.5022756 0.6021602781250001 0.49102402031250003 0.5944250875 0.48280657343750005 0.583414634375 0.482300884375 0.5764459937499999 0.4922882421875 0.5736585359374999 0.5091024015625 0.5712195125 0.5431099875000001 0.5712195125 0.58533501875 0.5754703828125 0.6293299625000001 0.5844599296874999 0.6833122625 0.5846689890625 0.6868520859375 0.5866898953125 0.6901390640625 0.590174215625 0.6905183312500001 0.592195121875 0.6878634640625 0.5934494781249999 0.6824273078124999
1 0.5714285718750001 0.5217446265625 0.57240418125 0.4931731984375 0.5714285718750001 0.4763590390625 0.5526829265625001 0.46814159218749996 0.54843205625 0.46864728125 0.546202090625 0.4713021484375 0.5444599296875 0.48318584062500003 0.5414634140625 0.52616940625 0.5394425093749999 0.613780025 0.543414634375 0.6423514531250001 0.54515679375 0.6450063218750001 0.5487108015625 0.6469026546875 0.55240418125 0.6423514531250001 0.56041811875 0.597850821875 0.5714285718750001 0.5217446265625
1 0.5416724734375 0.47496839375000005 0.5397212546875 0.4677623265625 0.5361672468750001 0.46637168124999995 0.5214634140625 0.46409608125 0.5036933796875 0.4658659921875 0.5016724734375 0.4709228828125 0.5016724734375 0.505309734375 0.50515679375 0.52844500625 0.5096864109375 0.5724399499999999 0.5202090593750001 0.6350189640624999 0.522160278125 0.639190896875 0.5257142859374999 0.639190896875 0.5271777 0.636915296875 0.5319163765625 0.56927939375 0.5416724734375 0.47496839375000005
1 0.49693379843749996 0.5184576484375001 0.4991637625 0.46864728125 0.498188153125 0.46498103593750006 0.48515679375 0.46232616875000004 0.46369337968749996 0.4618204796875 0.4614634140625 0.4804045515625 0.462160278125 0.5175726921875 0.4639024390625 0.538938053125 0.463414634375 0.5761061953125 0.46641115 0.6286978515625 0.468153309375 0.6332490515625 0.4726829265625 0.634639696875 0.4749128921875 0.6318584078125 0.485435540625 0.5869785078125 0.49693379843749996 0.5184576484375001
1 0.45616724687500004 0.47155499375 0.4539372828125 0.4661188375 0.428153309375 0.47243994999999994 0.4276655046875 0.4774968390625 0.42843205624999997 0.5051833125 0.43212543593749997 0.5286978515625 0.43289198593749995 0.55145385625 0.4388850171875 0.60316055625 0.4459233453125 0.6484197218750001 0.448641115625 0.6512010109374999 0.45191637656249994 0.6466498109375001 0.453379790625 0.62756005 0.45742160312499996 0.5087231359375 0.45616724687500004 0.47155499375
0 0.4261324046875 0.5192161828125 0.42439024375 0.496965865625 0.41637630625 0.473451328125 0.40341463437499997 0.47699115000000003 0.3976306625 0.4847029078125 0.394634146875 0.49747155468750004 0.3951219515625 0.5078381796875 0.393379790625 0.5141592921875 0.39393728281249996 0.5986093546875 0.3979094078125 0.6620733249999999 0.39888501718749997 0.66750948125 0.40515679374999997 0.6680151703125 0.40912892031250003 0.6625790140625 0.423414634375 0.5817951953125 0.4261324046875 0.5192161828125
2 0.388641115625 0.6544879906250001 0.3969337984375 0.5193426046875 0.394634146875 0.510366625 0.389407665625 0.5058154234375001 0.381393728125 0.4921618203125 0.375400696875 0.4881163078125 0.36989547031250003 0.489506953125 0.36243902499999997 0.5067003796875 0.36243902499999997 0.5152970921875 0.36641115 0.5343868515625 0.37017421562499997 0.5661188375 0.3756794421875 0.644121365625 0.37693379843749997 0.649557521875 0.3801393734375 0.65777496875 0.3839024390625 0.660935525 0.38668989531250003 0.6590391906249999 0.388641115625 0.6544879906250001
2 0.360627178125 0.5792667515625001 0.3671777 0.5384323640625001 0.367386759375 0.5235145390625 0.36641115 0.5184576484375001 0.3588850171875 0.5121365359375 0.350383275 0.5016434890625 0.34662020937500004 0.5016434890625 0.3396515671875 0.5098609359374999 0.33637630625 0.5298356515625 0.344181184375 0.6269279390625 0.34515679375 0.6544879906250001 0.34641115 0.6590391906249999 0.349407665625 0.6604298359375 0.35240418125 0.65777496875 0.358188153125 0.634639696875 0.360627178125 0.5792667515625001
3 0.3339372828125 0.6088495578125 0.33121951250000004 0.5944374203125 0.33665505156250003 0.5290771171875 0.331846690625 0.5192161828125 0.3247386765625 0.5151706703125 0.31958188125000003 0.5140328703125 0.3112195125 0.5241466499999999 0.3089198609375 0.5241466499999999 0.3022996515625 0.5136536031250001 0.294982578125 0.5144121359375 0.290592334375 0.5381795203124999 0.29163763125000003 0.5596713015625 0.2966550515625 0.590391909375 0.296027875 0.5997471562500001 0.3012543546875 0.67041719375 0.30334494843750004 0.6825537296874999 0.306620209375 0.6658659921875001 0.309756096875 0.614917825 0.3128919859375 0.609608090625 0.31602787499999996 0.608470290625 0.32062717812499997 0.6111251578125 0.3208362375 0.6670037921875 0.3214634140625 0.6711757265625 0.32355400625 0.6719342609375001 0.3320557484375 0.6523388109375 0.33477351875 0.6247787609375 0.3339372828125 0.6088495578125
3 0.29874564531250003 0.6637168140624999 0.296236934375 0.6316055625 0.29024390312500004 0.59570164375 0.2887108015625 0.5530973453125 0.286968640625 0.5413400765625 0.28125435468750004 0.5322376734375001 0.272195121875 0.5259165609374999 0.26919860624999997 0.5276864734375 0.262439025 0.5445006328125 0.25121951249999996 0.5385587859375 0.24745644531250002 0.54222503125 0.2449477359375 0.55486725625 0.2466898953125 0.5776232609374999 0.2587456453125 0.6207332484375 0.258188153125 0.6519595453125 0.260209059375 0.6814159296875 0.2647386765625 0.687357775 0.2666898953125 0.6859671296875 0.2696864109375 0.6764854609375 0.27324041875 0.6316055625 0.2757491296875 0.6165613140625 0.2844599296875 0.6460176984375 0.2904529609375 0.675979771875 0.2907317078125 0.6787610625 0.29198606250000003 0.68419721875 0.294982578125 0.687357775 0.29797909375 0.685082175 0.29874564531250003 0.6637168140624999