3 0.778606271875 0.691782553125 0.766620209375 0.6514538562500001 0.7501045296875 0.6237673828125 0.742578396875 0.5921618203125 0.7291289203125 0.564348925 0.722229965625 0.5659924140625 0.709616725 0.5774968390625 0.7032752609374999 0.5774968390625 0.6924738671874999 0.5877370421875 0.6871080140625 0.598735778125 0.6859233453125 0.6101137796875 0.693379790625 0.633501896875 0.7080836234375 0.6542351453124999 0.7287804875 0.6825537296874999 0.771428571875 0.715676359375 0.7680836234374999 0.702149178125 0.7446689890625 0.6771175734375 0.7369337984375 0.6618204796875 0.7344947734375 0.6426042984375 0.74202090625 0.6509481671875 0.77797909375 0.707585334375 0.778606271875 0.691782553125
2 0.6289198609375 0.7596713015625001 0.635818815625 0.7782553734375 0.6397212546875 0.7847029078125 0.6427177703125 0.7869785078125 0.6463414640625 0.78533501875 0.6480836234375 0.780910240625 0.64843205625 0.751580278125 0.644181184375 0.7123893812500001 0.6420905921875 0.617699115625 0.62682926875 0.61871049375 0.6163763062500001 0.6165613140625 0.6130313593750001 0.614917825 0.616585365625 0.67699115 0.6289198609375 0.7596713015625001
2 0.5874564453125 0.66523388125 0.5952613234374999 0.7381795203125 0.60996515625 0.7773704171875 0.6360975609375 0.79974715625 0.6198606265625 0.7605562578125 0.6096864109375 0.7131479140625 0.608153309375 0.6815423515625 0.60759581875 0.6288242734375 0.60515679375 0.6184576484375001 0.6036933796875 0.615676359375 0.5928919859375 0.6140328703125 0.5827177703124999 0.6245259171875001 0.58118466875 0.6298356515625 0.58118466875 0.640202275 0.5874564453125 0.66523388125
0 0.557560975 0.67585335 0.576167246875 0.7804045515625 0.5848780484375 0.7960809109375 0.58759581875 0.7754740828125 0.58759581875 0.750442478125 0.5791637625 0.6415929203124999 0.574982578125 0.611630846875 0.5698954703125 0.60948166875 0.5650871078125 0.6104930468750001 0.557839721875 0.6175726921875 0.55637630625 0.6225031609375 0.5551916375 0.631731984375 0.557560975 0.67585335
1 0.5302439031249999 0.6293299625000001 0.5398606265625 0.72098609375 0.5407665500000001 0.7710493046875 0.5464808359375 0.7591656125 0.5491289203124999 0.741213653125 0.5524738671875 0.6970922875000001 0.5527526125 0.621997471875 0.5390940765625001 0.6235145390625 0.5350522640625 0.6236409609375 0.5314982578125 0.6257901390625 0.5302439031249999 0.6293299625000001
1 0.5196515671874999 0.7603034140625 0.5229965156249999 0.76295828125 0.5259233453125 0.7618204796875 0.528571428125 0.7580278125000001 0.5312891984375 0.736915296875 0.53003484375 0.6647281921875 0.5279442515625 0.626548671875 0.5119163765625 0.620859671875 0.5087804874999999 0.6201011375000001 0.517351915625 0.7542351453125 0.5196515671874999 0.7603034140625
1 0.491358884375 0.7561314796875 0.49484320625 0.763337546875 0.49986062656249997 0.763337546875 0.5058536578124999 0.747534765625 0.5071080140625 0.62187105 0.5050871078125 0.6192161828125 0.49066202031249995 0.6182048046874999 0.48836236875 0.62098609375 0.48787456406249996 0.6318584078125 0.491358884375 0.7561314796875
1 0.463414634375 0.6341340078125 0.4642508703125 0.72300885 0.4650871078125 0.7403286984374999 0.46675958125 0.7426042984375 0.4692682921875 0.7414664984375 0.47449477343749996 0.730594184375 0.48487804843750004 0.64740834375 0.4840418125 0.6394437421875 0.4817421609375 0.6333754734375 0.46822299687499996 0.6217446265625 0.4650871078125 0.6206068265625 0.46362369374999995 0.6228824265624999 0.463414634375 0.6341340078125
0 0.4202787453125 0.7031605562500001 0.417770034375 0.7254108718750001 0.41881533125 0.7394437421875 0.420557490625 0.7453855875000001 0.4287804875 0.7476611890625 0.45825783906249995 0.682300884375 0.46278745624999995 0.6519595453125 0.4600696859375 0.643236409375 0.45979094062500003 0.6300884953125 0.457770034375 0.6192161828125 0.45031358906249996 0.613780025 0.4422996515625 0.6211125156249999 0.43756097499999996 0.6214917828125001 0.43581881562499997 0.623388115625 0.4290592328125 0.6509481671875 0.4202787453125 0.7031605562500001
2 0.40459930312500003 0.6130214921875 0.4055052265625 0.6625790140625 0.40878048749999996 0.6701643484375001 0.413031359375 0.6745891281249999 0.4186759578125 0.67243995 0.432195121875 0.61580278125 0.4259233453125 0.619089759375 0.41839721250000006 0.611378003125 0.40878048749999996 0.609228825 0.40641115 0.60657395625 0.40522648125 0.6075853343750001 0.40459930312500003 0.6130214921875
2 0.3834843203125 0.7026548671875 0.38 0.739823009375 0.3709407671875 0.7792667515625 0.3719860625 0.7838179515625 0.3759581875 0.785208596875 0.3827177703125 0.7806573953125 0.3909407671875 0.764348925 0.3977003484375 0.7298356515625 0.400209059375 0.6786346390625 0.39923345 0.6155499375 0.3857142859375 0.613780025 0.374982578125 0.60834386875 0.37219512187500003 0.6106194687500001 0.373449478125 0.62958280625 0.3834843203125 0.7026548671875
3 0.29163763125000003 0.4131479140625 0.2892682921875 0.4152970921875 0.28801393750000004 0.4197218703125 0.288641115625 0.46978508281250003 0.2871777 0.51984829375 0.2892682921875 0.542098609375 0.2919163765625 0.5508217453124999 0.2955400703125 0.5546144125 0.3087804875 0.5568900125 0.321045296875 0.5498103671875 0.32912892031249996 0.5568900125 0.336027875 0.5546144125 0.3396515671875 0.53994943125 0.339372821875 0.513906446875 0.3243205578125 0.43109987343749995 0.31923345 0.4121365359375 0.3060627171875 0.39797724375 0.3012543546875 0.39797724375 0.29881533125000004 0.40063211093750006 0.29881533125000004 0.404424778125 0.3012543546875 0.410493046875 0.30843205625 0.424020228125 0.3186759578125 0.4670037921875 0.31832752656249996 0.4865992421875 0.3156794421875 0.49367888750000005 0.3120557484375 0.49367888750000005 0.30843205625 0.48773704218749997 0.298606271875 0.426548671875 0.29707317031249997 0.41694058125 0.2940766546875 0.4131479140625 0.29163763125000003 0.4131479140625
2 0.37560975625 0.39077117499999997 0.36390243906249997 0.40948166874999997 0.35358885 0.468268015625 0.3390940765625 0.5304677625 0.33763066249999996 0.5499367890625 0.3381184671875 0.554993678125 0.3416027875 0.5585335015624999 0.366620209375 0.555878634375 0.3691289203125 0.5541087234375001 0.3708710796875 0.548166878125 0.3708710796875 0.5141592921875 0.37358885000000003 0.4914032875 0.37811846718750003 0.4152970921875 0.38362369375 0.3948166875 0.38313588906249996 0.38988622031250003 0.3811149828125 0.3879898859375 0.37560975625 0.39077117499999997
2 0.409825784375 0.34968394375 0.403205575 0.3648546140625 0.39630662031249997 0.3986093546875 0.3843205578125 0.47155499375 0.3740766546875 0.5494311 0.37560975625 0.560809103125 0.38097560937499997 0.5635903921875001 0.3933101046875 0.5635903921875001 0.40376306562500003 0.5586599234375 0.406202090625 0.550442478125 0.40675958124999995 0.49393173125 0.40919860625000004 0.421997471875 0.4151916375 0.35512010156249996 0.41547038281250004 0.351327434375 0.41790940781249997 0.3414664984375 0.409825784375 0.34968394375
0 0.42829268281250005 0.3668773703125 0.423832753125 0.36953223749999997 0.4217421609375 0.37560050624999997 0.41358885 0.46156763593749994 0.41003484375 0.513780025 0.41219512187499996 0.56118836875 0.420209059375 0.5742098609374999 0.4280139375 0.5730720609375 0.43637630625 0.5659924140625 0.4379094078125 0.5453855875 0.4342857140625 0.510493046875 0.432613240625 0.3865992421875 0.432195121875 0.37661188437500004 0.431010453125 0.37117572656250003 0.42829268281250005 0.3668773703125
1 0.4479442515625 0.41554993749999997 0.44118466874999995 0.551580278125 0.4414634140625 0.5706700375 0.44271777031250004 0.57383059375 0.45547038281249996 0.5761061953125 0.46773519218750004 0.5752212390625 0.46696864062500004 0.545259165625 0.463972125 0.5161820484375 0.4649477359375 0.48179519531250004 0.46445992968749994 0.450442478125 0.45999999999999996 0.4178255375 0.456236934375 0.400126421875 0.454982578125 0.3964601765625 0.452195121875 0.3910240203125 0.4479442515625 0.41554993749999997
1 0.48055749062500003 0.406194690625 0.47700348437500006 0.42629582812500005 0.4737282234375 0.5278128953125 0.47073170781250007 0.5437420984375 0.46898954687499994 0.5731984828125001 0.4696864109375 0.582300884375 0.4866898953125 0.5877370421875 0.4959581875 0.5854614406249999 0.5034843203125 0.576864728125 0.4959581875 0.46750948125 0.49066202031249995 0.413906446875 0.488641115625 0.4025284453125 0.48515679375 0.398988621875 0.48055749062500003 0.406194690625
1 0.52076655 0.4142857140625 0.5032752609375 0.5793931734375 0.50522648125 0.5839443734375 0.5157491296875001 0.587484196875 0.5305226484375 0.5888748421875001 0.5352613234375 0.586093553125 0.5365156796874999 0.5434892546875 0.5352613234375 0.5217446265625 0.53797909375 0.4414664984375 0.5372822296875001 0.4051833125 0.5357491296875 0.3943109984375 0.5282926828125001 0.3951959546875 0.52076655 0.4142857140625
1 0.5559581875 0.40884955781250004 0.55240418125 0.4213653609375 0.5487804875 0.45461441249999995 0.5391637625000001 0.5807838171874999 0.5416027875 0.5847029078125 0.55958188125 0.5807838171874999 0.5622996515625001 0.5721871046875 0.56439024375 0.538938053125 0.565017421875 0.487231353125 0.5680139375000001 0.4039190890625 0.5646689890625 0.4022756 0.560209059375 0.4034134 0.5559581875 0.40884955781250004
0 0.5910801390625 0.3871049296875 0.582996515625 0.38975979843749997 0.577560975 0.3963337546875 0.5754703828125 0.40720606875 0.570383275 0.5214917828125001 0.5652961671875001 0.5596713015625 0.5676655046875 0.5759797718749999 0.5754703828125 0.589506953125 0.58 0.589506953125 0.5880836234375 0.5824273078125 0.594982578125 0.5618204796875 0.596167246875 0.5275600500000001 0.592613240625 0.451833121875 0.592613240625 0.394690265625 0.5928919859375 0.38975979843749997 0.5928919859375 0.38761061875 0.5910801390625 0.3871049296875
2 0.600557490625 0.41264222500000003 0.5935191640624999 0.47117572656249995 0.5885017421875001 0.5342604296875 0.5887804875 0.54740834375 0.59080139375 0.5618204796875 0.5925435546875 0.56409608125 0.597770034375 0.565486725 0.605783971875 0.5749683937500001 0.61003484375 0.576864728125 0.6150522640625 0.5728192156249999 0.621045296875 0.5623261687500001 0.6215331015625 0.546396965625 0.6195121953125 0.4992414671875 0.61317073125 0.41289507031249995 0.6122648078124999 0.40543615624999996 0.6111498265625 0.3982300890625 0.600557490625 0.41264222500000003
2 0.6179094078125 0.4520859671875 0.6186759578125 0.5146649812499999 0.620209059375 0.551833121875 0.6214634140624999 0.557648546875 0.6384668984374999 0.57269279375 0.642160278125 0.5707964609375 0.6466898953125 0.56409608125 0.6419512187499999 0.448419721875 0.6359581875 0.41668773750000004 0.630174215625 0.40581542343750004 0.6271777000000001 0.4039190890625 0.6186759578125 0.42932996250000005 0.6179094078125 0.4520859671875
3 0.6577003484375 0.4 0.6636933796875 0.4353982296875 0.6691986062499999 0.4835651078125 0.6686411156250001 0.49292035468749995 0.666550521875 0.49570164375000003 0.663832753125 0.49570164375000003 0.66202090625 0.490771175 0.6566550515625 0.415676359375 0.65484320625 0.4015170671875 0.653031359375 0.4003792671875 0.65156794375 0.40366624531250006 0.6521254359374999 0.4286978515625 0.6503135890625 0.4668773703125 0.6506620203125 0.49241466562499997 0.648571428125 0.508217446875 0.649756096875 0.5255372953124999 0.6458536578125 0.55663716875 0.6470383281250001 0.5637168140625 0.6536585359375 0.5670037921875 0.6662717765624999 0.5670037921875 0.6770731703124999 0.564222503125 0.68362369375 0.554993678125 0.68843205625 0.5223767390625 0.6815331015625 0.49456384375000007 0.6827177703125 0.4657395703125 0.6770731703124999 0.442351453125 0.6662717765624999 0.4069532234375 0.663972125 0.4022756 0.659442509375 0.39911504375 0.6577003484375 0.4
3 0.7093379796875 0.474841971875 0.70522648125 0.4568900125 0.694634146875 0.37256637187499997 0.6923344953125 0.400126421875 0.691010453125 0.506447534375 0.6952613234375 0.535777496875 0.69881533125 0.5402022750000001 0.7042508703125 0.5402022750000001 0.7063414640625 0.5364096078125 0.7216724734375 0.5341340078125 0.7363066203125 0.5173198484375 0.7384668984375 0.5036662453125 0.73721254375 0.48849557499999996 0.7318466906250001 0.4764854609375 0.7240418125 0.4247787609375 0.716236934375 0.39924146718750003 0.70843205625 0.3806573953125 0.69881533125 0.367130215625 0.7108710796875 0.4165613140625 0.71324041875 0.4442477875 0.717421603125 0.47762326093749996 0.7131010453125 0.4793931734375 0.7093379796875 0.474841971875
3 0.6691986062499999 0.6930467765625 0.6804878046875 0.7371681421875 0.6861324046874999 0.7499367890624999 0.6928223 0.7499367890624999 0.6942160281249999 0.7403286984374999 0.6935191640625 0.7223767390625 0.685435540625 0.6847029078125 0.688222996875 0.6450063218750001 0.6875261328125 0.6193426046875 0.682229965625 0.6040455125 0.6727526125 0.605309734375 0.65156794375 0.6136536031250001 0.6476655046875 0.6238938046875 0.6505226484375 0.6456384328125 0.6512195125 0.647534765625 0.658606271875 0.6603034140624999 0.6691986062499999 0.6930467765625
3 0.2804878046875 0.7294563843749999 0.2804878046875 0.7442477875 0.28822299687499997 0.7512010109375 0.29707317031249997 0.7269279390625 0.303763065625 0.6936788875000001 0.312195121875 0.6680151703125 0.321393728125 0.6533501890625 0.3280836234375 0.63476611875 0.32773519218749997 0.5975979765625 0.32034843281250003 0.593805309375 0.2924738671875 0.59570164375 0.28682926875 0.6091024015625 0.2847386765625 0.6437420984375 0.29003484375 0.6648546140625 0.289616725 0.6667509484374999 0.290383275 0.6711757265625 0.2804878046875 0.7294563843749999
3 0.33979094062500004 0.714791403125 0.3427177703125 0.714791403125 0.3477351921875 0.7056890015625 0.358606271875 0.6657395703125 0.37010452968749996 0.643236409375 0.37240418124999997 0.620859671875 0.3709407671875 0.6049304671875 0.3644599296875 0.600126421875 0.3359581875 0.5996207328125001 0.3327526125 0.6160556265625 0.33128919843750004 0.64222503125 0.331010453125 0.644374209375 0.340975609375 0.6881163078125 0.33979094062500004 0.714791403125