3 0.7920557484375 0.5331226296875 0.77003484375 0.4953223765625 0.7609059234375 0.45499367812499997 0.749756096875 0.435651075 0.7422996515625 0.440075853125 0.73317073125 0.4539823015625 0.728222996875 0.4571428578125 0.717839721875 0.4814159296875 0.7175609749999999 0.494943109375 0.7195121953125 0.5011378 0.7277351921874999 0.5128950703124999 0.7336585359375001 0.5290771171875 0.7445296171875 0.5505689 0.7759581875 0.568520859375 0.7787456453125 0.5667509484375 0.7784668984375 0.5554993671874999 0.7742857140625 0.5505689 0.7586759578125 0.5415929203125 0.7517073171875001 0.5290771171875 0.7519860625 0.5201011375 0.7534494781250001 0.5183312265625 0.757421603125 0.51871049375 0.7599303140625 0.5204804046875 0.787386759375 0.548419721875 0.79156794375 0.548419721875 0.7931010453125 0.5447534765625 0.7920557484375 0.5331226296875
3 0.7614634140625001 0.5865992421875 0.74041811875 0.5537294562499999 0.73003484375 0.5331226296875 0.7248083624999999 0.5134007578124999 0.7156794421875 0.4908975984375 0.6802787453125 0.5097345125 0.67804878125 0.5142857140625 0.6763066203125 0.5195954484375 0.675818815625 0.5290771171875 0.683205575 0.551580278125 0.6871777 0.5582806578125 0.7275261328125 0.61352718125 0.734216028125 0.6193426046875 0.7458536578125 0.6211125156249999 0.7510801390624999 0.6193426046875 0.7473170734375 0.6112515796875 0.7337282234375 0.598735778125 0.725783971875 0.5888748421875001 0.720627178125 0.5798988625 0.7181184671875 0.5707964609375 0.7179094078125 0.5646017703124999 0.720627178125 0.56409608125 0.7555400703124999 0.5996207328125001 0.762439025 0.6 0.7644599296875 0.5946902656249999 0.7614634140625001 0.5865992421875
3 0.7029268296875 0.6333754734375 0.7124041812499999 0.6300884953125 0.7151219515625 0.618836915625 0.7055749125 0.6214917828125001 0.7029268296875 0.6193426046875 0.6815331015625 0.565486725 0.6809059234375 0.5395701640625 0.6791637625 0.5207332484375 0.67644599375 0.5142857140625 0.6636933796875 0.519089759375 0.6455749125 0.5201011375 0.6396515671875 0.5195954484375 0.6369337984375 0.5174462703125 0.63484320625 0.519089759375 0.6345644593750001 0.5288242734375 0.636027875 0.5395701640625 0.6479442515625 0.5859671296875 0.6663414640624999 0.638685209375 0.6687108015625001 0.6424778765625 0.6735191640625 0.6436156765625001 0.6752613234375 0.6414664984375 0.6752613234375 0.6338811625 0.6648780484375 0.5972187109375 0.6613240421875 0.57787610625 0.66278745625 0.57357775 0.673797909375 0.5869785078125 0.685365853125 0.6155499375 0.6931010453125 0.6290771171875 0.7029268296875 0.6333754734375
2 0.631010453125 0.6270543609375 0.6411149828125 0.6562579015625001 0.643832753125 0.6615676359375 0.6471080140625001 0.6620733249999999 0.648571428125 0.659924146875 0.648571428125 0.656763590625 0.6459233453125 0.6298356515625 0.6366550515625 0.5898862203124999 0.631010453125 0.530594184375 0.6271777000000001 0.5279393171875 0.60996515625 0.5310998734375 0.608153309375 0.5327433625 0.6066898953125001 0.5413400765625 0.6093379796875 0.55600505625 0.6215331015625 0.5915297093749999 0.631010453125 0.6270543609375
2 0.6021602781250001 0.6364096078125 0.6063414640625 0.6476611890624999 0.61317073125 0.6584070796875 0.617003484375 0.66005056875 0.6214634140624999 0.6530973453125 0.6063414640625 0.5350189640624999 0.5944250875 0.5338811625 0.5920557484375 0.536030340625 0.5858536578125 0.5383059421875 0.5858536578125 0.5447534765625 0.5878745640624999 0.5619469031250001 0.6021602781250001 0.6364096078125
0 0.56118466875 0.5906447531250001 0.57477351875 0.66118836875 0.580209059375 0.682300884375 0.583205575 0.6859671296875 0.585435540625 0.6859671296875 0.5906620203124999 0.6773704171875 0.5911498265625 0.6670037921875 0.5879442515625 0.6073324906249999 0.5812543546875 0.5381795203124999 0.5787456453125001 0.53362831875 0.5646689890625 0.5260429828125 0.560209059375 0.5255372953124999 0.556236934375 0.5278128953125 0.5544947734375001 0.5327433625 0.554982578125 0.5434892546875 0.56118466875 0.5906447531250001
1 0.55240418125 0.6616940578125 0.5538675953125 0.6585335015625 0.554216028125 0.6530973453125 0.5512195125 0.5706700375 0.5521254359375 0.5242730718749999 0.5509407671875 0.5204804046875 0.5312891984375 0.516814159375 0.5283623687500001 0.5161820484375 0.5384668984375 0.6056890015625 0.546202090625 0.6573957015625 0.548222996875 0.66232616875 0.55240418125 0.6616940578125
1 0.522229965625 0.620227559375 0.5255052265625 0.6385587859374999 0.5278745640625 0.6456384328125 0.5302439031249999 0.6466498109375001 0.531428571875 0.6418457656250001 0.531428571875 0.6170670031250001 0.5301045296875 0.535777496875 0.5302439031249999 0.5292035390625001 0.529616725 0.5204804046875 0.5126829265625 0.5211125156249999 0.5138675953125 0.5490518328125 0.522229965625 0.620227559375
1 0.5149825781249999 0.62300885 0.5119860625 0.57269279375 0.5114982578125 0.5300884953125 0.5105226484375 0.5228824265625 0.5087804874999999 0.5214917828125001 0.49219512187500003 0.5255372953124999 0.4907317078125 0.5269279390625 0.490174215625 0.5309734515625 0.49142857187500005 0.5385587859375 0.5114982578125 0.651327434375 0.5149825781249999 0.62300885
1 0.49003484375 0.6580278125000001 0.4927526125 0.6594184578125 0.4944947734375 0.657648546875 0.49519163749999995 0.6530973453125 0.4917073171875 0.57041719375 0.49344947812499995 0.521997471875 0.49052264843750004 0.518836915625 0.485783971875 0.518836915625 0.477839721875 0.5269279390625 0.4711498265625 0.528318584375 0.46773519218750004 0.5290771171875 0.46571428593749997 0.5331226296875 0.4717073171875 0.5591656125 0.48675958125 0.645512009375 0.49003484375 0.6580278125000001
0 0.4485017421875 0.69683944375 0.4538675953125 0.7070796453125 0.45804878125000004 0.707585334375 0.460975609375 0.70429835625 0.463972125 0.692414665625 0.46724738749999994 0.6676359046875 0.47080139374999996 0.601896334375 0.47080139374999996 0.5501896328125 0.4693379796875 0.537800253125 0.465435540625 0.5226295828125 0.45923345 0.5216182046875 0.4512195125 0.5242730718749999 0.44355400625 0.530594184375 0.43958188125 0.5351453859374999 0.43721254375 0.5437420984375 0.437839721875 0.5814159296875 0.4443205578125 0.67357775 0.4485017421875 0.69683944375
2 0.41135888437499996 0.6680151703125 0.408989546875 0.6869785078125 0.41135888437499996 0.6858407078125001 0.4185365859375 0.6723135265625 0.4244599296875 0.643236409375 0.429825784375 0.58938053125 0.4324738671875 0.5446270546875 0.4259233453125 0.54513274375 0.41226480781249997 0.539190896875 0.4093379796875 0.5381795203124999 0.40571428593750003 0.5419721875 0.40662020937500004 0.5694058156249999 0.41135888437499996 0.6298356515625 0.41135888437499996 0.6680151703125
2 0.37184669062500003 0.6437420984375 0.3677351921875 0.6772439953125 0.3689198609375 0.68419721875 0.37184669062500003 0.68419721875 0.3799303140625 0.6713021484375 0.3885017421875 0.643236409375 0.397421603125 0.6022756 0.40278745625 0.5462705437500001 0.39923345 0.5413400765625 0.3908710796875 0.5370417187500001 0.3751219515625 0.5332490515625 0.3742857140625 0.5332490515625 0.3694773515625 0.5353982296875001 0.3682926828125 0.5419721875 0.37184669062500003 0.600126421875 0.37184669062500003 0.6437420984375
3 0.27804878125 0.42187105 0.276236934375 0.4542351453125 0.2800696859375 0.46447534843750005 0.2845296171875 0.47041719375 0.293797909375 0.4730720609375 0.30355400625 0.4816687734375 0.3089198609375 0.48015170625000003 0.31721254375 0.4709228828125 0.322578396875 0.455878634375 0.3240418125 0.44070796406249996 0.3208362375 0.42831858437500003 0.317560975 0.40682680156249995 0.31484320625 0.35663716875 0.3112891984375 0.32756005 0.3080139375 0.3189633375 0.304181184375 0.316814159375 0.300627178125 0.316814159375 0.297351915625 0.3206068265625 0.297003484375 0.3270543609375 0.302648084375 0.3723135265625 0.301811846875 0.3836915296875 0.3002787453125 0.386346396875 0.297351915625 0.385208596875 0.295818815625 0.3782553734375 0.2893379796875 0.3318584078125 0.286968640625 0.3308470296875 0.28041811875 0.3318584078125 0.27686411093749996 0.33729456406249997 0.2806968640625 0.4056890015625 0.27804878125 0.42187105
3 0.32320557499999997 0.34968394375 0.327038328125 0.388495575 0.3276655046875 0.40682680156249995 0.3208362375 0.43211125156249997 0.321393728125 0.4456384328125 0.3234843203125 0.45158027812499996 0.33177700312499997 0.4542351453125 0.3522648078125 0.4542351453125 0.37219512187500003 0.4494311 0.3742857140625 0.44285714218749994 0.3742857140625 0.4353982296875 0.3623693375 0.3761061953125 0.350243903125 0.3070796453125 0.3478745640625 0.3049304671875 0.345435540625 0.3070796453125 0.34222996562499997 0.321112515625 0.34222996562499997 0.3329962078125 0.345783971875 0.365360303125 0.3436933796875 0.3792667515625 0.3418815328125 0.38040455156249997 0.34041811875 0.3798988625 0.3288501734375 0.3194690265625 0.32675958125000004 0.316814159375 0.3216724734375 0.316814159375 0.3187456453125 0.3216182046875 0.3187456453125 0.32806573906250003 0.32320557499999997 0.34968394375
2 0.365017421875 0.40682680156249995 0.36648083593749997 0.43969658593750005 0.3714982578125 0.44879898906250004 0.3771428578125 0.45335018906249996 0.3860627171875 0.45271807812500003 0.398188153125 0.44487989843750003 0.39888501718749997 0.43969658593750005 0.38996515625 0.3056890015625 0.388571428125 0.2993678890625 0.3814634140625 0.289633375 0.37644599375 0.289633375 0.368989546875 0.303286978125 0.365017421875 0.40682680156249995
2 0.3967247390625 0.40960809062500003 0.3967247390625 0.44323640937500003 0.400627178125 0.45486725625 0.409825784375 0.4604298359375 0.428571428125 0.4470290765625 0.43191637656250004 0.4405815421875 0.41916376250000004 0.39279393125 0.40919860625000004 0.30227560000000003 0.40703832812499996 0.30025284375 0.4048780484375 0.30025284375 0.403832753125 0.3048040453125 0.400627178125 0.34361567656249997 0.3967247390625 0.40960809062500003
0 0.4223693375 0.4595448796875 0.42662020937499995 0.46864728125 0.43372822343750006 0.4763590390625 0.44160278750000004 0.4763590390625 0.45372822343749997 0.46599241406249997 0.45797909375 0.44020227500000003 0.4572822296875 0.4013906453125 0.4480139375 0.29911504375 0.4358885015625 0.2557522125 0.4340766546875 0.251327434375 0.429825784375 0.2428571421875 0.4294773515625 0.3055625796875 0.42627177656250004 0.395575221875 0.4223693375 0.4595448796875
1 0.47191637656249996 0.3175726921875 0.456236934375 0.455878634375 0.4583275265625 0.47016434843750005 0.4633449484375 0.48179519531250004 0.47512195156250003 0.4824273078125 0.4783275265625 0.47724399531249995 0.4800696859375 0.4494311 0.4804878046875 0.36472819218749997 0.482578396875 0.3026548671875 0.482578396875 0.298735778125 0.48153310156250007 0.2948166875 0.47651567968749997 0.2941845765625 0.47512195156250003 0.29683944375000004 0.47191637656249996 0.3175726921875
1 0.48898954687499996 0.38192161874999997 0.485435540625 0.4298356515625 0.48153310156250007 0.46409608125 0.4829268296875 0.4796460171875 0.48613240468749996 0.48482932968750003 0.5046689890625 0.486093553125 0.5107317078125 0.48280657343750005 0.511846690625 0.47509481718749996 0.5107317078125 0.431731984375 0.5078745640625 0.3838179515625 0.5004181187500001 0.30821744687499997 0.5000696859375 0.30429835625 0.49686411093749994 0.30037926718749997 0.492961671875 0.30366624531249997 0.4911498265625 0.31984829375 0.48898954687499996 0.38192161874999997
1 0.521811846875 0.38141592968750004 0.517351915625 0.4353982296875 0.5110801390625 0.468268015625 0.511428571875 0.48280657343750005 0.5140766546875 0.48975979843750006 0.5256446 0.49405815468750003 0.5408362375 0.49570164375000003 0.5416724734375 0.46118836874999997 0.5393031359375 0.43211125156249997 0.5390243906250001 0.3178255375 0.5390243906250001 0.312515803125 0.537839721875 0.30657395625 0.53400696875 0.30922882500000004 0.5280139375 0.32756005 0.521811846875 0.38141592968750004
1 0.547038328125 0.4 0.5428571421874999 0.44740834375 0.5434843203125 0.47926675156250004 0.547038328125 0.48192161875000006 0.5589547031250001 0.4824273078125 0.5627874562499999 0.479772440625 0.5660627171875 0.47117572656249995 0.5672473874999999 0.45979772499999993 0.5660627171875 0.43236409531250003 0.5636933796875 0.410745890625 0.559790940625 0.3040455125 0.5595121953125 0.2986093546875 0.5568641109375 0.2986093546875 0.5550522640625 0.3035398234375 0.550592334375 0.3256637171875 0.547038328125 0.4
0 0.5693379796875 0.4111251578125 0.5660627171875 0.42895069531249996 0.5660627171875 0.4520859671875 0.56843205625 0.46927939375000005 0.5731707312500001 0.47420986093749995 0.58 0.4773704171875 0.5880836234375 0.47471555 0.5901045296875 0.46447534843750005 0.5954703828125 0.455878634375 0.5954703828125 0.4499367890625 0.5903135890625 0.423135271875 0.594216028125 0.40884955781250004 0.5966550515625 0.35183312187500004 0.5957491296875 0.3189633375 0.597560975 0.2677623265625 0.5966550515625 0.26232616875 0.594564459375 0.26232616875 0.591010453125 0.2672566375 0.581811846875 0.3184576484375 0.5693379796875 0.4111251578125
2 0.6088501734375 0.31554993750000004 0.6011149828125 0.34905183281249996 0.5957491296875 0.42237673906250006 0.59637630625 0.4438685203125 0.6016724734375 0.45410872343750003 0.6103135890625 0.46005056875 0.616585365625 0.46005056875 0.622229965625 0.4552465234375 0.623972125 0.44879898906250004 0.6218815328125 0.41580278125000003 0.6248780484374999 0.3857142859375 0.6248780484374999 0.3207332484375 0.6230662015624999 0.3102402015625 0.618606271875 0.30530973437500003 0.615400696875 0.30530973437500003 0.61240418125 0.3085967125 0.6088501734375 0.31554993750000004
2 0.6383275265624999 0.3150442484375 0.636167246875 0.3395701640625 0.626550521875 0.40493046718750003 0.626550521875 0.434639696875 0.6304529609375 0.44627054375 0.635818815625 0.45082174531249997 0.6433449484375 0.45082174531249997 0.646550521875 0.4482933 0.649407665625 0.439190896875 0.6533101046875001 0.40884955781250004 0.656167246875 0.3266750953125 0.655818815625 0.32212389375 0.6547038328125 0.3150442484375 0.648641115625 0.3046776234375 0.64118466875 0.3098609359375 0.6383275265624999 0.3150442484375
3 0.656585365625 0.349557521875 0.647386759375 0.4131479140625 0.6470383281250001 0.42667509531250003 0.6488501734375001 0.43147914062500003 0.6758885015625 0.4352718078125 0.6824390250000001 0.4395701640625 0.689825784375 0.43211125156249997 0.6880836234375 0.38305941875 0.694564459375 0.3259165609375 0.6931010453125 0.318836915625 0.6886411156250001 0.319974715625 0.6740766546875 0.36637168125 0.6723344953125 0.34905183281249996 0.67560975625 0.3118836921875 0.67317073125 0.3102402015625 0.66843205625 0.3102402015625 0.6655052265625 0.31238938125 0.663414634375 0.3166877375 0.656585365625 0.349557521875
3 0.687386759375 0.42111251562499996 0.6889198609375 0.4256637171875 0.6923344953125 0.4279393171875 0.706968640625 0.42831858437500003 0.7141463421875 0.423388115625 0.7211149828125001 0.42300885 0.7278048781249999 0.41757269218750004 0.7285017421875 0.41175726875 0.7272473875000001 0.3762326171875 0.7337282234375 0.35777496875 0.7374216031249999 0.31871049375 0.736167246875 0.3039190890625 0.729756096875 0.287357775 0.7278048781249999 0.308470290625 0.7183972125 0.3498103671875 0.7149128921875 0.35512010156249996 0.71317073125 0.354740834375 0.7188850171875 0.291782553125 0.716167246875 0.2900126421875 0.712195121875 0.29355246562500004 0.70522648125 0.31061946875 0.6879442515624999 0.3982300890625 0.687386759375 0.42111251562499996