2 0.34482758593749996 0.236588459375 0.3414141421875 0.243563728125 0.3375827234375 0.31109702031249997 0.324799721875 0.4158528859375 0.3273423890625 0.426696259375 0.336746778125 0.43291058906249996 0.34952978125 0.43557387500000005 0.352943225 0.43525681718750003 0.357192615625 0.426696259375 0.3580633921875 0.4112238421875 0.3461163359375 0.2637285984375 0.34482758593749996 0.236588459375
2 0.379623825 0.34559289843749996 0.36680599062499997 0.2718452765625 0.36509926875 0.24933417812499997 0.3629745734375 0.255548509375 0.35914315625 0.279581484375 0.3616858234375 0.3641724796875 0.36084987812499997 0.433291059375 0.3616858234375 0.43481293593750003 0.36509926875 0.43639822500000003 0.3819923375 0.43899809687499997 0.383873215625 0.43950539062500005 0.3877046328125 0.4410272671875 0.388575409375 0.43950539062500005 0.3889933828125 0.4247305015625 0.379623825 0.34559289843749996
1 0.3986415890625 0.2786303109375 0.39547196093750003 0.2760938484375 0.39331243437499996 0.2786303109375 0.38975966562500003 0.3032339890625 0.390839428125 0.38928345000000003 0.3926158140625 0.44426125625 0.401846046875 0.443563728125 0.41595262968749996 0.44812935937500004 0.4189132703125 0.44876347499999997 0.4202368515625 0.44920735624999997 0.4160571234375 0.39765377343749997 0.40505050468750003 0.2961318953125 0.3986415890625 0.2786303109375
1 0.4268199234375 0.31693088125 0.421107628125 0.322130628125 0.4182863109375 0.332466709375 0.4207593171875 0.39131261875 0.423963775 0.44629042500000005 0.42539185 0.44889029843749995 0.43072100312500006 0.450221940625 0.4443399515625 0.4511731140625 0.44813653750000004 0.451490171875 0.44597701093750003 0.4275840203125 0.4353187046875 0.33443246718749997 0.433194009375 0.322130628125 0.4268199234375 0.31693088125
1 0.45663531874999996 0.3319594171875 0.4551375828125 0.3325301203125 0.45099268593749997 0.362143309375 0.45158481406249995 0.45003170625 0.4744339953125 0.449778059375 0.4809125734375 0.45003170625 0.47854406093749996 0.4317057703125 0.46638801875 0.3599873171875 0.4592824796875 0.334115409375 0.45663531874999996 0.3319594171875
1 0.5083942875 0.2867469875 0.5049808421875001 0.27894736875000004 0.498153953125 0.28053265625 0.49386973125000005 0.2944831953125 0.4913270640625 0.35504121718750004 0.486206896875 0.4481927703125 0.5194357359375 0.451426759375 0.5220132359375 0.45129993593749995 0.527133403125 0.45129993593749995 0.527133403125 0.4481927703125 0.5134796234375 0.346480659375 0.5083942875 0.2867469875
0 0.58784395625 0.27679137656249997 0.587495646875 0.27032339843750003 0.583594565625 0.268357640625 0.5786137234375001 0.2709575140625 0.569383490625 0.27805960625 0.547683734375 0.3253012046875 0.53490073125 0.3996829421875 0.5299198890625 0.433925175 0.530651340625 0.44749524375 0.5530128875 0.446861128125 0.563322884375 0.443627140625 0.5712991984375 0.4393785671875 0.57363288125 0.43652504687500004 0.573981190625 0.433925175 0.5678509234375 0.3743817375 0.583594565625 0.29036144531249997 0.58784395625 0.27679137656249997
2 0.61337513125 0.34755865625000004 0.6086381046875 0.2807228921875 0.6098223609375 0.269372225 0.6000696624999999 0.272098921875 0.5965168937499999 0.2785668984375 0.5905956109375 0.306024096875 0.587321490625 0.3637285984375 0.577568790625 0.4267596703125 0.577847440625 0.429993659375 0.580215953125 0.43272035468750003 0.5894113546875 0.4337983515625 0.6074190171875 0.44153455937499997 0.6098223609375 0.4418516171875 0.611912225 0.4418516171875 0.6166492515625001 0.4375396328125 0.61811215625 0.43107165468749997 0.61337513125 0.34755865625000004
2 0.657227446875 0.41433100781250004 0.6508185296875 0.39879518125 0.6486938343750001 0.317945465625 0.6444096140625 0.274635384375 0.64085684375 0.267533290625 0.6376872171875 0.268801521875 0.6327063734375 0.277869371875 0.6248693828125 0.3114774890625 0.616370603125 0.39105897343749996 0.6085336125 0.43050095156249996 0.6099616859375 0.43760304375 0.6117380703124999 0.4408370328125 0.6188436078125 0.4408370328125 0.6241727625 0.44280279062499994 0.6373040750000001 0.4447685484375 0.6465691390625 0.442168675 0.6497387671875 0.442168675 0.6575757578125 0.4395688015625 0.6597004531249999 0.43373493906249994 0.6597004531249999 0.42276474375 0.657227446875 0.41433100781250004
3 0.6777777781250001 0.2823081796875 0.67600139375 0.29093215 0.6718564953125 0.3653138875 0.6635667015625 0.4008877609375 0.6570532921875001 0.42568167343749996 0.657331940625 0.4375396328125 0.67600139375 0.44020291718750004 0.702925809375 0.4407736203125 0.716266109375 0.4353836390625 0.724555903125 0.43589093281249996 0.724555903125 0.424603678125 0.7177290140625 0.3814838296875 0.7177290140625 0.3658211796875 0.724242425 0.30868738125 0.724555903125 0.29524413437499997 0.7236502953125 0.2876981609375 0.722187390625 0.2823081796875 0.7206896546875 0.279581484375 0.7186346218749999 0.28015218750000004 0.7109369562500001 0.3081800890625 0.7014629046875 0.3496512359375 0.6973180078125 0.3631578953125 0.6925809828125 0.37228915625000003 0.691083246875 0.3728598609375 0.69021246875 0.37228915625000003 0.6839777078125 0.2833861765625 0.68310693125 0.28015218750000004 0.6807384187500001 0.27634749531249997 0.6777777781250001 0.2823081796875
3 0.7587600140624999 0.28966391874999997 0.7531522125000001 0.2944831953125 0.738035528125 0.3699429296875 0.7244165796875001 0.4206087515625 0.723545803125 0.4313887125 0.72413793125 0.4400126828125 0.727098571875 0.44489537031250004 0.731835596875 0.4459733671875 0.74336468125 0.4459733671875 0.7537443406250001 0.45079264375 0.7646812953125 0.4529486359375 0.7788923718749999 0.45028535156249994 0.7821664921875 0.44489537031250004 0.7839428765625 0.427076728125 0.7809822359374999 0.3785668984375 0.785997909375 0.30741915 0.7857192609375 0.29663918906250003 0.7821664921875 0.2955611921875 0.7777081156250001 0.2998731765625 0.77356321875 0.3063411546875 0.767955415625 0.3343690546875 0.764994775 0.3548509828125 0.762034134375 0.3656309453125 0.76025775 0.3688649328125 0.7578892374999999 0.3699429296875 0.7572971093749999 0.3688649328125 0.7608498781249999 0.334939759375 0.764402646875 0.308497146875 0.7629049109375 0.29181991093750004 0.7587600140624999 0.28966391874999997
2 0.616300940625 0.6135700703125 0.622222221875 0.561318959375 0.627237896875 0.5009511734375 0.626053640625 0.49714648125 0.6225008703125 0.496068484375 0.6032741203125 0.5036144578124999 0.5932079421875 0.5046924546875 0.5881574359374999 0.503107165625 0.5905259484375 0.510082434375 0.6086729359375 0.6068484468750001 0.6094740515625 0.613062778125 0.6112504359375001 0.6178820546875 0.6136189484375 0.6184527578125001 0.6153953328124999 0.6173747625 0.616300940625 0.6135700703125
1 0.5579589 0.5967660109375 0.5664925109375 0.5282181359375 0.5700452796875 0.5088142046875 0.5636363640625001 0.47901077968749994 0.5597352843750001 0.475776790625 0.5455242078125 0.477108434375 0.5440961343749999 0.5042485734375 0.5482758624999999 0.6102726703125 0.5483803546875 0.6135700703125 0.5490769765625 0.6220038046874999 0.55050505 0.6232720359374999 0.5519331249999999 0.6226379203125 0.5579589 0.5967660109375
1 0.3875653078125 0.6032339890625 0.3911180765625 0.598922003125 0.40505050468750003 0.5665821171875 0.41539533281249996 0.5131896 0.41361894843749997 0.501902346875 0.41243469218750006 0.5013316421875 0.4088819234375 0.5040583390625 0.40355276875 0.49974635312500004 0.393486590625 0.49543436874999996 0.392302334375 0.4970196578125 0.392023684375 0.49974635312500004 0.39289446250000004 0.5099556125 0.38906304375 0.5471781859375 0.380111459375 0.596512365625 0.37958899375 0.6005072921875 0.3798676421875 0.6032339890625 0.38077325 0.604311984375 0.38432601875 0.6048192765625 0.3875653078125 0.6032339890625
0 0.3375827234375 0.6354470515624999 0.3446882625 0.6235890937499999 0.352385928125 0.6047558656249999 0.37102055 0.5481293593750001 0.3867293625 0.49638554218750003 0.393521421875 0.4694356375 0.39265064375000003 0.4575776796875 0.38554510625 0.45326569375 0.37457331875 0.4495244140625 0.366283525 0.4495244140625 0.3630442359375 0.45168040625000005 0.3606757234375 0.49911223906249996 0.355938696875 0.509321496875 0.350017415625 0.535764109375 0.3423197484375 0.5831959421875 0.3396029265625 0.6075459734375 0.337861371875 0.61940393125 0.3346220828125 0.6327837671875 0.33402995468749996 0.63760304375 0.3352142109375 0.638173746875 0.3375827234375 0.6354470515624999
2 0.329432253125 0.5734305640625 0.3503657265625 0.4996829421875 0.35677464375 0.4693088140625 0.35677464375 0.44857324062500004 0.352525253125 0.44407102031249995 0.3425635671875 0.442739378125 0.337931034375 0.44667089375 0.33120863749999996 0.47641090625000004 0.31435040000000003 0.5724793906250001 0.31414141406249996 0.57729866875 0.314942528125 0.582054534375 0.317345871875 0.58636651875 0.3215952625 0.585732403125 0.329432253125 0.5734305640625
2 0.30491118125 0.5631578953124999 0.32880529375 0.482435003125 0.3334726578125 0.456816740625 0.3317659359375 0.4397590359375 0.32027168281249996 0.42656943593749996 0.308324625 0.4273303734375 0.30532915312500003 0.43195941718749997 0.300661790625 0.4575776796875 0.2876698015625 0.5538363984375 0.286172065625 0.5639188328125 0.28913270625 0.5763474953125 0.29254615156249997 0.5763474953125 0.29808429062499997 0.5732403296874999 0.30491118125 0.5631578953124999
3 0.2708463953125 0.573367153125 0.2754789265625 0.5616994296875 0.28683385625 0.5222574515625 0.29003831406249997 0.4925174375 0.299268546875 0.418769815625 0.29393939375 0.4116677234375 0.28791361875 0.40843373437499997 0.2797283171875 0.40970196562499994 0.27617554843750003 0.40583386250000003 0.2698014625 0.40133164218750006 0.263392546875 0.4019657578125 0.25876001406250004 0.40843373437499997 0.25663531875 0.418769815625 0.2555903859375 0.4834495875 0.2520376171875 0.49378566875 0.24848484843750002 0.5248573234375 0.24705677499999998 0.5591629671875 0.24952978125 0.5694990484375 0.252385928125 0.5688649328125 0.2527342390625 0.563031071875 0.2598397765625 0.5261255546875 0.27119470625000003 0.489917565625 0.27474747499999996 0.500253646875 0.2754789265625 0.5106531390625 0.274050853125 0.5325935312500001 0.265586903125 0.565504121875 0.2637756875 0.57400126875 0.26516893124999996 0.57723525625 0.26624869375000004 0.57723525625 0.2683733890625 0.5766011421874999 0.2708463953125 0.573367153125
3 0.236677115625 0.5218769812499999 0.244061303125 0.4666455296875 0.25322187343749997 0.4181357 0.253465690625 0.40469245468750004 0.2477882265625 0.39879518125 0.240369209375 0.39613189531250004 0.2364332984375 0.39790741875 0.23221873906249998 0.39790741875 0.22629745781250002 0.390298034375 0.22284918125000003 0.390298034375 0.21940090625000003 0.3920735578125 0.2169279 0.395244134375 0.2131313125 0.40640456562500005 0.21024033437499998 0.4457197203125 0.20978753125 0.4801521875 0.206583071875 0.4958148390625 0.2021246953125 0.5322130625 0.20261232968749998 0.55244134375 0.2050853359375 0.555611921875 0.207314525 0.5564996828125001 0.20978753125 0.555611921875 0.21100661718749997 0.5515535828125 0.2226053640625 0.4913760296875 0.226053640625 0.48731769218750004 0.22852664531250003 0.48731769218750004 0.2287704625 0.48864933437499997 0.22803901093749998 0.4958148390625 0.2157088125 0.5573874437499999 0.217415534375 0.5587190875 0.2206548234375 0.5591629671875 0.223615465625 0.55827520625 0.22556600468750002 0.5551046296875 0.236677115625 0.5218769812499999