3 0.6116677234375001 0.2207941484375 0.5903614453125 0.2250435390625 0.5644895375 0.2357018453125 0.5327837671875 0.23963775625 0.5204819281249999 0.24423545781249997 0.5198478125 0.24886799062499998 0.52111604375 0.2527690703125 0.5282181359375 0.258446534375 0.540519975 0.264507140625 0.5644895375 0.271612678125 0.58389346875 0.2719609890625 0.6058338625 0.26875653125 0.63430564375 0.2598746078125 0.6550412171875 0.2502960640625 0.6601775515625 0.243887146875 0.662777425 0.23855799375000003 0.662777425 0.23357715156249997 0.654343690625 0.2311041453125 0.6421052625 0.233228840625 0.6317057703125 0.24033437812499997 0.614648065625 0.2468129578125 0.59422955 0.251340996875 0.5902980343750001 0.250121909375 0.5916296765625 0.24709160625 0.593595434375 0.24566353125 0.6181357000000001 0.23357715156249997 0.6472415984375 0.2218739109375 0.63430564375 0.21793800000000002 0.6116677234375001 0.2207941484375
3 0.6433100828125 0.3170672234375 0.6589093218750001 0.3141065828125 0.6718452765625 0.3087774296875 0.678313253125 0.30254266875 0.6761572609375001 0.2963427375 0.67400126875 0.29397422500000003 0.6696892828125 0.29278996875 0.6433100828125 0.2963427375 0.629803425 0.2989898984375 0.6190234625000001 0.298119121875 0.6168674703125 0.2916057125 0.617945465625 0.289829328125 0.6282181359375001 0.28568443125 0.6470513640625 0.28331591718750004 0.6567533296875 0.2815395328125 0.665948003125 0.2773946359375 0.6691819906250001 0.272936259375 0.6664552953125 0.269383490625 0.6573240328125001 0.2691048421875 0.5564996828125001 0.280041796875 0.554343690625 0.2809474046875 0.55326569375 0.28923719999999997 0.5554216875 0.29871125 0.548953709375 0.3081853015625 0.548953709375 0.31675374375 0.5495244140625 0.3182514796875 0.5559923906249999 0.3241727625 0.5603043750000001 0.3268199234375 0.579137603125 0.327133403125 0.6433100828125 0.3170672234375
3 0.6686746984374999 0.3639150125 0.670006340625 0.3579937296875 0.6664552953125 0.35600835937499997 0.6197209890625001 0.353535353125 0.613443246875 0.351062346875 0.612999365625 0.34810170625 0.6166138234375 0.34440961406250004 0.6214965125 0.34319052656250004 0.6529486359375001 0.34319052656250004 0.6637285984375 0.34047370312499997 0.6714013953125 0.3335423203125 0.6714013953125 0.32887495625 0.6610653140625 0.3244165796875 0.5582117953125 0.32344130937500004 0.548763475 0.3249390453125 0.5455928984375 0.32640195 0.5438173749999999 0.33329850156249996 0.5447051359375 0.3370254265625 0.5397590359375 0.3441657953125 0.5370957515625 0.351306165625 0.5384273937499999 0.35649599374999996 0.5438173749999999 0.360710553125 0.54337349375 0.36638801875000004 0.54426125625 0.36760710625000004 0.5455928984375 0.368582375 0.55415345625 0.3700801109375 0.6623969562500001 0.3661093703125 0.6686746984374999 0.3639150125
2 0.6554216875 0.39749216249999997 0.6856055796875 0.3989898984375 0.7017755234374999 0.3972135140625 0.7071655046875 0.395715778125 0.7114774890625 0.393347265625 0.7103994921875 0.390978753125 0.7033608109375 0.3877394640625 0.693151553125 0.3856496 0.6128091312499999 0.37854406093750004 0.5821179453124999 0.376489028125 0.549778059375 0.3687913625 0.5422320859374999 0.3687913625 0.537349396875 0.3702542671875 0.5351934046875 0.3738070359375 0.535764109375 0.3782654125 0.538998096875 0.386206896875 0.5405833859375 0.3901079765625 0.5427393781250001 0.3948450015625 0.5470513640625 0.3972135140625 0.57400126875 0.398084290625 0.6554216875 0.39749216249999997
2 0.6632847171875 0.41246952343750004 0.6735573875 0.41010100937500005 0.6740646796875 0.4059561125 0.6729866828125 0.4044583765625 0.6563094484375 0.4026819921875 0.62771084375 0.4035876 0.5457831328125 0.4035876 0.5403931515625 0.40505050468750003 0.5371591625 0.40714036875000004 0.5305643625 0.41553465625 0.5263792015625001 0.4204458375 0.5249207359375 0.4226750265625 0.5350031703125 0.42312782968749996 0.6412175015625 0.41630094062499995 0.6632847171875 0.41246952343750004
0 0.6663918828125001 0.44778822656250006 0.670006340625 0.44531522187499994 0.6695624609374999 0.44186694531250004 0.6663918828125001 0.4393939390625 0.6578947375 0.4369209328125 0.6304375390625 0.433228840625 0.5447051359375 0.4292929296875 0.5195307546875 0.42901428125 0.5141407734375 0.43988157499999997 0.5116677234375 0.44747474687500005 0.510970196875 0.4517241375 0.510145846875 0.4544757921875 0.5657577671875 0.4556600484375 0.634051996875 0.4517241375 0.6663918828125001 0.44778822656250006
1 0.6663918828125001 0.47502612343750006 0.6695624609374999 0.47206548281250005 0.665948003125 0.470567746875 0.645275840625 0.4666318359375 0.598541534375 0.4624172765625 0.510970196875 0.4592128171875 0.50202916875 0.478962034375 0.5303107171875 0.47770811562500004 0.6169942921875 0.47600139375 0.660558021875 0.4769766625 0.6663918828125001 0.47502612343750006
1 0.638871275 0.48596307968749997 0.6379835125 0.4834900734375 0.6298668359375 0.4822709859375 0.564299303125 0.4802856140625 0.5058972734375 0.48153953281249995 0.50456563125 0.49237199531250003 0.5024096390625 0.4960989203125 0.5005072921875 0.4978056421875 0.5000634109375001 0.49954719687500004 0.6150285359375001 0.4953326359375 0.6357006968750001 0.4911529078125 0.638871275 0.48596307968749997
1 0.61731135 0.5103796593750001 0.6451490171875001 0.5076628359375001 0.6231452125 0.5044583765625 0.49917565 0.50125391875 0.498604946875 0.516370603125 0.49873176875 0.5195053984375 0.49873176875 0.5205155 0.5355738750000001 0.51804249375 0.573303740625 0.5165447578125 0.61731135 0.5103796593750001
1 0.6974001265625 0.5213514453125 0.6435003171875 0.519888540625 0.5900443875 0.523580634375 0.5482561828125 0.5238244515625 0.505136334375 0.5233368171875 0.505136334375 0.526541275 0.50868738125 0.538000696875 0.510082434375 0.5406130265625 0.5136968921875 0.5420759312500001 0.5679137609375 0.539010796875 0.6899809765625 0.523615465625 0.6974001265625 0.5213514453125
0 0.7271401390625 0.55175896875 0.7320228281250001 0.545245559375 0.731452125 0.5407871828124999 0.72606214375 0.5387321484375 0.631198478125 0.5461163359375 0.59296131875 0.546429815625 0.547685478125 0.545245559375 0.5190868734375 0.5461163359375 0.5136968921875 0.5505747125 0.5121116046874999 0.5567746437500001 0.5126188968750001 0.5603274125000001 0.5258084968750001 0.5717520031250001 0.5315155359375 0.5742598390625 0.5449587828125 0.5751306171875 0.608053265625 0.5707070703125 0.7115408999999999 0.55649599375 0.7271401390625 0.55175896875
2 0.647939125 0.6003831421875 0.6658845906249999 0.5991292234375 0.6748890296875001 0.5974225015625 0.6833861765625 0.593974225 0.6838300578125 0.5900034828125 0.6802790109375 0.5875653078124999 0.67400126875 0.5863113890625 0.529803425 0.5774294671875 0.5356372859375 0.5865552078125 0.534495878125 0.5955764546875 0.53430564375 0.59989550625 0.5356372859375 0.601846046875 0.5401395046874999 0.6033437828125 0.6007609390625 0.6026123296875 0.647939125 0.6003831421875
2 0.711350665625 0.6378613718749999 0.7102726703125 0.6334378265625 0.69625871875 0.6266109375 0.6402029171875 0.616231278125 0.5367152828124999 0.6037965859375001 0.532403296875 0.6085336125 0.5302473046875 0.6135841171874999 0.5297400125 0.6189132703125 0.5318960046875 0.6266109375 0.538871275 0.63267154375 0.5453392515625 0.634447928125 0.6278376671875 0.6372692437499999 0.6914394421875001 0.6443747828124999 0.7048826890625 0.6423197484375 0.711350665625 0.6378613718749999
3 0.633100825 0.6832810874999999 0.6537729859375 0.6832810874999999 0.6731769187500001 0.682584465625 0.6770450218749999 0.6818530125 0.6783766640625 0.679031696875 0.673811034375 0.674050853125 0.6654407109375 0.67227446875 0.6317691812499999 0.6683733890625 0.6279010781250001 0.666945315625 0.626632846875 0.66516893125 0.6272669625 0.6612678515625 0.6343690546875 0.657331940625 0.642802790625 0.657331940625 0.6731769187500001 0.6612678515625 0.683513 0.6612678515625 0.6887127453125 0.658411703125 0.6880786296875 0.6541623125 0.6783766640625 0.649878090625 0.543183259375 0.634238940625 0.5399492703125001 0.6370950890625 0.534749525 0.6484500171875001 0.5464172484375001 0.6605363984375 0.5464172484375001 0.6754789265625 0.547685478125 0.6768721703125 0.552885225 0.6797283171874999 0.568421053125 0.6815047015625 0.633100825 0.6832810874999999
3 0.67228915625 0.70828979375 0.64261255625 0.6979101359375 0.5941027265625001 0.686067571875 0.5601775515625 0.6804597703125 0.547748890625 0.6884360843749999 0.5461636015625 0.6955416234375 0.5461636015625 0.7020550328125 0.5418516171875 0.7097527 0.538617628125 0.7186346218749999 0.538617628125 0.7215952625 0.5418516171875 0.724555903125 0.563411540625 0.7275165453125 0.6410272671875 0.7340299546875 0.6480025359375 0.7334378265625 0.6518072296875 0.7310693140625 0.6496512359375 0.7257401609375 0.6393785671875001 0.719818878125 0.6123652500000001 0.7152211765625001 0.6048826890625 0.7109369562500001 0.6022194046875 0.70856844375 0.602726696875 0.7073841859375001 0.6135066578124999 0.7044235453125001 0.6367152828125 0.709160571875 0.673367153125 0.7118425640625 0.67228915625 0.70828979375
3 0.6415979703125 0.7503308953125 0.5967026 0.736746778125 0.5719720984375 0.730581678125 0.552251109375 0.72664576875 0.5374128093749999 0.7214559390625 0.532466709375 0.7216997562499999 0.5230183890625 0.73747823125 0.521242865625 0.7468477874999999 0.5145212421875 0.7522814343750001 0.5136334812500001 0.7557297109375 0.50868738125 0.76266109375 0.5100190234374999 0.7661093703125 0.5131261890625 0.7680947406249999 0.521686746875 0.7700452796875 0.5464172484375001 0.771543015625 0.5930881421875001 0.7799373046875 0.6290424859375 0.7917798671875 0.6366518703125 0.7937304078125 0.650602409375 0.79522814375 0.65326569375 0.7934865906249999 0.6519340515625001 0.7895506796875 0.6290424859375 0.776454196875 0.6088142046875 0.7688261921875 0.59131261875 0.7653779171874999 0.5845909953125 0.763148728125 0.5823081796875 0.7611633578125 0.58142041875 0.7592128171875 0.5809765375 0.7520376171875001 0.5845909953125 0.7503308953125 0.60209258125 0.7495646109375 0.6415979703125 0.7503308953125
2 0.32003804687500004 0.645280390625 0.3239695625 0.6459770109375 0.3472415984375 0.6442006265625 0.4422954984375 0.6303726921874999 0.48370323437499996 0.6228840124999999 0.48820545312499997 0.618634621875 0.4856689921875 0.605503309375 0.4694990484375 0.604075234375 0.44489537031250004 0.6086729359375 0.41775523124999997 0.615081853125 0.363411540625 0.6260884703125 0.32352568125 0.6365029609375 0.31940393125 0.637826540625 0.3168040578125 0.6385231625000001 0.3168040578125 0.6399512359374999 0.3175015859375 0.642807384375 0.32003804687500004 0.645280390625
0 0.32022828125 0.616370603125 0.32606214375000003 0.617415534375 0.33512999374999997 0.6170672234375 0.46899175625 0.598223615625 0.47805960625 0.5893416921875 0.48192771093750003 0.5772901421875 0.47805960625 0.56875653125 0.47545973437500005 0.5673284562500001 0.46385542187500006 0.56875653125 0.42117945468749995 0.5772901421875 0.380405834375 0.588645071875 0.32853519375 0.6021595265624999 0.32225745156249996 0.6037269249999999 0.3169942921875 0.6074886796875 0.3157260625 0.610309996875 0.3176918203125 0.6142110765625 0.32022828125 0.616370603125
1 0.39422955000000004 0.57356321875 0.46429930312499995 0.5658655515625 0.4734305640625 0.564402646875 0.470196575 0.540404040625 0.40500951250000006 0.5495994421875 0.31528218125 0.5636711953125 0.31065313906249997 0.564994775 0.31065313906249997 0.5703239296875 0.315535828125 0.574155346875 0.3230818015625 0.575339603125 0.39422955000000004 0.57356321875
1 0.30570703906249996 0.543469175 0.3116043125 0.546429815625 0.315916296875 0.54702194375 0.3536461640625 0.5455590390625 0.43614457812499996 0.5411006625 0.45605580156250003 0.5387321484375 0.466328471875 0.5363636359374999 0.46144578281250004 0.5298502265625 0.453899809375 0.5088470921875 0.41077996250000004 0.5118077328124999 0.3118579578125 0.5250087078125001 0.30570703906249996 0.5262974578125 0.301902346875 0.5286659703125001 0.3003170578125 0.5313479625 0.301902346875 0.540229884375 0.30570703906249996 0.543469175
1 0.3098922 0.47854406093749996 0.359733671875 0.4931034484375 0.42764743125000004 0.49522814375 0.4521876984375 0.49345175937499997 0.458021559375 0.4877742953125 0.4561192140625 0.476036225 0.4612555484375 0.46360153281249994 0.44381737499999996 0.46502960625 0.425047559375 0.463984675 0.4127457203125 0.465761059375 0.31775523125 0.46495994375 0.310526315625 0.4646812953125 0.300190234375 0.4661093703125 0.2969562453125 0.46788575468750004 0.2982878890625 0.4721351453125 0.3098922 0.47854406093749996
1 0.31299936562499997 0.44831069375 0.31946734375 0.4515151515625 0.4112872546875 0.4593173109375 0.4656309453125 0.459665621875 0.466899175 0.4575409265625 0.47209892187499997 0.4365726234375 0.463031071875 0.43479623749999996 0.4112872546875 0.435527690625 0.32124286562500004 0.438592825 0.3155992390625 0.43942877031250005 0.31299936562499997 0.4401253921875 0.3103994921875 0.44263322812499994 0.3110336078125 0.445106234375 0.31299936562499997 0.44831069375
0 0.36962587187499996 0.42180425 0.43265694374999997 0.42741205156250006 0.44667089375 0.4297805640625 0.4504755859375 0.43305468437499994 0.45745085625000004 0.43305468437499994 0.4644895375 0.43127829999999995 0.47254280312499997 0.42772553125 0.47685478750000004 0.42326715468750004 0.477932784375 0.416161615625 0.47146480625000003 0.40550330937499995 0.44292961249999996 0.401671890625 0.41972098906250005 0.40076628281250004 0.3744451484375 0.400487634375 0.33348129375 0.3954371296875 0.318389346875 0.3967607109375 0.31515535781250004 0.39752699375 0.3157260625 0.401950540625 0.31788205468749997 0.4060954375 0.32485732343749996 0.41055381406249997 0.36962587187499996 0.42180425
2 0.3366518703125 0.3758969 0.3544705140625 0.38063392500000004 0.39004438750000003 0.388610240625 0.4536461640625 0.3983977703125 0.46816740625 0.39749216249999997 0.4784400765625 0.3960292578125 0.48218135625 0.393347265625 0.484908053125 0.38655520781249997 0.4838300578125 0.3773598046875 0.476284084375 0.3720306515625 0.446100190625 0.3735283875 0.39004438750000003 0.3738070359375 0.3490805328125 0.3678857546875 0.3351934046875 0.3688261921875 0.32910589687499997 0.36907001093749997 0.32536461562499996 0.36907001093749997 0.3242866203125 0.3702542671875 0.325871909375 0.37234413125 0.3366518703125 0.3758969
2 0.3455294859375 0.34273772187499996 0.348763475 0.3484151859375 0.3901712109375 0.3594218046875 0.4697526953125 0.37042842187499997 0.4807228921875 0.36938349062500003 0.48395687968749995 0.3611981890625 0.48268864999999994 0.35304771874999996 0.47362079843749993 0.34555903906249996 0.3615091953125 0.3316266109375 0.353963221875 0.3309996515625 0.3502853515625 0.33225357031249997 0.348129359375 0.3338558 0.3455294859375 0.33740856875 0.3455294859375 0.34273772187499996
3 0.41116043125 0.3158133046875 0.42016487031249994 0.31863462187499997 0.42276474375 0.32114245937499997 0.42339885781250003 0.323963775 0.41693088125 0.3257401609375 0.38395687968750003 0.322187390625 0.3729866828125 0.3232671546875 0.37038681093750003 0.3250435390625 0.37038681093750003 0.3264716125 0.3897907421875 0.3335771515625 0.46030437500000004 0.3467084640625 0.4790741921875 0.347439915625 0.4880786296875 0.342807384375 0.490678503125 0.336781609375 0.4926442609375 0.32716823437500003 0.49847812343750003 0.31508185312500003 0.49327837656250006 0.3111807734375 0.462206721875 0.3069313828125 0.37089410312500004 0.3015325671875 0.36455294843749997 0.3016022296875 0.3632847171875 0.306583071875 0.3677869375 0.3104841515625 0.39042485781249997 0.31438523125 0.41116043125 0.3158133046875
3 0.44280279062499994 0.3009404390625 0.4868104 0.305538140625 0.49587824999999996 0.299512365625 0.5017121109375 0.2941832109375 0.5042485734375 0.2870776734375 0.5023462265624999 0.277847440625 0.49847812343750003 0.2689655171875 0.48554216875 0.26255660000000003 0.45707038750000006 0.263984675 0.442168675 0.263984675 0.40209258124999997 0.2508533609375 0.37235256875 0.24409613437500002 0.37558655625 0.2533263671875 0.38719086875 0.26255660000000003 0.41889663906249996 0.279972134375 0.37647431875000004 0.288087775 0.3674698796875 0.29115290781250003 0.3608750796875 0.2935562515625 0.38268865 0.299512365625 0.42086239687500004 0.3009404390625 0.44280279062499994 0.3009404390625