2 0.27471555 0.591846690625 0.263211125 0.5927526125 0.2582806578125 0.5981184671875 0.26055625781249997 0.6029268296875 0.26700379218750003 0.6056446 0.40632111249999997 0.6077351921874999 0.4226295828125 0.6038327531250001 0.42705436093750004 0.597560975 0.4249051828125 0.5885714281250001 0.42427307187499996 0.58641115 0.42212389375 0.58522648125 0.3970922875 0.583763065625 0.3878634640625 0.5861324046874999 0.27471555 0.591846690625
0 0.264348925 0.562160278125 0.2615676359375 0.56996515625 0.282300884375 0.5723344953125 0.374841971875 0.5753310109374999 0.40088495625 0.5780487812499999 0.42427307187499996 0.578954703125 0.43249051875 0.5777700343750001 0.43678887499999997 0.5741463421875 0.44222503125 0.560975609375 0.4417193421875 0.5552613234375 0.440075853125 0.5537282234375 0.42920353906250003 0.551358884375 0.4025284453125 0.5537282234375 0.2795195953125 0.55881533125 0.264348925 0.562160278125
1 0.30518331249999997 0.542648084375 0.40796460156250003 0.5477351921875 0.43362831875 0.551010453125 0.4374209859375 0.543832753125 0.440075853125 0.5303135890624999 0.43628318593750004 0.5279442515625 0.37699115 0.5309407671875 0.2436156765625 0.5333101046875 0.2594184578125 0.537839721875 0.30518331249999997 0.542648084375
1 0.286093553125 0.5174216031250001 0.398735778125 0.5198606265625 0.435777496875 0.522229965625 0.4395701640625 0.51804878125 0.440075853125 0.5045296171875 0.439064475 0.5021602781250001 0.33994943125 0.5090592328125 0.2936788875 0.509616725 0.26207332499999997 0.5078745640625 0.286093553125 0.5174216031250001
1 0.2805309734375 0.48982578437499996 0.30227560000000003 0.49358884999999997 0.3585335015625 0.4970731703125 0.43476611875 0.503832753125 0.44020227500000003 0.5030662015625 0.44108723124999993 0.5013240421875 0.43881163125 0.4983275265625 0.438685209375 0.4871777 0.43881163125 0.4813240421875 0.37661188437500004 0.48529616718749996 0.28318584062499996 0.48432055781249994 0.2782553734375 0.48529616718749996 0.2805309734375 0.48982578437499996
1 0.2908975984375 0.469616725 0.3948166875 0.468571428125 0.44197218749999995 0.469616725 0.4374209859375 0.45156794375000003 0.43198482968749996 0.447804878125 0.4269279390625 0.44759581875 0.40290771249999996 0.4510801390625 0.27231352656249996 0.4630662015625 0.2782553734375 0.4671080140625 0.2908975984375 0.469616725
0 0.27243995 0.436794425 0.24740834375 0.44522648125000003 0.25777496875 0.44731707343749993 0.2838179515625 0.44759581875 0.3796460171875 0.44459930312499996 0.4150442484375 0.44104529687499994 0.42212389375 0.43804878125 0.42591656093749997 0.4323344953125 0.42212389375 0.42362369375000003 0.419974715625 0.42216027812499995 0.4161820484375 0.420627178125 0.3975979765625 0.4197212546875 0.3534766125 0.42452961718750004 0.27243995 0.436794425
2 0.26523388125 0.3690592328125 0.25259165625 0.3728223 0.2489254109375 0.3750522640625 0.24854614375 0.3785365859375 0.2508217453125 0.385017421875 0.2552465234375 0.38752613281250003 0.269405815625 0.39003484374999997 0.3845764859375 0.393031359375 0.40581542343750004 0.3924738671875 0.41453855937500006 0.38808362343749997 0.41264222500000003 0.3825087109375 0.40771175781249996 0.3742857140625 0.3959544875 0.362578396875 0.3877370421875 0.36055749062500003 0.3718078375 0.36076655 0.26523388125 0.3690592328125
3 0.2975979765625 0.3182578390625 0.27901390625 0.32097560937499997 0.2719342609375 0.3242508703125 0.2709228828125 0.32759581875 0.2730720609375 0.3311498265625 0.278002528125 0.33240418125 0.327433628125 0.33240418125 0.3340075859375 0.33358885 0.335651075 0.33749128906250003 0.334513275 0.34076655 0.324273071875 0.34195121875 0.28015170624999997 0.3404878046875 0.266498103125 0.3422996515625 0.26055625781249997 0.34675958125 0.2615676359375 0.3501045296875 0.352465234375 0.35909407656250003 0.4074589125 0.3596515671875 0.4080910234375 0.3566550515625 0.4003792671875 0.33630662031249997 0.405309734375 0.32515679375 0.405309734375 0.3236933796875 0.40101137812500004 0.319442509375 0.39165613125 0.31797909375 0.352465234375 0.31588850156250003 0.2975979765625 0.3182578390625
3 0.2695322375 0.2871080140625 0.2557522125 0.289616725 0.24854614375 0.2947038328125 0.2499367890625 0.306550521875 0.2563843234375 0.30982578437499997 0.40467762343749997 0.3213240421875 0.40796460156250003 0.3177003484375 0.407332490625 0.30982578437499997 0.40404551250000004 0.302578396875 0.41251580312499997 0.297560975 0.41643489218749996 0.289616725 0.41643489218749996 0.2871080140625 0.4151706703125 0.2849477359375 0.40075853281249996 0.280975609375 0.385082175 0.280975609375 0.2695322375 0.2871080140625
3 0.503286978125 0.273449478125 0.486346396875 0.27094076718750004 0.46409608125 0.2712891984375 0.45499367812499997 0.27958188125 0.450442478125 0.30731707343750003 0.45499367812499997 0.31163763125 0.47067003749999997 0.3123344953125 0.5059418453125 0.30836236875 0.53135271875 0.3087108015625 0.5680151703125 0.3055052265625 0.6195954484375 0.2943554 0.6228824265624999 0.291428571875 0.62212389375 0.29003484375 0.61694058125 0.288571428125 0.5437420984375 0.2939372828125 0.5385587859375 0.291428571875 0.5437420984375 0.29003484375 0.5912768640625 0.2847386765625 0.6006321109375 0.2852961671875 0.6189633375 0.28641115 0.57585335 0.2781184671875 0.5568900125 0.27560975625 0.503286978125 0.273449478125
3 0.5754740828125 0.343205575 0.5689001265625 0.3417421609375 0.5193426046875 0.3388850171875 0.5146649812499999 0.337421603125 0.5154235140625001 0.3331010453125 0.5212389374999999 0.33240418125 0.5597977249999999 0.33491289218750003 0.5754740828125 0.334564459375 0.5754740828125 0.327038328125 0.570290771875 0.3230662015625 0.48798988593750003 0.312961671875 0.4500632109375 0.309756096875 0.44222503125 0.3151219515625 0.44285714218749994 0.3216027875 0.43893805312499995 0.33637630625 0.44096080937500004 0.3511498265625 0.45069532187499994 0.3547038328125 0.555878634375 0.3536585359375 0.5585335015624999 0.3536585359375 0.5742098609374999 0.3525435546875 0.5787610625 0.348989546875 0.57812895 0.345017421875 0.5754740828125 0.343205575
2 0.507332490625 0.360209059375 0.4595448796875 0.36146341406250004 0.45461441249999995 0.3647386765625 0.4529709234375 0.368641115625 0.45562579062499997 0.3812543546875 0.46498103593750006 0.390243903125 0.4730720609375 0.3905226484375 0.5051833125 0.38362369375 0.58192161875 0.3641114984375 0.61580278125 0.3603484328125 0.6247787609375 0.3569337984375 0.6150442484374999 0.35317073125 0.5988622 0.351846690625 0.5542351453125 0.35512195156250004 0.507332490625 0.360209059375
2 0.593805309375 0.3845296171875 0.48015170625000003 0.38843205625 0.46864728125 0.3908710796875 0.462199746875 0.40703832812499996 0.4637168140625 0.41212543593750006 0.46814159218749996 0.416027875 0.508470290625 0.4094773515625 0.5241466499999999 0.41038327499999994 0.6036662453125 0.40132404218750006 0.6079646015625 0.398954703125 0.610745890625 0.3968641109375 0.609608090625 0.3896864109375 0.6063211125 0.3872473875 0.593805309375 0.3845296171875
0 0.598735778125 0.41212543593750006 0.521997471875 0.41484320625000004 0.46978508281250003 0.41965156718749996 0.46763590468749994 0.42473867656250003 0.47142857187500004 0.4385365859375 0.4773704171875 0.44278745625000004 0.486093553125 0.4442508703125 0.5731984828125001 0.43282230000000005 0.6514538562500001 0.420627178125 0.6591656125 0.4172822296875 0.6558786343749999 0.41038327499999994 0.651580278125 0.40885017343749996 0.6433628312499999 0.408222996875 0.598735778125 0.41212543593750006
1 0.5506953218749999 0.447804878125 0.47370417187499997 0.4480836234375 0.4754740828125 0.46285714218749996 0.479140328125 0.46829268281249997 0.48546144062499996 0.46982578437500006 0.61466498125 0.458606271875 0.639190896875 0.4555400703125 0.6528444999999999 0.45184669062499994 0.6568900125 0.450592334375 0.6541087234375 0.4422996515625 0.6477876109375 0.44006968593750007 0.60429835625 0.44585365781249997 0.5506953218749999 0.447804878125
1 0.471681415625 0.4747038328125 0.4677623265625 0.4801393734375 0.4677623265625 0.49184669062499997 0.4721871046875 0.499024390625 0.49292035468749995 0.4987456453125 0.522250315625 0.49512195156249994 0.5586599234375 0.4936585359375 0.5940581546875 0.48940766562500004 0.654993678125 0.4759581875 0.6659924140625 0.472961671875 0.608217446875 0.4693379796875 0.5255372953124999 0.4705226484375 0.4764854609375 0.472961671875 0.471681415625 0.4747038328125
1 0.5118836921875001 0.5044599296875 0.4733249046875 0.5029268296875 0.4689001265625 0.5167247390624999 0.4733249046875 0.52843205625 0.47926675156250004 0.5323344953125 0.5380530968749999 0.5275261328124999 0.5554993671874999 0.52843205625 0.6323640953125 0.5271080140625 0.6408343875 0.5272473875 0.6490518328125 0.5248083625 0.6414664984375 0.5212543546874999 0.61694058125 0.5143554 0.5118836921875001 0.5044599296875
1 0.47711757343750005 0.5361672468750001 0.4730720609375 0.540975609375 0.471681415625 0.5499651562500001 0.47357775 0.5544250875000001 0.47673830625 0.5559581875 0.518836915625 0.5556794421875 0.546144121875 0.55721254375 0.6164348921875 0.5559581875 0.6436156765625001 0.5606968640625001 0.6467762328125 0.5584668984375 0.6331226296875 0.5504529609375 0.616814159375 0.5457142859374999 0.56927939375 0.540975609375 0.47711757343750005 0.5361672468750001
0 0.636662453125 0.572961671875 0.566498103125 0.5615331015625 0.5316055625 0.5600696859375 0.4744627046875 0.565783971875 0.46144121406250005 0.575400696875 0.46245259218749996 0.5834843203125 0.47560050625 0.5882926828125 0.510366625 0.593379790625 0.5266750953125 0.594564459375 0.6269279390625 0.5951916374999999 0.6323640953125 0.594564459375 0.636662453125 0.5855749125 0.6453855875000001 0.5786759578125 0.6448798984375 0.575400696875 0.636662453125 0.572961671875
2 0.5046776234375 0.5828571421875 0.4773704171875 0.5849477359375 0.46978508281250003 0.587386759375 0.466498103125 0.5931010453125001 0.466498103125 0.6104529609375 0.4719342609375 0.614982578125 0.48672566406250006 0.616167246875 0.5269279390625 0.6143554 0.5372945640625 0.6119860625 0.55259165625 0.61080139375 0.6140328703125 0.6080836234375 0.6161820484375 0.606550521875 0.6161820484375 0.5951916374999999 0.6140328703125 0.59156794375 0.6097345125 0.5888501734375 0.5046776234375 0.5828571421875
3 0.5773704171875 0.6503135890625 0.551833121875 0.6488501734375001 0.5408343875 0.6456446 0.5381795203124999 0.6427177703125 0.5408343875 0.6409756093750001 0.60606826875 0.6423693375 0.6112515796875 0.6413240421874999 0.6165613140625 0.6383972124999999 0.612642225 0.6337282234375 0.6067003796875 0.630174215625 0.47420986093749995 0.6157491296875001 0.468268015625 0.6167944249999999 0.4616940578125 0.6272473875 0.45777496875 0.6503135890625 0.45979772499999993 0.6629268296874999 0.468268015625 0.663972125 0.593552465625 0.6675261328125 0.6048040453125 0.6672473875 0.6120101140624999 0.665783971875 0.6132743359374999 0.6632752609375 0.6067003796875 0.6560975609375 0.5773704171875 0.6503135890625
3 0.5719342609375 0.672961671875 0.5431099875000001 0.668989546875 0.515676359375 0.6682926828125 0.4804045515625 0.661393728125 0.46409608125 0.6625087109375001 0.4595448796875 0.663972125 0.4568900125 0.6708013937499999 0.4562579015625 0.686968640625 0.4517067 0.7042508703125 0.45499367812499997 0.7096864109375 0.460809103125 0.7110801390625 0.47724399531249995 0.712195121875 0.4960809109375 0.7118466906250001 0.5098609359374999 0.70641115 0.5300884953125 0.7060627171875 0.5490518328125 0.7107317078125 0.5967130218750001 0.7140069687499999 0.6398230093749999 0.7140069687499999 0.586219975 0.7006968640625 0.539190896875 0.6834146343749999 0.555625790625 0.6834146343749999 0.56409608125 0.6848083625 0.6235145390625 0.7045296171875 0.6299620734375 0.70641115 0.64108723125 0.710383275 0.6280657390625 0.7006968640625 0.5908975984375 0.6790940765625 0.5719342609375 0.672961671875