3 0.3879518078125 0.7761407171875 0.3939124921875 0.7773249734375 0.413823715625 0.7719958203124999 0.4461636015625 0.75304771875 0.47311350625 0.73974225 0.5216233359375 0.7287704625 0.518389346875 0.71574364375 0.5205453390625 0.7092302328125 0.5135700703125 0.6985719265625 0.5119213703125001 0.6917798671875001 0.5027901078125 0.6819923375 0.4925174375 0.6793451765625 0.46613823749999994 0.6831765937500001 0.4424223203125 0.6973876703124999 0.4305643625 0.706583071875 0.3734305640625 0.7302682 0.35776791406249997 0.73974225 0.3486366515625 0.7471264375 0.339441978125 0.7521769421875 0.346480659375 0.7542319749999999 0.36962587187499996 0.75067920625 0.383639821875 0.741518634375 0.40951173125 0.73145245625 0.4353836390625 0.72640195 0.4375396328125 0.7267154296875 0.4397590359375 0.728387321875 0.438617628125 0.7299547203125 0.42568167343749996 0.744479275 0.3868738109375 0.7672587953125001 0.3857958140625 0.7731800765625 0.3879518078125 0.7761407171875
3 0.3629042484375 0.6594218046875 0.351046290625 0.6623824453125 0.3451490171875 0.6683037265625 0.3462270140625 0.673040753125 0.35161699375 0.6745036578125 0.3947368421875 0.6662138625 0.4049461 0.66502960625 0.40982878906250003 0.666805990625 0.41198478125 0.670358759375 0.41198478125 0.67363288125 0.4065948 0.6780564265625 0.3682942296875 0.6875304765625 0.355358275 0.69021246875 0.3521242859375 0.6913967265625 0.351046290625 0.6967258796875 0.355358275 0.6990943921875 0.36721623281250004 0.698188784375 0.49549778125 0.6798328109375 0.49873176875 0.6653430859375 0.49549778125 0.6582375484375 0.49873176875 0.649947753125 0.4917565 0.6425287359375 0.4901078 0.6413444796875 0.48497146406249997 0.6395332640625 0.47717184531249995 0.639289446875 0.4184527578125 0.6484500171875001 0.3629042484375 0.6594218046875
2 0.38142041875 0.6291536046874999 0.351236525 0.6347614078125 0.34584654375 0.6389063046875 0.34749524374999996 0.6460118421875001 0.357197209375 0.6483803546875 0.48706404531249997 0.6418669453125 0.4892200375 0.640404040625 0.49086873750000004 0.6359456640625 0.4913760296875 0.62765586875 0.48979074218749996 0.623510971875 0.4892200375 0.6158133046875001 0.4881420421875 0.6143504 0.48598605 0.61316614375 0.48059606875 0.61316614375 0.4568801515625 0.617589690625 0.38142041875 0.6291536046874999
2 0.35053899843749997 0.610902125 0.3478757140625 0.61682340625 0.359733671875 0.6212817828125 0.48370323437499996 0.613862765625 0.487444515625 0.6100313484375001 0.48909321562499997 0.5996516890625 0.48649334218750007 0.5919540234375 0.485288521875 0.589898990625 0.48154724218749995 0.5881226046875 0.386112871875 0.60233368125 0.3602409640625 0.6076628359375 0.35053899843749997 0.610902125
0 0.2856055796875 0.575409265625 0.299809765625 0.58178335 0.343817375 0.587460815625 0.44857324062500004 0.588540578125 0.482878884375 0.5828631140625 0.487381103125 0.5778822703125 0.4906150921875 0.564402646875 0.4899809765625 0.5615465000000001 0.4841471140625 0.5594218046874999 0.42853519375 0.5629745734375 0.3321496515625 0.5718564953125 0.2856055796875 0.575409265625
1 0.326252378125 0.543469175 0.326252378125 0.5456983625 0.32980342500000004 0.549878090625 0.3459733671875 0.5525949140625 0.42637920156250003 0.554824103125 0.46639188281250005 0.5543364687500001 0.49017121093749993 0.5501219093749999 0.4892200375 0.5349355625000001 0.48750792656249997 0.53361198125 0.4852251109375 0.5328456984375001 0.444388078125 0.5365726234375 0.3320862390625 0.5407523515625 0.326252378125 0.543469175
1 0.3104629046875 0.521212121875 0.307228915625 0.525949146875 0.3098922 0.5283176593750001 0.3902346234375 0.5280390109375 0.4872542796875 0.5315917796875 0.487381103125 0.5159874609374999 0.4872542796875 0.5123301984374999 0.4834495875 0.5093695578124999 0.4317057703125 0.5135144546875 0.3368421046875 0.516788575 0.3104629046875 0.521212121875
1 0.33119847812500003 0.4955067921875 0.3298668359375 0.49972135156249997 0.33119847812500003 0.50118425625 0.341090678125 0.50240334375 0.382815471875 0.5021595265625 0.44121750156250006 0.5036572625 0.48389346875 0.5088470921875 0.4842105265625 0.4899338203125 0.48389346875 0.487356321875 0.48123018437500004 0.48516196406249995 0.47495244062499997 0.48540578125 0.4461636015625 0.488610240625 0.33119847812500003 0.4955067921875
1 0.31737476249999996 0.473981190625 0.319657578125 0.4791710203125 0.3304375390625 0.4811563921875 0.4112872546875 0.47892720312500003 0.44857324062500004 0.48066875624999994 0.4840202921875 0.4833507484375 0.4840202921875 0.45771508125000004 0.4755231453125 0.45795890000000006 0.41800887812500004 0.46339254687500003 0.32276474374999997 0.47102055 0.31737476249999996 0.473981190625
0 0.3205453390625 0.4284918140625 0.30760938437499996 0.432044584375 0.3054533921875 0.43618948125 0.306024096875 0.439150121875 0.3135700703125 0.4418321140625 0.42352568125 0.4533611984375 0.48008877656250004 0.45454545468749996 0.481166771875 0.451306165625 0.4802156 0.4393939390625 0.48008877656250004 0.4347265765625 0.48008877656250004 0.43086032812499997 0.468801521875 0.42939742187499996 0.39708306875 0.42762103749999997 0.3205453390625 0.4284918140625
2 0.34407102031250003 0.39742250156250003 0.3201014578125 0.393486590625 0.3091312625 0.39386973125 0.3058972734375 0.397039359375 0.31236525 0.4045280390625 0.34407102031250003 0.41445489375 0.38801521875 0.4176593515625 0.43525681718750003 0.4183559734375 0.47209892187499997 0.4165795890625 0.4740646796875 0.4141065828125 0.47469879531250003 0.40877742968749997 0.47178186406249994 0.4000696625 0.46823081875000006 0.39742250156250003 0.46239695625 0.3966910484375 0.41198478125 0.39881574375 0.363474953125 0.399547196875 0.34407102031250003 0.39742250156250003
2 0.31401395 0.3641588296875 0.3091312625 0.3677115984375 0.3118579578125 0.3718564953125 0.320481928125 0.3748171375 0.3625237796875 0.3822013234375 0.46277742499999996 0.39404388749999997 0.470830690625 0.391675375 0.4729866828125 0.3887147328125 0.47514267656250003 0.3798328109375 0.4727330375 0.372169975 0.4643627140625 0.3694879828125 0.45523145156249994 0.367990246875 0.40830691249999995 0.369174503125 0.322067215625 0.36356670156250004 0.31401395 0.3641588296875
3 0.3567533296875 0.3196795546875 0.3457197203125 0.3214559390625 0.3418516171875 0.32535701875 0.3418516171875 0.329606409375 0.3496512359375 0.3317659359375 0.3774254921875 0.33281086718749997 0.39232720312499997 0.3345872515625 0.39492707656250003 0.3381400203125 0.393595434375 0.3431208640625 0.387761571875 0.3442006265625 0.3696892828125 0.341692790625 0.358021559375 0.3388714734375 0.3457197203125 0.33848833125 0.3360177546875 0.342772553125 0.3367152828125 0.3448972484375 0.3521876984375 0.3509230234375 0.4750792640625 0.361964471875 0.47121116093750004 0.3459770109375 0.47317691875 0.33225357031249997 0.47254280312499997 0.32821316562499997 0.47184527656249997 0.3242772546875 0.46994292968750007 0.32323232343749997 0.4647431828125 0.322152559375 0.3567533296875 0.3196795546875
3 0.6149017125 0.21818181874999998 0.560558021875 0.2100313484375 0.5463538359375 0.21215604375 0.5379201015625 0.218564959375 0.530818009375 0.23026819999999998 0.5294863671875001 0.24343434375 0.5379201015625 0.252316265625 0.5793278374999999 0.2586903515625 0.60906785 0.26011842500000004 0.6466074828124999 0.2576454203125 0.6692454031249999 0.2544409609375 0.68218135625 0.2491118078125 0.6834495875 0.24733542343749998 0.6808497140624999 0.24200627031250002 0.6666455296875 0.2405781953125 0.64337349375 0.23702542656249997 0.6407736203125001 0.2345524203125 0.6407736203125001 0.233124346875 0.6843373500000001 0.22852664531250003 0.6909955609375 0.2267502609375 0.6976537734375 0.2231626609375 0.68471781875 0.2217345875 0.6491439437500001 0.21536050156250003 0.6149017125 0.21818181874999998
3 0.6734305640625 0.25409265 0.6610019031250001 0.2567398125 0.6141407734375 0.26266109375 0.5936588453125 0.26266109375 0.545656309375 0.254684778125 0.5273303734375 0.254684778125 0.5176284078125 0.2567398125 0.511731134375 0.2662138625 0.513887128125 0.2750957859375 0.50741915 0.2845698359375 0.5095751421875 0.2949494953125 0.5181991125 0.3038314171875 0.5440710203125 0.302925809375 0.5812301843750001 0.298188784375 0.59955611875 0.2964124 0.6432466703124999 0.2964124 0.669625871875 0.2931731109375 0.6890298031250001 0.2842911875 0.6939124921875 0.27777777812500004 0.6933417875 0.2718564953125 0.6901078 0.26948798281249997 0.68471781875 0.26948798281249997 0.6782498421875001 0.2745036578125 0.662650603125 0.28014629062499996 0.642168675 0.282514803125 0.620038046875 0.283699059375 0.614648065625 0.28310693124999997 0.6114140781249999 0.2795541625 0.613062778125 0.276593521875 0.6760938484375 0.2635667015625 0.6777425484374999 0.263253221875 0.6793278375 0.26266109375 0.6798985421875 0.2576454203125 0.6777425484374999 0.25527690625 0.6734305640625 0.25409265
3 0.671274571875 0.32413793125 0.6653772984375 0.322953675 0.6238427390625 0.32532218749999997 0.6141407734375 0.32532218749999997 0.6087507921875 0.32236154687499996 0.6087507921875 0.3197143859375 0.610906784375 0.3176245203125 0.657831325 0.3140717515625 0.6669625875 0.31170323906249997 0.6664552953125 0.3069662140625 0.66322130625 0.304319053125 0.656182625 0.3022291890625 0.6001268234375 0.304319053125 0.5166138234375001 0.3060954375 0.513887128125 0.312608846875 0.5160431203125 0.324730059375 0.5166138234375001 0.33747823125 0.518769815625 0.3430860328125 0.522511096875 0.3460466734375 0.5554216875 0.3448624171875 0.6658211796875 0.33504005625 0.6718452765625 0.3345175890625 0.6745085609375 0.33361198124999997 0.6750792640625 0.330651340625 0.67400126875 0.327098571875 0.671274571875 0.32413793125
2 0.6792644265625001 0.3482062 0.6743183265625 0.34573319375 0.6428662015625 0.3447579234375 0.5188966390624999 0.34573319375 0.5193405203125 0.3672239640625 0.5238427390625 0.375339603125 0.6643627140625 0.366283525 0.669372225 0.365726228125 0.6760938484375 0.36349703906249997 0.681991121875 0.358342040625 0.681991121875 0.3509230234375 0.6792644265625001 0.3482062
2 0.6916296765625 0.37927551406250004 0.6817374765624999 0.375339603125 0.6687381109375 0.37335423125 0.5384908046875 0.37359805 0.520038046875 0.3748171375 0.514648065625 0.3859282484375 0.51781864375 0.3955416234375 0.524540265625 0.4027168234375 0.565884590625 0.4012190875 0.677108434375 0.39080459843750004 0.68218135625 0.390386625 0.6853519343750001 0.3901428078125 0.6920735578125 0.3864158828125 0.6934052 0.3834552421875 0.6916296765625 0.37927551406250004
0 0.6443246671875 0.39540229843749997 0.5868104 0.40132358124999995 0.521686746875 0.40229885000000004 0.5145212421875 0.4057471265625 0.5149651234375 0.43267154375 0.5230818015625001 0.4341344484375 0.5769816109375 0.43092998906249996 0.6187064046875 0.42351097187500003 0.6551046296874999 0.41539533281249996 0.72688649375 0.40309996562499995 0.735573875 0.4012190875 0.741344325 0.398119121875 0.741344325 0.3944270296875 0.7400126828125 0.393416928125 0.6443246671875 0.39540229843749997
1 0.5710843375 0.43493556250000004 0.5166772359375 0.437304075 0.51236525 0.457122953125 0.5166772359375 0.464541971875 0.5829422953125001 0.46217345937500004 0.6643627140625 0.4526994078125 0.7095751421875 0.446360153125 0.7144578312500001 0.44528039062499997 0.71610653125 0.44263322812499994 0.7139505390625 0.43789620312500005 0.7079898546875001 0.43699059531250006 0.5710843375 0.43493556250000004
1 0.6880786296875 0.46360153281249994 0.59752695 0.46509926874999996 0.5150285359375 0.4671543015625 0.511794546875 0.4689306859375 0.508053265625 0.5009056078125 0.5527584015625 0.50240334375 0.5889029796874999 0.49766631875 0.646036778125 0.49143155624999996 0.6724159796875 0.486102403125 0.734051996875 0.4755137578125 0.740329740625 0.4736677109375 0.74090044375 0.4718913265625 0.7398224484375 0.4671543015625 0.7370957515625001 0.466283525 0.6880786296875 0.46360153281249994
1 0.7321496515625 0.5210379656249999 0.717945465625 0.5189132703125 0.6331642359375 0.508951584375 0.5135066578124999 0.50613026875 0.510970196875 0.5238941140625 0.5148383 0.5394984328125 0.521306278125 0.54092650625 0.570450221875 0.5388018109375 0.6662016484375 0.536677115625 0.73012048125 0.5315221171875 0.7360177546875 0.5309996515625001 0.738617628125 0.5292232671875 0.7379835124999999 0.52528735625 0.7360177546875 0.52281435 0.7321496515625 0.5210379656249999
1 0.69543436875 0.5495994421875 0.6333544703125 0.546394984375 0.5440710203125 0.542842215625 0.522067215625 0.5453152218749999 0.5194673437499999 0.5474399156249999 0.518833228125 0.56273075625 0.5259353203125 0.5719609890624999 0.538871275 0.5726924421875 0.59384908125 0.5694879828125 0.6546607484375 0.5648554515625 0.7071020921875 0.5620341343749999 0.722954978125 0.56388018125 0.7297400125 0.5648554515625 0.7348763468749999 0.56273075625 0.7336081171875 0.55670498125 0.7271401390625 0.55419714375 0.69543436875 0.5495994421875
0 0.7218135703125 0.5941832109375 0.7199112234375 0.5906304421875 0.7153455921874999 0.5877742953125 0.67070386875 0.5827934515625001 0.54007609375 0.5771159875 0.5277742546875 0.578892371875 0.529105896875 0.582445140625 0.530374128125 0.5941832109375 0.530374128125 0.6076628359375 0.7001268234375 0.6037965859375001 0.7082435 0.6037617562500001 0.7121116046875 0.603065134375 0.7166772359375 0.6012887499999999 0.7211794546875 0.597004528125 0.7218135703125 0.5941832109375
2 0.7114774890625 0.6233368171875 0.6959416609375 0.61821665 0.5748890296875 0.6066875656249999 0.5360811671875 0.6118077328125 0.528344959375 0.6280041796875 0.529105896875 0.6357018453125 0.53760304375 0.6407871828125 0.6707672796875 0.6375130609374999 0.6842105265625 0.6375130609374999 0.7003804687499999 0.6365377921875 0.7114774890625 0.63483106875 0.7145846546875 0.6297109015625 0.7114774890625 0.6233368171875
2 0.707609384375 0.65900383125 0.70247305 0.6532915359375 0.68306911875 0.6479623828125 0.5905516796875 0.6401602234375 0.5472415984375 0.6398119125 0.5323398859374999 0.647614071875 0.5265060234375001 0.6653779171875 0.536207990625 0.676036225 0.544641725 0.6774642984375 0.6818643 0.6792755140625 0.6901712109375 0.67958899375 0.6953709578125 0.6781609203125 0.704375396875 0.671786834375 0.70697526875 0.6678857546875 0.707609384375 0.65900383125
3 0.7175015859375 0.707906653125 0.69384908125 0.700592128125 0.59461001875 0.6833507484375 0.5752060875 0.6818530125 0.5563728593749999 0.6783002437500001 0.5417882046875 0.6783002437500001 0.5348129359375 0.682445140625 0.53100824375 0.6919191921875 0.5348129359375 0.7055381406250001 0.5499048828124999 0.7286311390625 0.55745085625 0.730128875 0.609701965625 0.724799721875 0.6269499046875 0.727168234375 0.6922003812499999 0.7390107968749999 0.6959416609375 0.73869731875 0.6986683578124999 0.7375130609375 0.6986683578124999 0.7309996515625 0.6959416609375 0.7277603625 0.6851617 0.7250783703125 0.6625237796875 0.7212469515625 0.6533925171875 0.7182863109375 0.6463538359375 0.7117729015625 0.6490805328125 0.7082201328125 0.65497780625 0.7067223968749999 0.660938490625 0.7064437484375 0.66740646875 0.707906653125 0.6889663921875 0.717380703125 0.7180722890625 0.7206548234375 0.72022828125 0.719749215625 0.7234622703125 0.7165099265625 0.7239695625 0.713827934375 0.7223842734375 0.71086729375 0.7175015859375 0.707906653125
3 0.7119213703125 0.751166840625 0.7054533921874999 0.7505747125 0.6391883328125 0.7532218734375 0.6364616359374999 0.75175896875 0.63595434375 0.7473005921875 0.6407736203125001 0.745245559375 0.6537095749999999 0.7443399515625 0.68928345 0.745245559375 0.6930881421875 0.7449320796875 0.69467343125 0.74228491875 0.6935954343749999 0.7401950546875 0.69093215 0.7372344125 0.68554216875 0.73368164375 0.6623335453125 0.7304423546875001 0.6213696890625 0.730721003125 0.5825618265625 0.730128875 0.57070386875 0.730721003125 0.560494609375 0.7354580281249999 0.5583386171875 0.7437478234375 0.55992390625 0.7579589 0.5669625875000001 0.7665621734375 0.571274571875 0.770393590625 0.5831325296875 0.7724834546875 0.6215599234375 0.7696273078125 0.6343690546875 0.768582375 0.7108433734374999 0.7603274125 0.7157260625 0.75677464375 0.7151553578125001 0.7541274812500001 0.7119213703125 0.751166840625