3 0.5331226296875 0.2079442515625 0.4953223765625 0.22996515624999997 0.45499367812499997 0.23909407656249998 0.435651075 0.250243903125 0.440075853125 0.2577003484375 0.4539823015625 0.26682926875 0.4571428578125 0.271777003125 0.4814159296875 0.282160278125 0.494943109375 0.282439025 0.5011378 0.2804878046875 0.5128950703124999 0.2722648078125 0.5290771171875 0.26634146406250003 0.5505689 0.2554703828125 0.568520859375 0.22404181250000002 0.5667509484375 0.22125435468750002 0.5554993671874999 0.2215331015625 0.5505689 0.2257142859375 0.5415929203125 0.24132404218749998 0.5290771171875 0.2482926828125 0.5201011375 0.24801393749999998 0.5183312265625 0.246550521875 0.51871049375 0.242578396875 0.5204804046875 0.2400696859375 0.548419721875 0.212613240625 0.548419721875 0.20843205625 0.5447534765625 0.20689895468750003 0.5331226296875 0.2079442515625
3 0.5865992421875 0.2385365859375 0.5537294562499999 0.25958188125000003 0.5331226296875 0.26996515625 0.5134007578124999 0.2751916375 0.4908975984375 0.2843205578125 0.5097345125 0.3197212546875 0.5142857140625 0.32195121875 0.5195954484375 0.3236933796875 0.5290771171875 0.324181184375 0.551580278125 0.316794425 0.5582806578125 0.3128223 0.61352718125 0.2724738671875 0.6193426046875 0.265783971875 0.6211125156249999 0.2541463421875 0.6193426046875 0.2489198609375 0.6112515796875 0.2526829265625 0.598735778125 0.2662717765625 0.5888748421875001 0.274216028125 0.5798988625 0.279372821875 0.5707964609375 0.2818815328125 0.5646017703124999 0.2820905921875 0.56409608125 0.279372821875 0.5996207328125001 0.2444599296875 0.6 0.237560975 0.5946902656249999 0.2355400703125 0.5865992421875 0.2385365859375
3 0.6333754734375 0.29707317031249997 0.6300884953125 0.28759581875 0.618836915625 0.28487804843750003 0.6214917828125001 0.29442508749999996 0.6193426046875 0.29707317031249997 0.565486725 0.3184668984375 0.5395701640625 0.3190940765625 0.5207332484375 0.3208362375 0.5142857140625 0.32355400625 0.519089759375 0.33630662031249997 0.5201011375 0.3544250875 0.5195954484375 0.3603484328125 0.5174462703125 0.3630662015625 0.519089759375 0.36515679375 0.5288242734375 0.365435540625 0.5395701640625 0.363972125 0.5859671296875 0.3520557484375 0.638685209375 0.3336585359375 0.6424778765625 0.33128919843750004 0.6436156765625001 0.3264808359375 0.6414664984375 0.3247386765625 0.6338811625 0.3247386765625 0.5972187109375 0.3351219515625 0.57787610625 0.3386759578125 0.57357775 0.33721254375 0.5869785078125 0.326202090625 0.6155499375 0.314634146875 0.6290771171875 0.3068989546875 0.6333754734375 0.29707317031249997
2 0.6270543609375 0.368989546875 0.6562579015625001 0.3588850171875 0.6615676359375 0.356167246875 0.6620733249999999 0.35289198593750004 0.659924146875 0.351428571875 0.656763590625 0.351428571875 0.6298356515625 0.3540766546875 0.5898862203124999 0.3633449484375 0.530594184375 0.368989546875 0.5279393171875 0.3728223 0.5310998734375 0.39003484374999997 0.5327433625 0.391846690625 0.5413400765625 0.3933101046875 0.55600505625 0.3906620203125 0.5915297093749999 0.37846689843750003 0.6270543609375 0.368989546875
2 0.6364096078125 0.397839721875 0.6476611890624999 0.3936585359375 0.6584070796875 0.38682926875 0.66005056875 0.38299651562500003 0.6530973453125 0.3785365859375 0.5350189640624999 0.3936585359375 0.5338811625 0.4055749125 0.536030340625 0.40794425156249997 0.5383059421875 0.41414634218749996 0.5447534765625 0.41414634218749996 0.5619469031250001 0.41212543593750006 0.6364096078125 0.397839721875
0 0.5906447531250001 0.43881533125 0.66118836875 0.42522648125 0.682300884375 0.419790940625 0.6859671296875 0.41679442499999997 0.6859671296875 0.414564459375 0.6773704171875 0.4093379796875 0.6670037921875 0.40885017343749996 0.6073324906249999 0.41205574843750004 0.5381795203124999 0.41874564531249997 0.53362831875 0.42125435468749994 0.5260429828125 0.43533101093750004 0.5255372953124999 0.439790940625 0.5278128953125 0.44376306562499995 0.5327433625 0.44550522656249997 0.5434892546875 0.445017421875 0.5906447531250001 0.43881533125
1 0.6616940578125 0.44759581875 0.6585335015625 0.44613240468750004 0.6530973453125 0.44578397187499996 0.5706700375 0.4487804875 0.5242730718749999 0.44787456406250004 0.5204804046875 0.44905923281250004 0.516814159375 0.4687108015625 0.5161820484375 0.47163763124999997 0.6056890015625 0.46153310156250005 0.6573957015625 0.453797909375 0.66232616875 0.451777003125 0.6616940578125 0.44759581875
1 0.620227559375 0.47777003437500004 0.6385587859374999 0.47449477343749996 0.6456384328125 0.4721254359375 0.6466498109375001 0.46975609687500003 0.6418457656250001 0.468571428125 0.6170670031250001 0.468571428125 0.535777496875 0.46989547031249995 0.5292035390625001 0.46975609687500003 0.5204804046875 0.470383275 0.5211125156249999 0.48731707343749997 0.5490518328125 0.48613240468749996 0.620227559375 0.47777003437500004
1 0.62300885 0.485017421875 0.57269279375 0.4880139375 0.5300884953125 0.48850174218750003 0.5228824265625 0.48947735156250005 0.5214917828125001 0.4912195125 0.5255372953124999 0.507804878125 0.5269279390625 0.5092682921875 0.5309734515625 0.509825784375 0.5385587859375 0.508571428125 0.651327434375 0.48850174218750003 0.62300885 0.485017421875
1 0.6580278125000001 0.50996515625 0.6594184578125 0.5072473875 0.657648546875 0.5055052265625 0.6530973453125 0.5048083625 0.57041719375 0.5082926828125001 0.521997471875 0.506550521875 0.518836915625 0.5094773515625 0.518836915625 0.514216028125 0.5269279390625 0.522160278125 0.528318584375 0.5288501734375 0.5290771171875 0.5322648078125 0.5331226296875 0.5342857140625 0.5591656125 0.5282926828125001 0.645512009375 0.5132404187499999 0.6580278125000001 0.50996515625
0 0.69683944375 0.5514982578125001 0.7070796453125 0.5461324046875 0.707585334375 0.54195121875 0.70429835625 0.5390243906250001 0.692414665625 0.536027875 0.6676359046875 0.5327526125000001 0.601896334375 0.52919860625 0.5501896328125 0.52919860625 0.537800253125 0.5306620203125 0.5226295828125 0.5345644593750001 0.5216182046875 0.5407665500000001 0.5242730718749999 0.5487804875 0.530594184375 0.5564459937499999 0.5351453859374999 0.56041811875 0.5437420984375 0.5627874562499999 0.5814159296875 0.562160278125 0.67357775 0.5556794421875 0.69683944375 0.5514982578125001
2 0.6680151703125 0.588641115625 0.6869785078125 0.591010453125 0.6858407078125001 0.588641115625 0.6723135265625 0.5814634140625 0.643236409375 0.5755400703125 0.58938053125 0.570174215625 0.5446270546875 0.5675261328125 0.54513274375 0.5740766546875 0.539190896875 0.5877351921875 0.5381795203124999 0.5906620203124999 0.5419721875 0.5942857140625 0.5694058156249999 0.593379790625 0.6298356515625 0.588641115625 0.6680151703125 0.588641115625
2 0.6437420984375 0.628153309375 0.6772439953125 0.6322648078124999 0.68419721875 0.6310801390624999 0.68419721875 0.628153309375 0.6713021484375 0.6200696859375 0.643236409375 0.6114982578125 0.6022756 0.602578396875 0.5462705437500001 0.59721254375 0.5413400765625 0.60076655 0.5370417187500001 0.6091289203125 0.5332490515625 0.6248780484374999 0.5332490515625 0.6257142859375 0.5353982296875001 0.6305226484374999 0.5419721875 0.6317073171875001 0.600126421875 0.628153309375 0.6437420984375 0.628153309375
3 0.42187105 0.72195121875 0.4542351453125 0.723763065625 0.46447534843750005 0.7199303140625 0.47041719375 0.7154703828125 0.4730720609375 0.706202090625 0.4816687734375 0.69644599375 0.48015170625000003 0.6910801390625 0.4709228828125 0.68278745625 0.455878634375 0.677421603125 0.44070796406249996 0.6759581875 0.42831858437500003 0.6791637625 0.40682680156249995 0.6824390250000001 0.35663716875 0.6851567937499999 0.32756005 0.6887108015625001 0.3189633375 0.6919860625 0.316814159375 0.695818815625 0.316814159375 0.699372821875 0.3206068265625 0.702648084375 0.3270543609375 0.702996515625 0.3723135265625 0.697351915625 0.3836915296875 0.698188153125 0.386346396875 0.6997212546875 0.385208596875 0.702648084375 0.3782553734375 0.704181184375 0.3318584078125 0.7106620203125 0.3308470296875 0.7130313593750001 0.3318584078125 0.71958188125 0.33729456406249997 0.7231358890624999 0.4056890015625 0.7193031359375001 0.42187105 0.72195121875
3 0.34968394375 0.676794425 0.388495575 0.672961671875 0.40682680156249995 0.6723344953125 0.43211125156249997 0.6791637625 0.4456384328125 0.678606271875 0.45158027812499996 0.6765156796875 0.4542351453125 0.668222996875 0.4542351453125 0.6477351921875 0.4494311 0.627804878125 0.44285714218749994 0.6257142859375 0.4353982296875 0.6257142859375 0.3761061953125 0.6376306625 0.3070796453125 0.649756096875 0.3049304671875 0.6521254359374999 0.3070796453125 0.654564459375 0.321112515625 0.657770034375 0.3329962078125 0.657770034375 0.365360303125 0.654216028125 0.3792667515625 0.6563066203125001 0.38040455156249997 0.6581184671875 0.3798988625 0.6595818812500001 0.3194690265625 0.6711498265625 0.316814159375 0.6732404187500001 0.316814159375 0.6783275265625 0.3216182046875 0.6812543546875001 0.32806573906250003 0.6812543546875001 0.34968394375 0.676794425
2 0.40682680156249995 0.634982578125 0.43969658593750005 0.6335191640625 0.44879898906250004 0.6285017421875 0.45335018906249996 0.6228571421875 0.45271807812500003 0.6139372828125 0.44487989843750003 0.601811846875 0.43969658593750005 0.6011149828125 0.3056890015625 0.61003484375 0.2993678890625 0.611428571875 0.289633375 0.6185365859374999 0.289633375 0.62355400625 0.303286978125 0.631010453125 0.40682680156249995 0.634982578125
2 0.40960809062500003 0.6032752609375 0.44323640937500003 0.6032752609375 0.45486725625 0.5993728218750001 0.4604298359375 0.590174215625 0.4470290765625 0.5714285718750001 0.4405815421875 0.5680836234375 0.39279393125 0.5808362375 0.30227560000000003 0.59080139375 0.30025284375 0.592961671875 0.30025284375 0.5951219515624999 0.3048040453125 0.596167246875 0.34361567656249997 0.5993728218750001 0.40960809062500003 0.6032752609375
0 0.4595448796875 0.5776306625000001 0.46864728125 0.573379790625 0.4763590390625 0.5662717765624999 0.4763590390625 0.5583972125 0.46599241406249997 0.5462717765625 0.44020227500000003 0.54202090625 0.4013906453125 0.5427177703125 0.29911504375 0.5519860624999999 0.2557522125 0.5641114984375 0.251327434375 0.5659233453125 0.2428571421875 0.570174215625 0.3055625796875 0.5705226484375 0.395575221875 0.5737282234375 0.4595448796875 0.5776306625000001
1 0.3175726921875 0.5280836234375 0.455878634375 0.543763065625 0.47016434843750005 0.5416724734375 0.48179519531250004 0.5366550515624999 0.4824273078125 0.5248780484375 0.47724399531249995 0.5216724734375 0.4494311 0.5199303140625 0.36472819218749997 0.5195121953124999 0.3026548671875 0.5174216031250001 0.298735778125 0.5174216031250001 0.2948166875 0.5184668984374999 0.2941845765625 0.5234843203125 0.29683944375000004 0.5248780484375 0.3175726921875 0.5280836234375
1 0.38192161874999997 0.511010453125 0.4298356515625 0.5145644593750001 0.46409608125 0.5184668984374999 0.4796460171875 0.5170731703125 0.48482932968750003 0.5138675953125 0.486093553125 0.4953310109375 0.48280657343750005 0.4892682921875 0.47509481718749996 0.488153309375 0.431731984375 0.4892682921875 0.3838179515625 0.4921254359375 0.30821744687499997 0.49958188124999997 0.30429835625 0.4999303140625 0.30037926718749997 0.5031358890625001 0.30366624531249997 0.5070383281249999 0.31984829375 0.5088501734374999 0.38192161874999997 0.511010453125
1 0.38141592968750004 0.47818815312499996 0.4353982296875 0.48264808437499995 0.468268015625 0.48891986093749995 0.48280657343750005 0.48857142812500004 0.48975979843750006 0.48592334531250003 0.49405815468750003 0.4743554 0.49570164375000003 0.45916376249999996 0.46118836874999997 0.4583275265625 0.43211125156249997 0.46069686406250004 0.3178255375 0.460975609375 0.312515803125 0.460975609375 0.30657395625 0.462160278125 0.30922882500000004 0.46599303125 0.32756005 0.47198606249999997 0.38141592968750004 0.47818815312499996
1 0.4 0.45296167187499997 0.44740834375 0.4571428578125 0.47926675156250004 0.45651567968749995 0.48192161875000006 0.45296167187499997 0.4824273078125 0.44104529687499994 0.479772440625 0.43721254375 0.47117572656249995 0.4339372828125 0.45979772499999993 0.4327526125 0.43236409531250003 0.4339372828125 0.410745890625 0.4363066203125 0.3040455125 0.440209059375 0.2986093546875 0.4404878046875 0.2986093546875 0.4431358890625 0.3035398234375 0.4449477359375 0.3256637171875 0.449407665625 0.4 0.45296167187499997
0 0.4111251578125 0.4306620203125 0.42895069531249996 0.4339372828125 0.4520859671875 0.4339372828125 0.46927939375000005 0.43156794375 0.47420986093749995 0.42682926875 0.4773704171875 0.42000000000000004 0.47471555 0.4119163765625 0.46447534843750005 0.4098954703125 0.455878634375 0.4045296171875 0.4499367890625 0.4045296171875 0.423135271875 0.40968641093749997 0.40884955781250004 0.40578397187500004 0.35183312187500004 0.40334494843749996 0.3189633375 0.40425087031249995 0.2677623265625 0.40243902499999995 0.26232616875 0.40334494843749996 0.26232616875 0.405435540625 0.2672566375 0.408989546875 0.3184576484375 0.418188153125 0.4111251578125 0.4306620203125
2 0.31554993750000004 0.3911498265625 0.34905183281249996 0.39888501718749997 0.42237673906250006 0.40425087031249995 0.4438685203125 0.40362369375 0.45410872343750003 0.39832752656250003 0.46005056875 0.3896864109375 0.46005056875 0.383414634375 0.4552465234375 0.377770034375 0.44879898906250004 0.376027875 0.41580278125000003 0.37811846718750003 0.3857142859375 0.3751219515625 0.3207332484375 0.3751219515625 0.3102402015625 0.37693379843749997 0.30530973437500003 0.381393728125 0.30530973437500003 0.384599303125 0.3085967125 0.38759581875000004 0.31554993750000004 0.3911498265625
2 0.3150442484375 0.3616724734375 0.3395701640625 0.36383275312499996 0.40493046718750003 0.373449478125 0.434639696875 0.373449478125 0.44627054375 0.3695470390625 0.45082174531249997 0.364181184375 0.45082174531249997 0.3566550515625 0.4482933 0.353449478125 0.439190896875 0.35059233437500004 0.40884955781250004 0.3466898953125 0.3266750953125 0.343832753125 0.32212389375 0.344181184375 0.3150442484375 0.3452961671875 0.3046776234375 0.351358884375 0.3098609359375 0.35881533125 0.3150442484375 0.3616724734375
3 0.349557521875 0.343414634375 0.4131479140625 0.352613240625 0.42667509531250003 0.352961671875 0.43147914062500003 0.3511498265625 0.4352718078125 0.3241114984375 0.4395701640625 0.317560975 0.43211125156249997 0.31017421562499997 0.38305941875 0.31191637656250004 0.3259165609375 0.305435540625 0.318836915625 0.3068989546875 0.319974715625 0.31135888437500003 0.36637168125 0.3259233453125 0.34905183281249996 0.3276655046875 0.3118836921875 0.32439024375000003 0.3102402015625 0.32682926874999996 0.3102402015625 0.33156794375 0.31238938125 0.3344947734375 0.3166877375 0.336585365625 0.349557521875 0.343414634375
3 0.42111251562499996 0.312613240625 0.4256637171875 0.3110801390625 0.4279393171875 0.3076655046875 0.42831858437500003 0.29303135937499997 0.423388115625 0.2858536578125 0.42300885 0.27888501718750003 0.41757269218750004 0.272195121875 0.41175726875 0.2714982578125 0.3762326171875 0.2727526125 0.35777496875 0.2662717765625 0.31871049375 0.262578396875 0.3039190890625 0.263832753125 0.287357775 0.270243903125 0.308470290625 0.272195121875 0.3498103671875 0.2816027875 0.35512010156249996 0.2850871078125 0.354740834375 0.28682926875 0.291782553125 0.2811149828125 0.2900126421875 0.283832753125 0.29355246562500004 0.287804878125 0.31061946875 0.29477351875 0.3982300890625 0.3120557484375 0.42111251562499996 0.312613240625