2 0.408153309375 0.27471555 0.4072473875 0.263211125 0.4018815328125 0.2582806578125 0.3970731703125 0.26055625781249997 0.39435539999999997 0.26700379218750003 0.3922648078125 0.40632111249999997 0.396167246875 0.4226295828125 0.40243902499999995 0.42705436093750004 0.411428571875 0.4249051828125 0.41358885 0.42427307187499996 0.41477351875 0.42212389375 0.416236934375 0.3970922875 0.41386759531250006 0.3878634640625 0.408153309375 0.27471555
0 0.437839721875 0.264348925 0.43003484375 0.2615676359375 0.4276655046875 0.282300884375 0.42466898906250006 0.374841971875 0.42195121875 0.40088495625 0.42104529687500003 0.42427307187499996 0.422229965625 0.43249051875 0.42585365781249995 0.43678887499999997 0.43902439062500004 0.44222503125 0.4447386765625 0.4417193421875 0.44627177656250006 0.440075853125 0.448641115625 0.42920353906250003 0.44627177656250006 0.4025284453125 0.44118466874999995 0.2795195953125 0.437839721875 0.264348925
1 0.457351915625 0.30518331249999997 0.4522648078125 0.40796460156250003 0.44898954687500003 0.43362831875 0.45616724687500004 0.4374209859375 0.4696864109375 0.440075853125 0.4720557484375 0.43628318593750004 0.46905923281249995 0.37699115 0.4666898953125 0.2436156765625 0.462160278125 0.2594184578125 0.457351915625 0.30518331249999997
1 0.482578396875 0.286093553125 0.4801393734375 0.398735778125 0.47777003437500004 0.435777496875 0.48195121875 0.4395701640625 0.4954703828125 0.440075853125 0.497839721875 0.439064475 0.4909407671875 0.33994943125 0.490383275 0.2936788875 0.4921254359375 0.26207332499999997 0.482578396875 0.286093553125
1 0.510174215625 0.2805309734375 0.50641115 0.30227560000000003 0.5029268296875 0.3585335015625 0.49616724687499997 0.43476611875 0.49693379843749996 0.44020227500000003 0.49867595781249996 0.44108723124999993 0.5016724734375 0.43881163125 0.5128223000000001 0.438685209375 0.5186759578125 0.43881163125 0.5147038328125 0.37661188437500004 0.5156794421875001 0.28318584062499996 0.5147038328125 0.2782553734375 0.510174215625 0.2805309734375
1 0.5303832749999999 0.2908975984375 0.531428571875 0.3948166875 0.5303832749999999 0.44197218749999995 0.54843205625 0.4374209859375 0.552195121875 0.43198482968749996 0.55240418125 0.4269279390625 0.5489198609375 0.40290771249999996 0.5369337984375 0.27231352656249996 0.5328919859375 0.2782553734375 0.5303832749999999 0.2908975984375
0 0.563205575 0.27243995 0.55477351875 0.24740834375 0.5526829265625001 0.25777496875 0.55240418125 0.2838179515625 0.555400696875 0.3796460171875 0.5589547031250001 0.4150442484375 0.56195121875 0.42212389375 0.5676655046875 0.42591656093749997 0.57637630625 0.42212389375 0.577839721875 0.419974715625 0.579372821875 0.4161820484375 0.5802787453125 0.3975979765625 0.5754703828125 0.3534766125 0.563205575 0.27243995
2 0.6309407671875 0.26523388125 0.6271777000000001 0.25259165625 0.6249477359375 0.2489254109375 0.6214634140624999 0.24854614375 0.614982578125 0.2508217453125 0.6124738671875 0.2552465234375 0.60996515625 0.269405815625 0.606968640625 0.3845764859375 0.6075261328125 0.40581542343750004 0.6119163765625 0.41453855937500006 0.6174912890625001 0.41264222500000003 0.6257142859375 0.40771175781249996 0.637421603125 0.3959544875 0.639442509375 0.3877370421875 0.63923345 0.3718078375 0.6309407671875 0.26523388125
3 0.6817421609375 0.2975979765625 0.679024390625 0.27901390625 0.6757491296875 0.2719342609375 0.67240418125 0.2709228828125 0.6688501734375001 0.2730720609375 0.66759581875 0.278002528125 0.66759581875 0.327433628125 0.66641115 0.3340075859375 0.6625087109375001 0.335651075 0.65923345 0.334513275 0.65804878125 0.324273071875 0.6595121953125 0.28015170624999997 0.6577003484375 0.266498103125 0.65324041875 0.26055625781249997 0.6498954703125001 0.2615676359375 0.6409059234375001 0.352465234375 0.6403484328125 0.4074589125 0.6433449484375 0.4080910234375 0.6636933796875 0.4003792671875 0.67484320625 0.405309734375 0.6763066203125 0.405309734375 0.680557490625 0.40101137812500004 0.68202090625 0.39165613125 0.6841114984375001 0.352465234375 0.6817421609375 0.2975979765625
3 0.7128919859375 0.2695322375 0.710383275 0.2557522125 0.7052961671875 0.24854614375 0.693449478125 0.2499367890625 0.690174215625 0.2563843234375 0.6786759578125 0.40467762343749997 0.6822996515625 0.40796460156250003 0.690174215625 0.407332490625 0.697421603125 0.40404551250000004 0.702439025 0.41251580312499997 0.710383275 0.41643489218749996 0.7128919859375 0.41643489218749996 0.7150522640625 0.4151706703125 0.719024390625 0.40075853281249996 0.719024390625 0.385082175 0.7128919859375 0.2695322375
3 0.726550521875 0.503286978125 0.7290592328125001 0.486346396875 0.7287108015625 0.46409608125 0.72041811875 0.45499367812499997 0.6926829265625 0.450442478125 0.68836236875 0.45499367812499997 0.6876655046875 0.47067003749999997 0.69163763125 0.5059418453125 0.6912891984375 0.53135271875 0.6944947734375 0.5680151703125 0.7056446000000001 0.6195954484375 0.708571428125 0.6228824265624999 0.70996515625 0.62212389375 0.711428571875 0.61694058125 0.7060627171875 0.5437420984375 0.708571428125 0.5385587859375 0.70996515625 0.5437420984375 0.7152613234375 0.5912768640625 0.7147038328125 0.6006321109375 0.71358885 0.6189633375 0.7218815328125 0.57585335 0.72439024375 0.5568900125 0.726550521875 0.503286978125
3 0.656794425 0.5754740828125 0.6582578390625 0.5689001265625 0.6611149828125 0.5193426046875 0.6625783968750001 0.5146649812499999 0.6668989546875 0.5154235140625001 0.66759581875 0.5212389374999999 0.6650871078125 0.5597977249999999 0.665435540625 0.5754740828125 0.672961671875 0.5754740828125 0.6769337984375 0.570290771875 0.687038328125 0.48798988593750003 0.6902439031250001 0.4500632109375 0.6848780484375 0.44222503125 0.6783972125 0.44285714218749994 0.66362369375 0.43893805312499995 0.6488501734375001 0.44096080937500004 0.6452961671875 0.45069532187499994 0.6463414640625 0.555878634375 0.6463414640625 0.5585335015624999 0.6474564453125 0.5742098609374999 0.6510104531249999 0.5787610625 0.654982578125 0.57812895 0.656794425 0.5754740828125
2 0.639790940625 0.507332490625 0.6385365859375 0.4595448796875 0.6352613234375 0.45461441249999995 0.631358884375 0.4529709234375 0.6187456453125 0.45562579062499997 0.609756096875 0.46498103593750006 0.6094773515624999 0.4730720609375 0.6163763062500001 0.5051833125 0.6358885015625 0.58192161875 0.6396515671875 0.61580278125 0.6430662015624999 0.6247787609375 0.64682926875 0.6150442484374999 0.648153309375 0.5988622 0.6448780484375 0.5542351453125 0.639790940625 0.507332490625
2 0.6154703828125 0.593805309375 0.61156794375 0.48015170625000003 0.6091289203125 0.46864728125 0.592961671875 0.462199746875 0.5878745640624999 0.4637168140625 0.5839721250000001 0.46814159218749996 0.5905226484375 0.508470290625 0.5896167250000001 0.5241466499999999 0.5986759578124999 0.6036662453125 0.601045296875 0.6079646015625 0.6031358890625 0.610745890625 0.6103135890625 0.609608090625 0.6127526125 0.6063211125 0.6154703828125 0.593805309375
0 0.5878745640624999 0.598735778125 0.58515679375 0.521997471875 0.5803484328125 0.46978508281250003 0.5752613234374999 0.46763590468749994 0.5614634140625 0.47142857187500004 0.55721254375 0.4773704171875 0.5557491296875 0.486093553125 0.5671777 0.5731984828125001 0.579372821875 0.6514538562500001 0.5827177703124999 0.6591656125 0.5896167250000001 0.6558786343749999 0.5911498265625 0.651580278125 0.591777003125 0.6433628312499999 0.5878745640624999 0.598735778125
1 0.552195121875 0.5506953218749999 0.5519163765624999 0.47370417187499997 0.5371428578125 0.4754740828125 0.5317073171875 0.479140328125 0.530174215625 0.48546144062499996 0.541393728125 0.61466498125 0.5444599296875 0.639190896875 0.5481533093750001 0.6528444999999999 0.549407665625 0.6568900125 0.5577003484375 0.6541087234375 0.5599303140624999 0.6477876109375 0.5541463421875 0.60429835625 0.552195121875 0.5506953218749999
1 0.5252961671875 0.471681415625 0.5198606265625 0.4677623265625 0.508153309375 0.4677623265625 0.500975609375 0.4721871046875 0.5012543546875 0.49292035468749995 0.5048780484375001 0.522250315625 0.5063414640625 0.5586599234375 0.510592334375 0.5940581546875 0.5240418124999999 0.654993678125 0.527038328125 0.6659924140625 0.5306620203125 0.608217446875 0.5294773515625 0.5255372953124999 0.527038328125 0.4764854609375 0.5252961671875 0.471681415625
1 0.4955400703125 0.5118836921875001 0.4970731703125 0.4733249046875 0.48327526093750006 0.4689001265625 0.47156794375000005 0.4733249046875 0.4676655046875 0.47926675156250004 0.47247386718750006 0.5380530968749999 0.47156794375000005 0.5554993671874999 0.4728919859375 0.6323640953125 0.4727526125 0.6408343875 0.47519163750000004 0.6490518328125 0.4787456453125 0.6414664984375 0.4856446 0.61694058125 0.4955400703125 0.5118836921875001
1 0.463832753125 0.47711757343750005 0.45902439062499995 0.4730720609375 0.45003484374999997 0.471681415625 0.4455749125 0.47357775 0.44404181249999997 0.47673830625 0.4443205578125 0.518836915625 0.44278745625000004 0.546144121875 0.44404181249999997 0.6164348921875 0.4393031359375 0.6436156765625001 0.44153310156250003 0.6467762328125 0.4495470390625 0.6331226296875 0.4542857140625 0.616814159375 0.45902439062499995 0.56927939375 0.463832753125 0.47711757343750005
0 0.427038328125 0.636662453125 0.4384668984375 0.566498103125 0.43993031406250005 0.5316055625 0.434216028125 0.4744627046875 0.42459930312500005 0.46144121406250005 0.41651567968750003 0.46245259218749996 0.4117073171875 0.47560050625 0.40662020937500004 0.510366625 0.405435540625 0.5266750953125 0.4048083625 0.6269279390625 0.405435540625 0.6323640953125 0.4144250875 0.636662453125 0.42132404218749997 0.6453855875000001 0.42459930312500005 0.6448798984375 0.427038328125 0.636662453125
2 0.4171428578125 0.5046776234375 0.41505226406249995 0.4773704171875 0.412613240625 0.46978508281250003 0.4068989546875 0.466498103125 0.3895470390625 0.466498103125 0.385017421875 0.4719342609375 0.383832753125 0.48672566406250006 0.3856446 0.5269279390625 0.3880139375 0.5372945640625 0.38919860625 0.55259165625 0.3919163765625 0.6140328703125 0.39344947812500003 0.6161820484375 0.4048083625 0.6161820484375 0.40843205625 0.6140328703125 0.41114982656250004 0.6097345125 0.4171428578125 0.5046776234375
3 0.3496864109375 0.5773704171875 0.3511498265625 0.551833121875 0.3543554 0.5408343875 0.3572822296875 0.5381795203124999 0.359024390625 0.5408343875 0.3576306625 0.60606826875 0.3586759578125 0.6112515796875 0.36160278749999997 0.6165613140625 0.3662717765625 0.612642225 0.369825784375 0.6067003796875 0.3842508703125 0.47420986093749995 0.38320557499999996 0.468268015625 0.37275261249999997 0.4616940578125 0.3496864109375 0.45777496875 0.3370731703125 0.45979772499999993 0.336027875 0.468268015625 0.3324738671875 0.593552465625 0.3327526125 0.6048040453125 0.334216028125 0.6120101140624999 0.3367247390625 0.6132743359374999 0.3439024390625 0.6067003796875 0.3496864109375 0.5773704171875
3 0.327038328125 0.5719342609375 0.331010453125 0.5431099875000001 0.3317073171875 0.515676359375 0.338606271875 0.4804045515625 0.33749128906250003 0.46409608125 0.336027875 0.4595448796875 0.32919860624999997 0.4568900125 0.313031359375 0.4562579015625 0.2957491296875 0.4517067 0.29031358906250004 0.45499367812499997 0.2889198609375 0.460809103125 0.287804878125 0.47724399531249995 0.288153309375 0.4960809109375 0.29358885 0.5098609359374999 0.2939372828125 0.5300884953125 0.2892682921875 0.5490518328125 0.28599303125 0.5967130218750001 0.28599303125 0.6398230093749999 0.2993031359375 0.586219975 0.316585365625 0.539190896875 0.316585365625 0.555625790625 0.3151916375 0.56409608125 0.2954703828125 0.6235145390625 0.29358885 0.6299620734375 0.289616725 0.64108723125 0.2993031359375 0.6280657390625 0.3209059234375 0.5908975984375 0.327038328125 0.5719342609375