3 0.7811563921875 0.5183259359375 0.7760710546875 0.5067216234374999 0.7572971093749999 0.45313887187499996 0.751340996875 0.4562460375 0.7462208296874999 0.46322130625 0.7483455234374999 0.4686746984375 0.76495994375 0.524540265625 0.7543016375 0.530754596875 0.7581330546875 0.5424223203125 0.7598397765625 0.543183259375 0.7700801109375 0.5393151546875 0.7799024734375 0.568801521875 0.789690003125 0.6021559921875 0.795680946875 0.600634115625 0.804179728125 0.5967026 0.8097527 0.5920735578125 0.7858585859375 0.5292327203125 0.7871473359375 0.52688649375 0.7978056421875 0.5214331015625 0.795680946875 0.5152187703125 0.7913967265624999 0.5090044390624999 0.7811563921875 0.5183259359375
2 0.6908045984375 0.470196575 0.6882270984375001 0.453899809375 0.6818530125 0.45466074843750004 0.6737373734375 0.4616994296875 0.675444096875 0.47717184531249995 0.6788575406249999 0.5261255546875 0.67457331875 0.52764743125 0.6690351796875 0.532276475 0.67119470625 0.54007609375 0.6733194015625 0.5393151546875 0.6796934859375 0.54007609375 0.684813653125 0.6083703234375 0.7001741546875 0.6060240968749999 0.7044235453125001 0.60450221875 0.7044235453125001 0.5882054531249999 0.701880878125 0.5377298671874999 0.701880878125 0.5353836390625 0.7087077671875 0.530754596875 0.7074190171875 0.5214331015625 0.6967607109375 0.5214331015625 0.6908045984375 0.470196575
2 0.6146638796875 0.47178186406249994 0.61201671875 0.47393785624999996 0.6244514109375 0.5273303734375 0.6309648203125 0.54996829375 0.6377568796875 0.5779961953125 0.6519679546875 0.6168040578125 0.663218390625 0.6663918828125001 0.6682688953125 0.6933417875 0.6715081859375001 0.6954977812500001 0.6744688265625001 0.6868738109375 0.678927203125 0.6593532015625 0.681295715625 0.6140773625 0.6703239296875 0.5213696890625 0.662034134375 0.47178186406249994 0.6626262625 0.47235256875 0.6611633578125 0.46207989843749997 0.6540578203125 0.461001903125 0.6297805640624999 0.465884590625 0.6146638796875 0.47178186406249994
0 0.5967258796875 0.6079898546875 0.60592128125 0.6462270140624999 0.61563915 0.7048826890625 0.6187042843749999 0.7169942921875 0.6238244515625 0.7151553578125001 0.629467084375 0.670450221875 0.6212817828125 0.5977805953125 0.6146290484375 0.560494609375 0.60491118125 0.48788839531250006 0.601846046875 0.48509828749999995 0.6002786484375 0.48509828749999995 0.5997910140625 0.4841471140625 0.5701149421875 0.49156626562500005 0.565517240625 0.5 0.5762452109375 0.549334178125 0.5967258796875 0.6079898546875
1 0.5486241734374999 0.6257450859375 0.5593521421875 0.6676601140625 0.5737025421874999 0.703931515625 0.584952978125 0.7188332281250001 0.5916057125 0.7169942921875 0.5977359812499999 0.7011414078125 0.5946708468749999 0.6806594796875001 0.5905607796875 0.6620164875000001 0.5844305125 0.6275840203125 0.57830024375 0.5866201656250001 0.5731800765624999 0.5465440703125 0.5634622078125 0.512999365625 0.5568094734375 0.5064679765625 0.5532218734375001 0.5102092578125 0.5526994078125 0.5102092578125 0.5358411703125 0.5176918203125 0.5317311046875 0.5251109703125 0.5343086031250001 0.5614457828125 0.5486241734374999 0.6257450859375
1 0.493974225 0.553709575 0.492267503125 0.6110970203125 0.49355625156249994 0.6848446421875 0.49568094687500003 0.7221306281250001 0.49951236562499995 0.7500317062499999 0.505468478125 0.7593532015625 0.5118773953125 0.7562460375 0.5182514796875 0.7461636015625001 0.52041100625 0.7291058968749999 0.5255311734375 0.587824984375 0.5255311734375 0.5428027906249999 0.5246952281249999 0.5230183890625 0.52041100625 0.518769815625 0.514002090625 0.5180088781250001 0.5037617562500001 0.5226379203125 0.4978056421875 0.530374128125 0.493974225 0.553709575
1 0.4526297453125 0.6732403296875 0.4526297453125 0.730627775 0.456008359375 0.7593532015625 0.4611285265625 0.7694356375 0.46753744375000006 0.7694356375 0.47561825156250004 0.7601775515625 0.4816091953125 0.73842739375 0.485022640625 0.6934052 0.485022640625 0.642168675 0.48756530781249996 0.5793278374999999 0.48969000312500005 0.5428027906249999 0.48927203124999996 0.5233988578125001 0.48798328125 0.5202916937500001 0.47819575 0.5202916937500001 0.4624172765625 0.5226379203125 0.45900383125 0.5280913125 0.45175896875 0.6033608109374999 0.4526297453125 0.6732403296875
1 0.4035876 0.6273937859375 0.394636015625 0.6507292328125 0.38780912500000003 0.6724159796875 0.37969348593749996 0.6926442609375 0.3809822359375 0.703487634375 0.389097875 0.709701965625 0.3971786828125 0.7081166765625 0.41595262968749996 0.677108434375 0.4406826890625 0.6165504125 0.45175896875 0.5785034875 0.4551724140625 0.553709575 0.4551724140625 0.5374128093749999 0.4538836640625 0.5233988578125001 0.4496342734375 0.5180088781250001 0.42744688281250004 0.5180088781250001 0.423615465625 0.52111604375 0.419784046875 0.53430564375 0.4146638796875 0.5831959421875 0.4035876 0.6273937859375
0 0.3852664578125 0.5738744453125 0.375444096875 0.6064679765625 0.36137234375 0.6429296124999999 0.3532915359375 0.6623335453125 0.34771856562500003 0.6732403296875 0.34900731406249996 0.6825618265625 0.3549982578125 0.6887127453125 0.36478578906250003 0.684083703125 0.3805642640625 0.6639188328125 0.39933820937500003 0.6157894734375 0.41424590781250004 0.570006340625 0.4184952984375 0.5389346859375 0.419366075 0.524223209375 0.4176593515625 0.5202916937500001 0.4129571578125 0.5180088781250001 0.407836990625 0.517184528125 0.39933820937500003 0.517184528125 0.3937652390625 0.5202916937500001 0.39080459843750004 0.530374128125 0.3852664578125 0.5738744453125
3 0.318739115625 0.6786303109375 0.3208638109375 0.6864299296875 0.3255660046875 0.6879518078125 0.3285614765625 0.6825618265625 0.333228840625 0.6336081171875 0.33409961718750003 0.5831959421875 0.33281086718749997 0.574635384375 0.3302682 0.57228915625 0.32897945 0.57228915625 0.322152559375 0.57311350625 0.318739115625 0.5808497140625 0.3170323921875 0.6608116671875 0.318739115625 0.6786303109375
3 0.298293278125 0.6507292328125 0.30341344531250003 0.6545973359375 0.3059561125 0.6545973359375 0.3076628359375 0.64838300625 0.310205503125 0.6251109703125 0.311494253125 0.5994927078125001 0.3110762796875 0.5738744453125 0.3072448625 0.5661382374999999 0.305538140625 0.5661382374999999 0.298293278125 0.568421053125 0.2965865546875 0.5777425484375 0.2965865546875 0.6390615093750001 0.298293278125 0.6507292328125
3 0.27610588593749996 0.6188966390624999 0.27951933125 0.625871909375 0.283768721875 0.626632846875 0.289759665625 0.6251109703125 0.29188436093750003 0.6049461 0.29188436093750003 0.5839568796875 0.291048415625 0.5715282187499999 0.2871821671875 0.570006340625 0.28463949843749997 0.5676601140625 0.2799373046875 0.5707672796875001 0.27610588593749996 0.5793278374999999 0.27568791406250004 0.59873176875 0.27610588593749996 0.6188966390624999
3 0.2326367125 0.3767279640625 0.23646812968750003 0.3875713375 0.23646812968750003 0.39613189531250004 0.23305468437500002 0.39613189531250004 0.228352490625 0.3829422953125 0.2181469875 0.358845909375 0.21086729375000002 0.34800253593749997 0.206617903125 0.3503487640625 0.206617903125 0.35967025937499997 0.21428073906249998 0.38218135625 0.221107628125 0.4116677234375 0.22539185 0.43880786250000003 0.22580982187499998 0.4691185796875 0.229641240625 0.48306911875 0.2347614078125 0.4885225109375 0.23901079687500001 0.48928345 0.2450017421875 0.4845909953125 0.25308255 0.4745085609375 0.25649599375 0.4752694984375 0.262034134375 0.4729866828125 0.26673632812500003 0.4691185796875 0.27056774687499996 0.4558655671875 0.27098571875 0.435700696875 0.262034134375 0.40932149687499997 0.2517938 0.39613189531250004 0.23134796249999998 0.351870640625 0.21940090625000003 0.340266328125 0.22027168281249998 0.339441978125 0.21685823750000002 0.3417882046875 0.21685823750000002 0.34565630937499997 0.2176941828125 0.3503487640625 0.2326367125 0.3767279640625
2 0.313793103125 0.4050729234375 0.3099616859375 0.46816740625 0.310240334375 0.47894736875 0.31438523125 0.48541534531249997 0.320027865625 0.48972732968750005 0.3250435390625 0.492390615625 0.3285963078125 0.492390615625 0.33629397499999997 0.48649334218750007 0.33984674375 0.481610653125 0.34016022343749996 0.47729866875000004 0.339254615625 0.46493341718750003 0.33423894062500004 0.42612555468749996 0.33239289375 0.415535828125 0.3276907 0.3751426765625 0.3213166140625 0.33633481249999997 0.32121212187500003 0.3350031703125 0.313793103125 0.3215599234375 0.30936955781250003 0.322067215625 0.30846395000000004 0.3263792015625 0.313793103125 0.4050729234375
2 0.33747823125 0.323715915625 0.33629397499999997 0.3306911859375 0.33629397499999997 0.3431198484375 0.3377917109375 0.37381103437499996 0.341031 0.41261889687500003 0.3433995125 0.4767913765625 0.34695228125 0.48268864999999994 0.3528735625 0.48592263750000003 0.36502960624999997 0.48325935312499996 0.368582375 0.47729866875000004 0.3688610234375 0.4729866828125 0.3682688953125 0.462206721875 0.360884709375 0.4164235890625 0.3564263328125 0.3830057078125 0.3567398125 0.3845909953125 0.35555555625 0.3711477484375 0.348728665625 0.3371591625 0.34221525625 0.3215599234375 0.33747823125 0.323715915625
0 0.3605712296875 0.33284717812500003 0.3587948453125 0.34147114843750004 0.3641239984375 0.3851617 0.3694531515625 0.45573874375 0.37154301562500003 0.47247939062500005 0.37509578593750004 0.48218135625 0.378927203125 0.48649334218750007 0.38516196406250003 0.48864933437499997 0.39108324687499996 0.4880786296875 0.3984674328125 0.481610653125 0.39996516875 0.47786937187499995 0.39965168906250004 0.4643627140625 0.3966910484375 0.43525681718750003 0.39285963125 0.4099556125 0.3925461515625 0.40938490781250003 0.383664228125 0.3765377296875 0.371821665625 0.343627140625 0.3641239984375 0.3323398859375 0.3605712296875 0.33284717812500003
1 0.38840125468750003 0.3691185796875 0.395820271875 0.4116677234375 0.400557296875 0.4558655671875 0.4049808421875 0.48554216875 0.40734935625 0.489854153125 0.41682340625 0.49093215 0.4227446875 0.48928345 0.424834553125 0.4790741921875 0.4251132015625 0.46398224531250004 0.4195053984375 0.4353836390625 0.4106234765625 0.4105897265625 0.41180773281249994 0.4116677234375 0.40853361250000003 0.39873176875 0.3949146640625 0.3680405828125 0.3889933828125 0.36157260625 0.38840125468750003 0.3691185796875
1 0.43194009062500005 0.407609384375 0.4579937296875 0.478757134375 0.4615465 0.48249841406250005 0.46687565312499996 0.481991121875 0.473981190625 0.4738744453125 0.4748519671875 0.4636651875 0.4736677109375 0.45015852812499996 0.46774642968749996 0.42593532031250003 0.4582723796875 0.40811667656250006 0.44287704687499996 0.3833227640625 0.42866597031250003 0.3649968296875 0.41859979062499997 0.3596068484375 0.41682340625 0.3639188328125 0.4180076625 0.372542803125 0.43194009062500005 0.407609384375
1 0.4393939390625 0.34996829375 0.44089167500000004 0.3585922640625 0.4580982234375 0.3901712109375 0.47196098906249995 0.4360811671875 0.48119122187499996 0.47812301875 0.4850923015625 0.4826252375 0.504284221875 0.481991121875 0.507836990625 0.47292327187499994 0.505363984375 0.4554850984375 0.500731453125 0.43481293593750003 0.4900731453125 0.40247305000000005 0.47196098906249995 0.3623335453125 0.47227446874999995 0.36074825625 0.46753744375000006 0.358084971875 0.45419714375 0.34673430625 0.44117032343749996 0.34565630937499997 0.4393939390625 0.34996829375
1 0.424242425 0.4465440703125 0.427168234375 0.46892834531250005 0.43301985312499996 0.4817374765625 0.4409613375 0.48763474999999995 0.44590735 0.4881420421875 0.450017415625 0.47431832656250006 0.44590735 0.455611921875 0.4377220484375 0.4305643625 0.43246255624999996 0.4199112234375 0.431870428125 0.4199112234375 0.43068617187499997 0.41934052031249996 0.4257053296875 0.424159796875 0.424242425 0.4305643625 0.424242425 0.4465440703125