2 0.583763065625 0.6029077125 0.5861324046874999 0.6121365359375 0.591846690625 0.72528445 0.5927526125 0.736788875 0.5981184671875 0.7417193421875 0.6029268296875 0.7394437421875 0.6056446 0.7329962078125 0.6077351921874999 0.5936788875000001 0.6038327531250001 0.5773704171875 0.597560975 0.5729456390625 0.5885714281250001 0.5750948171875 0.58641115 0.575726928125 0.58522648125 0.57787610625 0.583763065625 0.6029077125
0 0.5537282234375 0.5974715546875 0.55881533125 0.7204804046875 0.562160278125 0.735651075 0.56996515625 0.7384323640625 0.5723344953125 0.717699115625 0.5753310109374999 0.625158028125 0.5780487812499999 0.59911504375 0.578954703125 0.575726928125 0.5777700343750001 0.56750948125 0.5741463421875 0.563211125 0.560975609375 0.55777496875 0.5552613234375 0.5582806578125 0.5537282234375 0.559924146875 0.551358884375 0.5707964609375 0.5537282234375 0.5974715546875
1 0.5333101046875 0.7563843234375 0.537839721875 0.7405815421875 0.542648084375 0.6948166875 0.5477351921875 0.5920353984375 0.551010453125 0.5663716812499999 0.543832753125 0.5625790140625 0.5303135890624999 0.559924146875 0.5279442515625 0.5637168140625 0.5309407671875 0.62300885 0.5333101046875 0.7563843234375
1 0.509616725 0.7063211125 0.5078745640625 0.737926675 0.5174216031250001 0.713906446875 0.5198606265625 0.601264221875 0.522229965625 0.564222503125 0.51804878125 0.5604298359375 0.5045296171875 0.559924146875 0.5021602781250001 0.560935525 0.5090592328125 0.66005056875 0.509616725 0.7063211125
1 0.48432055781249994 0.7168141593749999 0.48529616718749996 0.7217446265625 0.48982578437499996 0.7194690265625 0.49358884999999997 0.6977244 0.4970731703125 0.6414664984375 0.503832753125 0.56523388125 0.5030662015625 0.5597977249999999 0.5013240421875 0.5589127687500001 0.4983275265625 0.56118836875 0.4871777 0.561314790625 0.4813240421875 0.56118836875 0.48529616718749996 0.623388115625 0.48432055781249994 0.7168141593749999
1 0.4630662015625 0.7276864734374999 0.4671080140625 0.7217446265625 0.469616725 0.7091024015625 0.468571428125 0.6051833125 0.469616725 0.5580278125 0.45156794375000003 0.5625790140625 0.447804878125 0.5680151703125 0.44759581875 0.5730720609375 0.4510801390625 0.5970922875 0.4630662015625 0.7276864734374999
0 0.4197212546875 0.6024020234374999 0.42452961718750004 0.6465233875 0.436794425 0.72756005 0.44522648125000003 0.75259165625 0.44731707343749993 0.7422250312500001 0.44759581875 0.7161820484375 0.44459930312499996 0.6203539828125 0.44104529687499994 0.5849557515625 0.43804878125 0.57787610625 0.4323344953125 0.5740834390625 0.42362369375000003 0.57787610625 0.42216027812499995 0.580025284375 0.420627178125 0.5838179515624999 0.4197212546875 0.6024020234374999
2 0.36055749062500003 0.6122629578125001 0.36076655 0.6281921625 0.3690592328125 0.73476611875 0.3728223 0.74740834375 0.3750522640625 0.7510745890625 0.3785365859375 0.75145385625 0.385017421875 0.7491782546875 0.38752613281250003 0.7447534765625 0.39003484374999997 0.730594184375 0.393031359375 0.6154235140625001 0.3924738671875 0.5941845765625 0.38808362343749997 0.5854614406249999 0.3825087109375 0.587357775 0.3742857140625 0.5922882421875 0.362578396875 0.6040455125 0.36055749062500003 0.6122629578125001
3 0.31797909375 0.60834386875 0.31588850156250003 0.647534765625 0.3182578390625 0.7024020234374999 0.32097560937499997 0.72098609375 0.3242508703125 0.7280657390624999 0.32759581875 0.7290771171875 0.3311498265625 0.7269279390625 0.33240418125 0.721997471875 0.33240418125 0.672566371875 0.33358885 0.6659924140625 0.33749128906250003 0.664348925 0.34076655 0.665486725 0.34195121875 0.675726928125 0.3404878046875 0.7198482937499999 0.3422996515625 0.733501896875 0.34675958125 0.7394437421875 0.3501045296875 0.7384323640625 0.35909407656250003 0.647534765625 0.3596515671875 0.5925410875 0.3566550515625 0.5919089765625001 0.33630662031249997 0.5996207328125001 0.32515679375 0.5946902656249999 0.3236933796875 0.5946902656249999 0.319442509375 0.598988621875 0.31797909375 0.60834386875
3 0.280975609375 0.5992414671875 0.280975609375 0.614917825 0.2871080140625 0.7304677625 0.289616725 0.7442477875 0.2947038328125 0.75145385625 0.306550521875 0.7500632109375001 0.30982578437499997 0.7436156765625 0.3213240421875 0.5953223765625 0.3177003484375 0.5920353984375 0.30982578437499997 0.592667509375 0.302578396875 0.5959544875 0.297560975 0.587484196875 0.289616725 0.5835651078125 0.2871080140625 0.5835651078125 0.2849477359375 0.5848293296875 0.280975609375 0.5992414671875
3 0.2781184671875 0.42414664999999996 0.27560975625 0.4431099875 0.273449478125 0.49671302187500005 0.27094076718750004 0.5136536031250001 0.2712891984375 0.53590391875 0.27958188125 0.5450063218750001 0.30731707343750003 0.549557521875 0.31163763125 0.5450063218750001 0.3123344953125 0.5293299625000001 0.30836236875 0.49405815468750003 0.3087108015625 0.46864728125 0.3055052265625 0.43198482968749996 0.2943554 0.38040455156249997 0.291428571875 0.37711757343749996 0.29003484375 0.37787610625 0.288571428125 0.38305941875 0.2939372828125 0.4562579015625 0.291428571875 0.46144121406250005 0.29003484375 0.4562579015625 0.2847386765625 0.4087231359375 0.2852961671875 0.3993678890625 0.28641115 0.3810366625 0.2781184671875 0.42414664999999996
3 0.348989546875 0.42123893749999997 0.345017421875 0.42187105 0.343205575 0.42452591718750005 0.3417421609375 0.43109987343749995 0.3388850171875 0.48065739531249996 0.337421603125 0.48533501875 0.3331010453125 0.48457648593749997 0.33240418125 0.4787610625 0.33491289218750003 0.44020227500000003 0.334564459375 0.42452591718750005 0.327038328125 0.42452591718750005 0.3230662015625 0.429709228125 0.312961671875 0.5120101140625 0.309756096875 0.5499367890625 0.3151219515625 0.55777496875 0.3216027875 0.5571428578125001 0.33637630625 0.561061946875 0.3511498265625 0.559039190625 0.3547038328125 0.5493046781250001 0.3536585359375 0.44412136562500004 0.3536585359375 0.4414664984375 0.3525435546875 0.4257901390625 0.348989546875 0.42123893749999997
2 0.351846690625 0.4011378 0.35512195156250004 0.44576485468750005 0.360209059375 0.49266750937500003 0.36146341406250004 0.5404551203125 0.3647386765625 0.5453855875 0.368641115625 0.5470290765625 0.3812543546875 0.544374209375 0.390243903125 0.5350189640624999 0.3905226484375 0.5269279390625 0.38362369375 0.4948166875 0.3641114984375 0.41807838124999996 0.3603484328125 0.38419721875 0.3569337984375 0.3752212390625 0.35317073125 0.3849557515625 0.351846690625 0.4011378
2 0.3896864109375 0.390391909375 0.3872473875 0.3936788875 0.3845296171875 0.406194690625 0.38843205625 0.51984829375 0.3908710796875 0.53135271875 0.40703832812499996 0.537800253125 0.41212543593750006 0.5362831859375 0.416027875 0.5318584078125 0.4094773515625 0.49152970937499996 0.41038327499999994 0.47585335000000006 0.40132404218750006 0.3963337546875 0.398954703125 0.3920353984375 0.3968641109375 0.389254109375 0.3896864109375 0.390391909375
0 0.40885017343749996 0.348419721875 0.408222996875 0.35663716875 0.41212543593750006 0.401264221875 0.41484320625000004 0.47800252812500005 0.41965156718749996 0.5302149171874999 0.42473867656250003 0.5323640953125001 0.4385365859375 0.528571428125 0.44278745625000004 0.5226295828125 0.4442508703125 0.513906446875 0.43282230000000005 0.4268015171875 0.420627178125 0.34854614375000004 0.4172822296875 0.3408343875 0.41038327499999994 0.344121365625 0.40885017343749996 0.348419721875
1 0.44006968593750007 0.3522123890625 0.44585365781249997 0.39570164375 0.447804878125 0.449304678125 0.4480836234375 0.5262958281250001 0.46285714218749996 0.5245259171875001 0.46829268281249997 0.520859671875 0.46982578437500006 0.514538559375 0.458606271875 0.38533501875 0.4555400703125 0.360809103125 0.45184669062499994 0.3471555 0.450592334375 0.3431099875 0.4422996515625 0.3458912765625 0.44006968593750007 0.3522123890625
1 0.4705226484375 0.4744627046875 0.472961671875 0.5235145390625 0.4747038328125 0.528318584375 0.4801393734375 0.5322376734375001 0.49184669062499997 0.5322376734375001 0.499024390625 0.5278128953125 0.4987456453125 0.5070796453125 0.49512195156249994 0.477749684375 0.4936585359375 0.4413400765625 0.48940766562500004 0.4059418453125 0.4759581875 0.345006321875 0.472961671875 0.3340075859375 0.4693379796875 0.391782553125 0.4705226484375 0.4744627046875
1 0.5212543546874999 0.3585335015625 0.5143554 0.38305941875 0.5044599296875 0.4881163078125 0.5029268296875 0.5266750953125 0.5167247390624999 0.5310998734375 0.52843205625 0.5266750953125 0.5323344953125 0.5207332484375 0.5275261328124999 0.46194690312500003 0.52843205625 0.4445006328125 0.5271080140625 0.3676359046875 0.5272473875 0.3591656125 0.5248083625 0.3509481671875 0.5212543546874999 0.3585335015625
1 0.5457142859374999 0.383185840625 0.540975609375 0.43072060624999997 0.5361672468750001 0.5228824265625 0.540975609375 0.5269279390625 0.5499651562500001 0.528318584375 0.5544250875000001 0.52642225 0.5559581875 0.52326169375 0.5556794421875 0.481163084375 0.55721254375 0.453855878125 0.5559581875 0.38356510781250003 0.5606968640625001 0.35638432343750004 0.5584668984375 0.3532237671875 0.5504529609375 0.3668773703125 0.5457142859374999 0.383185840625
0 0.5786759578125 0.35461441250000003 0.575400696875 0.35512010156249996 0.572961671875 0.36333754687500003 0.5615331015625 0.433501896875 0.5600696859375 0.46839443750000004 0.565783971875 0.5255372953124999 0.575400696875 0.5385587859375 0.5834843203125 0.5375474078125 0.5882926828125 0.5243994937500001 0.593379790625 0.48963337500000004 0.594564459375 0.4733249046875 0.5951916374999999 0.3730720609375 0.594564459375 0.3676359046875 0.5855749125 0.36333754687500003 0.5786759578125 0.35461441250000003
2 0.59156794375 0.3859671296875 0.5888501734375 0.3902654875 0.5828571421875 0.4953223765625 0.5849477359375 0.5226295828125 0.587386759375 0.5302149171874999 0.5931010453125001 0.533501896875 0.6104529609375 0.533501896875 0.614982578125 0.5280657390625 0.616167246875 0.5132743359374999 0.6143554 0.4730720609375 0.6119860625 0.4627054359375 0.61080139375 0.44740834375 0.6080836234375 0.3859671296875 0.606550521875 0.3838179515625 0.5951916374999999 0.3838179515625 0.59156794375 0.3859671296875
3 0.6632752609375 0.3867256640625 0.6560975609375 0.3932996203125 0.6503135890625 0.4226295828125 0.6488501734375001 0.448166878125 0.6456446 0.4591656125 0.6427177703125 0.4618204796875 0.6409756093750001 0.4591656125 0.6423693375 0.39393173125000003 0.6413240421874999 0.3887484203125 0.6383972124999999 0.38343868593749997 0.6337282234375 0.387357775 0.630174215625 0.3932996203125 0.6157491296875001 0.5257901390625 0.6167944249999999 0.531731984375 0.6272473875 0.5383059421875 0.6503135890625 0.54222503125 0.6629268296874999 0.5402022750000001 0.663972125 0.531731984375 0.6675261328125 0.406447534375 0.6672473875 0.3951959546875 0.665783971875 0.3879898859375 0.6632752609375 0.3867256640625
3 0.7006968640625 0.3719342609375 0.6790940765625 0.4091024015625 0.672961671875 0.42806573906249995 0.668989546875 0.4568900125 0.6682926828125 0.484323640625 0.661393728125 0.5195954484375 0.6625087109375001 0.53590391875 0.663972125 0.5404551203125 0.6708013937499999 0.5431099875000001 0.686968640625 0.5437420984375 0.7042508703125 0.5482933 0.7096864109375 0.5450063218750001 0.7110801390625 0.539190896875 0.712195121875 0.5227560046875 0.7118466906250001 0.5039190890625 0.70641115 0.4901390640625 0.7060627171875 0.4699115046875 0.7107317078125 0.4509481671875 0.7140069687499999 0.403286978125 0.7140069687499999 0.36017699062499997 0.7006968640625 0.413780025 0.6834146343749999 0.460809103125 0.6834146343749999 0.444374209375 0.6848083625 0.43590391874999995 0.7045296171875 0.3764854609375 0.70641115 0.3700379265625 0.710383275 0.35891276875 0.7006968640625 0.3719342609375