2 0.7270543609375 0.3928919859375 0.7403286984374999 0.3860627171875 0.7457648546875 0.3774912890625 0.7302149171875 0.3719163765625 0.5950695328125 0.3740766546875 0.5796460171875 0.376167246875 0.5764854609375 0.3791637625 0.575726928125 0.38306620156250004 0.5780025281250001 0.3928919859375 0.5742098609374999 0.40355400625 0.5749683937500001 0.4078745640625 0.5804045515625 0.40954703906249995 0.6036662453125 0.40996515625 0.6618204796875 0.4048780484375 0.708470290625 0.39714285781249997 0.7270543609375 0.3928919859375
2 0.712642225 0.4114982578125 0.712642225 0.40857142812499997 0.70948166875 0.4072473875 0.68938053125 0.4072473875 0.582300884375 0.409825784375 0.5744627046875 0.41581881562499995 0.5744627046875 0.43289198593749995 0.576864728125 0.43505226406249997 0.58824273125 0.4355400703125 0.698735778125 0.41965156718749996 0.7087231359375 0.41581881562499995 0.712642225 0.4114982578125
0 0.7048040453125 0.447804878125 0.722250315625 0.442160278125 0.72616940625 0.43749128906249996 0.722250315625 0.43212543593749997 0.712515803125 0.431777003125 0.6498103671875 0.434634146875 0.58128950625 0.4393031359375 0.5773704171875 0.4425087109375 0.5761061953125 0.4506620203125 0.5806573953124999 0.461393728125 0.5838179515624999 0.46278745624999995 0.5931731984375 0.46313588906250003 0.621997471875 0.46069686406250004 0.6815423515625 0.4506620203125 0.7048040453125 0.447804878125
1 0.706447534375 0.47609756093750005 0.7109987359375001 0.47080139374999996 0.7097345125000001 0.46829268281249997 0.6877370421875 0.46613240468750006 0.5920353984375 0.46613240468750006 0.5848293296875 0.46759581875 0.5816687734375 0.4696864109375 0.5835651078125 0.48236933750000005 0.5854614406249999 0.485783971875 0.5932996203124999 0.4875261328125 0.685082175 0.48041811875 0.6967130218750001 0.478954703125 0.706447534375 0.47609756093750005
1 0.7001264218750001 0.5032752609375 0.7026548671875 0.49721254375 0.7001264218750001 0.4936585359375 0.67812895 0.4901045296875 0.5914032875 0.48759581875 0.584323640625 0.489756096875 0.5824273078125 0.5003484328125001 0.584323640625 0.5050871078125 0.586219975 0.5071777 0.5932996203124999 0.5075261328125 0.6943109984375 0.50682926875 0.7001264218750001 0.5032752609375
1 0.699873578125 0.5231358890625 0.6977244 0.5206968640625 0.663211125 0.5150522640624999 0.587231353125 0.508571428125 0.5850821749999999 0.5088501734374999 0.582300884375 0.5121254359375 0.5844500625 0.5225087109375 0.58824273125 0.523972125 0.6044247781250001 0.526968640625 0.6922882421875001 0.52843205625 0.6977244 0.526968640625 0.699873578125 0.5231358890625
1 0.6912768640625 0.5485017421875 0.69393173125 0.5433449484375 0.6921618203125 0.5413240421875 0.6796460171875001 0.5366550515624999 0.5906447531250001 0.5294773515625 0.5857142859375 0.5307317078125 0.5834386859375 0.5351916375 0.5836915296875 0.5440418124999999 0.5848293296875 0.5473170734374999 0.6024020234374999 0.5507317078125 0.6616940578125 0.5522648078125 0.6849557515625 0.5505226484375 0.6912768640625 0.5485017421875
0 0.735651075 0.5893379796875 0.7372945640624999 0.5878745640624999 0.735651075 0.5836933796875 0.7260429828125 0.578954703125 0.5869785078125 0.5512891984375 0.5826801515625 0.559024390625 0.5858407078125001 0.571777003125 0.589633375 0.5750522640625 0.6134007578125 0.57923345 0.7120101140624999 0.5917073171875 0.7254108718750001 0.5917073171875 0.735651075 0.5893379796875
2 0.695828065625 0.611010453125 0.69797724375 0.6068989546875 0.6963337546874999 0.6027177703125 0.68824273125 0.5985365859375 0.657016434375 0.58996515625 0.577749684375 0.578606271875 0.5750948171875 0.5816027874999999 0.574589128125 0.5943554 0.5793931734375 0.6001393734375 0.5929203546874999 0.6050871078125 0.620859671875 0.609825784375 0.670543615625 0.6151916374999999 0.6910240203125 0.6137282234375 0.695828065625 0.611010453125
2 0.70834386875 0.6365156796875 0.710366625 0.6333101046875 0.7097345125000001 0.6279442515625 0.7039190890625 0.6247386765625 0.5835651078125 0.6009059234375 0.5744627046875 0.6022996515625 0.5667509484375 0.6090592328125 0.5667509484375 0.6218815328125 0.5683944375000001 0.62515679375 0.572566371875 0.6272473875 0.6211125156249999 0.63477351875 0.68128950625 0.6400696859375 0.6960809109375 0.6397212546875 0.70834386875 0.6365156796875
3 0.6715549937499999 0.6795818812500001 0.6748419718750001 0.6738675953125 0.6721871046875 0.6717073171875 0.6404551203125 0.6624390250000001 0.6352718078125 0.6599999999999999 0.636030340625 0.654982578125 0.6437420984375 0.6528223 0.6489254109375 0.65317073125 0.6792667515625 0.6595818812500001 0.6902654874999999 0.6585365859375 0.69165613125 0.6553310109375 0.689633375 0.6521254359374999 0.6211125156249999 0.63358885 0.5700379265625 0.6260627171875 0.5615676359374999 0.6346341468750001 0.5603034140625 0.643205575 0.5551201015625 0.6499651562500001 0.5530973453125 0.6587456453125 0.5551201015625 0.6620905921875 0.5906447531250001 0.6703135890625 0.6404551203125 0.677421603125 0.66118836875 0.6795818812500001 0.6715549937499999 0.6795818812500001
3 0.684070796875 0.73958188125 0.6879898859375 0.7352613234375001 0.6743362828125 0.7156794421875 0.64854614375 0.69644599375 0.5618204796875 0.6611149828125 0.5501896328125 0.6614634140625 0.539190896875 0.6678745640625 0.5204804046875 0.6974912890625 0.5275600500000001 0.70355400625 0.589633375 0.717421603125 0.6361567640625 0.7409756093750001 0.6595448796875 0.74919860625 0.663969659375 0.7480836234375 0.6672566375 0.7399303140625 0.658154234375 0.73240418125 0.6161820484375 0.70996515625 0.6103666249999999 0.7052961671875 0.6087231359375 0.7010452968750001 0.611630846875 0.697839721875 0.6381795203125 0.7067595812499999 0.6647281921875 0.7252961671875 0.6795195953125 0.7391637625 0.684070796875 0.73958188125
3 0.509608090625 0.67484320625 0.5150442484375 0.6723344953125 0.5228824265625 0.6641811843750001 0.530594184375 0.64278745625 0.530594184375 0.6351219515625 0.510366625 0.634216028125 0.421997471875 0.6359581875 0.37383059375 0.6381184671875 0.36523388125 0.640209059375 0.36295828124999996 0.6436236937500001 0.3637168140625 0.64836236875 0.3699115046875 0.652613240625 0.3753476609375 0.6535191640625 0.42351453906250003 0.6599303140624999 0.471681415625 0.6719163765625 0.5026548671875 0.6757491296875 0.509608090625 0.67484320625
3 0.38761061875 0.6393031359375 0.486219975 0.640209059375 0.5212389374999999 0.638954703125 0.5298356515625 0.637770034375 0.536030340625 0.6295470390625 0.5367888749999999 0.6192334500000001 0.5298356515625 0.61156794375 0.5120101140625 0.609825784375 0.4405815421875 0.61797909375 0.3691529703125 0.62439024375 0.36523388125 0.6256446 0.35600505625 0.63080139375 0.3575221234375 0.6346341468750001 0.36447534843749996 0.63721254375 0.38761061875 0.6393031359375
2 0.3816687734375 0.613449478125 0.3950695328125 0.6149128921875 0.471681415625 0.617003484375 0.5293299625000001 0.6149128921875 0.539064475 0.61163763125 0.544374209375 0.60362369375 0.5428571421874999 0.596236934375 0.5341340078125 0.58759581875 0.523388115625 0.5843205578124999 0.47117572656249995 0.586968640625 0.3826801515625 0.596236934375 0.3795195953125 0.5970731703125 0.3730720609375 0.6003484328125 0.37243995 0.6068989546875 0.374589128125 0.6101742156250001 0.3816687734375 0.613449478125
0 0.4424778765625 0.582996515625 0.5247787609375 0.5885714281250001 0.54336283125 0.58599303125 0.547281921875 0.5787456453125001 0.5456384328125 0.5633449484375 0.540960809375 0.56118466875 0.5184576484375001 0.5595121953125 0.47888748437500006 0.5599303140624999 0.4160556265625 0.5655052265625 0.37079646093749996 0.5727526125 0.36409608125 0.57400696875 0.36169405781249997 0.582578396875 0.3656131484375 0.5855749125 0.37029077187500004 0.5868292687500001 0.4424778765625 0.582996515625
1 0.5183312265625 0.5587456453125 0.5428571421874999 0.5577003484375 0.5467762328125 0.5555400703125 0.5494311 0.5509407671875 0.54740834375 0.537770034375 0.5415929203125 0.5366550515624999 0.49241466562499997 0.5381184671875 0.3877370421875 0.543832753125 0.3838179515625 0.5462717765625 0.385082175 0.5509407671875 0.3890012640625 0.553797909375 0.4045512015625 0.5566550515625 0.5183312265625 0.5587456453125
1 0.3911504421875 0.5295470390625 0.40670037968750006 0.5331010453125 0.5289506953124999 0.5381184671875 0.5522123890625 0.5309407671875 0.5580278125 0.52278745625 0.5561314796875 0.507804878125 0.5509481671875001 0.5063414640625 0.41289507031249995 0.51156794375 0.3986093546875 0.5128223000000001 0.388621996875 0.516027875 0.3859671296875 0.5195818812499999 0.3865992421875 0.5252961671875 0.3911504421875 0.5295470390625
1 0.5457648546875 0.5058536578124999 0.5534766125 0.5033449484375 0.5586599234375 0.496585365625 0.5580278125 0.4812543546875 0.5534766125 0.4758885015625 0.53476611875 0.47407665468750004 0.48685208593749996 0.47484320625 0.3697850828125 0.483763065625 0.3646017703125 0.48480836250000003 0.3498103671875 0.48696864062499995 0.39380530937499997 0.49477351875000003 0.5185840703125 0.5068989546875 0.5457648546875 0.5058536578124999
1 0.5293299625000001 0.47560975625 0.5429835656249999 0.47560975625 0.5500632109375 0.471358884375 0.5533501890625 0.4666898953125 0.5519595453125 0.45923345 0.539064475 0.44996515625000005 0.4763590390625 0.454216028125 0.397850821875 0.45365853593749994 0.3839443734375 0.4549128921875 0.36447534843749996 0.457770034375 0.3902654875 0.4620905921875 0.4730720609375 0.471358884375 0.5293299625000001 0.47560975625
0 0.390391909375 0.43317073125 0.4648546140625 0.44564459999999995 0.5192161828125 0.453449478125 0.5340075859375 0.4527526125 0.5398230093749999 0.44989547031250005 0.5476611890624999 0.4402787453125 0.549557521875 0.43282230000000005 0.5470290765625 0.42599303125 0.537926675 0.4242508703125 0.50948166875 0.4242508703125 0.46156763593749994 0.42641115 0.361946903125 0.4135191640625 0.358786346875 0.4142857140625 0.35486725625000004 0.41637630625 0.35486725625000004 0.4185365859375 0.35941845781250004 0.4231358890625 0.390391909375 0.43317073125
2 0.471681415625 0.38808362343749997 0.5182048046875 0.4034843203125 0.5352718078125001 0.4055749125 0.5407079640625 0.40257839687499997 0.5500632109375 0.377351915625 0.5469026546875 0.37135888437500003 0.539190896875 0.366202090625 0.5150442484375 0.3649477359375 0.4793931734375 0.3666898953125 0.4413400765625 0.3649477359375 0.40720606875 0.360209059375 0.4025284453125 0.3611149828125 0.40025284375 0.36278745625000003 0.40101137812500004 0.3645296171875 0.4257901390625 0.37477351875 0.471681415625 0.38808362343749997
2 0.5036662453125 0.433031359375 0.5293299625000001 0.433031359375 0.5355246515625 0.4279442515625 0.5394437421875 0.41937282187499997 0.5471555 0.41205574843750004 0.548672565625 0.403972125 0.546396965625 0.400975609375 0.5300884953125 0.39714285781249997 0.3661188375 0.395400696875 0.3585335015625 0.39714285781249997 0.3562579015625 0.39881533125 0.3562579015625 0.40306620156250006 0.3678887484375 0.40954703906249995 0.5036662453125 0.433031359375
3 0.650442478125 0.34209059218750004 0.69911504375 0.32550522656249997 0.7189633375 0.320557490625 0.7202275593749999 0.31317073125 0.7144121359375 0.3128223 0.6951959546875 0.3156794421875 0.6568900125 0.3230662015625 0.6203539828125 0.32515679375 0.6197218703125 0.323763065625 0.5954487984375 0.32515679375 0.573704171875 0.32689895468749997 0.5595448796875 0.3304529609375 0.553855878125 0.33644599375 0.553855878125 0.3431358890625 0.557648546875 0.3512891984375 0.557016434375 0.36153310156249996 0.5659924140625 0.36996515625000004 0.58647281875 0.37317073125 0.5890012640625 0.3728223 0.5941845765625 0.3728223 0.6197218703125 0.3657142859375 0.6280657390625 0.34843205625 0.650442478125 0.34209059218750004