3 0.7856446 0.5603034140625 0.7927526125 0.57699115 0.7952613234375 0.5891276859375 0.7985365859375 0.5940581546875 0.8008362375000001 0.5936788875000001 0.8025087109375001 0.589506953125 0.8025087109375001 0.578887484375 0.7954703828125 0.5467762328125 0.7687804875 0.46927939375000005 0.7627177703125 0.46814159218749996 0.7317073171875 0.493805309375 0.7325435546875 0.5063211125 0.741045296875 0.5308470296875 0.7643902437500001 0.571681415625 0.78439024375 0.5910240203125 0.78919860625 0.5906447531250001 0.79003484375 0.5838179515624999 0.7879442515624999 0.5796460171875 0.78439024375 0.5743362828125 0.7763066203125 0.5678887484375 0.76836236875 0.5551201015625 0.7679442515625 0.5505689 0.769825784375 0.546396965625 0.7723344953125 0.546396965625 0.779372821875 0.5520859671875 0.7856446 0.5603034140625
3 0.7623693375 0.6395701640625 0.763832753125 0.627433628125 0.7613240421875 0.6120101140624999 0.7401393734374999 0.55600505625 0.7359581875 0.536030340625 0.73156794375 0.5318584078125 0.72843205625 0.521997471875 0.7290592328125001 0.5050568906249999 0.7280139375 0.501264221875 0.7261324046875 0.49974715625000005 0.7052961671875 0.5132743359374999 0.6911498265625 0.5174462703125 0.6896864109374999 0.5204804046875 0.6892682921875 0.5303413406249999 0.6984668984375 0.55145385625 0.6999303140625 0.5658659921875 0.7136585359375001 0.593805309375 0.7250871078125 0.6262958281250001 0.731358884375 0.6361567640625 0.736794425 0.64108723125 0.7446689890625 0.64108723125 0.740557490625 0.62326169375 0.7301045296875001 0.60025284375 0.728641115625 0.59456384375 0.728641115625 0.5888748421875001 0.7301045296875001 0.5858407078125001 0.7328223 0.584323640625 0.7444599296875001 0.6097345125 0.7623693375 0.6395701640625
3 0.7088501734375 0.63994943125 0.711358884375 0.6395701640625 0.7128223 0.6323640953125 0.7111498265625 0.61871049375 0.7032055749999999 0.5922882421875 0.6907317078124999 0.569658659375 0.687386759375 0.5594184578125 0.686550521875 0.540960809375 0.688222996875 0.5288242734375 0.6871777 0.5223767390625 0.680557490625 0.5182048046875 0.6728223 0.5182048046875 0.666550521875 0.52616940625 0.6540766546875 0.52503160625 0.6490592328125 0.52958280625 0.6463414640625 0.5367888749999999 0.6461324046875 0.5413400765625 0.64843205625 0.5491782546875 0.65324041875 0.5575221234375001 0.6657142859375 0.6101137796875 0.6728223 0.6297092281250001 0.682578396875 0.6498103671875 0.6888501734375 0.6530973453125 0.6898954703125 0.6490518328125 0.68076655 0.6067003796875 0.6817421609375 0.59911504375 0.6844599296875 0.5960809109375 0.6863414640625 0.5960809109375 0.7044599296875 0.6361567640625 0.7088501734375 0.63994943125
2 0.62041811875 0.5494311 0.6208362375 0.557016434375 0.6322648078124999 0.6111251578125 0.6495470390625 0.6806573953124999 0.6539372828125 0.689633375 0.6574912890625 0.689633375 0.6595818812500001 0.6814159296875 0.6445993031249999 0.5479140328125001 0.6374912890625 0.5404551203125 0.6324738671875 0.5407079640625 0.63163763125 0.545259165625 0.629756096875 0.546396965625 0.6250871078125 0.5446270546875 0.6222996515625 0.5445006328125 0.621045296875 0.5448798984375001 0.62041811875 0.5494311
2 0.5944947734375 0.5565107453125 0.5934494781249999 0.56409608125 0.602439025 0.58824273125 0.6084320562500001 0.6260429828125 0.62641115 0.6902654874999999 0.6311498265625 0.6970922875000001 0.6338675953124999 0.698988621875 0.637003484375 0.6982300890625 0.637421603125 0.6925410875 0.6353310109375 0.6733249046875 0.621811846875 0.6108723140625 0.616167246875 0.554993678125 0.6128223 0.5508217453124999 0.606202090625 0.5493046781250001 0.6028571421875 0.5519595453125 0.6003484328125 0.5530973453125 0.5959581875 0.553855878125 0.5944947734375 0.5565107453125
0 0.5736585359374999 0.65891276875 0.5828571421875 0.7003792671875 0.59560975625 0.7294563843749999 0.6030662015625 0.734892540625 0.6071080140625 0.732616940625 0.6078745640625 0.730341340625 0.6060627171874999 0.6772439953125 0.6013240421875 0.62503160625 0.598606271875 0.6123893812500001 0.59358885 0.5992414671875 0.5850871078125001 0.564348925 0.5698257843750001 0.5584070796875 0.566620209375 0.5580278125 0.5663414640625 0.5815423515625 0.5736585359374999 0.65891276875
1 0.5446689890624999 0.6327433625000001 0.5551916375 0.6936788875000001 0.5609059234375 0.7029077125 0.565365853125 0.7034134 0.56836236875 0.7001264218750001 0.5695470390625 0.6887484203125 0.56355400625 0.6278128953125 0.5626480843749999 0.5575221234375001 0.54682926875 0.554993678125 0.5416724734375 0.5537294562499999 0.5344947734375001 0.5527180781250001 0.5446689890624999 0.6327433625000001
1 0.5246689890625 0.667383059375 0.53003484375 0.7011377999999999 0.5324738671875 0.7055625796875 0.5357491296875 0.704424778125 0.537560975 0.697850821875 0.5399303140625 0.6554993671875 0.5324738671875 0.563969659375 0.53003484375 0.560176990625 0.5240418124999999 0.5563843234375 0.5150522640624999 0.5542351453125 0.5123344953125 0.555878634375 0.5105226484375 0.565107459375 0.5246689890625 0.667383059375
1 0.48724738749999996 0.582932996875 0.48515679375 0.6161820484375 0.4896864109375 0.7396965859375 0.491777003125 0.761946903125 0.49777003437499995 0.764222503125 0.5025783968749999 0.7609355250000001 0.506202090625 0.7304677625 0.50919860625 0.57585335 0.5121951218749999 0.5605562578125001 0.495400696875 0.5572692796875 0.490174215625 0.557016434375 0.48397212500000003 0.557901390625 0.48724738749999996 0.582932996875
1 0.4514982578125 0.5687737046875 0.4479442515625 0.6731984828125 0.4506620203125 0.6825537296874999 0.456027875 0.686346396875 0.466550521875 0.6825537296874999 0.4695470390625 0.6776232609374999 0.4812543546875 0.5633375468749999 0.47853658593750004 0.551327434375 0.4620905921875 0.553603034375 0.4563066203125 0.5551201015625 0.4539372828125 0.5572692796875 0.4514982578125 0.5687737046875
0 0.40362369375 0.6592920359375001 0.3955400703125 0.694690265625 0.3952613234375 0.725158028125 0.401811846875 0.7246523390624999 0.41595818749999997 0.7034134 0.4471080140625 0.5858407078125001 0.4522648078125 0.5482933 0.42585365781249995 0.5557522125000001 0.4198606265625 0.5580278125 0.41742160312500004 0.561314790625 0.40362369375 0.6592920359375001
2 0.37317073125 0.6337547406249999 0.36243902499999997 0.6728192156249999 0.36613240468749997 0.6750948171875 0.37317073125 0.6740834390625 0.378188153125 0.668268015625 0.3911498265625 0.6374209859375 0.410174215625 0.576611884375 0.416167246875 0.5529709234375 0.41317073125 0.5480404546875 0.40216027812500005 0.5431099875000001 0.3896864109375 0.5431099875000001 0.384181184375 0.566245259375 0.37317073125 0.6337547406249999
2 0.341393728125 0.56750948125 0.3359581875 0.576611884375 0.3166550515625 0.6891276859375 0.324181184375 0.6900126421875 0.3306620203125 0.686346396875 0.35163763124999997 0.6255372953125 0.365435540625 0.579772440625 0.370383275 0.5408343875 0.3631358890625 0.5321112515624999 0.35289198593750004 0.529456384375 0.349825784375 0.5321112515624999 0.34843205625 0.5353982296875001 0.3456446 0.5520859671875 0.341393728125 0.56750948125
3 0.28940766562500003 0.630594184375 0.2783972125 0.636915296875 0.27944250937500004 0.6418457656250001 0.282160278125 0.644121365625 0.2959581875 0.6405815421875001 0.31191637656250004 0.6142857140625 0.32466898906249997 0.57699115 0.34641115 0.5380530968749999 0.3471777 0.532616940625 0.34515679375 0.5275600500000001 0.322439025 0.512642225 0.309407665625 0.50720606875 0.2983972125 0.5058154234375001 0.2959581875 0.5089759796875 0.293449478125 0.5362831859375 0.285435540625 0.572566371875 0.27714285781250003 0.5983565109375 0.27240418125 0.6101137796875 0.26864111562500004 0.6151706703125 0.2759581875 0.6165613140625 0.28341463437500003 0.613780025 0.29804878125 0.5854614406249999 0.3014634140625 0.5817951953125 0.303205575 0.585208596875 0.29644599375 0.6201011375000001 0.28940766562500003 0.630594184375
3 0.236236934375 0.55600505625 0.2266898953125 0.57041719375 0.23644599375 0.5749683937500001 0.2517073171875 0.5628318578125 0.275400696875 0.5367888749999999 0.2818815328125 0.532616940625 0.280209059375 0.5235145390625 0.283972125 0.5151706703125 0.284181184375 0.5046776234375 0.27999999999999997 0.49443742031250004 0.27003484375000003 0.486093553125 0.25351916406249997 0.48192161875000006 0.245017421875 0.4826801515625 0.23707317031250003 0.49064475312500005 0.21644599375 0.52844500625 0.20020905937500003 0.55031605625 0.1991637625 0.5575221234375001 0.2012543546875 0.561314790625 0.2058536578125 0.5628318578125 0.22585365781250002 0.55145385625 0.22836236875 0.5552465234375 0.23045296093749998 0.5447534765625 0.2333101046875 0.5402022750000001 0.23581881562499998 0.5375474078125 0.239790940625 0.5413400765625 0.236236934375 0.55600505625
3 0.2731010453125 0.3164348921875 0.269756096875 0.3424778765625 0.2634843203125 0.44336283125 0.2649477359375 0.448672565625 0.2983275265625 0.4520859671875 0.3032752609375 0.4490518328125 0.30104529687500003 0.39911504375 0.3025087109375 0.34627054375 0.2974912890625 0.3288242734375 0.28766550468749996 0.3171934265625 0.286202090625 0.317951959375 0.286202090625 0.320859671875 0.290592334375 0.3394437421875 0.2889198609375 0.3447534765625 0.2847386765625 0.34513274374999997 0.2820905921875 0.3424778765625 0.2802787453125 0.32793931718749997 0.2787456453125 0.321997471875 0.2743554 0.3134007578125 0.2731010453125 0.3164348921875
3 0.3271777 0.37711757343749996 0.3261324046875 0.375979771875 0.319442509375 0.3393173203125 0.31609756093749997 0.3309734515625 0.310243903125 0.3286978515625 0.30738675937500004 0.3385587859375 0.306968640625 0.35183312187500004 0.3108710796875 0.3964601765625 0.30613240468749997 0.45233881093750006 0.30738675937500004 0.4565107453125 0.3213240421875 0.46902654843749997 0.34278745625 0.474589128125 0.3525435546875 0.47155499375 0.35358885 0.46295828125 0.3527526125 0.4375474078125 0.349825784375 0.4160556265625 0.34195121875 0.3869785078125 0.3360975609375 0.3431099875 0.3271777 0.3204804046875 0.322996515625 0.3189633375 0.322578396875 0.32490518281249997 0.32278745625 0.3309734515625 0.327804878125 0.36877370468750004 0.3271777 0.37711757343749996
2 0.411777003125 0.3011378 0.38808362343749997 0.328318584375 0.38299651562500003 0.3446270546875 0.373031359375 0.3930467765625 0.35358885 0.4648546140625 0.3541463421875 0.47357775 0.3559581875 0.4773704171875 0.3649477359375 0.48280657343750005 0.380557490625 0.4844500625 0.3862717765625 0.47471555 0.38773519218749997 0.4099873578125 0.39344947812500003 0.3919089765625 0.39379790937500003 0.37787610625 0.399790940625 0.3375474078125 0.40459930312500003 0.32338811562499997 0.4155400703125 0.307332490625 0.41839721250000006 0.30379266718750003 0.4255749125 0.29506953281250003 0.411777003125 0.3011378
2 0.41421602812499997 0.3405815421875 0.406202090625 0.357016434375 0.38299651562500003 0.47357775 0.383972125 0.48305941875 0.39797909374999996 0.49165613124999996 0.408222996875 0.490771175 0.41372822343750004 0.48798988593750003 0.4198606265625 0.3625790140625 0.42000000000000004 0.35512010156249996 0.418188153125 0.3428571421875 0.41421602812499997 0.3405815421875
0 0.4489198609375 0.3259165609375 0.43993031406250005 0.335651075 0.43212543593749997 0.3575221234375 0.422229965625 0.41352718125 0.4153310109375 0.47509481718749996 0.4144250875 0.4951959546875 0.42285714218750003 0.5022756 0.4327526125 0.5039190890625 0.44292682968749997 0.49848293281249995 0.44564459999999995 0.493552465625 0.45073170781250005 0.42503160624999997 0.451358884375 0.399873578125 0.4576306625 0.3471555 0.45825783906249995 0.34336283125 0.46843205625 0.3171934265625 0.4489198609375 0.3259165609375
1 0.48766550468750003 0.3302149171875 0.4813240421875 0.3302149171875 0.47770034843750003 0.33249051875 0.47442508749999995 0.3384323640625 0.4687108015625 0.354740834375 0.4567247390625 0.42060682656250004 0.448641115625 0.4914032875 0.4504529609375 0.50606826875 0.4522648078125 0.511504425 0.47233449531250005 0.5180783812499999 0.477421603125 0.510366625 0.4795121953125 0.45979772499999993 0.4912195125 0.35006321093750004 0.4912195125 0.3417193421875 0.49003484375 0.3341340078125 0.48766550468750003 0.3302149171875
1 0.49156794374999996 0.3453855875 0.47825783906249997 0.50606826875 0.47972125468750004 0.5211125156249999 0.4818815328125 0.5237673828125 0.4919163765625 0.528318584375 0.516794425 0.5302149171874999 0.516794425 0.49241466562499997 0.5149825781249999 0.47408343906250006 0.5138675953125 0.43817952031249996 0.508153309375 0.3839443734375 0.500557490625 0.3453855875 0.4995121953125 0.3434892546875 0.49735191562500003 0.3408343875 0.49156794374999996 0.3453855875
1 0.5445296171875 0.328571428125 0.5290592328125 0.4595448796875 0.5212543546874999 0.49329962031249996 0.5194425093749999 0.5128950703124999 0.5194425093749999 0.531479140625 0.54439024375 0.535777496875 0.5536585359374999 0.5308470296875 0.5560975609375001 0.5237673828125 0.5566550515625 0.40847029062500007 0.5514982578125001 0.36169405781249997 0.5506620203125 0.35233881093749997 0.5488501734375 0.3404551203125 0.5445296171875 0.328571428125
1 0.5707317078125 0.3774968390625 0.5668292687500001 0.38836915312500003 0.5623693375000001 0.429709228125 0.5584668984375 0.523388115625 0.5677351921875 0.5293299625000001 0.577351915625 0.5276864734375 0.58362369375 0.5211125156249999 0.5845296171875 0.5085967124999999 0.5782578390625 0.3796460171875 0.577351915625 0.3753476609375 0.5740766546875 0.3742098609375 0.5707317078125 0.3774968390625
0 0.5947735187500001 0.35663716875 0.591777003125 0.467130215625 0.5878745640624999 0.49810366562499997 0.5896864109375 0.51175726875 0.5920557484375 0.518836915625 0.6004181187500001 0.51984829375 0.609756096875 0.5165613140625 0.61484320625 0.5089759796875 0.6163763062500001 0.4959544875 0.6112195125000001 0.4414664984375 0.6088501734375 0.3833122625 0.6023693375 0.338685209375 0.6004181187500001 0.3245259171875 0.5993728218750001 0.3175726921875 0.5947735187500001 0.35663716875
2 0.6308710796875 0.3312262953125 0.625783971875 0.3405815421875 0.6206968640625 0.49671302187500005 0.623414634375 0.5037926671874999 0.6333101046875 0.5054361562499999 0.6422996515625 0.5011378 0.64682926875 0.4901390640625 0.63881533125 0.356763590625 0.637421603125 0.344121365625 0.6351219515625 0.3318584078125 0.6308710796875 0.3312262953125
2 0.663205575 0.317951959375 0.6595818812500001 0.31858407031249997 0.656027875 0.3228824265625 0.65003484375 0.34905183281249996 0.645783971875 0.46662452656250003 0.6487804875000001 0.488369153125 0.65240418125 0.49329962031249996 0.6583972124999999 0.4943109984375 0.6712891984375 0.4900126421875 0.6742857140625 0.4839443734375 0.671010453125 0.33590391875000003 0.6695470390625 0.3228824265625 0.6677351921875 0.3195954484375 0.663205575 0.317951959375
3 0.688989546875 0.3453855875 0.68355400625 0.413906446875 0.6752613234375 0.4565107453125 0.67400696875 0.47104930468750006 0.676794425 0.48103666250000005 0.6842508703125 0.4764854609375 0.6905226484375 0.4764854609375 0.6957491296875 0.4733249046875 0.70599303125 0.47104930468750006 0.7135191640625 0.46523388125 0.713797909375 0.4592920359375 0.7092682921875 0.42439949375 0.708989546875 0.40758533437500005 0.711777003125 0.37673830625 0.7114982578125 0.338685209375 0.7095470390624999 0.3236409609375 0.7067595812499999 0.33135271875 0.70278745625 0.37357775000000004 0.7002787453125 0.3785082171875 0.6987456453124999 0.37812895 0.70041811875 0.3322376734375 0.70076655 0.32642224999999997 0.700557490625 0.3204804046875 0.688989546875 0.3453855875
3 0.719024390625 0.417951959375 0.7147735187500001 0.46017699062500006 0.719024390625 0.46333754687499995 0.7474564453125 0.4442477875 0.7489895468750001 0.4352718078125 0.7432752609375 0.41251580312499997 0.743972125 0.361314790625 0.7414634140625 0.35360303437499996 0.7412543546875 0.344121365625 0.74 0.340960809375 0.737003484375 0.34273072031249996 0.734216028125 0.358154234375 0.7280139375 0.37079646093749996 0.7218815328125 0.34222503125000003 0.7204878046875 0.3353982296875 0.716236934375 0.3340075859375 0.719024390625 0.417951959375