3 0.6684430515625001 0.7149017125 0.677708115625 0.7470513640625 0.6881574359375 0.7535827515625 0.69623824375 0.7475586562500001 0.695646115625 0.6284083703125 0.69143155625 0.6164235890625 0.6827934515625 0.6136968921875 0.6756182515625 0.6147748890625 0.6693138281250001 0.6120481921875001 0.6624869390625 0.6124286624999999 0.6576802515625 0.6142041859375 0.6537791703125 0.6164235890625 0.6684430515625001 0.7149017125
2 0.6189829328124999 0.615535828125 0.6202368515625001 0.62688649375 0.62521769375 0.6559289796875001 0.6321839078125 0.7198478125000001 0.6389063046875 0.770196575 0.643887146875 0.77564996875 0.6513758265625 0.7765377296875 0.65409265 0.7733671531249999 0.6555903859375001 0.7606848453125 0.656112853125 0.6717818640625 0.6543364687500001 0.624159796875 0.6508533609375 0.610145846875 0.64587251875 0.6091946734375 0.622222221875 0.6087507921875 0.621212121875 0.6087507921875 0.6189829328124999 0.6105897265625 0.6189829328124999 0.615535828125
2 0.5853709515625 0.6120481921875001 0.589864159375 0.64337349375 0.5911180765624999 0.7091312624999999 0.5938348999999999 0.757197209375 0.5948450015625 0.7649334171875 0.6020550328125001 0.7689917562499999 0.6067920578125 0.7658211796875001 0.607802159375 0.7630944828125 0.6087774296874999 0.7240963859375 0.612783003125 0.6587824984374999 0.612783003125 0.61116043125 0.609021246875 0.609321496875 0.5888540578125 0.6052631578125001 0.58662486875 0.6052631578125001 0.5853709515625 0.6075459734375 0.5853709515625 0.6120481921875001
0 0.554963428125 0.739061509375 0.558969 0.7889663921875 0.56394984375 0.790298034375 0.5659352140625 0.7889663921875 0.5679205859375 0.77805960625 0.575409265625 0.6814838296875 0.578892371875 0.6478757140625 0.5791361890625 0.632022828125 0.5808777421875 0.62523779375 0.5818878437499999 0.6071020921875 0.5803901078125 0.59752695 0.561964471875 0.5875713375 0.554719609375 0.5884591 0.553744340625 0.5894102734375 0.5527342390625 0.6065948 0.554963428125 0.739061509375
1 0.5260884703125 0.6292961312500001 0.525844653125 0.7622067218749999 0.5270637406249999 0.7649334171875 0.530825496875 0.7622067218749999 0.5340647859375001 0.75491439375 0.5407871828124999 0.6914394421875001 0.5430163703125 0.6451490171875001 0.5477533953125 0.6238427390625 0.5497387671875 0.6116043125 0.5507488687500001 0.5961953078125 0.5447579234375 0.5925808499999999 0.5312783 0.5887127453125001 0.5293974218749999 0.5880152187500001 0.5238244515625 0.585732403125 0.5260884703125 0.6292961312500001
1 0.49829327812499996 0.6522511093750001 0.4985022640625 0.7327203546875001 0.5051549984375 0.7342422328125 0.507836990625 0.7323398859375 0.5097178687499999 0.7236525046875 0.5149076984375001 0.629930246875 0.517380703125 0.60951173125 0.5190525953125 0.589854153125 0.513862765625 0.5872542796875 0.500696621875 0.5851617 0.49662138593750005 0.5849714640625 0.4955764546875 0.5849714640625 0.49829327812499996 0.6522511093750001
1 0.47248345468749997 0.6447051359375 0.47039359062499997 0.70367786875 0.46997561875000005 0.747114775 0.4726924421875 0.7505389984375 0.47474747500000003 0.7505389984375 0.476628353125 0.7441344328125 0.4834900734375 0.6927076734375001 0.4888888890625 0.6383005703125 0.495715778125 0.5835130000000001 0.47732497343749997 0.585351934375 0.47370254218749996 0.585732403125 0.4708115640625 0.585351934375 0.47248345468749997 0.6447051359375
1 0.436781609375 0.6414711484375 0.44029954687500006 0.730627775 0.442807384375 0.7367152828125 0.44862417343749994 0.735573875 0.45109717812500005 0.729549778125 0.45419714375 0.6746987953125 0.4550330890625 0.6282181359375001 0.45858585781250005 0.596892834375 0.45795890000000006 0.5821179453124999 0.439045628125 0.5851617 0.4322187390625 0.591946734375 0.43096482031249994 0.5934686109375 0.4303378609375 0.6002536468749999 0.436781609375 0.6414711484375
0 0.3992337171875 0.6105897265625 0.405468478125 0.6908687375 0.41320097499999997 0.7670894109375 0.416196446875 0.7734305640625 0.42142110781250003 0.7743183265625 0.42466039687499996 0.7715916296875001 0.4261581328125 0.7625237796875 0.42741205156250006 0.6500951171875 0.42567049843750004 0.6355738750000001 0.422431209375 0.58928345 0.4176941828125 0.587444515625 0.40247300625 0.590678503125 0.40125391875 0.5924540265625 0.3992337171875 0.5983513 0.3992337171875 0.6105897265625
2 0.36760710625000004 0.6124286624999999 0.3683733890625 0.63100824375 0.3755834203125 0.6790741921875 0.377568790625 0.698161065625 0.3805642640625 0.753899809375 0.382549634375 0.7666455296875 0.38655520781249997 0.7679771718749999 0.3887843953125 0.76569435625 0.39226750312499997 0.75168040625 0.39425287343750004 0.6935954343749999 0.3947753390625 0.5987951812500001 0.3754789265625 0.6032339890625 0.37133402968749996 0.6056436265625 0.368094740625 0.6088142046875 0.36760710625000004 0.6124286624999999
2 0.33615465 0.625047559375 0.3388714734375 0.7403931515625 0.34245907343750004 0.7584020296875 0.3481365375 0.7752694984375 0.35290839375 0.779581484375 0.358307209375 0.779581484375 0.36189481093750003 0.7746987953125 0.3636711953125 0.76981610625 0.3642633234375 0.7409638546874999 0.363984675 0.6114140781249999 0.34005572968750003 0.616360178125 0.3394636015625 0.6168674703125 0.3376523859375 0.617945465625 0.33615465 0.625047559375
3 0.2483803546875 0.40145846562500004 0.24517589687500002 0.42365250468750004 0.23618948125 0.516360178125 0.2268547546875 0.544451490625 0.2268547546875 0.5529486359375 0.22758620624999998 0.5581483828125 0.23009404375 0.5627774249999999 0.235492859375 0.5627774249999999 0.2483803546875 0.5751426765625001 0.25451062343749997 0.577108434375 0.26130268125 0.577108434375 0.269209334375 0.5725428031249999 0.274225009375 0.567977171875 0.275304771875 0.549017121875 0.27279693437499997 0.502663284375 0.27279693437499997 0.46017755156250006 0.2598746078125 0.40076093906250004 0.258446534375 0.3961953078125 0.25663531875 0.3955611921875 0.2562870078125 0.4066582125 0.2580982234375 0.45890932187500005 0.2570184609375 0.47133798281250006 0.2562870078125 0.47260621406250003 0.25412748125 0.4719720984375 0.25304771875 0.46670894062499996 0.2513758265625 0.4110336078125 0.25127133437500004 0.4066582125 0.2509230234375 0.39752695 0.2483803546875 0.40145846562500004
3 0.30968303750000004 0.4393151546875 0.3058167890625 0.44749524375 0.304319053125 0.47146480625000003 0.3022291890625 0.4866835765625 0.299512365625 0.493214965625 0.2965517234375 0.49378566875 0.2941483796875 0.48833227656249995 0.2938349 0.4409638546875 0.29265064375 0.43880786250000003 0.2905607796875 0.43880786250000003 0.2857889234375 0.4453392515625 0.2845698359375 0.44914394375000005 0.275304771875 0.5612555484375 0.2786137234375 0.5732403296874999 0.284883315625 0.5802790109375 0.2905607796875 0.5802790109375 0.301915709375 0.584083703125 0.3135841171875 0.5824984140625 0.322257053125 0.57812301875 0.324625565625 0.5694356375 0.316266109375 0.447114775 0.31567398125 0.44153455937499997 0.31508185312500003 0.43880786250000003 0.30968303750000004 0.4393151546875
2 0.3220132359375 0.40456563125 0.32176941875 0.41775523124999997 0.32399860625 0.44267596718749996 0.3309648203125 0.504375396875 0.3317311046875 0.5242866203125 0.33047718593750003 0.5701331640625 0.3322187390625 0.573303740625 0.33820968281249997 0.5751426765625001 0.34590735 0.5737476218750001 0.3563915015625 0.5678503484374999 0.3598746078125 0.5560558015625 0.35938697343750003 0.5438173749999999 0.3538836640625 0.5107165499999999 0.34642981562499997 0.485288521875 0.33869731875000003 0.450412175 0.33120863749999996 0.39911223906250004 0.32998954999999996 0.3977805953125 0.32772553125 0.397336715625 0.3220132359375 0.40456563125
2 0.36760710625000004 0.4091946734375 0.36384534999999996 0.4133164234375 0.3618599796875 0.41870640468750003 0.36060606093750003 0.4273303734375 0.36036224375 0.44730500937500006 0.3648554515625 0.5370957515625 0.3688261921875 0.55662650625 0.3730755828125 0.56157260625 0.38178334999999997 0.561128725 0.3882619296875 0.5593532015625 0.3967258796875 0.5525047562500001 0.3967258796875 0.5389346859375 0.37732497343750004 0.41680405781249996 0.3748171375 0.40830691249999995 0.37084639531249997 0.40741915000000006 0.36760710625000004 0.4091946734375
0 0.394496690625 0.36525047499999996 0.394496690625 0.3734305640625 0.3978056421875 0.43544705156249996 0.396900034375 0.4876981609375 0.399303378125 0.5502853515624999 0.4052594921875 0.5546607484375 0.41543016406250005 0.55409004375 0.4285963078125 0.5481293593750001 0.43277603593749997 0.5410272671875 0.43159177968750007 0.5198478125 0.42410310000000007 0.4817374765625 0.40348310625000006 0.3630944828125 0.40229885000000004 0.3608750796875 0.39630790625 0.3608750796875 0.394496690625 0.36525047499999996
1 0.43277603593749997 0.3630944828125 0.43127829999999995 0.3647431828125 0.42918843593749995 0.36962587187499996 0.42918843593749995 0.3734305640625 0.43159177968750007 0.3897273296875 0.43636363593749994 0.44090044375000004 0.43726924375 0.4920735578125 0.43636363593749994 0.546480659375 0.44743991562499996 0.5525047562500001 0.46565656562499996 0.5481293593750001 0.46565656562499996 0.5339885859375 0.45938697343749996 0.476284084375 0.45189829374999996 0.429993659375 0.43876697968749995 0.36740646875 0.4381400203125 0.3647431828125 0.43577150781249996 0.3630944828125 0.43277603593749997 0.3630944828125
1 0.48241030937499996 0.3859226375 0.4797283171875 0.3875713375 0.4767328453125 0.3941027265625 0.47074190156249995 0.43766645468750004 0.4695576453125 0.5301838937500001 0.47105538124999996 0.5530120484375 0.47941483749999997 0.55573874375 0.497039359375 0.556816740625 0.506617903125 0.5535827515625 0.5075235109375 0.5236525046875 0.504214559375 0.503487634375 0.504214559375 0.49150285312499997 0.498258446875 0.4447051359375 0.488087775 0.3968294234375 0.48749564687499997 0.3951807234375 0.4847788234375 0.3864933421875 0.48241030937499996 0.3859226375
1 0.5448972484375 0.3802790109375 0.5398119125 0.3916930875 0.5359108328125 0.404755865625 0.524555903125 0.45485098281249997 0.511389759375 0.528344959375 0.509613375 0.5544705140625 0.517380703125 0.5571337984375 0.5383141765625 0.55662650625 0.5502612328125001 0.55332910625 0.5508533609375 0.5370323406249999 0.5460815046875 0.5071020921875 0.5526645765625 0.44774889062499995 0.5539184953125 0.39277108437499997 0.5534308609374999 0.38142041875 0.5508533609375 0.369372225 0.5448972484375 0.3802790109375
1 0.578892371875 0.39860494687500003 0.569174503125 0.444451490625 0.558969 0.504311984375 0.553500521875 0.5496512359375 0.5574712640625 0.55415345625 0.5719261578125 0.5596068484375001 0.57938000625 0.5568801515625 0.581400209375 0.5551046296875 0.582619296875 0.546924540625 0.58436085 0.49429296093749997 0.5848833156250001 0.4571337984375 0.5876001390625001 0.3975903609375 0.5881226046875 0.384527584375 0.587356321875 0.3786303109375 0.578892371875 0.39860494687500003
0 0.6068617203125 0.412999365625 0.58669453125 0.5164235890625 0.5841866953125 0.545466075 0.5854406125 0.5581483828125 0.5996516890625 0.5681039953125 0.6130964828125001 0.565884590625 0.6160919546875 0.5585922640625001 0.6171020546875 0.510082434375 0.6172065484375 0.42257450781249994 0.6164750953125 0.4088142046875 0.615081853125 0.3916930875 0.6068617203125 0.412999365625
2 0.630581678125 0.4278376671875 0.6183559734374999 0.5225745078124999 0.6189481015625 0.5502853515624999 0.6219435734375 0.5649968296875 0.63239289375 0.572098921875 0.6383838390625 0.5709575140625 0.6422500875 0.5633481296875 0.644061303125 0.5394419781249999 0.6411354921875 0.43481293593750003 0.63984674375 0.424603678125 0.634482759375 0.40824350000000004 0.630581678125 0.4278376671875
2 0.6706374078125 0.423715915625 0.6684778828125 0.4270133171875 0.6630790671875 0.444641725 0.6501915703125001 0.5438807859375 0.6491118078125 0.562206721875 0.651236503125 0.566772353125 0.66130268125 0.5726696265625 0.6720654828125 0.57070386875 0.675269940625 0.5654407109374999 0.6772901421874999 0.438871275 0.677812609375 0.428281546875 0.6763497046875 0.423715915625 0.6706374078125 0.423715915625
3 0.7008011140625 0.43982244843749996 0.6990247296875001 0.44204185156250003 0.6966213859375 0.4507292328125 0.6930337859375 0.4774254921875 0.6918495296875 0.48123018437500004 0.6900383140625 0.48338617656249994 0.6873563218750001 0.4785034875 0.6891675375 0.4403931515625 0.6882619296875 0.43982244843749996 0.68436085 0.44204185156250003 0.6798676421875001 0.4507292328125 0.6658307203125 0.5525047562500001 0.6661442 0.5644895375 0.6703239296875 0.570450221875 0.6792755140625 0.57317691875 0.6978056421875001 0.5742549140625 0.700522465625 0.570450221875 0.706025775 0.4445783125 0.7061999296875 0.438237159375 0.7049808421875 0.43766645468750004 0.7008011140625 0.43982244843749996
3 0.7212817828125 0.442168675 0.7123301984375 0.4585288515625 0.70835945625 0.47165504062499997 0.7011145937500001 0.5215599234375 0.6973876703124999 0.5632847171875001 0.6983629390625 0.5714648062500001 0.7003831421875 0.5732403296874999 0.70835945625 0.5750792640625 0.7275165453125 0.574191503125 0.7335074890625 0.5782498421875 0.7438174859375 0.5821179453124999 0.7490421453125 0.576220671875 0.7512713343749999 0.562650603125 0.7471960984375 0.5029803421875 0.7484500171875 0.47393785624999996 0.75067920625 0.44489537031250004 0.7492163015625 0.44261255625 0.7471960984375 0.442168675 0.743956809375 0.444451490625 0.733263671875 0.47305009531250003 0.7267850921875 0.48389346875 0.724799721875 0.48433735 0.7237896203124999 0.4834495875 0.7245210734375 0.477108434375 0.7309996515625 0.4476220671875 0.730755834375 0.44489537031250004 0.728282828125 0.442168675 0.7212817828125 0.442168675
3 0.2719958203125 0.7934052 0.277568790625 0.7934052 0.28021595312500003 0.7837666453125001 0.287251828125 0.7128725421875 0.2942877046875 0.680342421875 0.2966213859375 0.6515535828125001 0.29630790625 0.6232720359374999 0.2901776390625 0.6168674703125 0.2772901421875 0.61528218125 0.264994775 0.60621433125 0.25677464375 0.6168674703125 0.25855102812499997 0.6542168671875 0.26381051875 0.677108434375 0.2640891671875 0.6781864296875 0.267014978125 0.7837666453125001 0.2719958203125 0.7934052
3 0.32877046249999997 0.6814204187499999 0.3346220828125 0.676664553125 0.33611981874999997 0.654787571875 0.33434343437499997 0.6286620171874999 0.331417625 0.6174381734375001 0.3205851625 0.6201014578125 0.3027168234375 0.6201014578125 0.298328109375 0.6259987312499999 0.2974225015625 0.6596068484375001 0.29888540625000004 0.681991121875 0.2991988859375 0.6841471140625 0.306513409375 0.6841471140625 0.32877046249999997 0.6814204187499999