2 0.278313253125 0.6291187734375 0.23430564375000001 0.629467084375 0.2407736203125 0.63375130625 0.2550412171875 0.635527690625 0.279581484375 0.6351793796874999 0.32422320937500004 0.6358760015625 0.3656309453125 0.639080459375 0.42187698124999995 0.6444096140625 0.427076728125 0.63977708125 0.43481293593750003 0.6205851625000001 0.43481293593750003 0.6202368515625001 0.4302473046875 0.616788575 0.4160431203125 0.6159874609375 0.357831325 0.62413793125 0.278313253125 0.6291187734375
0 0.32834495937499997 0.5987460812500001 0.26093849062499996 0.610309996875 0.25072923281250004 0.6141414140625 0.250158528125 0.6188784390625 0.253963221875 0.6212469515625 0.3116043125 0.6165099265625 0.376284084375 0.612678509375 0.43233988593749995 0.613862765625 0.43341788281250004 0.6117729015625 0.43671528281249994 0.592093346875 0.437222575 0.5901776390625 0.437222575 0.588087775 0.43341788281250004 0.5878091249999999 0.4118579578125 0.588679903125 0.32834495937499997 0.5987460812500001
1 0.277108434375 0.5798676421875 0.2760304375 0.583699059375 0.2792644265625 0.5848833156250001 0.306785034375 0.58784395625 0.44153455937499997 0.5840125390625001 0.4404565625 0.575409265625 0.4438807859375 0.5662138624999999 0.444388078125 0.563322884375 0.4441344328125 0.5605712296875 0.4366518703125 0.5609195406249999 0.287381103125 0.576593521875 0.277108434375 0.5798676421875
1 0.277045021875 0.5520376171875 0.2774254921875 0.554928596875 0.288268865625 0.55656565625 0.31299936562499997 0.562138628125 0.35491439375 0.563984675 0.42225745156250005 0.5598746078125 0.443627140625 0.557819575 0.44489537031250004 0.5430163703125 0.44508560625 0.5407523515625 0.44508560625 0.5382793453125 0.31109702031249997 0.5510275171875 0.2815472421875 0.55060954375 0.277045021875 0.5520376171875
1 0.3949904875 0.5200626953125 0.38376664531250004 0.519888540625 0.3721623328125 0.522953675 0.3123018390625 0.5303726921874999 0.3066582125 0.533228840625 0.3066582125 0.5359108328125 0.3081800890625 0.53733890625 0.3216233359375 0.5383838390625 0.39048826875 0.5381748515625 0.443627140625 0.5350748875 0.4414077359375 0.5291187734375 0.44051997500000006 0.51922675 0.440266328125 0.5169975625000001 0.4391883328125 0.5151515156250001 0.43544705156249996 0.5136886109375001 0.4249207359375 0.5147335421875 0.3949904875 0.5200626953125
1 0.3942929609375 0.4913270640625 0.3879518078125 0.48948101718750003 0.3819277109375 0.4925461515625 0.2969562453125 0.49871125000000005 0.2845909953125 0.5020202015625 0.2804692453125 0.505294321875 0.28084971406250003 0.5075583421875 0.283513 0.5086032734375 0.297717184375 0.5106583078125 0.3781864296875 0.513723440625 0.3860494609375 0.5166144203124999 0.40741915000000006 0.515186346875 0.440329740625 0.5176245203125001 0.4391883328125 0.507976315625 0.4391883328125 0.49212817812500004 0.4395688015625 0.4882270984375 0.43811033593750004 0.4865900390625 0.43544705156249996 0.4855799375 0.42682308124999996 0.4855799375 0.3942929609375 0.4913270640625
0 0.2606214328125 0.451201671875 0.2632847171875 0.46280041875 0.27140139531249996 0.4682340640625 0.3100190234375 0.477847440625 0.40164869999999997 0.4857540921875 0.4370957515625 0.48279345156250003 0.436207990625 0.46304423593750005 0.42980342499999996 0.45346569062500003 0.42587190937499997 0.451201671875 0.41959416562499996 0.45047021875000004 0.3917565 0.45318704218750006 0.3356372859375 0.457122953125 0.2606214328125 0.451201671875
2 0.36899175624999997 0.4135144546875 0.27520608750000003 0.43127829999999995 0.26119213750000003 0.43601532499999995 0.260114140625 0.4413444796875 0.2649968296875 0.4448972484375 0.27520608750000003 0.44695228125 0.39543436875000004 0.45022640156250004 0.42289156562499997 0.45200278593750004 0.4218135703125 0.436886103125 0.4273937859375 0.42173458750000004 0.4288522515625 0.41793800000000003 0.4288522515625 0.41438523125 0.42454026562499997 0.41233019843749996 0.4164235890625 0.4111459421875 0.36899175624999997 0.4135144546875
2 0.266708940625 0.40835945625000003 0.277045021875 0.41132009687500004 0.32733037343750004 0.41476837343749995 0.3969562453125 0.41650992656249997 0.42752060937499997 0.416231278125 0.42974001250000005 0.4140369203125 0.4337983515625 0.4056426328125 0.4346861125 0.392058515625 0.4257450859375 0.3809822359375 0.4135700703125 0.377742946875 0.40329740000000003 0.38091257343749996 0.39879518125 0.38171368906250003 0.380786303125 0.38516196406250003 0.298161065625 0.3942877046875 0.2604311984375 0.401706721875 0.266708940625 0.40835945625000003
3 0.2596068484375 0.3659003828125 0.275776790625 0.366771159375 0.36905516875 0.3756530828125 0.415916296875 0.3821664921875 0.43316423593750003 0.3851271328125 0.429930246875 0.37359805 0.4277742546875 0.35729710937500003 0.4294229546875 0.3484151859375 0.429930246875 0.33301985312500004 0.42454026562499997 0.31912225781250003 0.41915028593750003 0.31438523125 0.4148383 0.3128874953125 0.410526315625 0.312608846875 0.3809131265625 0.31940090625 0.37228915625000003 0.31940090625 0.3188966390625 0.316161615625 0.2552948640625 0.3111111109375 0.2709575140625 0.31912225781250003 0.34800253593749997 0.342807384375 0.351236525 0.34576802500000003 0.352314521875 0.348728665625 0.3507292328125 0.349912921875 0.29410272656249997 0.3570184609375 0.2709575140625 0.35907349375000003 0.263411540625 0.362034134375 0.2596068484375 0.3659003828125
3 0.275776790625 0.278857540625 0.2785034875 0.282410309375 0.29251743750000003 0.2880181125 0.3421052625 0.2989898984375 0.3841471140625 0.31170323906249997 0.4137603046875 0.31853012812500003 0.42834495937500006 0.31853012812500003 0.43100824375 0.3140717515625 0.43589093281249996 0.290386625 0.43639822500000003 0.2809125734375 0.44020291718750004 0.2664228484375 0.435320228125 0.257227446875 0.4207989859375 0.25458028593750004 0.396512365625 0.2563566703125 0.3744451484375 0.25694879843749996 0.351236525 0.2551724140625 0.29410272656249997 0.2528039015625 0.2844007609375 0.25458028593750004 0.28224476875 0.258411703125 0.28224476875 0.261964471875 0.2860494609375 0.26374085625 0.33887127499999997 0.27234413125 0.3496512359375 0.27471264375 0.3533925171875 0.2773598046875 0.35288522499999997 0.28122605312500004 0.351236525 0.2820968296875 0.31731135 0.276489028125 0.29251743750000003 0.27352838749999997 0.28008877656250003 0.2738070359375 0.275776790625 0.278857540625
0 0.6077362078124999 0.40668756562499997 0.5937222578125 0.40341344531249995 0.5166772359375 0.39958202656249997 0.47190868750000003 0.4040055734375 0.4643627140625 0.4069662140625 0.4595434375 0.414977359375 0.461128725 0.43183559687499995 0.46651870625 0.4407175203125 0.47247939062500005 0.4413096484375 0.48649334218750007 0.4371647515625 0.5225745078124999 0.42800417968750004 0.5484464171875 0.424730059375 0.60202916875 0.4215952625 0.607228915625 0.4208986421875 0.6158528859375 0.4176245203125 0.6158528859375 0.413793103125 0.6136968921875 0.41024033437499996 0.6077362078124999 0.40668756562499997
1 0.609701965625 0.4435388359375 0.4916930875 0.44472309374999996 0.47279644843749996 0.44531522187499994 0.4695624609375 0.44740508593749995 0.473367153125 0.46959247656249997 0.4792644265625 0.4758272375 0.538046925 0.47345872499999997 0.602726696875 0.466945315625 0.6175015859374999 0.4592476484375 0.6199746359375 0.457157784375 0.6221306281250001 0.4545106234375 0.62105263125 0.448867990625 0.61781864375 0.44531522187499994 0.609701965625 0.4435388359375
1 0.62847178125 0.49763148749999997 0.6259353203125 0.492302334375 0.61946734375 0.4876698015625 0.6058338625 0.48303726874999997 0.5528218140625001 0.478787878125 0.4784400765625 0.47735980468749994 0.474571971875 0.48199233750000003 0.47647431874999996 0.5079066531249999 0.48687381093750004 0.5128874953125 0.558655675 0.5160919546875 0.614267596875 0.51323580625 0.6168674703125 0.512539184375 0.62523779375 0.508986415625 0.62847178125 0.5050853359375 0.629169309375 0.50118425625 0.62847178125 0.49763148749999997
1 0.6286620171874999 0.5419714390625 0.6168040578125 0.5357715078124999 0.563474953125 0.525983978125 0.485288521875 0.5171020546875 0.47831325312499995 0.5182863109375 0.47558655625 0.5227446875 0.476664553125 0.5482062 0.4826252375 0.5502612328125001 0.6211160437500001 0.557366771875 0.6238427390625 0.557366771875 0.6303107171875 0.55412748125 0.6313887125 0.55175896875 0.6303107171875 0.5467084640625 0.6286620171874999 0.5419714390625
1 0.4982244765625 0.5576802515625 0.4798985421875 0.5549982578125 0.47400126875000004 0.5579589 0.47076727968750004 0.56388018125 0.46753329062500004 0.5763148734375 0.471274571875 0.5822361546875 0.482054534375 0.583733890625 0.52358909375 0.5857889234375 0.61198478125 0.595855103125 0.614648065625 0.595262975 0.6152187703124999 0.5917102062499999 0.61198478125 0.5881574359374999 0.60120481875 0.5828282828125 0.4982244765625 0.5576802515625
0 0.5807228921875 0.61215604375 0.49714648125 0.5881574359374999 0.482054534375 0.5861024031250001 0.47235256875 0.587286659375 0.4680405828125 0.5902472999999999 0.4637285984375 0.599407871875 0.46429930312499995 0.6100661796875 0.4696892828125 0.61215604375 0.5240963859375001 0.6219087421875 0.5645529484375 0.62664576875 0.63842739375 0.639045628125 0.641090678125 0.6396725875 0.642168675 0.6370254265625 0.637856690625 0.6322884015625 0.6286620171874999 0.6281435046875 0.5807228921875 0.61215604375
2 0.6024730500000001 0.6509578546875 0.58306911875 0.6432601874999999 0.49790741875 0.6225357015624999 0.475840203125 0.6195750609374999 0.4623335453125 0.6201671890625 0.458021559375 0.62521769375 0.45859226406250003 0.6311389765625 0.46182625312500003 0.63497039375 0.4817374765625 0.6414838031250001 0.584464171875 0.657331940625 0.5906150921875 0.65778474375 0.5976537734375 0.65778474375 0.603551046875 0.65541623125 0.60412175 0.6533263671875 0.6024730500000001 0.6509578546875
2 0.560558021875 0.660710553125 0.471274571875 0.6369209328125 0.45580215625 0.6372692437499999 0.4441344328125 0.6482758625 0.43766645468750004 0.6603622437500001 0.4447685484375 0.664994775 0.46937222500000003 0.6695924765625 0.5670259984375 0.6839777078125 0.5728598609375 0.6841866953125 0.584464171875 0.680633925 0.5851617 0.6735283875 0.5825618265625 0.669244165625 0.560558021875 0.660710553125
3 0.50786303125 0.6801114593750001 0.47190868750000003 0.6756879140625001 0.43551046250000003 0.66854754375 0.427457196875 0.6704980843749999 0.42073557343749995 0.6759317312500001 0.4162333546875 0.6820968296875 0.41756499687500004 0.6863113890625 0.41350665781249996 0.6900034828125 0.40951173125 0.696900034375 0.4112872546875 0.7045628703125 0.41534559218749995 0.707767328125 0.4809131265625 0.70971786875 0.5325301203125 0.717380703125 0.564426125 0.7198537093749999 0.5671528218749999 0.7176245203125 0.5680405828125 0.7149076984375 0.5662650609375001 0.7124346921875 0.4988585921875 0.699860675 0.4916930875 0.6964124 0.49213696875 0.693451759375 0.49752694999999997 0.692232671875 0.5091946734375 0.692232671875 0.5393151546875 0.6954371296875 0.5788205453125 0.7050505046875 0.5797083062499999 0.7035527687500001 0.5792644265625 0.7008359453125 0.5729866828125 0.6951933125 0.5617628406249999 0.690978753125 0.50786303125 0.6801114593750001
3 0.562206721875 0.739115290625 0.5322130625 0.73002438125 0.4306911859375 0.7154301640625 0.41452124218749997 0.7166144203125 0.4112872546875 0.7189829328124999 0.408053265625 0.7249042140624999 0.40697526875 0.730825496875 0.4091312625 0.73970741875 0.413443246875 0.7432601875 0.42155992343750004 0.7474050859375 0.45764109062499997 0.7539184953125 0.4867469875 0.7580633921875 0.5029169312499999 0.7672239640625 0.5104629046875 0.7616161609375001 0.5255548515624999 0.7592476484375 0.56651870625 0.7604319046875 0.5660114140625 0.7580633921875 0.5643627140625 0.7556948796875 0.55415345625 0.753605015625 0.500253646875 0.7450365718749999 0.4845909953125 0.7408916750000001 0.48135700625 0.7370254265625 0.4867469875 0.735562521875 0.496448953125 0.7358411703125001 0.5606214328125 0.7479972140625 0.563855421875 0.7485893421875 0.5670894109375 0.7474050859375 0.56816740625 0.7435388359374999 0.56651870625 0.7414838031250001 0.562206721875 0.739115290625